x_coord	y_coord	score
733	132	0.16891411
735	143	0.13970593
767	331	0.12942198
734	137	0.117717296
732	128	0.07376224
739	161	0.06652501
768	335	0.050808847
730	120	0.03054747
769	341	-0.0018555224
731	124	-0.0036669374
735	148	-0.013690561
740	165	-0.018406928
741	174	-0.022292256
737	152	-0.029782295
729	115	-0.029861778
751	233	-0.03340149
751	238	-0.06968364
770	348	-0.07559928
740	170	-0.08255002
728	110	-0.09329566
738	156	-0.10078034
766	327	-0.10487476
759	282	-0.12145281
771	352	-0.12201458
750	229	-0.13432589
753	250	-0.13562647
742	180	-0.13714665
765	323	-0.15108219
772	357	-0.15711069
772	365	-0.19531302
760	286	-0.19969511
767	345	-0.20987831
752	242	-0.22237475
729	106	-0.23671395
743	184	-0.24697243
750	223	-0.24727271
761	295	-0.25171357
761	303	-0.26695752
774	370	-0.2713616
751	246	-0.28226337
760	291	-0.29705226
755	261	-0.29977614
773	361	-0.3051541
765	339	-0.31047308
735	159	-0.31054887
753	255	-0.33180532
758	278	-0.34033516
742	188	-0.3440239
744	201	-0.3629771
764	334	-0.3821353
736	164	-0.3891452
749	219	-0.38952994
744	192	-0.39044195
765	317	-0.3964904
717	62	-0.4019074
762	299	-0.40523013
745	197	-0.4080163
731	140	-0.41326812
730	135	-0.41376993
756	266	-0.44270244
729	131	-0.45264873
719	66	-0.4632845
721	78	-0.46566343
767	351	-0.48177248
762	307	-0.48755717
720	74	-0.49101633
757	273	-0.4964701
746	206	-0.4982795
725	105	-0.5240617
734	155	-0.54424244
728	127	-0.5467457
765	311	-0.5508435
728	102	-0.56355935
753	226	-0.5739816
734	121	-0.5823029
775	374	-0.5826578
716	53	-0.58671623
763	330	-0.5932406
738	177	-0.60217893
746	211	-0.61229956
747	232	-0.6281475
721	70	-0.6380469
768	355	-0.6385151
726	118	-0.6404049
735	125	-0.64378023
727	123	-0.65791833
721	85	-0.66105163
748	215	-0.6622873
755	245	-0.666419
711	30	-0.6685021
737	173	-0.6792068
757	257	-0.69036156
716	58	-0.6947156
754	230	-0.69699264
772	344	-0.6984776
748	241	-0.699751
731	145	-0.70485926
756	285	-0.7058946
737	134	-0.71164596
736	129	-0.7238505
761	312	-0.72544646
733	116	-0.7302445
769	321	-0.7307977
713	50	-0.73715824
712	35	-0.74321485
713	42	-0.74337494
739	183	-0.74826103
736	169	-0.7499739
739	147	-0.75333554
769	360	-0.7546413
725	113	-0.76641864
747	237	-0.77580976
747	226	-0.7758855
725	99	-0.7769041
762	320	-0.788504
732	112	-0.7889963
751	260	-0.79832065
738	140	-0.8023635
754	270	-0.80286086
723	90	-0.804559
761	275	-0.8058951
762	279	-0.8103202
758	298	-0.81597316
752	264	-0.8325425
762	326	-0.83988774
757	294	-0.8405783
753	138	-0.84103525
742	158	-0.8497724
756	290	-0.85984063
759	269	-0.8719706
724	94	-0.87758243
757	252	-0.8830827
744	171	-0.8838757
755	281	-0.8922949
776	366	-0.89309406
775	380	-0.8951315
732	151	-0.89697516
748	202	-0.91002357
741	195	-0.9156966
749	252	-0.91820896
755	239	-0.92962396
782	423	-0.9322164
753	220	-0.9330934
752	125	-0.9362575
746	222	-0.936795
716	70	-0.9460821
765	304	-0.94646955
784	427	-0.95515096
770	328	-0.9571159
730	30	-0.9780227
745	177	-0.98237777
712	54	-0.98353493
743	162	-0.9887183
724	109	-0.99855053
777	384	-1.0095136
741	153	-1.0100442
755	234	-1.0100943
763	283	-1.0102894
707	29	-1.0260884
752	133	-1.0367397
720	59	-1.0416285
750	129	-1.0422555
733	38	-1.0471177
782	418	-1.0572104
750	121	-1.0640143
782	411	-1.0648979
742	205	-1.0743359
747	245	-1.0886987
729	98	-1.0955104
718	81	-1.1033174
770	369	-1.111528
769	315	-1.1166676
745	218	-1.1232089
732	34	-1.1392977
746	187	-1.1398478
754	276	-1.1427255
757	140	-1.1495802
744	166	-1.1533793
771	373	-1.1609031
714	46	-1.1626644
753	30	-1.195729
717	77	-1.2107575
764	292	-1.2115602
708	33	-1.2160587
752	117	-1.222436
759	263	-1.2280867
889	300	-1.2321411
774	349	-1.2709352
734	29	-1.2720106
771	332	-1.2800432
714	65	-1.2882355
756	145	-1.308688
713	61	-1.3097494
757	134	-1.3110665
775	354	-1.3115313
763	343	-1.3118036
782	431	-1.3244752
900	226	-1.3261853
768	364	-1.3298018
757	302	-1.3299959
772	338	-1.3333257
764	348	-1.334433
772	377	-1.3433508
758	149	-1.3599986
758	306	-1.3623794
750	210	-1.3634163
742	210	-1.376211
789	332	-1.3767611
710	39	-1.3767642
717	49	-1.3898077
739	191	-1.3974965
766	195	-1.3981488
833	199	-1.4055263
756	157	-1.4075102
901	220	-1.4298785
710	26	-1.4332522
887	304	-1.4341171
732	42	-1.4357977
778	377	-1.4364426
787	326	-1.4402294
831	213	-1.4442714
740	199	-1.4462786
800	510	-1.4465139
728	557	-1.4533906
766	201	-1.4552506
738	187	-1.4645622
833	204	-1.4933206
746	181	-1.4981583
764	287	-1.5095049
743	214	-1.5122216
750	109	-1.5149145
741	71	-1.5169325
758	248	-1.521293
720	93	-1.5289131
752	216	-1.5300183
776	388	-1.5317076
719	89	-1.5355252
770	245	-1.5374715
780	407	-1.5430255
787	318	-1.5437486
763	173	-1.5462357
790	464	-1.546927
854	171	-1.5555445
722	102	-1.5602928
767	205	-1.5619563
799	514	-1.5655533
720	54	-1.5670363
760	316	-1.5766959
904	160	-1.5852664
763	178	-1.5904895
742	77	-1.5998712
854	179	-1.6095288
777	258	-1.6218984
731	26	-1.6224123
763	183	-1.6241628
764	187	-1.6241784
741	59	-1.6258087
779	415	-1.6263306
721	98	-1.6266752
897	246	-1.6335502
715	38	-1.635194
757	153	-1.6459783
727	561	-1.6474452
747	124	-1.6589081
779	427	-1.6593788
778	371	-1.6606613
899	230	-1.661124
748	194	-1.6633489
799	506	-1.6652132
777	362	-1.6653348
736	541	-1.6809701
776	358	-1.6818309
727	91	-1.6852174
733	108	-1.6852664
710	47	-1.6929734
797	372	-1.6929877
771	241	-1.6960291
765	191	-1.6968614
783	291	-1.7018917
881	342	-1.7031248
833	209	-1.7057807
777	267	-1.7078954
806	421	-1.724761
761	337	-1.7264236
854	184	-1.730347
732	553	-1.734772
779	621	-1.7459155
780	402	-1.7521441
727	381	-1.7646105
889	295	-1.7679431
854	192	-1.7679789
760	165	-1.7714983
790	336	-1.7794304
769	198	-1.7797073
881	335	-1.7822521
724	82	-1.7835773
717	43	-1.7840197
755	130	-1.7857926
788	322	-1.7893419
895	265	-1.7937498
765	296	-1.7940927
732	103	-1.79638
800	518	-1.809127
770	629	-1.8092186
790	458	-1.8109208
765	210	-1.8129364
782	287	-1.8142141
900	216	-1.8158562
733	46	-1.8310572
752	142	-1.8347607
709	43	-1.8358551
751	113	-1.8387634
749	198	-1.8389729
778	254	-1.8396921
754	150	-1.8410904
784	435	-1.8426394
732	162	-1.8462421
772	384	-1.8517636
706	25	-1.8654583
747	118	-1.8715813
786	421	-1.876565
737	56	-1.8802384
795	368	-1.8874974
751	105	-1.8886776
783	299	-1.8894722
758	30	-1.890829
895	257	-1.8924928
765	358	-1.8927089
722	63	-1.8936155
744	229	-1.8936448
709	51	-1.897415
775	623	-1.9066185
896	250	-1.9072375
763	198	-1.9083941
778	433	-1.9140825
781	614	-1.915566
853	175	-1.9188639
760	156	-1.921868
884	141	-1.9219446
775	238	-1.9220191
776	271	-1.9289683
807	417	-1.9304452
797	378	-1.9359117
748	256	-1.9381591
833	217	-1.9386263
840	96	-1.9390554
719	381	-1.9401968
751	206	-1.9433036
779	392	-1.9468429
778	419	-1.9489496
725	86	-1.9510607
740	67	-1.951207
697	628	-1.9516674
737	44	-1.9524381
751	273	-1.9545404
728	385	-1.9558567
885	299	-1.9661865
767	242	-1.9684626
736	536	-1.9709922
780	387	-1.9711114
884	40	-1.9719458
750	268	-1.976
784	295	-1.9790895
749	136	-1.9804223
710	58	-1.9814285
898	238	-1.9854661
756	163	-1.9877506
775	245	-1.989385
733	544	-1.990104
791	468	-1.9915315
835	194	-1.99252
882	147	-1.9999547
769	309	-2.0002668
740	81	-2.0008807
780	275	-2.008168
878	213	-2.0083563
783	283	-2.009583
763	204	-2.0131621
785	414	-2.013878
892	39	-2.015095
879	346	-2.0159025
896	160	-2.0176198
805	425	-2.0178716
773	255	-2.0191727
896	62	-2.0195446
799	522	-2.020749
723	573	-2.0212436
766	300	-2.021766
837	198	-2.024699
853	196	-2.0295918
784	303	-2.0296926
731	158	-2.0318887
762	169	-2.033492
747	106	-2.0350702
800	502	-2.0374763
797	384	-2.0375102
732	548	-2.0410666
805	411	-2.0425076
721	106	-2.0471785
761	194	-2.0480366
746	249	-2.0520887
771	249	-2.0543056
777	423	-2.0559015
896	261	-2.0579214
780	381	-2.0601976
793	364	-2.0618992
729	39	-2.0642304
790	453	-2.0663922
893	270	-2.0677476
782	551	-2.0708175
719	389	-2.0730748
785	314	-2.0743163
842	290	-2.076604
717	385	-2.0769022
755	122	-2.079516
881	151	-2.0886781
776	262	-2.090226
726	134	-2.0919502
792	589	-2.0935545
884	48	-2.093574
783	610	-2.1029139
731	560	-2.1030953
728	552	-2.103454
733	57	-2.106205
780	437	-2.1064959
782	279	-2.106781
885	309	-2.1080127
760	333	-2.1153069
855	167	-2.1201284
711	455	-2.1209993
759	179	-2.1244793
906	142	-2.1261222
892	31	-2.12698
787	461	-2.1295667
724	126	-2.1308
840	135	-2.1377864
926	248	-2.1404924
765	216	-2.142856
886	131	-2.1437886
764	354	-2.1479406
727	138	-2.1483474
853	188	-2.1497025
877	340	-2.1543386
841	200	-2.156575
793	585	-2.1576443
890	291	-2.1594453
796	509	-2.1620445
781	398	-2.1651044
714	74	-2.1668968
794	356	-2.1672883
879	209	-2.1695213
889	308	-2.1711442
725	130	-2.1737075
718	377	-2.1739974
715	32	-2.177769
693	630	-2.1802003
884	54	-2.1822941
770	237	-2.1859412
738	75	-2.185995
759	185	-2.186823
741	54	-2.1871915
725	565	-2.1880908
881	44	-2.1889005
716	85	-2.1913579
778	617	-2.19225
706	37	-2.1943288
900	234	-2.1957326
735	180	-2.1960678
829	201	-2.1966236
875	234	-2.201986
737	49	-2.2043047
773	275	-2.2053769
789	340	-2.2062624
857	88	-2.2062674
736	547	-2.212892
728	377	-2.215437
734	61	-2.2155466
785	308	-2.2159162
856	83	-2.2188277
739	63	-2.2188895
774	627	-2.2262778
897	156	-2.2268295
726	29	-2.2274835
714	27	-2.2325928
926	236	-2.2326841
629	419	-2.2336717
878	203	-2.2345862
850	193	-2.2388287
855	79	-2.2435517
880	56	-2.2442038
714	378	-2.2446768
871	259	-2.250241
903	229	-2.251164
748	30	-2.257638
744	242	-2.2577152
806	551	-2.257758
713	382	-2.258097
868	364	-2.2635334
752	284	-2.274424
776	250	-2.2764692
904	217	-2.2769587
781	555	-2.2799976
757	310	-2.2835934
791	593	-2.2838721
796	517	-2.284307
779	292	-2.2858217
783	547	-2.2887769
734	176	-2.2898405
759	323	-2.2920938
837	203	-2.2927608
738	30	-2.298363
865	377	-2.2984939
879	197	-2.299375
829	207	-2.3011286
892	274	-2.3011994
831	195	-2.3072789
709	459	-2.3094518
723	385	-2.310216
741	143	-2.3104966
733	51	-2.314987
761	161	-2.3150387
756	223	-2.315498
769	192	-2.316518
850	183	-2.3176773
760	189	-2.3204525
784	605	-2.321007
732	540	-2.322234
693	638	-2.3253412
850	170	-2.3297563
893	54	-2.3329413
827	211	-2.333031
904	223	-2.335813
754	297	-2.3367627
883	36	-2.3421865
789	602	-2.3427763
733	172	-2.3458898
837	211	-2.3471992
840	130	-2.3492382
758	242	-2.3516114
888	37	-2.3521457
866	360	-2.3522406
793	352	-2.353621
782	441	-2.3558116
876	217	-2.3558624
780	296	-2.3569846
840	294	-2.3574004
806	557	-2.3580523
722	378	-2.3602636
879	40	-2.3644524
892	60	-2.3654175
736	552	-2.37117
858	93	-2.3718917
795	360	-2.3720102
788	448	-2.3724575
743	238	-2.3735394
840	81	-2.375871
761	152	-2.378493
874	238	-2.3793836
760	137	-2.3794525
877	350	-2.3847437
776	279	-2.3849173
786	465	-2.386451
779	300	-2.389005
796	526	-2.3925157
712	69	-2.3942125
897	219	-2.3943658
743	225	-2.3951066
732	167	-2.3953831
786	457	-2.3972814
704	32	-2.3976147
881	157	-2.4076312
744	525	-2.408316
806	430	-2.4085083
766	246	-2.408672
926	253	-2.4105494
756	126	-2.4119074
887	135	-2.4144547
786	452	-2.4162486
904	138	-2.4171553
747	132	-2.4172368
831	221	-2.4189088
898	254	-2.419921
897	138	-2.4205945
778	283	-2.4228308
709	22	-2.424206
866	368	-2.4262366
855	337	-2.4266248
905	156	-2.4273872
686	650	-2.427578
723	121	-2.429987
856	161	-2.4303367
806	562	-2.4313154
848	82	-2.4327753
812	332	-2.434637
880	50	-2.4377608
852	360	-2.4428258
767	632	-2.4457529
872	255	-2.4485097
902	212	-2.4487798
743	84	-2.4491475
741	532	-2.449438
888	32	-2.453089
777	396	-2.4572678
835	178	-2.457792
848	76	-2.4599087
814	467	-2.461714
743	233	-2.4627767
890	284	-2.4636693
783	618	-2.4643557
773	265	-2.465138
865	384	-2.465266
849	92	-2.4707525
901	154	-2.4713895
842	285	-2.4724996
797	392	-2.472591
840	86	-2.4738398
751	280	-2.476518
769	253	-2.4770577
840	102	-2.4780045
851	32	-2.4786115
818	371	-2.4814417
634	417	-2.4816344
784	321	-2.481987
829	191	-2.4821453
755	167	-2.4823956
785	334	-2.4834654
833	133	-2.4842439
745	73	-2.4842496
850	178	-2.4845304
807	407	-2.4857311
904	68	-2.4858603
753	293	-2.4878538
747	112	-2.4885426
842	196	-2.4889781
722	117	-2.4927979
780	270	-2.4954689
851	86	-2.4981754
896	242	-2.4982834
803	415	-2.4989657
777	411	-2.4996746
887	127	-2.5026562
764	164	-2.504705
904	178	-2.5063336
853	202	-2.5066185
847	189	-2.509703
771	633	-2.50993
759	329	-2.5103493
715	393	-2.510734
888	312	-2.5113134
692	634	-2.5114295
771	624	-2.5117288
849	71	-2.5119174
786	550	-2.5130858
858	340	-2.5143254
718	372	-2.5148125
745	519	-2.514897
753	154	-2.5163085
784	406	-2.5163586
900	162	-2.5169704
857	187	-2.5171566
766	238	-2.520025
839	216	-2.5201545
848	96	-2.5208602
768	188	-2.5213256
780	560	-2.5255497
749	101	-2.526392
730	94	-2.5266724
789	597	-2.5286322
811	337	-2.5302877
805	403	-2.5322511
724	577	-2.5324023
775	429	-2.5325334
780	625	-2.533808
714	80	-2.536241
787	608	-2.5385344
794	522	-2.5407228
855	71	-2.5418034
833	145	-2.5419817
890	279	-2.542878
814	459	-2.5445256
734	67	-2.5457363
722	614	-2.5484595
856	75	-2.549769
724	75	-2.556504
759	199	-2.559506
893	296	-2.5617602
746	128	-2.561889
792	581	-2.5624497
787	469	-2.5629795
841	77	-2.563044
802	422	-2.5644283
790	472	-2.5655413
798	365	-2.5660036
724	558	-2.5660994
759	174	-2.568026
793	339	-2.570068
789	313	-2.5706923
902	62	-2.5712154
882	135	-2.5724542
761	208	-2.5790844
806	546	-2.5795705
786	440	-2.580041
754	212	-2.5800676
846	172	-2.5874407
772	259	-2.5881505
793	347	-2.5889359
827	216	-2.5897655
801	380	-2.590394
752	289	-2.5903997
705	21	-2.5921955
710	64	-2.5930767
654	395	-2.5953689
846	181	-2.5968194
874	246	-2.596964
786	544	-2.5970438
836	170	-2.5988867
751	146	-2.5994084
776	566	-2.6006353
701	626	-2.6047432
846	194	-2.6057918
705	455	-2.60632
766	368	-2.6090589
793	380	-2.618982
813	471	-2.6199486
875	242	-2.620075
714	389	-2.622701
843	178	-2.6241012
869	357	-2.6249485
737	196	-2.6252174
896	57	-2.6259258
776	438	-2.6273382
867	373	-2.627431
744	68	-2.6294503
854	341	-2.6308184
898	620	-2.6314707
703	28	-2.6315658
905	164	-2.6327808
926	650	-2.6334858
631	423	-2.633593
884	60	-2.6370628
724	569	-2.638621
889	56	-2.638659
727	143	-2.6415164
872	366	-2.6438208
779	609	-2.644239
748	263	-2.6472697
722	620	-2.6519332
842	272	-2.653152
742	221	-2.6541517
792	343	-2.65512
803	513	-2.6603718
805	434	-2.6662338
841	139	-2.6692033
871	251	-2.6707194
895	229	-2.6724267
721	112	-2.673335
907	72	-2.6746924
794	375	-2.6749961
729	154	-2.6759431
700	622	-2.679496
847	106	-2.6803746
789	586	-2.6834056
881	325	-2.6839325
888	43	-2.6849904
767	184	-2.6867118
893	620	-2.6869664
842	170	-2.6899261
853	37	-2.690598
743	64	-2.6907117
894	235	-2.6907248
767	372	-2.693512
794	462	-2.6941762
879	314	-2.6948287
692	642	-2.6954687
728	35	-2.69769
735	532	-2.6991448
895	201	-2.6997678
835	189	-2.7001653
857	195	-2.7009687
861	390	-2.702905
785	554	-2.707414
803	399	-2.7108212
791	359	-2.7114856
847	100	-2.712129
847	67	-2.7136433
736	79	-2.7138336
882	161	-2.7139394
688	638	-2.714256
716	92	-2.7158628
790	368	-2.7194297
902	203	-2.72165
926	478	-2.7217166
885	336	-2.722703
888	142	-2.7228866
853	90	-2.723884
802	429	-2.7244835
904	150	-2.7257447
874	230	-2.7258675
757	319	-2.7259169
892	162	-2.727182
740	91	-2.7334588
842	204	-2.7338653
750	519	-2.736517
839	193	-2.7381089
737	118	-2.740025
696	633	-2.7404168
776	287	-2.743832
771	388	-2.744679
895	177	-2.7448542
926	195	-2.7469296
780	445	-2.7520108
687	642	-2.7523358
730	564	-2.753528
772	269	-2.7539308
802	561	-2.755582
769	380	-2.7579432
722	583	-2.7622478
740	537	-2.7631652
813	391	-2.7633007
728	614	-2.7633572
853	208	-2.7636728
847	31	-2.7669785
795	513	-2.767148
849	200	-2.7673886
837	174	-2.767625
926	243	-2.7693517
728	149	-2.769593
849	444	-2.7696142
833	138	-2.7717206
756	314	-2.7717905
782	449	-2.7725754
877	334	-2.7726567
836	162	-2.7749097
891	266	-2.7754595
859	336	-2.7772932
888	50	-2.7774296
898	142	-2.777439
858	101	-2.779058
847	36	-2.7798717
783	601	-2.780239
749	515	-2.7805305
763	271	-2.7811902
745	99	-2.7821677
882	32	-2.787036
810	401	-2.7875502
880	72	-2.7912455
869	382	-2.791801
926	261	-2.7933695
730	54	-2.7935364
862	380	-2.796432
875	345	-2.79652
806	438	-2.7968159
723	609	-2.7972658
911	69	-2.7978306
835	183	-2.798847
749	190	-2.8006964
780	304	-2.8046513
855	157	-2.8057523
897	133	-2.805882
881	76	-2.807311
843	268	-2.8074238
892	303	-2.8086617
838	40	-2.808872
896	67	-2.8096638
753	160	-2.8103733
856	153	-2.8104317
786	537	-2.8117013
880	62	-2.8121657
843	190	-2.812323
892	44	-2.813199
838	56	-2.8132546
688	646	-2.815967
799	388	-2.8183525
879	606	-2.8184903
812	327	-2.8194184
728	43	-2.8202088
762	29	-2.820233
791	328	-2.8210196
854	355	-2.8221273
839	91	-2.8242865
857	176	-2.8246827
681	650	-2.826367
905	146	-2.8316705
727	373	-2.831852
765	276	-2.8325324
774	392	-2.832623
712	374	-2.8341825
704	459	-2.8364823
894	50	-2.8370657
893	35	-2.8401926
705	42	-2.8420215
900	66	-2.842499
855	33	-2.8428051
819	367	-2.8433487
863	317	-2.843366
736	71	-2.8435462
744	103	-2.8445356
738	207	-2.8450704
786	473	-2.8475878
818	359	-2.8480375
738	85	-2.8484085
843	99	-2.8495486
713	631	-2.8499434
625	421	-2.8503454
762	148	-2.8530064
892	262	-2.8536096
838	289	-2.8538065
776	561	-2.853852
840	72	-2.8543243
882	331	-2.8560598
829	183	-2.856132
787	444	-2.856593
707	55	-2.8581326
771	204	-2.8585837
900	243	-2.858719
802	408	-2.858968
774	619	-2.8596787
712	600	-2.8597877
847	88	-2.8597937
858	183	-2.8607998
840	144	-2.8615768
772	233	-2.8616214
803	554	-2.863233
737	34	-2.8643131
696	624	-2.8657348
905	174	-2.8664982
743	246	-2.8674212
729	545	-2.868432
781	150	-2.8689532
738	40	-2.874088
648	416	-2.875096
756	171	-2.8762012
739	95	-2.8765988
847	56	-2.877347
926	387	-2.8775265
712	640	-2.8790438
711	386	-2.8799875
894	278	-2.880778
768	376	-2.8821826
815	374	-2.8832278
904	170	-2.8852336
771	228	-2.8852596
781	313	-2.8876996
801	526	-2.8909297
854	94	-2.891944
761	650	-2.8930092
840	111	-2.8931189
841	106	-2.8952703
650	396	-2.89724
792	605	-2.8974066
732	535	-2.8977637
784	274	-2.8978922
812	475	-2.8988984
782	543	-2.8992953
777	613	-2.9028652
784	401	-2.9029994
734	184	-2.9046228
717	96	-2.907585
786	410	-2.9117389
706	46	-2.9125724
722	601	-2.913662
692	650	-2.9140964
873	341	-2.9144564
853	443	-2.9159253
801	374	-2.9159312
789	372	-2.9185555
870	353	-2.9200141
765	221	-2.9218314
837	220	-2.9231176
658	396	-2.924166
812	322	-2.9253457
878	36	-2.9258533
841	126	-2.9273167
881	91	-2.9281907
796	503	-2.929227
883	203	-2.9292738
788	425	-2.9306667
842	182	-2.9310184
760	144	-2.9315958
776	303	-2.9316976
849	416	-2.931843
812	395	-2.932454
890	258	-2.933209
842	278	-2.9350648
744	121	-2.9402845
776	297	-2.9403257
780	565	-2.941428
852	163	-2.9414365
855	65	-2.9414933
839	207	-2.9429874
884	313	-2.9455385
773	570	-2.945934
740	528	-2.946499
743	107	-2.946977
789	363	-2.9471676
860	376	-2.9502833
709	607	-2.9536283
745	80	-2.9542792
844	84	-2.9543009
906	134	-2.9576356
757	227	-2.9591599
720	393	-2.959264
625	426	-2.9597287
728	609	-2.9604473
779	629	-2.9605718
745	531	-2.9617395
764	362	-2.9632325
776	406	-2.9637976
904	183	-2.964193
881	216	-2.9649155
743	149	-2.9656117
896	32	-2.9663377
867	257	-2.9674697
787	431	-2.967498
813	455	-2.9679992
776	400	-2.968478
791	609	-2.9690921
652	391	-2.9693882
802	395	-2.9698937
815	368	-2.9700675
795	396	-2.9703314
802	440	-2.9707294
851	99	-2.9720674
772	318	-2.9723408
886	122	-2.9766383
813	463	-2.977443
893	247	-2.9777143
810	341	-2.980425
740	99	-2.9806745
841	115	-2.9810348
830	187	-2.9811049
908	66	-2.9819238
885	153	-2.9823372
862	366	-2.9835188
819	524	-2.9851167
802	566	-2.9871047
898	151	-2.9875834
642	417	-2.988899
807	566	-2.9889274
816	521	-2.9890816
900	249	-2.9896502
793	577	-2.9905717
735	556	-2.9910812
714	591	-2.9918003
893	287	-2.991993
878	193	-2.9922774
892	251	-2.99326
775	631	-2.9932814
902	612	-2.9943004
655	399	-2.9955425
725	38	-2.9957147
838	50	-2.996233
715	595	-2.9978857
777	307	-2.9983702
755	175	-2.9992764
895	72	-2.9997373
883	211	-2.9998634
784	558	-3.0019972
858	170	-3.0020163
722	371	-3.0022812
897	53	-3.0029168
926	375	-3.0050766
710	463	-3.0054653
721	626	-3.00638
748	627	-3.0084991
744	115	-3.0086937
735	190	-3.0096493
843	32	-3.0112183
786	288	-3.0112574
743	487	-3.0117354
788	590	-3.0117798
827	197	-3.01186
854	349	-3.0122895
705	463	-3.0127203
841	212	-3.0131927
896	194	-3.0137575
896	113	-3.0145943
900	616	-3.015716
915	70	-3.0169084
794	450	-3.0173688
886	283	-3.017794
803	507	-3.0184047
728	475	-3.0188835
888	62	-3.0196037
773	283	-3.0197492
876	226	-3.0211008
879	354	-3.0213506
899	648	-3.0214014
763	243	-3.0226657
769	586	-3.0242946
871	361	-3.0284557
775	442	-3.0289342
772	324	-3.0298042
886	146	-3.0299656
809	413	-3.031062
900	58	-3.0320406
692	626	-3.0323532
860	384	-3.0357573
849	239	-3.0362852
810	550	-3.036839
855	42	-3.0382736
845	445	-3.0399482
901	71	-3.0399961
844	186	-3.0400374
794	530	-3.0401518
844	131	-3.0403843
886	278	-3.0407112
890	237	-3.0408497
859	78	-3.0410817
743	642	-3.0429518
873	349	-3.0438972
926	382	-3.0453546
779	548	-3.0473864
798	577	-3.047617
877	45	-3.0477557
886	292	-3.0480793
710	595	-3.0500507
842	156	-3.0512104
775	291	-3.052101
791	319	-3.0536427
727	25	-3.0536678
845	199	-3.055096
729	219	-3.0551493
799	530	-3.055343
767	233	-3.0555685
832	225	-3.056098
740	217	-3.0571601
790	355	-3.0572307
817	470	-3.0577724
815	512	-3.0577888
801	404	-3.058461
697	637	-3.0586443
899	178	-3.0587902
733	99	-3.0596807
893	220	-3.060072
845	73	-3.0603077
799	498	-3.0613441
866	354	-3.061892
781	266	-3.065415
835	94	-3.0656476
852	365	-3.0677202
730	22	-3.070995
839	269	-3.0715425
839	44	-3.0716314
745	253	-3.0718887
712	627	-3.0732918
745	630	-3.073341
875	250	-3.0736368
726	389	-3.074201
650	412	-3.0755582
880	142	-3.077141
848	164	-3.0774713
762	266	-3.079449
785	339	-3.0809438
721	50	-3.0816882
702	24	-3.0826118
849	40	-3.0826495
880	597	-3.0829732
805	542	-3.0837297
809	554	-3.0842135
718	101	-3.084226
721	566	-3.084872
897	121	-3.0859358
801	436	-3.086829
927	395	-3.0883343
848	111	-3.089093
769	578	-3.0900712
885	92	-3.0908294
657	392	-3.0908678
750	26	-3.0910985
703	651	-3.0934727
834	150	-3.093572
786	150	-3.094169
659	400	-3.0951037
870	263	-3.0959969
788	417	-3.0969098
838	65	-3.0972087
839	36	-3.0981545
738	122	-3.098556
711	392	-3.0998554
739	213	-3.1000636
718	587	-3.1011188
713	608	-3.1025643
879	319	-3.1029418
889	624	-3.1034377
808	333	-3.1053052
707	382	-3.105624
906	129	-3.1064537
720	576	-3.1071742
875	363	-3.108077
714	370	-3.1084795
850	224	-3.109374
833	31	-3.1097264
704	620	-3.1097624
801	314	-3.1123185
800	418	-3.1126769
896	225	-3.1126814
903	649	-3.1128707
762	213	-3.113402
700	631	-3.1149635
775	416	-3.1150165
726	602	-3.115464
737	203	-3.1195757
851	159	-3.1213887
847	62	-3.121613
886	113	-3.123591
843	255	-3.1244352
782	317	-3.129187
875	258	-3.1297019
882	130	-3.1303604
908	159	-3.1311295
765	226	-3.1326258
786	613	-3.1327446
704	13	-3.1328504
785	270	-3.1333408
797	581	-3.133551
729	87	-3.133563
797	586	-3.1336565
719	572	-3.13495
754	305	-3.1354954
893	157	-3.1355336
896	166	-3.1357827
836	83	-3.1365297
722	562	-3.1407356
852	154	-3.1407728
815	351	-3.141899
897	269	-3.1500106
717	627	-3.1503487
837	127	-3.150455
885	327	-3.1512697
881	81	-3.151484
783	394	-3.1515753
916	529	-3.1541014
727	572	-3.1560152
786	532	-3.1575558
862	358	-3.157839
850	103	-3.1606627
654	415	-3.1606646
793	333	-3.1607459
758	541	-3.1610763
745	155	-3.1621327
885	158	-3.1627595
874	337	-3.1645176
775	229	-3.1656475
858	348	-3.1658032
761	640	-3.1660511
833	37	-3.1663005
741	47	-3.1669402
735	25	-3.1675766
750	151	-3.1677945
701	640	-3.1678183
879	309	-3.1688952
824	189	-3.170086
712	635	-3.1708243
724	67	-3.171061
834	258	-3.1720808
711	77	-3.1725492
917	479	-3.1727057
784	597	-3.1741214
739	643	-3.1743684
855	49	-3.175895
729	226	-3.176141
761	259	-3.1767788
790	640	-3.178102
773	313	-3.1794455
817	363	-3.1798258
857	97	-3.1814046
881	66	-3.1815133
889	619	-3.182109
729	47	-3.1825726
894	216	-3.1829822
651	400	-3.1847272
896	182	-3.1847904
843	93	-3.1852033
817	390	-3.1861377
875	222	-3.1872003
852	212	-3.1874738
837	78	-3.1877253
840	160	-3.189306
799	398	-3.1895428
748	140	-3.1898704
756	118	-3.1901095
721	605	-3.1904275
840	299	-3.1908998
839	60	-3.190912
846	259	-3.1919928
875	609	-3.1920059
837	99	-3.192777
847	115	-3.1962528
696	641	-3.1965778
811	405	-3.197782
847	253	-3.1978002
803	521	-3.2005699
731	64	-3.2034519
744	635	-3.204624
716	599	-3.2048268
805	312	-3.2048407
802	550	-3.2054214
838	154	-3.2061741
780	604	-3.207046
757	192	-3.2074676
800	444	-3.2080786
811	314	-3.209314
708	18	-3.209909
777	557	-3.2104769
704	609	-3.2115364
875	41	-3.211649
709	630	-3.2118402
787	292	-3.2119074
846	203	-3.2121458
815	335	-3.213535
707	61	-3.2147677
648	392	-3.2152953
693	646	-3.2162375
858	191	-3.2163982
809	424	-3.2174184
636	413	-3.2180665
926	211	-3.2187545
894	283	-3.2194645
887	316	-3.2196865
774	434	-3.2200935
754	108	-3.2203822
864	313	-3.2206414
805	302	-3.2237682
907	220	-3.2239025
790	377	-3.2257311
906	611	-3.225953
806	510	-3.22922
793	600	-3.2294922
753	513	-3.2308345
858	353	-3.231395
744	89	-3.232839
883	303	-3.2337205
864	528	-3.2341757
867	285	-3.236698
760	598	-3.238104
768	257	-3.2390594
847	134	-3.2406695
879	178	-3.2411208
744	29	-3.2417395
875	357	-3.2459488
836	142	-3.2464995
859	344	-3.2470093
849	232	-3.2472117
844	165	-3.2547183
860	394	-3.25476
833	307	-3.2575614
778	552	-3.2580342
852	74	-3.2596767
848	119	-3.2600174
687	634	-3.260369
788	477	-3.263373
796	640	-3.2634816
857	145	-3.2674618
888	273	-3.2677908
866	296	-3.2678668
845	79	-3.2682693
843	441	-3.2704048
790	441	-3.2706208
778	570	-3.2710595
629	427	-3.2721715
807	397	-3.273007
907	605	-3.27326
725	617	-3.273674
849	51	-3.2745085
730	60	-3.2745738
765	250	-3.274615
767	171	-3.2750432
776	446	-3.2752953
635	421	-3.2753303
882	119	-3.2755642
853	417	-3.2774167
897	213	-3.2783284
899	258	-3.2787092
715	603	-3.2810278
718	622	-3.2843366
739	103	-3.284522
902	143	-3.285451
701	616	-3.2858272
835	294	-3.2871468
799	426	-3.2873092
887	288	-3.289082
871	370	-3.2898448
648	422	-3.290334
713	88	-3.2918262
709	451	-3.2919369
800	369	-3.2924309
762	539	-3.2926812
676	651	-3.2942295
757	218	-3.2944725
862	257	-3.2949936
815	504	-3.2950776
926	632	-3.2965093
837	240	-3.2974756
768	582	-3.2975056
926	624	-3.2983844
744	535	-3.298398
799	414	-3.2985022
862	372	-3.2988286
889	246	-3.2989259
863	532	-3.2995532
762	633	-3.299811
899	264	-3.3000326
837	308	-3.3008363
817	378	-3.3032165
804	517	-3.3032484
813	386	-3.3049655
840	187	-3.3077533
871	267	-3.3094602
893	140	-3.3100626
707	603	-3.3101244
850	440	-3.310804
644	413	-3.311003
730	596	-3.3123071
662	428	-3.3125846
858	360	-3.3128333
886	103	-3.312846
766	280	-3.3136153
851	406	-3.3138907
788	436	-3.314504
789	644	-3.3146946
830	179	-3.3162687
755	26	-3.3183558
816	527	-3.3191888
864	321	-3.3194206
837	147	-3.3201132
658	416	-3.3210912
817	355	-3.3224247
755	208	-3.324907
908	177	-3.3249652
859	105	-3.3260763
842	150	-3.3268905
769	274	-3.3274188
834	41	-3.3281665
839	224	-3.329136
772	195	-3.3295226
765	588	-3.3305404
892	226	-3.3308918
728	214	-3.332527
792	446	-3.3329701
826	441	-3.3333538
838	166	-3.3337288
709	378	-3.333953
728	568	-3.3340397
885	321	-3.3346112
711	83	-3.335702
789	348	-3.3357108
888	117	-3.3363552
884	71	-3.3363867
732	381	-3.3375535
927	257	-3.3407362
851	219	-3.3409083
756	182	-3.3428164
769	303	-3.3441768
705	50	-3.3449721
713	23	-3.345164
657	424	-3.3474233
764	157	-3.3483906
730	604	-3.3498676
756	326	-3.3501937
856	199	-3.3513315
866	261	-3.3514643
793	390	-3.353011
897	173	-3.3532076
847	433	-3.3535683
879	220	-3.3539186
832	236	-3.3549213
767	592	-3.3554673
870	247	-3.3563137
838	31	-3.3574975
769	209	-3.3584976
846	271	-3.359488
739	544	-3.3595483
753	301	-3.359977
736	113	-3.3602479
758	546	-3.3640716
701	456	-3.3647854
926	484	-3.3674147
739	126	-3.3675723
782	538	-3.3680017
927	219	-3.3690188
699	650	-3.3703482
802	571	-3.37221
850	205	-3.372651
876	52	-3.3733556
775	341	-3.3735976
833	126	-3.3738952
719	397	-3.3749573
920	525	-3.3762012
788	305	-3.3763134
762	644	-3.3769553
855	345	-3.37737
711	622	-3.3781855
814	358	-3.378324
812	523	-3.3792024
857	38	-3.379558
783	462	-3.3800154
735	92	-3.3803334
703	17	-3.3818367
849	456	-3.3828902
896	273	-3.3832548
784	154	-3.3832805
816	474	-3.3852084
926	457	-3.3852406
701	635	-3.386148
841	307	-3.3866448
882	601	-3.3882444
720	557	-3.3885715
887	162	-3.3888915
851	107	-3.389399
843	487	-3.3911202
744	95	-3.392398
861	507	-3.3930783
893	134	-3.3943448
722	596	-3.3944418
804	503	-3.3947368
801	546	-3.3952646
799	432	-3.397036
733	74	-3.3977594
795	592	-3.397869
708	599	-3.3980014
881	86	-3.3987925
887	109	-3.3993535
778	153	-3.3997617
843	37	-3.4026375
736	527	-3.4041905
830	256	-3.4052465
763	535	-3.4055696
892	65	-3.4060578
766	628	-3.4065037
921	478	-3.4070492
708	389	-3.408539
810	310	-3.408689
773	150	-3.4110925
855	55	-3.4114397
785	593	-3.4123592
748	633	-3.4128923
892	243	-3.4145303
895	650	-3.4151545
897	146	-3.4154701
739	488	-3.417725
751	505	-3.4204671
822	527	-3.4248502
904	574	-3.4255474
772	224	-3.4258192
870	346	-3.4263294
729	479	-3.427696
797	402	-3.4278336
719	617	-3.4279842
877	31	-3.430305
893	92	-3.4306245
728	83	-3.4320967
792	324	-3.432324
705	624	-3.4350963
746	159	-3.4355397
850	412	-3.4363692
814	399	-3.4371505
814	340	-3.4377518
664	432	-3.439978
708	372	-3.4419038
775	450	-3.4439754
748	526	-3.4452975
894	624	-3.4455075
747	272	-3.4458895
843	263	-3.446291
817	456	-3.4466946
719	611	-3.4472528
882	95	-3.447872
814	451	-3.4479167
882	111	-3.4485967
901	166	-3.4487143
798	357	-3.4493763
851	338	-3.4494789
865	389	-3.4495094
658	404	-3.449837
724	553	-3.4507616
793	475	-3.4528158
832	311	-3.4553616
768	574	-3.4567661
809	301	-3.4569352
802	384	-3.456988
904	195	-3.4575756
709	618	-3.4585238
873	37	-3.4618275
926	400	-3.4618328
776	234	-3.4631553
780	367	-3.4656522
778	242	-3.4687438
869	274	-3.4709163
771	279	-3.4714308
719	368	-3.4748945
774	574	-3.47541
782	454	-3.475506
794	457	-3.4788945
884	595	-3.4799304
777	315	-3.481483
826	180	-3.4817374
816	394	-3.4826133
708	642	-3.4830103
621	425	-3.484358
841	121	-3.4857724
784	479	-3.4857972
916	595	-3.486312
732	608	-3.487445
767	531	-3.4880714
713	397	-3.4885774
831	271	-3.4896317
903	48	-3.4919684
810	468	-3.4922674
847	44	-3.492706
759	341	-3.4933238
772	565	-3.494028
797	421	-3.4942482
731	585	-3.4943254
827	222	-3.494672
773	463	-3.4947977
688	630	-3.4967928
895	616	-3.49699
912	531	-3.498117
818	386	-3.498297
761	351	-3.4987113
748	277	-3.5005445
803	391	-3.502396
783	325	-3.5026326
745	260	-3.5026343
822	185	-3.5033147
726	597	-3.503985
758	203	-3.5046453
870	376	-3.5049555
853	333	-3.5055573
839	275	-3.5056026
832	241	-3.5064852
847	123	-3.5076838
828	573	-3.509168
804	530	-3.509285
786	280	-3.5099053
809	435	-3.510132
806	308	-3.5105934
767	179	-3.5145164
682	646	-3.514799
898	204	-3.515449
654	403	-3.5167317
845	138	-3.5176165
881	580	-3.5187142
781	374	-3.5194046
752	550	-3.5201154
852	447	-3.5209296
909	137	-3.5229843
883	605	-3.523407
833	229	-3.5234382
773	579	-3.524609
823	523	-3.5253472
702	647	-3.5268667
650	404	-3.5279043
898	48	-3.5280583
814	479	-3.5286138
723	587	-3.5286949
905	121	-3.5304852
841	239	-3.5326943
752	201	-3.5341632
638	418	-3.5349002
901	135	-3.5376797
749	623	-3.5401003
749	184	-3.5401888
926	190	-3.5402563
792	384	-3.5411625
809	443	-3.54135
902	581	-3.5413997
908	536	-3.5415213
711	613	-3.542067
860	84	-3.5435674
705	615	-3.5436385
713	543	-3.5438209
710	73	-3.5444667
836	88	-3.544937
817	516	-3.5453334
804	538	-3.5456963
904	537	-3.5460973
791	526	-3.5462358
740	130	-3.5478644
886	259	-3.5483146
736	560	-3.5492659
905	59	-3.5492935
722	133	-3.5494924
926	370	-3.5503008
847	160	-3.5510993
858	365	-3.5525744
881	165	-3.5538085
643	422	-3.554702
720	46	-3.5559413
717	583	-3.5563622
908	149	-3.5571563
765	596	-3.5601957
826	435	-3.5611582
926	200	-3.5619335
838	284	-3.5631316
786	641	-3.5634274
858	533	-3.563681
798	493	-3.565495
746	385	-3.5655084
754	322	-3.5661032
916	66	-3.566258
854	102	-3.5667574
789	547	-3.5676239
880	174	-3.5681374
731	600	-3.5682616
710	368	-3.568685
920	531	-3.5688488
759	129	-3.569166
846	438	-3.5708804
730	391	-3.5712175
926	70	-3.5750802
839	259	-3.5756066
851	63	-3.575684
745	513	-3.5761359
832	246	-3.5764499
894	153	-3.5765364
849	428	-3.5789297
784	329	-3.5791337
719	39	-3.579294
750	382	-3.5793262
835	103	-3.579527
661	390	-3.5797384
854	216	-3.5824447
835	268	-3.5828984
926	358	-3.5853987
750	97	-3.5864124
847	218	-3.5874596
765	636	-3.5889082
895	190	-3.5892131
844	145	-3.5898428
837	481	-3.5902643
893	197	-3.5905833
801	580	-3.5917225
891	649	-3.5917835
841	68	-3.5919075
733	477	-3.5923522
760	346	-3.5928805
846	155	-3.5930645
824	266	-3.5949671
668	650	-3.595668
875	369	-3.5981333
926	327	-3.5983653
797	316	-3.6010273
844	295	-3.6021547
839	179	-3.60265
903	607	-3.6030672
699	21	-3.603291
760	105	-3.6062357
920	504	-3.6065443
647	428	-3.606621
732	213	-3.6070695
761	531	-3.6072676
724	33	-3.6090188
720	124	-3.609991
726	369	-3.6101215
794	596	-3.6102164
813	508	-3.6104758
810	460	-3.6106956
883	295	-3.6107616
743	125	-3.612254
887	265	-3.6130471
901	147	-3.613381
646	402	-3.6138058
851	46	-3.6142333
822	358	-3.6148412
810	544	-3.616141
699	644	-3.6164076
739	26	-3.616528
888	583	-3.6167157
739	638	-3.6170979
912	73	-3.6171298
907	503	-3.618925
785	587	-3.6192536
898	129	-3.6207697
727	78	-3.6213946
845	483	-3.6221597
809	472	-3.623159
811	380	-3.623199
814	318	-3.6239898
907	125	-3.6256878
761	253	-3.6262746
708	68	-3.628252
848	448	-3.6289937
863	302	-3.6292183
690	412	-3.6294644
730	579	-3.630585
860	513	-3.6308386
792	516	-3.6312315
850	59	-3.6312947
806	316	-3.6320755
626	430	-3.634364
857	380	-3.6348486
706	77	-3.6356769
837	230	-3.636194
717	607	-3.636384
699	13	-3.637123
908	576	-3.6380749
787	617	-3.6385612
839	303	-3.63891
741	136	-3.6389582
750	618	-3.63896
794	644	-3.6390126
891	231	-3.6390805
903	207	-3.6391263
879	304	-3.6403718
728	161	-3.6411057
757	537	-3.6420646
730	589	-3.6438005
769	263	-3.644024
728	541	-3.644084
737	650	-3.6444948
754	517	-3.6457639
759	602	-3.6464014
761	594	-3.646607
857	391	-3.6466498
816	331	-3.6466634
902	131	-3.6476357
903	620	-3.6478076
800	557	-3.648717
773	397	-3.6491823
779	246	-3.6505558
875	210	-3.6509547
785	562	-3.6516223
785	362	-3.652019
758	552	-3.65321
815	382	-3.65383
837	235	-3.6544595
770	620	-3.6548193
855	413	-3.6551056
856	141	-3.6555078
620	421	-3.6559362
750	323	-3.6562743
806	570	-3.6582434
803	499	-3.6589742
876	603	-3.6614606
794	471	-3.6617322
856	61	-3.6638026
738	415	-3.665384
712	93	-3.6661396
908	529	-3.6664815
787	358	-3.6665142
709	649	-3.666549
845	52	-3.66713
798	562	-3.667762
787	284	-3.669217
844	103	-3.6703544
772	213	-3.6704724
789	381	-3.6717656
885	99	-3.6721973
724	42	-3.6722248
742	111	-3.6726542
739	452	-3.6743662
752	164	-3.675284
740	548	-3.6759696
792	534	-3.6768115
870	282	-3.6772768
830	291	-3.677758
732	222	-3.678109
704	388	-3.678364
783	470	-3.6786113
894	581	-3.678979
834	290	-3.6789894
888	628	-3.6792533
783	628	-3.6798692
837	313	-3.6807587
731	573	-3.6815367
859	166	-3.6817029
863	309	-3.682619
854	134	-3.68268
784	622	-3.6830695
697	619	-3.684641
927	231	-3.6853652
880	300	-3.6860836
878	183	-3.686687
809	392	-3.6873112
742	250	-3.6901238
703	451	-3.690417
845	249	-3.6921191
845	235	-3.6928775
834	155	-3.6937068
855	149	-3.6938334
748	552	-3.6944952
902	31	-3.6946886
756	650	-3.6951284
845	240	-3.6958642
811	373	-3.6959352
756	334	-3.6966944
691	406	-3.6985295
837	69	-3.7001486
747	145	-3.700763
709	467	-3.7008612
839	486	-3.701519
795	466	-3.701534
766	30	-3.7015889
820	520	-3.7020035
789	578	-3.7037354
926	60	-3.7038436
734	83	-3.705601
889	254	-3.707017
834	263	-3.7072656
832	487	-3.7076836
822	372	-3.7078383
902	504	-3.7081723
785	346	-3.7085843
808	328	-3.7088327
864	253	-3.7102158
735	486	-3.710504
894	292	-3.7124763
848	420	-3.7129931
708	540	-3.7130415
918	591	-3.7133071
704	629	-3.7147737
841	482	-3.7148588
828	227	-3.7148588
818	501	-3.71489
846	127	-3.7153525
724	476	-3.7159445
714	618	-3.7165697
801	534	-3.7174995
770	454	-3.7178233
850	356	-3.7193093
864	292	-3.7195866
893	120	-3.7240825
874	613	-3.7241344
759	238	-3.724703
810	347	-3.7251043
888	250	-3.72551
640	412	-3.7257328
898	611	-3.7258544
878	329	-3.727096
849	246	-3.727193
817	464	-3.7275636
881	101	-3.7277584
917	74	-3.728059
913	478	-3.728888
746	379	-3.7289283
729	467	-3.7292242
927	452	-3.7322094
900	75	-3.7324393
826	204	-3.732493
717	632	-3.7327085
835	53	-3.7330368
728	230	-3.7341187
841	524	-3.7343256
726	21	-3.7344718
845	207	-3.7344756
896	43	-3.7349772
788	582	-3.735616
549	651	-3.7358792
906	93	-3.7360141
834	49	-3.7364986
887	650	-3.736533
648	408	-3.7368717
798	407	-3.7375677
833	319	-3.7380714
857	137	-3.7387211
672	648	-3.7391896
704	58	-3.7406883
735	481	-3.740906
805	444	-3.7424707
779	600	-3.7425075
862	339	-3.742672
835	45	-3.7434638
858	332	-3.7435687
733	217	-3.7445624
885	623	-3.744612
718	109	-3.7461474
903	644	-3.7461872
750	157	-3.7465062
713	535	-3.7472694
756	529	-3.747854
746	291	-3.7493124
705	639	-3.7497187
764	230	-3.7509682
847	488	-3.7545784
847	267	-3.755365
720	591	-3.7562804
726	548	-3.7564385
852	113	-3.7566662
704	643	-3.7571383
885	341	-3.7585895
832	493	-3.7592843
917	474	-3.759347
845	523	-3.7633164
758	370	-3.766306
885	166	-3.7678058
797	353	-3.7691705
807	338	-3.7710812
889	91	-3.7715762
845	27	-3.7723207
789	481	-3.773257
771	459	-3.7737145
810	563	-3.7739885
824	271	-3.7743237
896	38	-3.77466
826	262	-3.7758
868	37	-3.7775004
859	32	-3.7788422
907	648	-3.7822433
766	641	-3.7823334
656	388	-3.783057
743	482	-3.7835133
708	636	-3.7836099
832	275	-3.784367
884	274	-3.7844915
892	75	-3.784502
883	125	-3.7848232
883	171	-3.7865179
624	417	-3.7877588
899	624	-3.7883646
773	615	-3.7887096
855	106	-3.7894294
852	145	-3.7900898
928	215	-3.7911944
703	54	-3.791566
755	186	-3.7919116
725	623	-3.7943306
746	267	-3.7952886
801	308	-3.8004198
708	12	-3.8012674
760	120	-3.8014967
679	404	-3.8023221
813	518	-3.8030977
867	350	-3.8040504
914	599	-3.8043191
798	439	-3.80585
831	565	-3.8069906
896	645	-3.808265
786	366	-3.808838
867	269	-3.8097336
830	261	-3.8102639
873	528	-3.8139684
751	614	-3.814423
898	117	-3.8153539
871	243	-3.8159335
883	195	-3.816887
888	74	-3.8171198
662	394	-3.8188732
723	26	-3.8203926
836	272	-3.8204057
903	199	-3.8210454
724	57	-3.8224893
920	70	-3.8225636
759	636	-3.8234286
758	211	-3.8235629
853	429	-3.8238862
704	67	-3.8242266
901	54	-3.8256698
773	306	-3.825836
704	73	-3.826254
764	583	-3.8271644
620	429	-3.8289726
726	581	-3.8291345
712	645	-3.8298597
717	105	-3.830088
859	70	-3.830231
881	592	-3.8307824
740	241	-3.8318133
652	424	-3.832094
908	570	-3.8330064
818	509	-3.8336995
805	525	-3.8337977
656	420	-3.8352568
770	637	-3.8372273
846	542	-3.838169
732	386	-3.83927
834	301	-3.8396773
831	295	-3.8402812
630	415	-3.840982
909	145	-3.8410747
892	181	-3.8411179
718	35	-3.841647
699	27	-3.8419855
751	523	-3.842805
712	98	-3.843076
872	45	-3.8431969
821	362	-3.843636
844	59	-3.8437145
750	328	-3.8444984
793	400	-3.8445373
897	109	-3.8451269
862	352	-3.8458943
876	58	-3.846455
662	403	-3.8468938
875	265	-3.8481872
823	285	-3.8494344
825	193	-3.8501494
707	393	-3.8515446
770	449	-3.8519847
794	479	-3.8521237
922	521	-3.8532343
852	235	-3.854089
823	213	-3.85488
832	175	-3.8551528
899	209	-3.8555262
701	4	-3.8560169
810	481	-3.8560207
739	524	-3.8562775
739	108	-3.8568094
861	398	-3.8571
831	498	-3.8600059
879	611	-3.8616123
828	578	-3.8620543
810	447	-3.8642492
801	448	-3.864291
926	472	-3.8642929
839	254	-3.864297
787	352	-3.8647206
883	576	-3.86551
765	579	-3.8657894
707	81	-3.8675082
894	205	-3.8694499
761	629	-3.87025
891	166	-3.8708172
832	252	-3.8714375
852	138	-3.8732688
926	489	-3.8733797
858	111	-3.8736763
896	76	-3.8737786
733	649	-3.8742268
912	65	-3.8744226
780	261	-3.8749788
802	587	-3.8752794
733	452	-3.879793
663	398	-3.880382
740	634	-3.8809667
789	540	-3.882148
898	198	-3.882761
795	499	-3.8832998
742	43	-3.8840857
909	479	-3.884159
787	300	-3.8848145
644	407	-3.8849635
858	542	-3.885176
748	283	-3.8858747
764	600	-3.8874934
834	285	-3.888075
782	466	-3.8886504
707	447	-3.8898427
721	129	-3.88996
845	214	-3.8903718
744	626	-3.8910768
755	114	-3.892115
842	220	-3.8923304
790	309	-3.893368
822	455	-3.894354
702	39	-3.894721
758	364	-3.8951142
846	48	-3.896318
914	604	-3.8964887
762	544	-3.897019
773	425	-3.8970296
684	639	-3.897815
925	527	-3.897816
894	186	-3.899828
831	279	-3.9008837
703	542	-3.9012268
906	213	-3.9012709
869	387	-3.90142
802	318	-3.9015534
730	175	-3.9018188
909	600	-3.9023151
728	536	-3.902614
862	298	-3.9040244
868	290	-3.904119
904	188	-3.9042752
746	639	-3.9044452
776	345	-3.9044497
838	279	-3.9045873
843	435	-3.9047399
740	520	-3.9055636
905	76	-3.9090948
904	542	-3.909319
858	519	-3.9105392
753	179	-3.9117625
868	527	-3.9126716
802	576	-3.9136817
831	570	-3.9140818
774	420	-3.9141448
926	266	-3.9147031
652	650	-3.914864
841	53	-3.9154224
921	632	-3.9165933
857	203	-3.9178586
737	476	-3.9178839
806	496	-3.9188106
885	29	-3.918991
812	528	-3.9190466
721	631	-3.9194393
886	332	-3.9198391
821	279	-3.920373
794	573	-3.920647
885	65	-3.9211707
758	231	-3.9229987
877	324	-3.9237778
844	41	-3.9242933
885	270	-3.9247038
820	350	-3.925642
790	614	-3.9259984
871	235	-3.926231
737	432	-3.9263093
817	347	-3.926352
852	121	-3.9270604
810	569	-3.9270828
742	541	-3.9273016
892	585	-3.928228
761	357	-3.9288757
863	524	-3.9297035
860	320	-3.9303794
709	591	-3.9322138
846	289	-3.932471
727	471	-3.93303
903	126	-3.9334898
855	407	-3.934095
745	137	-3.9342234
834	57	-3.935076
771	593	-3.9355214
826	497	-3.9355881
926	365	-3.9357314
768	385	-3.9371214
879	474	-3.9371386
908	541	-3.9390154
851	228	-3.9399073
826	650	-3.9409604
718	118	-3.9420192
863	325	-3.9420745
859	158	-3.9425535
657	412	-3.943436
728	620	-3.9438176
847	424	-3.944106
799	304	-3.944839
920	650	-3.9460578
835	111	-3.9463985
799	361	-3.9481604
884	207	-3.9487188
858	525	-3.948945
811	514	-3.9497
858	130	-3.9498994
746	25	-3.9521039
909	48	-3.9560213
754	330	-3.9566197
889	154	-3.956695
900	540	-3.958446
889	325	-3.9586926
716	549	-3.9595912
860	403	-3.960655
823	504	-3.9609046
838	405	-3.963504
845	230	-3.9652476
808	351	-3.9661531
745	55	-3.9669611
706	85	-3.9675372
616	423	-3.9682329
809	464	-3.9683313
766	538	-3.9686263
728	209	-3.9687037
848	210	-3.9702325
816	324	-3.9707727
718	177	-3.9708426
732	613	-3.971632
897	574	-3.9721975
635	426	-3.9725044
903	37	-3.9744332
758	643	-3.9746225
758	513	-3.9746683
918	58	-3.9747934
882	350	-3.9773605
772	583	-3.9775712
854	29	-3.9778478
740	553	-3.9782882
796	445	-3.9784777
829	438	-3.9789653
810	439	-3.9791462
837	107	-3.9804158
878	237	-3.981177
726	395	-3.9823203
853	422	-3.9832077
726	4	-3.9844968
731	485	-3.984598
678	647	-3.9854908
762	247	-3.9855692
633	430	-3.9859524
910	608	-3.98659
869	340	-3.9885573
926	184	-3.988958
709	89	-3.9891324
782	255	-3.9908285
734	405	-3.9911199
767	623	-3.991758
700	8	-3.9925086
772	189	-3.9928133
841	232	-3.992917
645	395	-3.994538
798	311	-3.9947867
813	484	-3.9951174
888	591	-3.996097
675	410	-3.9965048
772	439	-3.99693
925	628	-3.998705
807	574	-3.9987595
732	78	-3.9990811
862	267	-3.9994278
782	642	-3.9998436
849	461	-4.000384
704	467	-4.0007715
813	362	-4.0010753
750	377	-4.001114
832	82	-4.0022564
924	66	-4.002693
731	70	-4.003236
782	533	-4.0033746
773	208	-4.0072403
760	590	-4.0077686
745	287	-4.0107927
897	501	-4.0121756
867	531	-4.012209
837	116	-4.01471
826	429	-4.0147467
787	528	-4.015135
926	179	-4.0155497
833	98	-4.016315
836	489	-4.0166225
745	60	-4.016677
846	413	-4.019552
747	85	-4.0203815
808	487	-4.0204325
891	615	-4.0209427
880	584	-4.0209517
883	222	-4.0213294
716	614	-4.0218806
829	135	-4.0242925
888	597	-4.0248237
841	492	-4.025092
869	33	-4.025197
712	587	-4.0252833
860	261	-4.0262213
768	270	-4.0277476
810	431	-4.02801
856	386	-4.0283456
752	335	-4.0286546
767	150	-4.029101
723	137	-4.0292897
843	45	-4.0300074
878	231	-4.031174
885	239	-4.0313044
886	579	-4.0314565
806	534	-4.0331726
857	397	-4.0332074
766	650	-4.034263
809	387	-4.0373964
807	506	-4.0379996
892	174	-4.0388775
887	574	-4.0394893
725	71	-4.0406528
830	283	-4.041874
658	429	-4.042418
773	300	-4.042493
927	151	-4.042879
782	475	-4.0429096
800	542	-4.044049
788	156	-4.0449166
829	524	-4.04544
890	70	-4.048745
788	275	-4.0493803
890	112	-4.0494714
926	174	-4.0504584
844	110	-4.050673
849	391	-4.05093
808	320	-4.0513277
750	318	-4.052648
865	32	-4.053456
796	417	-4.05359
798	569	-4.053631
837	493	-4.0546894
884	175	-4.055185
915	504	-4.055941
793	506	-4.056298
860	529	-4.0575566
752	527	-4.059182
823	133	-4.059884
854	223	-4.0604906
883	287	-4.061588
854	523	-4.062924
754	545	-4.064641
730	17	-4.0647597
889	219	-4.065218
811	366	-4.0658274
714	102	-4.0671725
827	569	-4.067423
781	594	-4.067568
777	149	-4.068709
829	231	-4.068818
845	224	-4.068905
905	615	-4.069543
891	202	-4.069883
742	649	-4.070073
881	572	-4.0703273
854	129	-4.0707746
893	170	-4.0712423
831	266	-4.071891
763	140	-4.073556
748	77	-4.0760555
922	252	-4.079222
893	504	-4.0804424
884	345	-4.0816617
796	342	-4.082147
770	642	-4.082281
928	207	-4.0828476
847	408	-4.0840898
847	151	-4.084349
890	130	-4.085053
926	462	-4.086006
929	147	-4.086703
924	589	-4.087441
770	393	-4.0889263
752	626	-4.089143
752	34	-4.0900254
876	254	-4.0906034
791	394	-4.0915146
848	649	-4.09314
773	200	-4.093829
820	393	-4.0965075
808	476	-4.0972185
618	417	-4.098375
845	275	-4.0985312
735	210	-4.0985785
763	527	-4.0986466
643	432	-4.099368
910	141	-4.1008105
852	68	-4.1012006
847	142	-4.1022716
885	245	-4.1028423
702	45	-4.1031513
810	452	-4.1033397
793	314	-4.1040053
725	46	-4.104033
655	407	-4.104174
892	629	-4.104625
881	107	-4.1062484
827	176	-4.1063595
792	155	-4.1081185
906	507	-4.10872
821	354	-4.1091633
756	503	-4.109404
783	384	-4.1094217
705	633	-4.1094728
781	458	-4.109865
927	270	-4.110575
730	397	-4.1106625
861	89	-4.1124096
873	32	-4.1129794
883	627	-4.1141224
823	368	-4.1164303
854	394	-4.1172314
751	630	-4.118085
926	505	-4.1184144
870	41	-4.1188173
820	531	-4.118854
718	185	-4.1194463
836	123	-4.1197376
902	570	-4.1203833
809	540	-4.120445
861	37	-4.121446
812	536	-4.1218195
769	464	-4.1233873
749	530	-4.1237307
920	482	-4.124228
799	538	-4.1251187
753	193	-4.1252804
717	439	-4.1266
841	250	-4.1271806
878	245	-4.127644
760	606	-4.128111
902	239	-4.129753
761	133	-4.129792
842	404	-4.1306705
772	476	-4.131516
892	311	-4.1322
854	117	-4.132745
761	220	-4.1339893
693	621	-4.134442
671	402	-4.135148
717	163	-4.1377373
749	178	-4.1383166
784	484	-4.138403
836	73	-4.1389837
823	512	-4.1393485
844	300	-4.1413016
909	60	-4.142002
926	223	-4.14223
919	495	-4.142581
863	343	-4.142743
755	198	-4.143101
883	317	-4.143258
814	500	-4.1436872
869	650	-4.145111
772	589	-4.146563
739	247	-4.1472154
714	539	-4.14746
880	528	-4.1482325
793	270	-4.148947
753	311	-4.1494412
703	384	-4.1494913
740	230	-4.149492
870	239	-4.1495237
895	126	-4.15037
904	42	-4.151624
802	495	-4.1517425
829	325	-4.15215
705	8	-4.152663
651	419	-4.15303
648	387	-4.1532702
741	629	-4.153803
772	560	-4.1551147
863	333	-4.1553216
896	103	-4.1559153
877	188	-4.1568527
746	504	-4.15904
879	359	-4.1598244
810	420	-4.1608653
867	250	-4.1611147
758	109	-4.1619005
744	279	-4.16255
812	354	-4.162896
733	88	-4.1636825
822	439	-4.1652393
841	457	-4.1659336
901	92	-4.1674914
661	423	-4.1677394
879	170	-4.1691027
683	406	-4.1693296
751	339	-4.170286
825	445	-4.171748
735	644	-4.172645
884	618	-4.172788
756	374	-4.17386
736	449	-4.1740375
858	119	-4.1744637
714	108	-4.1760526
906	204	-4.1764803
829	308	-4.1764894
763	235	-4.17678
753	622	-4.1767926
845	417	-4.1770425
827	347	-4.178564
797	348	-4.1794276
743	476	-4.1794677
918	600	-4.181862
768	568	-4.182181
776	606	-4.18472
717	542	-4.1853266
857	418	-4.1863866
884	199	-4.186767
669	432	-4.1871047
754	540	-4.1875596
871	278	-4.1878033
848	377	-4.188637
727	586	-4.1887364
847	340	-4.189084
772	467	-4.1906505
735	583	-4.1911693
860	290	-4.1915417
810	305	-4.1926274
748	173	-4.194247
852	433	-4.1963706
799	553	-4.1966195
900	546	-4.197646
890	101	-4.197851
820	381	-4.1984878
881	226	-4.19975
769	597	-4.20037
771	185	-4.2023854
761	586	-4.202534
906	580	-4.2027707
738	401	-4.20466
839	415	-4.20473
799	590	-4.207478
748	93	-4.208899
894	520	-4.208962
911	650	-4.2091436
863	286	-4.2100935
715	451	-4.2101316
808	502	-4.2116156
917	587	-4.2116256
701	462	-4.2121706
888	95	-4.212349
890	123	-4.212984
700	51	-4.21323
824	574	-4.2134557
926	619	-4.2139797
773	472	-4.215389
843	449	-4.2162447
854	439	-4.2173834
824	519	-4.2174425
726	53	-4.218529
887	633	-4.2195063
741	256	-4.219729
667	400	-4.2202086
910	506	-4.2202215
849	402	-4.2232165
883	179	-4.2236032
762	366	-4.224914
754	342	-4.2257705
845	455	-4.227079
759	610	-4.2271595
899	642	-4.227847
860	271	-4.2293925
761	549	-4.2299137
891	572	-4.231418
790	149	-4.231633
768	175	-4.2316484
842	412	-4.2321014
732	528	-4.232541
750	296	-4.2334323
739	483	-4.234189
872	524	-4.23456
742	492	-4.235345
823	275	-4.235354
833	525	-4.236008
900	652	-4.236251
880	478	-4.237672
695	41	-4.2409215
772	515	-4.243809
824	219	-4.244476
865	394	-4.245293
848	146	-4.2455363
697	46	-4.2458715
857	444	-4.2464833
700	31	-4.2465854
837	246	-4.246894
703	62	-4.2487373
756	614	-4.248985
881	115	-4.2490425
687	626	-4.249314
926	548	-4.250138
912	572	-4.25185
639	428	-4.2518973
850	257	-4.2519045
901	577	-4.2519355
840	444	-4.253526
778	634	-4.2536483
926	332	-4.2549753
752	372	-4.2553644
899	125	-4.255654
926	644	-4.25579
666	405	-4.2565103
769	218	-4.257432
735	604	-4.2577105
873	649	-4.2580643
897	94	-4.2582083
926	639	-4.25891
694	30	-4.2589493
773	480	-4.2603474
845	429	-4.2609353
735	456	-4.2613015
792	274	-4.2620854
828	235	-4.2622476
926	342	-4.262648
872	606	-4.264537
755	533	-4.2653556
832	574	-4.266257
701	35	-4.266403
755	338	-4.26696
830	443	-4.267207
814	311	-4.2683377
829	317	-4.2687545
706	4	-4.269308
715	456	-4.2703586
729	170	-4.2703714
784	390	-4.2708406
920	62	-4.2711296
755	367	-4.2723303
762	515	-4.273683
919	636	-4.2737503
792	281	-4.274147
785	370	-4.2744637
789	636	-4.2748103
729	650	-4.275452
929	275	-4.2756734
705	375	-4.2760897
910	566	-4.276306
715	443	-4.277051
712	19	-4.2783856
713	466	-4.279779
819	505	-4.2816815
825	353	-4.283292
818	460	-4.2835317
773	403	-4.2841816
742	269	-4.2844644
832	579	-4.285821
858	124	-4.2865334
832	87	-4.2888894
716	114	-4.289392
885	218	-4.290388
734	597	-4.2903957
821	376	-4.2903976
746	325	-4.2904367
897	584	-4.2905583
772	445	-4.290657
841	612	-4.29331
909	153	-4.294757
830	299	-4.294893
898	580	-4.294899
786	524	-4.295256
732	229	-4.2961016
883	610	-4.2977853
833	483	-4.2984653
787	398	-4.2986865
820	467	-4.2996507
842	399	-4.3004375
850	396	-4.3009443
744	51	-4.301084
862	536	-4.301917
717	554	-4.302154
704	597	-4.3024
813	302	-4.30292
749	314	-4.303125
715	366	-4.3040905
842	64	-4.305101
882	279	-4.305176
900	186	-4.306893
847	381	-4.307757
703	605	-4.30779
700	611	-4.3078184
738	571	-4.308705
806	188	-4.3088565
789	268	-4.311439
747	488	-4.3117185
698	17	-4.312086
687	407	-4.312358
763	371	-4.3136463
743	275	-4.3139257
739	557	-4.314775
716	122	-4.315589
867	310	-4.316071
811	586	-4.317009
853	390	-4.317556
718	563	-4.317706
903	529	-4.3178067
841	312	-4.3182817
860	503	-4.3184
788	296	-4.3184752
727	463	-4.319638
732	569	-4.3200207
773	507	-4.3206806
851	150	-4.3207192
694	11	-4.3211493
695	34	-4.321157
691	452	-4.3212357
760	375	-4.322078
784	355	-4.3228836
806	324	-4.3244553
918	543	-4.324822
926	78	-4.324829
911	636	-4.3251104
792	510	-4.3258877
849	130	-4.3259583
695	405	-4.326254
845	546	-4.326318
835	477	-4.3265634
909	53	-4.330105
718	29	-4.330929
738	237	-4.3314276
817	497	-4.3316936
670	618	-4.3324895
784	566	-4.3325768
782	528	-4.333405
928	168	-4.334805
731	179	-4.336468
878	21	-4.3365283
790	650	-4.337075
760	125	-4.3374963
788	402	-4.337715
746	619	-4.338094
708	95	-4.3381085
927	346	-4.3386054
829	33	-4.338801
758	632	-4.339507
890	577	-4.340232
701	391	-4.340697
893	611	-4.340983
879	618	-4.341192
650	431	-4.341637
694	409	-4.342776
850	126	-4.3437357
774	455	-4.3437424
783	350	-4.3438997
727	593	-4.3441405
930	262	-4.344677
806	578	-4.346154
815	403	-4.346241
795	608	-4.3463087
732	207	-4.347195
700	57	-4.3472934
790	520	-4.348037
819	284	-4.3486686
827	582	-4.3489485
774	610	-4.3493195
867	301	-4.34988
850	28	-4.3501196
844	519	-4.3507276
716	639	-4.351432
822	229	-4.3518324
846	284	-4.3531857
827	313	-4.353265
862	347	-4.3546295
907	495	-4.3548813
697	3	-4.3557687
709	536	-4.3561015
807	520	-4.3571606
884	589	-4.358263
794	495	-4.361233
553	649	-4.3623915
915	62	-4.3623962
725	153	-4.3626957
781	335	-4.36327
855	329	-4.363963
853	519	-4.3641095
874	373	-4.3667464
745	295	-4.3678756
895	540	-4.3686023
851	352	-4.3689547
739	563	-4.369115
796	489	-4.37017
910	92	-4.371942
813	344	-4.3722053
742	264	-4.3723087
878	94	-4.372492
738	381	-4.373188
747	643	-4.374303
862	184	-4.375337
712	652	-4.375874
907	84	-4.375911
857	506	-4.376476
875	532	-4.3767548
885	77	-4.3776402
926	405	-4.378097
915	525	-4.3781877
782	632	-4.3785295
818	398	-4.379074
841	466	-4.379921
752	634	-4.3810253
872	271	-4.383762
842	246	-4.385186
736	221	-4.385399
825	530	-4.385825
730	370	-4.3863897
757	507	-4.386728
837	473	-4.3873267
859	294	-4.388418
914	590	-4.388842
898	506	-4.390218
742	516	-4.3907084
927	143	-4.3911333
925	391	-4.3913927
893	307	-4.391471
862	192	-4.3930507
808	492	-4.3932943
726	157	-4.3948803
728	166	-4.395077
661	407	-4.3951526
870	611	-4.3955655
838	650	-4.3968477
867	316	-4.3976054
819	452	-4.397638
889	320	-4.398619
760	623	-4.3998957
849	484	-4.4016194
871	286	-4.4017606
888	150	-4.4021297
778	453	-4.4036174
825	323	-4.4036894
925	579	-4.404113
818	342	-4.406111
752	22	-4.406169
853	321	-4.4079623
848	361	-4.408188
734	199	-4.408413
735	589	-4.4095736
750	610	-4.4117513
729	532	-4.411833
915	649	-4.4119663
926	523	-4.412353
755	521	-4.4128118
920	547	-4.4139986
868	46	-4.4143114
788	485	-4.4153914
859	408	-4.4158535
749	332	-4.415906
681	642	-4.416014
675	405	-4.416122
830	141	-4.4167976
910	475	-4.416968
776	319	-4.417415
829	343	-4.4189997
906	88	-4.4197087
878	27	-4.4209447
850	540	-4.4216814
905	488	-4.4218655
858	370	-4.422476
796	411	-4.422635
839	319	-4.423191
768	165	-4.4234924
747	163	-4.4239054
718	169	-4.423955
717	567	-4.426441
846	465	-4.4269395
717	181	-4.427514
873	49	-4.4294376
850	452	-4.4295807
667	410	-4.4297323
842	49	-4.4308653
735	565	-4.43111
851	344	-4.4319344
806	342	-4.4320674
683	633	-4.4322023
839	264	-4.4345384
904	117	-4.4347687
871	334	-4.4347906
731	472	-4.434854
772	288	-4.4350643
892	508	-4.435317
927	466	-4.4364057
763	519	-4.4381046
734	21	-4.439639
822	651	-4.4405904
911	612	-4.4414988
725	176	-4.4429035
824	225	-4.443272
911	644	-4.443993
915	633	-4.444129
744	554	-4.4446974
809	456	-4.4459796
754	347	-4.446119
717	127	-4.4469066
828	489	-4.4478292
671	411	-4.448881
707	544	-4.449352
865	42	-4.449419
887	603	-4.449489
829	626	-4.4503365
750	546	-4.450427
893	108	-4.450843
748	558	-4.451231
800	639	-4.451282
827	564	-4.4514546
782	343	-4.4531984
810	558	-4.453882
777	578	-4.4558196
664	651	-4.4561386
756	360	-4.456671
894	589	-4.4570055
852	373	-4.457241
806	448	-4.45738
915	496	-4.4575043
668	645	-4.4576483
541	651	-4.4577355
774	554	-4.457784
865	508	-4.4578376
892	644	-4.4589486
794	438	-4.460301
860	142	-4.461885
746	41	-4.4622393
798	320	-4.4630976
845	21	-4.463825
804	330	-4.464455
822	508	-4.4645486
738	576	-4.464689
821	389	-4.4650464
854	377	-4.4664965
908	41	-4.46696
827	502	-4.468256
875	617	-4.4683323
844	641	-4.468359
886	235	-4.468571
693	7	-4.468693
824	585	-4.4691286
858	46	-4.469627
639	423	-4.4697104
755	103	-4.47097
809	651	-4.4718113
907	397	-4.472074
879	650	-4.472588
844	118	-4.4739966
904	566	-4.475359
924	532	-4.4753814
778	351	-4.4754276
789	406	-4.4756675
822	261	-4.47586
905	533	-4.4762754
876	525	-4.4765506
722	22	-4.477889
796	535	-4.4783225
920	596	-4.479524
659	433	-4.481462
796	618	-4.4822593
731	203	-4.4846306
916	535	-4.4849486
812	573	-4.4850755
914	482	-4.4857874
684	629	-4.485875
860	179	-4.485891
824	642	-4.487034
854	531	-4.4883156
789	553	-4.4904633
927	422	-4.491152
927	159	-4.49183
899	605	-4.492218
695	25	-4.4925294
773	409	-4.4956527
826	424	-4.495718
875	312	-4.4969425
931	271	-4.4973273
926	593	-4.4974694
796	626	-4.49814
829	287	-4.4984713
822	499	-4.4985123
767	284	-4.499064
860	74	-4.5027018
875	200	-4.503105
709	443	-4.5039372
915	387	-4.505476
895	641	-4.505556
755	379	-4.506775
810	497	-4.507928
827	131	-4.508402
888	242	-4.5101194
915	395	-4.5103235
785	579	-4.5103354
826	359	-4.510772
748	309	-4.510979
796	429	-4.512081
738	407	-4.5122848
779	479	-4.512765
922	257	-4.513783
892	116	-4.5144215
885	255	-4.514759
885	87	-4.514881
900	193	-4.51544
728	8	-4.5161347
738	251	-4.5171094
839	440	-4.517787
793	637	-4.5179586
872	225	-4.518682
896	536	-4.5203347
857	538	-4.521415
691	26	-4.5215893
835	27	-4.521635
813	547	-4.52252
798	266	-4.5230303
749	501	-4.5240707
912	537	-4.524171
887	639	-4.524636
830	651	-4.525241
812	409	-4.5268254
883	649	-4.527263
656	649	-4.5273447
920	78	-4.5276537
781	157	-4.5279846
822	179	-4.5280094
854	541	-4.5280156
724	467	-4.528364
901	477	-4.529397
856	402	-4.5309157
831	560	-4.531981
896	570	-4.5322633
679	411	-4.533252
836	445	-4.5339437
808	297	-4.535122
742	384	-4.5352077
834	64	-4.535777
887	224	-4.53707
735	639	-4.53711
786	254	-4.537421
644	391	-4.537611
822	199	-4.5380273
728	13	-4.5387754
796	603	-4.538965
794	406	-4.5389953
733	194	-4.5391726
845	551	-4.5397825
686	411	-4.5417542
927	354	-4.5421505
710	400	-4.543267
881	622	-4.5452304
692	22	-4.5467267
795	149	-4.547332
883	632	-4.547472
830	433	-4.5480366
844	479	-4.550169
748	567	-4.550725
836	251	-4.551525
824	493	-4.552846
716	577	-4.555369
853	383	-4.5563393
738	595	-4.556708
903	585	-4.5575504
906	392	-4.5587616
718	132	-4.5591536
879	588	-4.560164
837	523	-4.5614166
823	343	-4.562037
729	234	-4.5623894
762	116	-4.5628886
755	618	-4.562966
908	169	-4.5631204
816	534	-4.563478
770	433	-4.5646257
910	128	-4.5652413
815	588	-4.5674214
751	650	-4.5681715
699	42	-4.568251
854	369	-4.5683002
750	387	-4.5699153
908	118	-4.570979
821	291	-4.571271
722	3	-4.571322
700	69	-4.572035
909	163	-4.572363
776	475	-4.5728784
720	551	-4.5729923
754	606	-4.573933
927	126	-4.5742755
863	540	-4.574318
904	547	-4.574449
891	594	-4.575241
915	466	-4.57583
735	523	-4.57625
769	527	-4.57693
739	587	-4.577018
843	395	-4.5775924
908	546	-4.5793095
773	217	-4.579755
908	182	-4.58101
840	616	-4.581046
736	635	-4.5817766
814	446	-4.5820637
670	406	-4.582841
876	595	-4.5847707
746	299	-4.586079
866	306	-4.5865436
680	636	-4.5870924
879	138	-4.588095
774	154	-4.5885134
790	574	-4.589215
821	435	-4.5905085
734	399	-4.5910196
754	554	-4.5919657
798	451	-4.5925994
888	228	-4.5936227
779	355	-4.5951233
852	325	-4.5955925
728	74	-4.5959206
849	385	-4.596363
910	560	-4.596872
797	636	-4.5973926
823	578	-4.5983334
844	650	-4.599601
905	640	-4.5997863
910	596	-4.6000257
726	62	-4.6000404
873	383	-4.600186
926	583	-4.601518
771	519	-4.601835
760	615	-4.6035686
885	570	-4.603771
897	487	-4.604437
795	651	-4.605062
654	428	-4.6056533
873	21	-4.6074705
812	493	-4.6089735
812	488	-4.609463
820	269	-4.6094947
820	190	-4.609543
862	520	-4.6100297
831	583	-4.610036
879	461	-4.6111655
837	626	-4.611293
927	544	-4.6131763
664	631	-4.613213
813	541	-4.6134157
910	525	-4.613456
775	335	-4.6140437
736	244	-4.6143227
759	526	-4.6163025
848	642	-4.6169114
756	599	-4.616926
773	495	-4.6171865
789	413	-4.61774
713	447	-4.617874
734	577	-4.617982
735	412	-4.618356
902	496	-4.6195188
905	113	-4.621004
894	210	-4.6211653
829	39	-4.6215734
670	625	-4.622658
737	600	-4.623178
807	588	-4.6236997
667	390	-4.6246157
895	88	-4.624886
896	628	-4.6250978
840	27	-4.625666
740	457	-4.6263423
802	190	-4.627211
717	189	-4.627432
618	433	-4.6286526
709	7	-4.630015
743	283	-4.6302814
823	208	-4.6312623
750	39	-4.631584
779	322	-4.631627
880	536	-4.6320252
705	397	-4.6323533
913	576	-4.633282
782	650	-4.6335745
811	578	-4.633761
819	4	-4.6338034
842	627	-4.6342306
861	417	-4.635499
660	647	-4.6361394
891	315	-4.6362953
764	256	-4.6368713
859	324	-4.638049
918	606	-4.6394463
788	632	-4.640524
897	496	-4.6415234
878	470	-4.6418552
751	638	-4.642218
804	583	-4.6434116
795	425	-4.644084
837	611	-4.6450906
726	181	-4.645107
715	573	-4.6464467
892	500	-4.646546
845	389	-4.6497493
834	325	-4.6520925
903	500	-4.6538615
884	251	-4.6542673
864	329	-4.6563916
858	286	-4.657895
866	281	-4.6583867
827	296	-4.65919
758	37	-4.662308
715	401	-4.6624074
904	602	-4.663016
731	5	-4.66324
748	167	-4.6641726
793	569	-4.665313
856	211	-4.668359
786	375	-4.6687274
841	419	-4.669045
911	77	-4.670328
731	374	-4.6717753
891	539	-4.672939
776	193	-4.67307
921	487	-4.6731477
866	613	-4.673317
738	428	-4.674339
841	408	-4.6763573
875	180	-4.677105
536	651	-4.677128
822	449	-4.677314
917	399	-4.6776094
778	544	-4.67777
710	104	-4.6778
765	26	-4.6782413
750	4	-4.6788487
851	261	-4.6795363
722	179	-4.680153
724	147	-4.680441
835	497	-4.680561
779	574	-4.6819654
787	393	-4.682807
643	427	-4.682918
782	590	-4.6834736
748	303	-4.683644
668	396	-4.68368
713	460	-4.684297
926	575	-4.684882
911	88	-4.685007
616	428	-4.6871605
845	358	-4.687776
878	160	-4.6879935
852	650	-4.688941
788	145	-4.689161
630	433	-4.6891828
781	361	-4.69029
746	390	-4.6915665
839	393	-4.691999
862	95	-4.692472
739	224	-4.693178
892	193	-4.6936913
907	97	-4.6938877
835	439	-4.6942415
905	475	-4.694891
779	237	-4.695534
845	460	-4.696657
801	300	-4.697254
831	170	-4.6981697
688	403	-4.699356
782	250	-4.7001886
844	558	-4.7002597
922	262	-4.70115
916	500	-4.701228
811	532	-4.7022767
736	385	-4.702674
736	227	-4.7048845
738	440	-4.7053385
859	150	-4.7054033
666	616	-4.7057714
733	468	-4.7061424
663	411	-4.70735
872	219	-4.7084055
762	101	-4.710468
772	295	-4.712445
723	398	-4.7131863
764	572	-4.714359
806	480	-4.7144265
849	522	-4.7149515
814	306	-4.7158813
725	544	-4.7172227
904	558	-4.717589
752	170	-4.7186713
721	159	-4.7196794
746	319	-4.7197213
758	22	-4.719853
756	625	-4.7204423
891	526	-4.720699
913	391	-4.7211742
691	3	-4.721724
928	64	-4.722227
866	337	-4.7223544
808	370	-4.7227354
767	7	-4.722916
825	281	-4.7232733
831	44	-4.723833
761	619	-4.724195
840	520	-4.724392
872	53	-4.7253804
867	523	-4.7254357
903	246	-4.7261157
913	58	-4.7262573
901	120	-4.7263412
828	586	-4.727852
875	285	-4.727858
930	267	-4.7280493
722	141	-4.728083
675	400	-4.7286673
772	503	-4.7288933
921	624	-4.7294745
840	21	-4.7301707
919	628	-4.730581
924	517	-4.731343
791	433	-4.731989
821	233	-4.732031
719	173	-4.732033
882	519	-4.73296
833	165	-4.7331014
922	247	-4.7331195
897	479	-4.734095
875	581	-4.734287
723	163	-4.734587
850	330	-4.736292
798	549	-4.7370515
846	567	-4.737386
856	432	-4.737396
879	634	-4.737625
926	350	-4.7380447
764	136	-4.7387366
748	373	-4.7387996
676	643	-4.74008
862	249	-4.740912
712	548	-4.74113
734	377	-4.7414036
642	403	-4.741802
859	115	-4.7420564
780	483	-4.74267
711	15	-4.7428226
895	546	-4.7432203
794	612	-4.7434945
922	508	-4.7437806
747	615	-4.743895
733	593	-4.744107
784	489	-4.745267
820	296	-4.745341
849	368	-4.745499
823	459	-4.74574
702	79	-4.7463417
845	645	-4.7466817
904	233	-4.7468805
912	543	-4.746943
648	649	-4.74724
794	310	-4.748209
897	529	-4.7484117
712	112	-4.7488923
803	334	-4.749464
768	293	-4.7499256
784	583	-4.7510657
713	530	-4.752002
772	27	-4.752594
703	446	-4.7531962
786	651	-4.7540207
826	257	-4.7543106
878	366	-4.7546153
768	601	-4.7559495
789	388	-4.7568645
764	262	-4.757561
910	581	-4.7575784
725	480	-4.75776
838	411	-4.758864
840	623	-4.7595544
788	621	-4.7607937
777	471	-4.7617683
817	482	-4.7627964
788	559	-4.7634845
775	586	-4.763529
915	78	-4.765787
753	500	-4.768097
799	643	-4.768142
926	441	-4.768145
767	515	-4.7689776
857	482	-4.7705007
791	618	-4.7729588
920	84	-4.773545
900	44	-4.7738047
744	399	-4.7754183
826	419	-4.7754455
866	245	-4.777054
918	519	-4.7777133
775	549	-4.778534
855	486	-4.78072
928	139	-4.781144
823	570	-4.7813506
910	632	-4.781809
836	418	-4.782962
826	485	-4.7837667
845	493	-4.783777
873	507	-4.784787
819	486	-4.7863917
725	171	-4.786666
894	97	-4.787818
835	465	-4.788722
875	599	-4.7887897
788	163	-4.788977
745	46	-4.790231
822	237	-4.7912097
719	25	-4.791543
842	569	-4.792966
760	504	-4.7930627
910	640	-4.7932005
723	7	-4.7956524
927	133	-4.7961693
785	265	-4.796697
785	645	-4.7976565
812	298	-4.7977815
623	433	-4.798222
836	615	-4.79893
878	457	-4.7989855
906	101	-4.7990656
792	543	-4.799121
826	300	-4.799195
755	351	-4.799601
785	169	-4.800721
773	7	-4.8027854
727	205	-4.803052
846	398	-4.8050313
827	277	-4.8054667
891	512	-4.806833
662	418	-4.807896
830	27	-4.808925
704	371	-4.8106356
900	112	-4.8118577
822	385	-4.811963
774	511	-4.812045
703	536	-4.8120914
754	38	-4.8121033
736	436	-4.812678
833	624	-4.8130116
807	127	-4.8135505
904	109	-4.8144913
852	242	-4.815971
711	214	-4.816175
860	134	-4.816226
705	593	-4.8180814
885	82	-4.818231
881	638	-4.818412
881	532	-4.8190804
920	537	-4.8193684
610	651	-4.820828
906	80	-4.821351
827	4	-4.8223724
768	154	-4.8233194
888	646	-4.825743
746	571	-4.8259497
789	628	-4.8266635
818	493	-4.8279123
755	629	-4.827915
828	240	-4.8283424
765	604	-4.8285036
901	509	-4.8295155
761	25	-4.8298883
846	635	-4.8300905
769	473	-4.8311114
728	197	-4.8312793
787	193	-4.832309
883	21	-4.8329725
746	563	-4.8332195
895	300	-4.8334327
697	454	-4.8340874
711	208	-4.8348665
742	38	-4.8351107
674	626	-4.8351574
855	317	-4.8358088
795	434	-4.8359995
837	456	-4.836024
783	570	-4.8370523
875	320	-4.837517
697	459	-4.8375874
828	329	-4.838383
863	169	-4.838968
715	558	-4.8396263
823	128	-4.8416758
906	652	-4.8429723
879	249	-4.8433576
791	285	-4.8453054
747	65	-4.8481345
862	100	-4.8483357
922	74	-4.8486137
918	583	-4.8490033
840	644	-4.851309
858	52	-4.8514647
763	609	-4.852297
730	183	-4.8525
923	543	-4.8547153
850	250	-4.854841
838	397	-4.8549333
853	399	-4.8571725
856	291	-4.8572435
705	442	-4.857747
928	227	-4.8581233
689	653	-4.8585835
858	423	-4.8590884
772	484	-4.85983
828	641	-4.8611207
909	173	-4.862144
905	52	-4.8623543
794	564	-4.8647037
749	509	-4.8655357
758	518	-4.866669
829	303	-4.8668423
674	434	-4.868019
851	544	-4.869911
740	448	-4.870032
807	382	-4.8722115
900	535	-4.8722796
922	582	-4.8732185
785	637	-4.873544
829	335	-4.8744226
781	586	-4.87448
830	339	-4.8750834
698	38	-4.875946
759	7	-4.876921
879	241	-4.877444
893	145	-4.8774486
772	600	-4.8777966
740	260	-4.8778706
926	319	-4.8783135
712	471	-4.879161
697	54	-4.8798475
779	463	-4.8803334
876	63	-4.880552
820	643	-4.8807087
774	636	-4.880933
845	538	-4.881978
858	310	-4.8825855
711	583	-4.884436
875	622	-4.8847823
926	497	-4.8872166
826	454	-4.887248
866	535	-4.887762
776	120	-4.8878508
770	612	-4.888558
766	121	-4.8888803
860	162	-4.8897705
911	502	-4.8900156
871	93	-4.890762
905	481	-4.8913474
761	33	-4.891351
916	383	-4.8917737
913	49	-4.892333
840	478	-4.894114
758	354	-4.894408
747	493	-4.895504
919	470	-4.895716
909	588	-4.8962264
769	616	-4.896701
758	386	-4.896728
751	368	-4.8967843
819	226	-4.8970513
718	193	-4.897738
788	568	-4.898186
833	612	-4.8984485
796	336	-4.899613
748	19	-4.901053
914	568	-4.9037294
927	323	-4.9043527
888	611	-4.905867
861	188	-4.906139
755	646	-4.907043
813	442	-4.907052
858	302	-4.907303
889	28	-4.907434
752	566	-4.90794
725	17	-4.908641
722	167	-4.908731
899	35	-4.9090095
737	631	-4.9093313
818	300	-4.910222
870	294	-4.911009
841	553	-4.911354
859	64	-4.911803
927	552	-4.9127684
825	339	-4.9128776
760	381	-4.912936
868	607	-4.9139714
838	527	-4.9144564
774	329	-4.91602
878	577	-4.916713
828	245	-4.916872
783	242	-4.917155
887	172	-4.9172597
844	527	-4.9183555
895	525	-4.9184403
794	254	-4.9196844
926	155	-4.919885
860	328	-4.921487
746	395	-4.921845
914	609	-4.9219265
901	489	-4.922779
840	461	-4.9228835
926	414	-4.9230685
784	520	-4.9247594
795	622	-4.925355
738	22	-4.9256124
774	641	-4.9267125
833	520	-4.9271045
889	505	-4.927309
847	373	-4.9274697
865	649	-4.928639
862	108	-4.928843
922	474	-4.9308805
692	402	-4.932584
792	550	-4.933063
914	547	-4.9337
795	630	-4.9353642
793	538	-4.9366136
762	4	-4.937142
820	536	-4.93799
828	415	-4.9380856
776	222	-4.9382915
908	620	-4.93836
700	0	-4.939034
737	492	-4.9403586
749	81	-4.9410524
825	318	-4.9413314
731	408	-4.9416556
802	326	-4.9418845
828	250	-4.942022
893	488	-4.9427686
764	22	-4.943343
813	553	-4.9444923
755	4	-4.944593
879	626	-4.946211
874	331	-4.9468436
833	329	-4.9471407
922	270	-4.947236
821	463	-4.947375
832	474	-4.9492745
690	12	-4.9497294
905	598	-4.951137
872	645	-4.95278
744	546	-4.954077
854	456	-4.955574
689	622	-4.9566674
928	279	-4.957992
545	650	-4.958189
812	582	-4.95879
791	422	-4.958855
666	427	-4.959858
796	484	-4.9599457
804	622	-4.9599643
860	154	-4.9601064
819	216	-4.9604263
882	291	-4.960785
810	359	-4.961355
908	464	-4.962627
821	443	-4.963553
744	559	-4.9636965
770	651	-4.9644294
733	394	-4.964925
929	481	-4.9650154
927	338	-4.965999
767	521	-4.966723
866	619	-4.9670076
832	77	-4.9680705
800	620	-4.969929
900	554	-4.97027
830	552	-4.9709806
859	254	-4.9720325
864	504	-4.972154
840	603	-4.97236
646	435	-4.972841
876	585	-4.974613
639	433	-4.974688
760	224	-4.974733
928	56	-4.9775877
840	608	-4.9776525
913	472	-4.9785657
922	237	-4.98037
842	634	-4.9822154
845	513	-4.983274
850	535	-4.98362
757	499	-4.985053
732	448	-4.9850926
922	552	-4.985881
870	231	-4.986954
770	400	-4.9880104
887	213	-4.9880924
870	29	-4.9882436
857	428	-4.9889607
908	491	-4.98925
699	61	-4.9902644
731	617	-4.99227
911	367	-4.993454
697	614	-4.9943886
906	562	-4.994548
736	610	-4.995955
643	399	-4.99696
780	347	-4.9988084
906	401	-4.9992957
733	439	-5.0006847
846	336	-5.000753
860	314	-5.00148
716	463	-5.001902
769	442	-5.0039434
888	205	-5.0060983
737	465	-5.00771
910	394	-5.0086765
879	257	-5.008682
720	635	-5.0100923
889	607	-5.010099
719	136	-5.0106177
836	460	-5.0106735
757	595	-5.0124173
903	83	-5.012601
714	475	-5.013174
876	175	-5.014654
841	471	-5.0169024
747	34	-5.0189037
786	575	-5.0192275
766	105	-5.019749
861	173	-5.0200496
926	426	-5.0208597
780	513	-5.022758
819	265	-5.0229144
828	520	-5.0234246
763	8	-5.024525
875	277	-5.025032
844	615	-5.0265512
846	279	-5.0274262
850	633	-5.028532
881	234	-5.030699
724	185	-5.032332
696	50	-5.032873
889	568	-5.034184
918	551	-5.0346293
813	566	-5.0353446
747	651	-5.036078
771	499	-5.037478
713	186	-5.0435767
818	649	-5.043635
855	545	-5.0441604
717	536	-5.0442767
880	523	-5.0443077
814	4	-5.045049
713	119	-5.045918
883	540	-5.046501
800	4	-5.0470963
891	638	-5.047555
708	100	-5.047961
893	633	-5.049351
773	488	-5.0496163
760	582	-5.050112
674	620	-5.051468
877	90	-5.0523973
841	573	-5.053176
731	459	-5.053669
735	248	-5.0582614
825	137	-5.0586796
727	190	-5.0597816
868	193	-5.060126
907	105	-5.0608883
861	483	-5.061875
823	3	-5.062244
785	138	-5.062394
741	412	-5.0628123
867	236	-5.065337
825	589	-5.065556
655	432	-5.065572
900	88	-5.066272
736	233	-5.0663366
827	449	-5.0666227
840	389	-5.0680647
694	414	-5.0687923
909	616	-5.0688324
893	530	-5.0708284
866	224	-5.070841
909	487	-5.07139
907	405	-5.072779
850	21	-5.07446
885	528	-5.0769815
807	376	-5.077504
832	70	-5.0777426
820	220	-5.0784082
867	21	-5.0795016
853	603	-5.0799727
776	459	-5.082186
664	637	-5.084081
784	164	-5.0844593
881	283	-5.084797
803	366	-5.0863495
687	450	-5.0872307
847	555	-5.088327
692	448	-5.0883465
877	75	-5.088647
807	4	-5.0892453
826	172	-5.089348
823	489	-5.0912714
792	164	-5.091608
890	519	-5.0916133
821	471	-5.093143
832	21	-5.0935144
907	584	-5.093551
827	646	-5.0939984
863	46	-5.0955606
834	119	-5.0973544
848	480	-5.097543
794	145	-5.0979013
767	645	-5.0981197
807	355	-5.1001916
886	183	-5.100272
746	539	-5.1004043
921	586	-5.10072
834	649	-5.100827
671	614	-5.1012106
845	611	-5.1014147
743	453	-5.1031637
748	70	-5.1039658
871	602	-5.10413
741	568	-5.104344
908	224	-5.10492
752	8	-5.1052384
750	541	-5.105777
776	466	-5.106529
723	366	-5.1067414
920	491	-5.1069736
635	434	-5.1070743
895	607	-5.107307
907	635	-5.1082835
743	585	-5.108534
664	625	-5.1088014
873	520	-5.111975
726	222	-5.113768
886	518	-5.114211
704	379	-5.1153975
819	321	-5.115583
822	636	-5.115721
775	186	-5.116281
833	159	-5.117858
778	539	-5.1184964
874	185	-5.1194305
778	534	-5.1196613
916	624	-5.1203947
873	214	-5.1222763
689	8	-5.122617
742	572	-5.123979
695	653	-5.123994
889	335	-5.1246796
731	188	-5.1250625
778	640	-5.1251473
789	563	-5.125776
930	247	-5.1257935
819	477	-5.1262617
832	4	-5.1262693
842	564	-5.127819
743	507	-5.128754
920	499	-5.1293764
830	148	-5.1312723
762	523	-5.132001
742	403	-5.133665
914	53	-5.1349773
818	186	-5.1353393
848	526	-5.1357675
916	256	-5.135891
768	562	-5.1377373
735	240	-5.140566
737	419	-5.1408143
800	487	-5.141008
871	618	-5.141019
916	486	-5.1428556
798	595	-5.143061
865	513	-5.143828
711	439	-5.1438317
780	339	-5.144278
770	4	-5.14452
652	386	-5.1454206
732	464	-5.1460223
861	196	-5.147875
812	285	-5.1482506
795	277	-5.1489096
829	354	-5.1490006
829	529	-5.149503
783	378	-5.1500573
819	273	-5.150233
752	43	-5.1510363
898	550	-5.151209
915	540	-5.151328
706	367	-5.1517177
927	74	-5.151891
913	489	-5.1544495
915	640	-5.1545067
736	519	-5.154843
880	483	-5.1562934
730	489	-5.156421
730	404	-5.156555
836	578	-5.157249
824	392	-5.1573405
856	649	-5.1579347
883	266	-5.158444
734	504	-5.1586614
874	28	-5.1589584
717	158	-5.15922
839	448	-5.1595745
703	548	-5.159887
694	18	-5.1599727
853	527	-5.161934
851	269	-5.162215
797	476	-5.1624155
753	602	-5.162704
819	337	-5.1629786
820	402	-5.1629844
869	50	-5.163258
806	170	-5.16474
712	554	-5.165281
763	108	-5.1673446
850	290	-5.1679006
878	262	-5.168275
829	127	-5.168377
746	576	-5.168946
778	583	-5.1703534
668	640	-5.1703706
802	271	-5.1722507
733	431	-5.172257
860	306	-5.1735535
822	431	-5.173711
847	561	-5.1739607
888	21	-5.175956
874	205	-5.179741
843	475	-5.1813397
751	487	-5.181842
820	632	-5.1833625
851	4	-5.1840086
898	522	-5.1842628
868	320	-5.1842694
820	195	-5.1846886
808	529	-5.185453
900	322	-5.185678
850	348	-5.1875315
776	485	-5.1885576
789	489	-5.188816
859	584	-5.189087
926	163	-5.1903825
869	184	-5.191563
796	153	-5.192132
926	84	-5.192376
795	4	-5.192947
827	21	-5.1956267
882	471	-5.195848
926	448	-5.196302
881	190	-5.197033
856	515	-5.1972847
925	501	-5.1981544
730	455	-5.1983705
700	387	-5.1998878
720	401	-5.201985
884	513	-5.202522
856	4	-5.204033
885	231	-5.2048697
754	383	-5.2055044
912	628	-5.205895
833	115	-5.2070413
831	479	-5.207703
872	596	-5.2080474
802	353	-5.208527
889	78	-5.2088675
676	414	-5.2090116
779	327	-5.2097654
784	246	-5.210639
804	289	-5.21124
738	4	-5.2132773
604	651	-5.213557
831	503	-5.2149796
918	391	-5.2151985
777	644	-5.21533
768	468	-5.2155643
908	187	-5.2157793
792	633	-5.2159157
743	622	-5.2160378
714	130	-5.216064
877	83	-5.2171063
724	540	-5.2171493
862	120	-5.217166
853	310	-5.2172074
781	524	-5.2172823
891	544	-5.217398
762	400	-5.217696
781	493	-5.2180076
751	571	-5.2182293
806	469	-5.2182536
764	377	-5.2184353
904	492	-5.219643
801	635	-5.219873
874	281	-5.220528
874	195	-5.220633
832	616	-5.221892
749	89	-5.2226768
823	647	-5.223128
860	42	-5.223131
835	582	-5.2247086
683	443	-5.22515
805	348	-5.226701
882	614	-5.227985
858	440	-5.228555
888	197	-5.2287283
869	392	-5.2291145
684	402	-5.2292852
849	550	-5.22945
840	560	-5.229503
766	619	-5.2304482
860	413	-5.2305727
821	325	-5.2308364
914	561	-5.2315626
881	552	-5.232235
895	514	-5.232366
875	377	-5.235248
906	470	-5.2362356
742	377	-5.237266
911	96	-5.237541
877	67	-5.2376466
839	631	-5.237821
754	641	-5.237918
850	638	-5.238348
880	568	-5.239174
832	556	-5.239197
831	631	-5.2393637
761	97	-5.239578
906	594	-5.2403765
826	594	-5.242074
727	400	-5.2424555
830	48	-5.24283
811	591	-5.242865
906	554	-5.244325
710	3	-5.2446914
816	489	-5.2453337
859	58	-5.246961
854	231	-5.24825
837	401	-5.2482834
672	642	-5.248502
802	338	-5.2489223
792	502	-5.24951
703	401	-5.2497354
793	560	-5.2500463
910	133	-5.251612
919	88	-5.25175
767	161	-5.2519093
870	197	-5.252633
720	465	-5.253497
913	462	-5.253786
929	283	-5.2562847
701	376	-5.258399
909	389	-5.2598853
918	48	-5.259979
719	546	-5.2599816
836	642	-5.260296
893	27	-5.260612
856	510	-5.2606597
769	429	-5.261325
926	52	-5.263695
901	637	-5.2639704
784	146	-5.264947
831	591	-5.2655253
848	294	-5.2655826
884	524	-5.2658486
860	650	-5.267093
711	364	-5.268378
867	324	-5.269413
864	401	-5.2696095
888	536	-5.2702026
721	151	-5.270537
892	535	-5.272084
766	3	-5.2722273
744	415	-5.2724667
815	576	-5.272935
878	154	-5.2736588
829	613	-5.274499
892	598	-5.274628
892	85	-5.275028
699	540	-5.275068
717	3	-5.2758164
707	653	-5.275823
718	140	-5.277037
737	255	-5.277807
818	211	-5.2780676
925	493	-5.2807903
849	530	-5.281149
825	465	-5.282135
702	601	-5.2826014
781	503	-5.28262
851	489	-5.282867
764	613	-5.2839456
737	460	-5.284497
801	651	-5.284902
735	7	-5.285347
762	576	-5.287482
893	21	-5.2880797
705	91	-5.28887
923	647	-5.288997
791	428	-5.290013
902	103	-5.2906113
913	373	-5.29106
569	651	-5.2913337
833	470	-5.29134
904	624	-5.2915063
746	3	-5.292152
908	197	-5.2921624
693	456	-5.292532
723	472	-5.293613
902	589	-5.2939606
831	52	-5.2940326
737	424	-5.2946053
920	620	-5.2947555
902	79	-5.2949624
726	627	-5.2962914
898	474	-5.296604
825	536	-5.296869
739	582	-5.298207
818	440	-5.298743
720	145	-5.298973
907	208	-5.3006372
910	553	-5.3006577
557	651	-5.3007126
825	363	-5.3056765
862	282	-5.30581
800	625	-5.306655
907	31	-5.3077817
915	613	-5.3081584
750	562	-5.308462
639	408	-5.3087687
914	580	-5.309477
911	399	-5.3097887
874	536	-5.3122115
861	138	-5.312642
767	389	-5.3135614
656	643	-5.3136144
804	296	-5.314418
797	545	-5.3144746
838	635	-5.314743
930	252	-5.315256
835	391	-5.3159156
894	476	-5.316929
875	638	-5.317083
855	592	-5.31822
859	487	-5.319266
893	321	-5.3201027
774	596	-5.3201537
915	456	-5.3204594
719	8	-5.323099
715	135	-5.3234715
750	343	-5.3235707
894	484	-5.324244
756	560	-5.3254733
840	639	-5.32626
790	289	-5.3271956
901	471	-5.327428
738	395	-5.328201
909	216	-5.3296824
721	438	-5.330023
777	136	-5.3316355
852	553	-5.3321896
802	285	-5.3330503
926	513	-5.3331113
771	604	-5.3343225
758	495	-5.334947
794	139	-5.335047
699	450	-5.33636
778	651	-5.337076
634	651	-5.3376036
683	438	-5.3381495
745	306	-5.3384857
905	525	-5.3384943
860	5	-5.339058
806	461	-5.3391232
765	407	-5.3396277
872	511	-5.340346
753	363	-5.3412766
755	637	-5.341651
876	540	-5.3422127
698	65	-5.3427367
742	578	-5.343602
924	598	-5.3439755
848	629	-5.3452845
825	289	-5.345378
700	466	-5.345425
870	179	-5.3454604
913	586	-5.347944
927	287	-5.347992
690	417	-5.3480897
751	492	-5.34959
822	301	-5.350697
874	316	-5.3507414
828	622	-5.3511434
917	574	-5.3512406
803	591	-5.351566
795	161	-5.3519745
664	643	-5.352369
887	542	-5.3524513
734	443	-5.353331
667	602	-5.354132
866	574	-5.354232
766	543	-5.3548903
820	573	-5.3579545
885	643	-5.3600664
865	5	-5.361801
781	580	-5.3618183
798	480	-5.362291
926	540	-5.363115
774	650	-5.3640637
877	453	-5.364782
694	0	-5.365178
770	31	-5.3671083
823	565	-5.367447
916	508	-5.367602
718	21	-5.369082
870	89	-5.369906
926	314	-5.370333
898	588	-5.3704405
882	184	-5.3705873
668	436	-5.3707795
745	329	-5.3716183
888	179	-5.371905
697	401	-5.3738756
676	638	-5.374338
816	407	-5.3752575
926	31	-5.3778253
793	306	-5.377877
825	333	-5.3784046
870	470	-5.379434
804	371	-5.3805127
797	599	-5.3816023
814	651	-5.3840866
713	125	-5.3848042
780	518	-5.385319
862	125	-5.3855066
656	631	-5.385741
740	625	-5.387505
861	499	-5.387862
713	8	-5.3879676
910	469	-5.3885336
792	265	-5.3887506
631	411	-5.3890176
916	492	-5.3912473
814	562	-5.393481
827	559	-5.3951163
731	524	-5.396733
845	344	-5.398022
853	507	-5.4000607
862	29	-5.4005675
716	644	-5.4016366
856	237	-5.402143
845	4	-5.402184
660	639	-5.4026594
843	619	-5.402918
835	414	-5.403923
778	509	-5.404008
843	423	-5.4056907
672	653	-5.4069796
785	174	-5.41038
871	533	-5.411165
780	228	-5.411948
863	240	-5.412298
768	437	-5.4132395
915	403	-5.4135394
764	566	-5.414549
807	364	-5.4151487
842	541	-5.415304
853	481	-5.415408
923	57	-5.415703
902	4	-5.415868
872	584	-5.415987
841	515	-5.4178314
874	459	-5.418136
698	408	-5.418772
921	640	-5.4194927
764	36	-5.419632
805	484	-5.4198184
862	544	-5.4200034
825	232	-5.4201117
732	12	-5.4201474
668	588	-5.4203854
780	488	-5.4208
871	100	-5.422668
724	11	-5.4247904
835	619	-5.4259877
876	71	-5.426123
900	629	-5.426572
877	573	-5.426925
835	607	-5.4274178
752	536	-5.427708
926	559	-5.4290986
876	273	-5.4299994
918	260	-5.4301314
835	564	-5.4302716
672	397	-5.432867
913	361	-5.4329777
876	79	-5.433112
741	33	-5.4335437
911	624	-5.4338408
693	616	-5.4339623
855	21	-5.43436
785	159	-5.436032
827	458	-5.438171
833	587	-5.438406
864	50	-5.4385724
835	449	-5.4399548
683	448	-5.443925
852	558	-5.4451776
831	606	-5.44549
910	483	-5.445868
667	612	-5.4475527
861	478	-5.4485326
843	385	-5.44932
909	375	-5.4505215
901	483	-5.45128
684	8	-5.4533753
748	534	-5.453483
854	596	-5.453988
911	83	-5.454912
830	425	-5.4590764
911	497	-5.460915
931	60	-5.461632
798	648	-5.4626784
868	580	-5.4630194
927	409	-5.4634194
693	45	-5.46348
833	595	-5.4640107
875	473	-5.4641066
853	25	-5.465447
854	258	-5.4658265
897	635	-5.466914
845	305	-5.467478
742	23	-5.469227
774	3	-5.47295
861	146	-5.4732914
755	569	-5.4738107
668	632	-5.474716
792	410	-5.474872
892	149	-5.4748855
873	5	-5.475325
877	519	-5.4755855
901	597	-5.476371
810	187	-5.476553
820	587	-5.477959
872	578	-5.478167
866	232	-5.47833
840	453	-5.4789596
863	157	-5.479321
780	331	-5.4794655
840	381	-5.4795957
782	499	-5.4800687
767	608	-5.4812202
787	188	-5.4813933
733	236	-5.4834504
571	25	-5.484822
831	447	-5.484895
777	505	-5.484972
802	358	-5.485351
910	122	-5.4854603
922	604	-5.4861393
771	532	-5.48676
746	647	-5.4868536
878	630	-5.4868865
831	466	-5.4873357
765	381	-5.487472
765	547	-5.4888844
808	640	-5.4901123
885	546	-5.4915
836	5	-5.491632
671	391	-5.491915
855	586	-5.4922543
776	516	-5.4945035
664	387	-5.4956245
718	447	-5.4973283
740	479	-5.4973392
845	623	-5.497383
772	413	-5.498325
866	187	-5.5000153
742	419	-5.502511
826	509	-5.5025434
813	281	-5.502785
829	548	-5.503707
770	406	-5.504397
862	235	-5.5051455
772	181	-5.505736
797	271	-5.507538
626	413	-5.5075693
716	651	-5.509328
842	227	-5.511037
903	359	-5.5114727
884	505	-5.514612
665	415	-5.5155916
812	427	-5.5159273
928	120	-5.5164304
740	435	-5.517437
880	253	-5.5188055
806	123	-5.5188737
748	11	-5.5196266
918	560	-5.5199585
844	604	-5.5224104
792	625	-5.5236998
922	576	-5.5241446
730	1	-5.524534
833	342	-5.5263896
804	491	-5.527784
889	531	-5.530212
745	500	-5.531175
877	508	-5.531239
660	652	-5.5314674
882	509	-5.5322585
767	457	-5.5324893
777	491	-5.5328064
836	573	-5.532897
737	471	-5.5335536
748	336	-5.5340533
795	329	-5.534887
901	365	-5.536017
869	4	-5.536408
893	495	-5.536662
800	608	-5.5370464
765	415	-5.537269
857	268	-5.539363
751	644	-5.539447
747	483	-5.5396376
926	431	-5.5411415
785	258	-5.54208
919	464	-5.5422173
832	417	-5.544558
806	453	-5.544569
750	577	-5.545176
870	171	-5.545387
832	402	-5.546038
725	651	-5.5462055
778	591	-5.5474286
666	621	-5.5482016
821	628	-5.54846
926	566	-5.5495553
904	311	-5.55073
830	350	-5.5507617
836	387	-5.5513315
866	27	-5.551632
781	646	-5.551904
877	465	-5.552095
866	519	-5.5527005
852	295	-5.5532484
914	262	-5.554024
753	18	-5.5549917
770	22	-5.5558257
856	448	-5.556139
811	289	-5.5593305
917	460	-5.559539
871	311	-5.5606875
919	644	-5.563124
672	630	-5.563385
699	382	-5.563715
798	297	-5.564075
817	314	-5.564134
879	296	-5.565455
825	627	-5.5659046
929	203	-5.566301
845	351	-5.566311
853	641	-5.566681
832	643	-5.5672326
843	339	-5.5679073
776	163	-5.5683007
679	399	-5.568765
701	405	-5.5699096
745	315	-5.5711827
819	639	-5.5720572
660	627	-5.5724335
888	509	-5.572789
846	534	-5.574062
769	511	-5.5742464
779	7	-5.5753145
877	642	-5.5768366
845	313	-5.5782905
682	414	-5.578894
667	628	-5.5794716
792	556	-5.580478
892	5	-5.5813003
875	589	-5.581317
777	124	-5.58156
758	11	-5.5817904
819	132	-5.5818205
828	540	-5.582026
683	3	-5.5825667
896	557	-5.583148
837	422	-5.583165
893	567	-5.5835414
813	417	-5.584624
699	607	-5.5848246
875	98	-5.5852222
831	638	-5.586623
827	632	-5.588142
731	643	-5.5896554
923	81	-5.5896845
853	549	-5.5902085
807	133	-5.590706
725	194	-5.5908766
747	7	-5.5918875
854	635	-5.5936656
823	175	-5.5937104
772	523	-5.5944552
841	548	-5.5949836
883	475	-5.595567
786	182	-5.5957174
915	620	-5.59587
716	206	-5.5961685
717	531	-5.596507
721	188	-5.596815
700	75	-5.6007586
856	502	-5.602402
801	349	-5.6029406
814	188	-5.603431
878	146	-5.6042657
926	614	-5.6043525
851	465	-5.6046057
827	367	-5.6051826
898	492	-5.6052127
796	541	-5.6053724
875	307	-5.6081586
857	298	-5.608335
742	5	-5.608393
835	632	-5.608513
840	4	-5.6088724
900	526	-5.609366
802	452	-5.612826
884	535	-5.6137404
897	4	-5.6138244
713	525	-5.6139126
816	584	-5.614326
852	286	-5.614778
776	205	-5.6161947
883	556	-5.616994
871	85	-5.6175904
712	579	-5.6183314
841	578	-5.619156
863	406	-5.620655
739	8	-5.621153
839	498	-5.621218
660	633	-5.622004
893	550	-5.62471
833	336	-5.624817
816	192	-5.6253204
912	384	-5.6264863
766	411	-5.6276917
888	523	-5.62774
883	564	-5.627851
836	20	-5.631662
660	386	-5.6322
716	197	-5.632587
904	321	-5.6329713
716	154	-5.6374426
853	305	-5.6379285
852	314	-5.6380663
882	26	-5.6387105
744	18	-5.6388063
785	494	-5.638922
934	263	-5.641457
910	102	-5.642588
801	342	-5.643272
742	292	-5.6437206
684	654	-5.644088
863	622	-5.6444726
867	92	-5.644513
909	37	-5.645097
886	457	-5.646892
814	413	-5.6521
843	317	-5.6524277
901	465	-5.6537538
919	555	-5.653809
855	227	-5.6543255
900	313	-5.6546636
837	557	-5.654767
798	332	-5.655417
826	371	-5.6557555
845	367	-5.656879
920	54	-5.656904
769	136	-5.657106
869	506	-5.6571274
851	645	-5.657263
922	242	-5.657292
821	582	-5.6577454
792	418	-5.659735
873	326	-5.66259
915	283	-5.662739
929	239	-5.6628885
687	4	-5.6647153
719	455	-5.6666803
853	253	-5.6667385
680	628	-5.6668215
928	588	-5.6684527
866	218	-5.6685247
809	645	-5.6696053
615	651	-5.670077
901	375	-5.670515
822	423	-5.671779
850	566	-5.6721954
712	218	-5.6744695
798	463	-5.674799
887	551	-5.674888
873	634	-5.674917
789	137	-5.675219
845	332	-5.67567
891	189	-5.6759567
762	553	-5.6762924
858	207	-5.6768546
720	155	-5.6776905
742	431	-5.6791267
789	513	-5.679716
703	206	-5.6798005
721	18	-5.6798825
857	601	-5.679928
744	496	-5.6804147
699	397	-5.6823926
867	584	-5.6831684
780	162	-5.6833005
754	355	-5.6834407
878	112	-5.6837273
767	477	-5.684732
862	21	-5.684885
902	253	-5.6860304
918	578	-5.6871033
790	255	-5.6877136
822	7	-5.6879683
922	278	-5.68847
878	120	-5.68934
896	510	-5.690139
782	507	-5.69024
867	332	-5.6902742
837	586	-5.6908193
727	486	-5.6911
757	587	-5.691287
852	300	-5.6932745
797	324	-5.693491
895	593	-5.6938877
670	608	-5.6951475
914	554	-5.696113
827	145	-5.6962776
667	592	-5.696805
878	5	-5.697733
818	310	-5.6986656
867	539	-5.6989765
837	594	-5.699583
912	493	-5.70019
691	444	-5.7009244
818	447	-5.702696
835	569	-5.7027726
756	565	-5.705855
791	159	-5.707884
864	273	-5.7087193
725	0	-5.7088475
746	611	-5.709195
908	382	-5.7103214
893	480	-5.710604
789	167	-5.7106547
774	133	-5.7110863
893	80	-5.711829
829	598	-5.7129846
862	223	-5.714293
903	551	-5.714714
925	571	-5.714837
806	182	-5.7150893
762	385	-5.715125
909	359	-5.7153597
844	362	-5.715509
736	615	-5.715835
738	389	-5.7164392
870	189	-5.717241
858	27	-5.7173004
866	180	-5.7176185
732	520	-5.7177444
673	430	-5.718775
769	124	-5.7189245
715	210	-5.7210298
714	178	-5.722744
679	434	-5.722752
656	637	-5.7246323
815	570	-5.7254496
706	471	-5.725884
873	574	-5.725934
759	477	-5.7262683
713	191	-5.7276244
737	18	-5.7283783
833	457	-5.7290826
754	12	-5.730396
769	506	-5.7315063
841	431	-5.733108
818	288	-5.7331347
678	438	-5.735672
905	409	-5.7357154
799	629	-5.7361526
739	444	-5.738131
708	532	-5.738539
818	230	-5.739887
876	646	-5.7399554
873	463	-5.7400575
831	429	-5.740456
903	633	-5.741394
899	518	-5.742074
900	559	-5.742192
758	439	-5.744164
791	3	-5.745317
783	194	-5.746875
805	652	-5.7520003
865	481	-5.753757
915	85	-5.758277
857	436	-5.759167
849	625	-5.7602315
707	438	-5.7603254
933	276	-5.7607613
835	502	-5.7613473
738	268	-5.761409
816	544	-5.7620378
696	463	-5.763649
908	110	-5.7642245
683	624	-5.764658
709	187	-5.765023
831	515	-5.765835
813	436	-5.7659464
914	31	-5.7659655
804	281	-5.766584
729	624	-5.76702
907	550	-5.7676578
776	212	-5.769254
804	610	-5.771508
884	480	-5.7715964
910	4	-5.771622
707	587	-5.772828
715	435	-5.7730017
548	647	-5.773123
906	5	-5.7741838
750	605	-5.77425
845	469	-5.7749176
825	307	-5.7753468
832	346	-5.7769933
815	128	-5.777088
907	192	-5.777384
734	390	-5.777984
834	529	-5.779388
899	84	-5.7799487
821	21	-5.78057
793	169	-5.781139
784	238	-5.7812634
828	391	-5.7821937
926	602	-5.7830534
759	113	-5.7841473
899	513	-5.7841797
689	399	-5.7857404
899	566	-5.787572
818	305	-5.788036
893	603	-5.7885065
760	390	-5.788602
880	645	-5.7888784
742	590	-5.78954
864	578	-5.7896056
715	174	-5.7900925
748	49	-5.7904434
754	388	-5.7907004
802	616	-5.79216
705	0	-5.793644
876	480	-5.79379
882	458	-5.7946663
739	606	-5.795501
806	176	-5.7956624
868	556	-5.796006
930	69	-5.796484
848	518	-5.796536
854	249	-5.7965937
891	449	-5.797472
790	493	-5.797808
913	452	-5.798281
803	275	-5.7983055
642	436	-5.8001914
672	636	-5.8004174
823	241	-5.8005176
853	610	-5.8013644
876	301	-5.8014016
919	568	-5.801412
738	376	-5.802108
720	442	-5.8062763
714	562	-5.806409
775	500	-5.8066926
717	468	-5.807113
742	394	-5.807386
739	273	-5.809143
899	100	-5.8100414
777	158	-5.811261
778	140	-5.812758
863	488	-5.813864
913	379	-5.8142695
766	403	-5.8144374
691	421	-5.814494
877	164	-5.81501
875	503	-5.815192
720	13	-5.8158445
705	407	-5.816093
825	470	-5.816419
726	201	-5.8166246
766	97	-5.817101
644	650	-5.818551
752	598	-5.818717
854	619	-5.819007
871	640	-5.819858
635	409	-5.8203063
888	7	-5.8205223
687	618	-5.822225
907	365	-5.8222632
867	603	-5.8223553
809	293	-5.8240685
868	54	-5.825981
838	323	-5.8270617
792	486	-5.8277183
666	606	-5.8298326
872	160	-5.830321
746	581	-5.8360734
842	510	-5.836111
800	292	-5.836204
921	266	-5.836239
824	328	-5.8376718
817	635	-5.8377023
691	33	-5.83774
889	453	-5.837942
846	328	-5.8392825
768	117	-5.8417435
823	314	-5.8421755
765	132	-5.8422832
889	209	-5.842691
918	251	-5.8440704
805	473	-5.8452845
882	464	-5.8470564
687	442	-5.847518
881	544	-5.847553
869	201	-5.8488865
929	390	-5.849047
771	417	-5.850095
902	96	-5.8505216
776	115	-5.850978
870	304	-5.851959
817	540	-5.8526134
769	423	-5.852784
867	644	-5.8529043
821	481	-5.854031
928	519	-5.8553925
742	408	-5.8560567
747	477	-5.8565083
694	611	-5.859055
829	406	-5.859446
845	572	-5.8595366
741	512	-5.859613
813	423	-5.8599315
812	641	-5.8599453
769	481	-5.860187
814	294	-5.8611274
905	373	-5.8615932
862	618	-5.8620777
925	21	-5.8626027
742	596	-5.8630767
920	395	-5.863152
756	401	-5.863717
874	570	-5.863899
793	258	-5.8639607
737	264	-5.8643656
856	554	-5.8645563
805	193	-5.8645897
878	280	-5.86476
831	421	-5.865866
817	596	-5.8683805
716	11	-5.869192
913	136	-5.8705792
919	281	-5.873236
927	437	-5.8739047
798	614	-5.874296
900	601	-5.874336
922	561	-5.8746204
734	653	-5.8748245
784	178	-5.8752213
872	81	-5.8754973
816	592	-5.876242
762	394	-5.876263
839	503	-5.87646
713	405	-5.876649
793	414	-5.876772
805	626	-5.877992
884	5	-5.879787
748	401	-5.8802557
679	442	-5.881456
754	99	-5.881537
824	623	-5.8817844
858	275	-5.8838687
831	102	-5.885233
822	245	-5.885334
870	517	-5.8858747
797	281	-5.8897686
887	557	-5.890519
758	572	-5.8912673
830	56	-5.891476
875	171	-5.892505
853	460	-5.8927054
899	379	-5.892712
805	165	-5.893218
898	277	-5.895669
725	227	-5.896233
889	340	-5.8962426
927	88	-5.8965297
542	647	-5.897157
844	498	-5.8986883
915	4	-5.8987403
847	476	-5.901009
857	220	-5.9010453
708	549	-5.9032164
780	3	-5.903903
838	436	-5.904309
743	614	-5.905694
831	61	-5.907002
886	192	-5.908786
915	365	-5.909478
907	415	-5.9109583
798	456	-5.911412
749	59	-5.911938
781	137	-5.911964
764	511	-5.912471
834	435	-5.912843
614	419	-5.913485
806	636	-5.914932
927	48	-5.9158244
820	624	-5.9158945
784	7	-5.916243
897	289	-5.9162908
761	500	-5.916426
854	627	-5.916833
800	248	-5.9183846
760	654	-5.918828
927	509	-5.92039
929	526	-5.920803
912	42	-5.9216766
896	597	-5.9231424
804	7	-5.923204
895	471	-5.923928
699	546	-5.924026
847	601	-5.926478
784	515	-5.926513
866	467	-5.931573
621	414	-5.932077
826	515	-5.933504
801	604	-5.9337835
848	597	-5.934002
877	102	-5.9341936
734	416	-5.934762
933	259	-5.9349055
930	79	-5.9353576
798	472	-5.9360547
754	451	-5.9368114
912	176	-5.9371223
925	274	-5.9382057
879	124	-5.938373
874	468	-5.9387217
820	333	-5.9395967
929	475	-5.9408655
817	580	-5.941731
688	0	-5.9439054
918	269	-5.944125
732	621	-5.944726
780	145	-5.9448714
864	165	-5.947846
692	38	-5.9485526
826	411	-5.94968
720	228	-5.9499955
871	175	-5.9503245
744	311	-5.95066
830	153	-5.9511876
756	42	-5.9516635
756	591	-5.952597
771	646	-5.9533973
849	511	-5.9550304
914	521	-5.9555593
890	185	-5.9556994
749	15	-5.955742
872	444	-5.9558926
860	200	-5.9564505
807	593	-5.956768
787	250	-5.960372
804	642	-5.9606657
765	125	-5.960848
893	439	-5.9608793
863	104	-5.961629
929	187	-5.9631844
895	435	-5.9641185
923	87	-5.9642673
730	412	-5.9669347
709	193	-5.967895
878	268	-5.968076
905	511	-5.969911
870	211	-5.9704456
748	497	-5.9704633
802	125	-5.970523
868	568	-5.970625
823	141	-5.971105
908	521	-5.9725294
770	10	-5.9742794
532	652	-5.9752264
742	11	-5.976202
713	566	-5.976435
854	564	-5.97681
810	7	-5.976855
858	548	-5.9774804
864	609	-5.9776435
779	169	-5.977881
662	620	-5.9788227
866	172	-5.979105
869	622	-5.979256
696	58	-5.98095
930	85	-5.9812684
880	275	-5.981763
835	408	-5.982023
688	23	-5.982239
820	203	-5.9829783
663	436	-5.984726
906	386	-5.986527
908	314	-5.988819
920	386	-5.989109
838	375	-5.990092
777	496	-5.992159
927	535	-5.9938335
779	189	-5.994368
836	590	-5.995828
771	169	-5.9971366
827	474	-5.9980693
