x_coord	y_coord	score
756	624	0.3593897
758	620	0.3250191
760	616	0.30717322
764	610	0.21903595
755	628	0.19976154
766	606	-0.0410088
768	602	-0.06184411
752	632	-0.102941185
782	572	-0.13056102
784	568	-0.16614705
540	379	-0.18462153
764	615	-0.19922966
760	611	-0.21611728
801	537	-0.22778432
74	493	-0.28062296
751	639	-0.28443784
770	598	-0.31335664
240	638	-0.34706438
541	375	-0.35210332
78	495	-0.35339212
780	576	-0.36979017
88	504	-0.37937796
540	384	-0.3853078
748	642	-0.38562235
759	627	-0.39161643
778	582	-0.41159344
774	586	-0.42818806
802	533	-0.4429578
538	468	-0.44453782
536	482	-0.45118114
82	500	-0.46494496
236	637	-0.4681574
466	469	-0.47044104
244	641	-0.4792232
752	625	-0.480814
761	623	-0.488579
540	464	-0.48969984
466	474	-0.48974153
464	490	-0.515452
798	541	-0.52083826
540	371	-0.5221024
763	619	-0.5223422
457	621	-0.5243741
772	590	-0.5318856
785	563	-0.53574574
535	489	-0.5413293
541	364	-0.554912
756	633	-0.5635291
456	625	-0.5660281
537	476	-0.5786668
749	635	-0.58452845
761	607	-0.5927594
256	651	-0.5937239
539	460	-0.6080784
539	472	-0.6181555
465	465	-0.62757885
252	648	-0.63410115
92	506	-0.6360645
462	485	-0.63645214
462	496	-0.6380426
466	481	-0.64280266
248	644	-0.6523938
771	594	-0.6743638
462	501	-0.68650347
461	509	-0.712577
458	617	-0.72426665
540	390	-0.7380607
462	515	-0.74236363
744	648	-0.75439435
465	520	-0.7617977
456	611	-0.76350504
535	497	-0.7643697
466	461	-0.76816726
538	456	-0.76899695
788	560	-0.77359486
454	631	-0.77520263
805	530	-0.7779663
87	500	-0.78392315
537	451	-0.81492734
239	642	-0.8158153
71	490	-0.82060784
466	486	-0.8322817
462	480	-0.83269095
465	457	-0.84234715
466	495	-0.84887004
763	603	-0.8524293
537	446	-0.8559261
67	484	-0.85752976
540	396	-0.86005807
454	639	-0.86151636
179	585	-0.8843835
540	360	-0.89152807
741	651	-0.8971038
77	499	-0.89925015
748	647	-0.90398073
457	607	-0.90521884
782	580	-0.91038305
115	651	-0.9187156
461	519	-0.9240799
260	652	-0.93026435
753	621	-0.9315983
463	505	-0.93645
536	463	-0.93767715
538	486	-0.9393709
465	512	-0.945876
781	565	-0.9551941
176	582	-0.95709145
805	536	-0.98193717
536	493	-0.9863019
234	633	-0.99538755
779	586	-1.0042346
466	453	-1.0336107
239	634	-1.0386857
755	637	-1.0417941
117	529	-1.0452961
773	582	-1.047823
540	402	-1.0499257
776	578	-1.0526277
465	525	-1.05351
543	368	-1.0546758
768	611	-1.056301
752	643	-1.0578492
533	485	-1.0584937
462	473	-1.065353
786	573	-1.068027
452	627	-1.070862
459	579	-1.0738975
801	529	-1.0746806
243	645	-1.075008
803	541	-1.0759228
136	545	-1.0805877
94	510	-1.0813044
64	480	-1.0856661
535	471	-1.0888556
462	468	-1.0952414
535	503	-1.1013976
172	580	-1.1045592
460	610	-1.110924
120	533	-1.116155
248	649	-1.1193886
755	617	-1.1238664
458	629	-1.1263194
540	479	-1.1308665
456	635	-1.1394062
805	525	-1.1399672
526	634	-1.1411779
460	492	-1.1424825
771	605	-1.1442314
460	575	-1.1452425
525	630	-1.146975
540	408	-1.1504369
797	536	-1.1556073
461	546	-1.1558933
83	496	-1.1588143
466	516	-1.1623579
775	593	-1.1681118
182	588	-1.172268
538	367	-1.1733665
788	567	-1.1769203
797	545	-1.1772081
466	500	-1.177299
455	643	-1.1993726
746	638	-1.200175
779	569	-1.2005796
113	524	-1.2077656
773	601	-1.208422
101	514	-1.2157018
72	486	-1.2199682
454	615	-1.2211291
70	494	-1.2259266
205	607	-1.2366887
745	652	-1.2460976
170	576	-1.2554836
453	622	-1.2586006
143	551	-1.259006
111	650	-1.2594113
456	603	-1.2718954
459	550	-1.2781034
537	440	-1.2861491
75	489	-1.2923063
222	623	-1.2941456
526	626	-1.2951055
462	542	-1.2966888
458	599	-1.2973399
461	529	-1.3056318
458	503	-1.3076187
461	524	-1.3110322
98	511	-1.3138665
543	387	-1.3189659
228	627	-1.3315582
533	479	-1.3332663
459	564	-1.3425533
221	651	-1.3535465
526	650	-1.3562871
462	605	-1.3616763
749	629	-1.3647819
124	534	-1.3656653
465	449	-1.3657876
774	597	-1.3669028
232	638	-1.37154
459	587	-1.372985
777	573	-1.3760718
458	556	-1.3771522
778	590	-1.3863713
105	517	-1.3893476
218	619	-1.3926361
534	559	-1.3927903
73	497	-1.4011862
454	647	-1.4013054
252	643	-1.4040515
83	504	-1.4042298
235	641	-1.4066378
130	541	-1.4150451
109	521	-1.4174596
60	479	-1.426597
460	437	-1.429043
466	508	-1.429393
146	554	-1.4334407
458	483	-1.4336733
81	652	-1.4357097
460	583	-1.4359828
532	569	-1.4380672
525	639	-1.4389753
459	595	-1.4391258
66	488	-1.447094
544	372	-1.4516016
140	547	-1.4527298
765	598	-1.4530928
771	652	-1.4539578
251	652	-1.4599899
544	378	-1.464474
119	652	-1.4659691
462	554	-1.466094
526	644	-1.4663693
457	591	-1.4672756
457	560	-1.4787747
460	538	-1.4798185
539	490	-1.4806473
465	533	-1.4807997
458	498	-1.4832535
457	544	-1.4848489
209	608	-1.4868464
461	534	-1.4877167
214	615	-1.5009109
457	507	-1.5055292
180	581	-1.5061948
541	356	-1.5171437
458	514	-1.5203214
540	426	-1.5316454
465	443	-1.532878
128	536	-1.5352277
230	631	-1.5355427
460	570	-1.540325
543	393	-1.5412241
532	563	-1.5423701
126	540	-1.5494177
539	499	-1.5502067
245	637	-1.550432
460	453	-1.5557607
458	432	-1.5577612
789	555	-1.5577774
210	612	-1.5579556
744	643	-1.5667784
554	428	-1.5698346
458	441	-1.5794246
539	430	-1.5807418
93	502	-1.5818833
540	414	-1.5823715
534	510	-1.5846058
459	488	-1.5921531
558	348	-1.5939841
464	550	-1.606388
537	374	-1.6226654
785	577	-1.6260103
468	491	-1.6268885
112	528	-1.6422716
798	532	-1.6454333
537	387	-1.6477245
794	539	-1.6486976
800	525	-1.6555465
462	600	-1.6564821
454	595	-1.6571673
784	559	-1.6577394
451	644	-1.660636
756	613	-1.6693734
76	521	-1.6709092
458	449	-1.6723987
68	513	-1.6834538
460	624	-1.6839136
462	615	-1.685634
452	651	-1.6865438
466	529	-1.6873648
543	405	-1.6890569
553	346	-1.6930346
542	469	-1.6975596
463	578	-1.6977352
79	491	-1.6984025
135	541	-1.699712
537	434	-1.700668
465	545	-1.7069606
543	399	-1.7081228
458	469	-1.7132201
451	634	-1.7148764
175	586	-1.716469
456	584	-1.7232865
535	459	-1.7252274
553	424	-1.7267586
542	475	-1.7267882
452	610	-1.7272347
465	438	-1.7350004
812	653	-1.736611
544	383	-1.737565
457	518	-1.7386577
543	461	-1.7422322
249	640	-1.7498399
760	631	-1.7548199
532	575	-1.7568679
801	521	-1.7572286
464	429	-1.7625052
464	537	-1.7640889
150	557	-1.7666585
450	638	-1.770544
459	457	-1.773725
458	477	-1.7764148
456	576	-1.7812496
808	533	-1.7822763
168	572	-1.7860184
530	594	-1.7927699
59	475	-1.7947278
802	517	-1.795014
809	529	-1.8006628
460	425	-1.8086079
462	560	-1.8091664
453	599	-1.8102958
183	584	-1.8121291
462	591	-1.8121709
765	652	-1.8124888
553	432	-1.8130473
453	606	-1.8132417
536	382	-1.8139304
227	623	-1.8199902
89	509	-1.822253
455	580	-1.8242435
456	568	-1.8256505
795	529	-1.8259767
769	586	-1.8281674
802	545	-1.8282596
451	618	-1.8288958
257	647	-1.8292949
799	549	-1.8314464
541	483	-1.833229
526	620	-1.8337787
233	628	-1.8389816
562	354	-1.8405195
554	436	-1.8409593
264	651	-1.8429163
122	529	-1.8474376
544	361	-1.8487661
455	548	-1.8515266
226	652	-1.8561382
449	630	-1.858607
449	624	-1.8587115
459	638	-1.8617376
63	476	-1.8636723
534	467	-1.8652514
461	445	-1.8680706
804	511	-1.8857027
79	503	-1.8926995
463	566	-1.8994591
134	549	-1.9021167
557	344	-1.904305
458	415	-1.904439
466	541	-1.9060444
121	537	-1.9087868
62	484	-1.9110429
456	540	-1.9112859
528	599	-1.9129491
465	433	-1.9166805
82	527	-1.9197543
86	652	-1.9206554
183	593	-1.9207307
464	571	-1.922638
464	423	-1.9306934
467	504	-1.9308575
114	532	-1.9320245
797	518	-1.938104
107	651	-1.9437659
749	651	-1.9444275
175	577	-1.9513409
191	593	-1.9554706
457	533	-1.9609585
102	510	-1.9613597
459	465	-1.9658221
532	475	-1.9673656
540	420	-1.978725
537	507	-1.9803821
541	449	-1.981204
69	480	-1.9828203
791	531	-1.9893124
213	619	-1.995349
537	363	-1.9953834
108	550	-1.9956443
105	522	-1.9969461
212	640	-1.9981515
457	419	-2.002119
532	583	-2.0063124
118	525	-2.0080593
178	589	-2.0101945
130	546	-2.0120554
534	553	-2.0136306
457	525	-2.015847
88	533	-2.0161881
796	523	-2.020549
464	417	-2.0253246
535	515	-2.0277286
788	534	-2.03179
147	550	-2.0375764
463	586	-2.0434825
464	609	-2.0445282
224	628	-2.0544448
461	620	-2.0561187
217	552	-2.0567324
219	643	-2.0577273
561	345	-2.0699089
794	548	-2.0819843
96	505	-2.082732
223	619	-2.0832238
783	585	-2.0832424
780	561	-2.0892005
543	411	-2.095336
195	597	-2.0955057
747	599	-2.0972755
806	521	-2.0980892
463	596	-2.098399
720	651	-2.0998986
528	604	-2.101893
550	617	-2.1026921
536	392	-2.1099234
544	465	-2.1120822
216	651	-2.1123068
186	589	-2.1128078
153	560	-2.1140332
109	516	-2.1211002
457	651	-2.121413
462	413	-2.1272876
208	638	-2.128038
542	457	-2.129294
455	572	-2.1364012
776	546	-2.1410463
469	464	-2.1420047
470	468	-2.1421287
756	641	-2.1423242
64	511	-2.1467566
551	613	-2.1506195
792	543	-2.1518862
132	537	-2.1523907
461	461	-2.1554332
448	650	-2.1668677
767	593	-2.1682792
84	531	-2.1688461
779	542	-2.1692393
218	624	-2.173605
76	652	-2.1761723
78	525	-2.177288
450	614	-2.179927
72	515	-2.1829793
206	611	-2.1848998
104	546	-2.1852524
88	496	-2.190359
184	558	-2.1912625
793	520	-2.1935132
532	492	-2.1945221
194	626	-2.1951022
532	500	-2.196049
95	514	-2.197033
222	646	-2.1991577
237	630	-2.2022786
454	588	-2.205787
792	535	-2.2062821
144	546	-2.2068303
209	616	-2.2221785
106	513	-2.222961
469	458	-2.2263107
228	635	-2.2263787
167	579	-2.2319357
767	618	-2.2321825
116	560	-2.2336974
783	534	-2.2338395
98	542	-2.2355232
540	495	-2.2456112
746	632	-2.2458158
206	603	-2.2458694
157	562	-2.246222
456	494	-2.2477765
806	515	-2.2487402
114	520	-2.2491803
454	564	-2.2516425
219	615	-2.2549427
138	551	-2.255932
462	408	-2.2619858
455	553	-2.2625222
555	440	-2.2632954
540	352	-2.2679145
540	437	-2.2709336
102	651	-2.2759871
202	604	-2.2832437
541	348	-2.2836776
537	399	-2.2871182
123	651	-2.2873726
450	602	-2.288195
171	584	-2.2891042
33	200	-2.29202
550	632	-2.2921126
549	637	-2.2930996
759	573	-2.2959096
78	620	-2.2988746
550	609	-2.3000953
509	513	-2.3015242
59	31	-2.3023071
546	402	-2.306372
60	510	-2.3135989
532	589	-2.3156953
596	579	-2.3159492
456	529	-2.3183892
173	573	-2.3195379
554	350	-2.3207805
538	511	-2.3212752
563	350	-2.323678
457	428	-2.3248599
780	547	-2.326758
794	553	-2.3307397
535	378	-2.3440373
447	620	-2.3442354
112	554	-2.3444796
193	630	-2.3470433
215	556	-2.3471425
213	551	-2.347467
705	620	-2.3495433
146	650	-2.3503668
70	615	-2.354007
752	648	-2.357113
792	526	-2.3592517
120	563	-2.3612018
551	605	-2.361306
140	542	-2.3645828
791	563	-2.3656254
816	651	-2.3663764
85	508	-2.368551
765	624	-2.3722057
554	444	-2.3867285
117	536	-2.3877661
547	406	-2.389494
780	538	-2.389716
161	566	-2.3910491
202	633	-2.392615
787	538	-2.3960278
771	548	-2.397343
180	560	-2.400033
464	582	-2.4034588
92	534	-2.4081168
792	559	-2.4084291
545	619	-2.412468
180	554	-2.4126096
470	473	-2.4146948
460	633	-2.4175818
532	600	-2.4183183
550	624	-2.4185958
197	629	-2.4265192
771	578	-2.4311547
550	652	-2.4329495
763	562	-2.442256
540	443	-2.4459095
126	530	-2.4475543
215	611	-2.4495869
165	569	-2.4535108
96	538	-2.455852
447	635	-2.4563148
56	472	-2.4595528
724	643	-2.4619403
218	647	-2.4626765
70	519	-2.4644675
799	514	-2.4644861
554	420	-2.4647768
112	559	-2.4671285
151	651	-2.4700675
94	652	-2.470852
535	428	-2.4729466
151	553	-2.4730422
699	622	-2.4751987
165	575	-2.4752805
554	387	-2.4772556
788	546	-2.4785402
790	551	-2.482428
458	409	-2.4851186
535	370	-2.4867694
449	607	-2.492554
190	627	-2.4939687
544	623	-2.494171
94	607	-2.494656
458	646	-2.4970884
91	513	-2.4974232
779	595	-2.5059912
536	424	-2.506372
206	634	-2.5075889
554	405	-2.5076144
216	638	-2.5109305
126	545	-2.512602
78	625	-2.513605
543	453	-2.5153966
470	454	-2.5183687
455	511	-2.5189912
673	409	-2.5192478
463	403	-2.5193377
108	525	-2.520683
542	433	-2.5289354
108	555	-2.5294607
34	196	-2.5298362
550	429	-2.5354195
722	647	-2.5397387
558	353	-2.545649
91	480	-2.5464375
742	639	-2.5486197
469	478	-2.549101
547	649	-2.5526562
561	358	-2.5592647
209	552	-2.5594473
107	646	-2.5599477
456	436	-2.5630603
211	635	-2.5670724
769	643	-2.5684886
594	584	-2.5688589
771	647	-2.5719166
204	639	-2.5732212
56	509	-2.5737774
73	482	-2.5770261
169	568	-2.5796657
103	550	-2.580818
508	522	-2.5829856
61	514	-2.5836418
768	555	-2.5843897
155	556	-2.5849392
530	558	-2.5851526
568	358	-2.5876932
557	425	-2.5883493
32	204	-2.5886455
187	594	-2.5891337
809	524	-2.5915194
99	546	-2.591698
188	560	-2.591794
198	634	-2.5926225
243	633	-2.5936685
187	585	-2.5939817
63	32	-2.5946012
808	651	-2.5948982
447	641	-2.5983896
454	501	-2.599299
534	537	-2.6004307
172	610	-2.6005123
469	450	-2.6084385
450	596	-2.610263
268	652	-2.6104915
142	555	-2.610518
742	655	-2.611376
176	550	-2.6180427
230	651	-2.6206515
90	651	-2.6214767
466	555	-2.6232092
545	472	-2.62428
33	192	-2.6253636
103	542	-2.6299756
534	579	-2.6347961
525	654	-2.6349773
546	615	-2.63556
763	628	-2.6357517
743	605	-2.6359618
470	484	-2.637082
552	601	-2.6372914
225	632	-2.6385558
550	641	-2.6385992
49	32	-2.640055
757	608	-2.6405282
466	412	-2.6443882
175	554	-2.6479154
775	550	-2.6481051
98	517	-2.6542063
55	32	-2.6550148
806	507	-2.6565664
531	496	-2.658753
528	610	-2.6596262
81	522	-2.6602566
557	433	-2.6639237
748	594	-2.6641507
76	516	-2.668301
766	647	-2.6701531
142	651	-2.6712315
707	624	-2.6737447
451	592	-2.6769998
522	651	-2.680094
543	631	-2.68199
74	617	-2.6825402
523	647	-2.6863065
213	607	-2.6863565
737	652	-2.6866555
87	528	-2.6878405
446	627	-2.6881263
66	517	-2.6886256
54	505	-2.688836
673	404	-2.689705
59	506	-2.690886
122	541	-2.6923833
453	558	-2.693633
462	628	-2.6952453
767	559	-2.6959755
529	629	-2.6998518
454	536	-2.7000458
50	601	-2.7015586
543	417	-2.7034523
198	601	-2.7044332
530	482	-2.7062633
690	624	-2.7103274
457	473	-2.7136056
528	590	-2.7143288
143	647	-2.7146473
809	537	-2.7168236
807	542	-2.717277
759	636	-2.7197313
711	620	-2.7202106
76	485	-2.7203228
461	420	-2.724555
40	32	-2.725076
78	473	-2.728741
92	541	-2.7310472
161	561	-2.7311192
33	208	-2.7322469
779	551	-2.7341619
190	622	-2.7367756
261	648	-2.7371898
203	629	-2.737877
555	448	-2.738233
55	476	-2.7382886
101	520	-2.7386045
177	612	-2.7387147
565	346	-2.7393026
617	637	-2.7414114
592	578	-2.7415721
509	518	-2.742841
530	488	-2.745445
787	530	-2.7478185
748	624	-2.7484794
546	607	-2.749644
532	448	-2.751216
556	340	-2.7523751
558	437	-2.7550006
551	628	-2.75616
784	543	-2.757976
231	624	-2.7596915
678	395	-2.763023
82	626	-2.763971
801	508	-2.7654269
657	409	-2.7713037
214	646	-2.7730064
63	507	-2.7827704
535	572	-2.7835195
761	599	-2.784829
760	569	-2.7855177
534	545	-2.786127
782	589	-2.7909186
130	595	-2.792597
201	608	-2.792967
33	151	-2.797945
616	641	-2.7995512
35	587	-2.800843
536	520	-2.8049855
62	472	-2.8076534
67	455	-2.8080199
68	476	-2.8090098
466	599	-2.8103287
533	533	-2.8134317
69	543	-2.8163676
548	645	-2.8166254
543	429	-2.8168213
461	652	-2.817902
228	619	-2.819587
555	373	-2.8243954
62	608	-2.8259563
682	624	-2.8272471
773	574	-2.827346
468	404	-2.8280494
63	76	-2.8289711
104	490	-2.8303578
466	593	-2.8311243
551	439	-2.8317788
536	565	-2.83224
612	648	-2.8322582
200	597	-2.8322728
103	645	-2.832784
773	638	-2.8337636
179	576	-2.8348713
80	533	-2.8350656
567	354	-2.8408904
455	489	-2.8420777
536	404	-2.8422823
66	611	-2.8427742
221	553	-2.8431735
81	476	-2.843467
546	396	-2.8452175
553	597	-2.846395
220	629	-2.850984
597	573	-2.851138
77	529	-2.8534
118	648	-2.8539848
469	511	-2.8543754
772	609	-2.859185
94	633	-2.8605642
553	416	-2.8621016
130	523	-2.8621051
163	551	-2.866718
257	655	-2.8669868
536	549	-2.8695912
196	593	-2.8711455
534	396	-2.871589
553	620	-2.872283
468	536	-2.8725233
547	451	-2.8731916
523	623	-2.8759854
109	546	-2.877918
617	617	-2.8790247
469	519	-2.882066
87	479	-2.884328
526	595	-2.885803
546	599	-2.8885593
775	541	-2.8888185
46	593	-2.8893416
31	213	-2.889848
637	621	-2.8901844
543	423	-2.8904576
467	426	-2.891851
135	600	-2.8922112
139	642	-2.8923116
469	445	-2.8924966
157	592	-2.8959343
126	521	-2.8962827
468	421	-2.8969622
38	193	-2.8973744
470	501	-2.8975914
517	530	-2.8982968
540	503	-2.9012177
544	480	-2.9032128
190	597	-2.9037552
549	345	-2.905236
470	496	-2.9063718
561	432	-2.908107
529	641	-2.9082696
100	639	-2.9100118
451	585	-2.9107423
551	648	-2.9117632
768	563	-2.9120796
536	359	-2.9124067
447	646	-2.9134524
783	555	-2.914736
112	646	-2.9148118
675	627	-2.9159222
686	623	-2.9160492
542	635	-2.922002
547	375	-2.9220417
543	487	-2.9222057
740	647	-2.922452
94	638	-2.9258256
456	423	-2.9263647
447	611	-2.9273572
466	400	-2.9274304
164	606	-2.9314568
116	495	-2.93573
471	488	-2.9379485
522	627	-2.939376
759	565	-2.939629
98	650	-2.939784
756	577	-2.9421942
51	441	-2.9436114
84	492	-2.9439535
702	626	-2.944575
676	622	-2.9447534
184	580	-2.9453416
743	635	-2.9456842
95	481	-2.946049
551	447	-2.9474258
533	388	-2.9503536
244	650	-2.9514108
602	577	-2.9519198
226	647	-2.9524503
677	405	-2.95491
200	626	-2.955838
176	558	-2.9572768
546	390	-2.9586852
529	653	-2.9590132
100	506	-2.9620256
54	606	-2.962047
554	379	-2.9630864
74	471	-2.9632602
165	564	-2.9638746
546	365	-2.9642339
528	615	-2.9645202
108	560	-2.9652333
742	601	-2.9672408
190	588	-2.9676821
616	646	-2.968781
131	533	-2.9692936
453	543	-2.9718008
446	616	-2.9721456
300	629	-2.9721608
186	624	-2.973039
786	581	-2.9740188
167	552	-2.9741147
723	639	-2.974707
547	435	-2.9771528
618	621	-2.977351
131	602	-2.9779637
666	620	-2.979337
454	521	-2.9811733
554	459	-2.984094
92	498	-2.9855478
108	491	-2.987369
553	401	-2.9900646
806	546	-2.991478
562	467	-2.9932
55	443	-2.9938967
95	545	-2.9955177
665	409	-2.9968164
92	475	-2.9972138
617	652	-2.9975705
533	541	-2.9977295
57	447	-2.9981155
810	512	-2.9995966
256	642	-2.9997718
558	429	-3.0002155
535	528	-3.0012739
72	523	-3.0039566
554	393	-3.0086336
104	554	-3.0114572
32	161	-3.011989
35	188	-3.0121377
617	612	-3.0125086
68	537	-3.0139434
158	651	-3.0144045
124	565	-3.0155368
114	564	-3.0180562
554	616	-3.0181994
82	597	-3.018827
195	622	-3.019058
99	483	-3.0192199
509	508	-3.0204391
598	583	-3.026327
159	542	-3.0277147
532	462	-3.028263
554	452	-3.0284474
552	342	-3.0380473
670	622	-3.0382807
803	504	-3.0393224
214	623	-3.039391
654	403	-3.0397935
763	594	-3.0421364
145	558	-3.0422325
138	649	-3.0439441
136	536	-3.0443802
590	582	-3.0445614
546	653	-3.0446188
545	627	-3.0448518
545	603	-3.0459929
768	582	-3.046984
775	653	-3.0496778
134	525	-3.05004
693	620	-3.0502574
469	437	-3.0513368
592	588	-3.0519147
85	536	-3.0554001
774	643	-3.0563126
673	396	-3.0576246
127	652	-3.059621
84	630	-3.0603175
532	506	-3.0605612
460	642	-3.0615008
565	373	-3.0655708
42	591	-3.0662448
99	646	-3.0664506
758	604	-3.0665884
295	625	-3.0673714
55	602	-3.067568
225	570	-3.0679178
784	548	-3.0710611
64	80	-3.0726132
777	600	-3.0730386
36	203	-3.0737092
769	637	-3.0744698
597	587	-3.0771558
640	612	-3.0783546
456	445	-3.0794892
73	475	-3.0808454
531	470	-3.0819378
469	544	-3.08236
468	548	-3.0838275
35	32	-3.084431
507	526	-3.0851798
526	539	-3.0861468
210	556	-3.0866723
185	554	-3.0893674
783	593	-3.0896535
772	553	-3.0897734
205	556	-3.091747
199	532	-3.0923386
454	515	-3.0953608
49	597	-3.0971406
79	466	-3.098031
116	555	-3.0982528
517	535	-3.098711
547	445	-3.0995805
304	631	-3.1004834
681	409	-3.1044407
33	157	-3.106172
38	199	-3.1075094
89	537	-3.1079817
695	624	-3.108564
645	621	-3.1106317
468	416	-3.1110926
640	618	-3.111486
210	604	-3.112194
220	639	-3.1128032
537	532	-3.1138518
66	493	-3.115118
475	404	-3.1160805
611	652	-3.1181095
558	443	-3.1183202
529	647	-3.119783
547	456	-3.1207557
763	555	-3.1216304
803	550	-3.1217718
517	524	-3.126009
652	618	-3.1274269
97	610	-3.131096
149	561	-3.131282
466	563	-3.1314476
536	412	-3.1333852
529	478	-3.1350873
207	630	-3.1368062
453	505	-3.1401234
779	533	-3.1431432
224	638	-3.1434014
563	424	-3.1439025
468	430	-3.1442323
157	538	-3.1465547
90	605	-3.1470776
685	627	-3.1480742
605	510	-3.1512172
457	405	-3.152273
71	585	-3.1525176
187	616	-3.1541626
77	479	-3.1543217
106	641	-3.156296
136	639	-3.1578505
783	529	-3.1587722
138	607	-3.158956
469	526	-3.1593342
80	593	-3.159809
263	655	-3.1598513
469	532	-3.1602154
454	414	-3.1606936
65	72	-3.1660807
83	480	-3.1662426
534	593	-3.1671972
205	551	-3.169688
122	523	-3.171149
544	345	-3.1713114
466	575	-3.172381
681	620	-3.175153
682	396	-3.175295
466	604	-3.1769733
688	395	-3.1779459
560	341	-3.1781418
641	623	-3.1790223
596	504	-3.1794653
128	599	-3.1795518
810	503	-3.1822445
540	344	-3.1837194
451	568	-3.1837971
800	553	-3.1849322
34	108	-3.185776
529	566	-3.1864502
112	549	-3.1870112
303	625	-3.190009
85	475	-3.1925185
681	628	-3.1939554
530	551	-3.1944153
534	366	-3.1947527
120	558	-3.1965487
784	612	-3.2034328
768	655	-3.2055387
527	491	-3.2056577
687	409	-3.2080417
213	580	-3.209239
553	409	-3.2092435
668	626	-3.2110848
133	529	-3.2123477
152	544	-3.212449
472	461	-3.2130604
31	218	-3.2138283
713	624	-3.2143216
787	617	-3.214602
454	408	-3.2160084
33	184	-3.2160106
58	483	-3.2182999
32	70	-3.2190042
205	599	-3.2198904
544	611	-3.2210424
194	589	-3.221416
210	645	-3.223574
328	652	-3.2238147
553	463	-3.2241366
552	593	-3.2265995
45	31	-3.2270963
158	517	-3.2279088
564	378	-3.2280047
547	462	-3.2280521
73	547	-3.2286212
565	433	-3.2286468
273	652	-3.2302294
654	622	-3.231258
658	620	-3.2329385
35	650	-3.2351894
528	578	-3.23659
470	507	-3.2366314
451	577	-3.2367446
555	611	-3.23761
92	484	-3.2400467
665	629	-3.2405913
59	454	-3.241008
478	401	-3.2410336
535	420	-3.2437747
173	614	-3.2446644
655	397	-3.2463799
528	570	-3.2478886
555	606	-3.2498946
94	646	-3.2499716
118	519	-3.2501366
58	605	-3.2505102
200	638	-3.2506895
524	603	-3.2513967
529	535	-3.2514012
669	405	-3.251415
163	651	-3.2533004
680	391	-3.2538855
68	76	-3.2583258
177	617	-3.2583544
518	539	-3.2616684
212	560	-3.262498
67	508	-3.2632627
568	350	-3.2646441
535	408	-3.2650368
560	652	-3.2654588
66	470	-3.2657123
773	631	-3.2681508
636	614	-3.269066
528	499	-3.269854
33	76	-3.269883
215	634	-3.2699733
205	615	-3.270909
509	501	-3.2709768
236	645	-3.271652
561	487	-3.2727952
225	554	-3.2738364
178	608	-3.273848
299	623	-3.2739072
223	642	-3.2751212
52	471	-3.2761195
546	634	-3.2763402
112	493	-3.2766695
689	619	-3.2778165
741	609	-3.2780957
662	621	-3.2801673
171	606	-3.280972
70	620	-3.281154
521	505	-3.281197
66	533	-3.281758
527	485	-3.2825286
223	580	-3.283674
192	564	-3.2843287
178	564	-3.2853503
525	607	-3.2884836
537	355	-3.289886
547	440	-3.2900488
561	496	-3.2908
98	550	-3.2923062
220	634	-3.293228
529	623	-3.2945578
779	557	-3.2952287
398	652	-3.2960782
547	595	-3.298211
786	552	-3.2983642
765	588	-3.2986703
533	444	-3.2997353
653	653	-3.3035803
161	600	-3.304691
772	656	-3.3057814
224	566	-3.3061292
174	569	-3.3068554
546	640	-3.3068752
796	557	-3.3078675
122	641	-3.3078759
159	550	-3.3109608
228	640	-3.3123195
161	546	-3.3136125
202	612	-3.3152318
122	515	-3.3170686
127	526	-3.3170974
159	557	-3.3175726
204	560	-3.3184018
745	628	-3.3186946
522	636	-3.3216665
467	408	-3.3263385
59	537	-3.3264356
767	551	-3.3266127
617	627	-3.327673
747	604	-3.3284488
546	476	-3.3286428
789	523	-3.3294897
224	656	-3.3319101
154	534	-3.333325
765	642	-3.3334067
71	611	-3.3363986
612	643	-3.3415997
547	386	-3.342355
171	551	-3.3425567
617	632	-3.3426087
752	587	-3.3442142
181	616	-3.3485148
142	536	-3.3485835
184	564	-3.3487275
225	615	-3.3501813
32	245	-3.351646
539	632	-3.354546
522	643	-3.3564987
33	66	-3.3577816
556	366	-3.3601003
120	571	-3.3605921
777	564	-3.362744
31	583	-3.364662
129	591	-3.3649979
136	595	-3.3673458
534	524	-3.3686883
554	467	-3.3702748
115	502	-3.3706038
62	84	-3.3717294
88	601	-3.3729503
470	515	-3.3752706
743	597	-3.3774185
644	614	-3.3794205
78	615	-3.3809378
201	552	-3.3832924
75	543	-3.3863347
590	431	-3.3875692
533	400	-3.3891194
30	249	-3.3899531
803	499	-3.3903508
445	564	-3.391015
122	647	-3.3919363
212	547	-3.3922393
606	505	-3.392307
528	584	-3.392887
189	556	-3.3935132
706	628	-3.394352
542	652	-3.3984597
35	212	-3.3989823
196	566	-3.399507
764	566	-3.4008543
462	399	-3.4013376
445	631	-3.4013407
553	354	-3.402761
207	642	-3.4042227
68	547	-3.4042845
39	189	-3.4046657
748	588	-3.4064646
296	618	-3.4080741
189	631	-3.4082782
751	597	-3.411326
200	556	-3.4122872
541	626	-3.4123337
247	653	-3.41267
806	561	-3.413424
70	472	-3.4173312
518	652	-3.4186141
781	615	-3.4203575
93	611	-3.4206233
541	639	-3.4208179
150	532	-3.4241455
46	64	-3.4245806
134	651	-3.4248023
79	648	-3.4255555
99	502	-3.4258397
182	612	-3.4264235
68	68	-3.427074
508	530	-3.4286957
664	616	-3.428984
57	513	-3.4294214
47	54	-3.4317083
557	497	-3.433139
764	656	-3.4332821
34	147	-3.4339075
534	455	-3.4340813
453	418	-3.4348238
73	43	-3.435514
521	497	-3.4368289
213	628	-3.4371808
88	631	-3.4377093
771	558	-3.4378376
763	572	-3.438974
761	653	-3.4405928
445	606	-3.4410446
94	628	-3.443019
725	635	-3.444821
66	465	-3.4455588
665	404	-3.4459903
74	624	-3.4489193
563	362	-3.4489424
759	559	-3.449172
120	501	-3.4505005
70	72	-3.4511077
600	510	-3.4525912
153	549	-3.4529898
71	456	-3.4529939
813	526	-3.4534574
691	405	-3.4543872
34	51	-3.4563
676	401	-3.457447
223	601	-3.458207
214	584	-3.4587834
809	518	-3.4604738
562	428	-3.4606369
216	548	-3.4613464
65	542	-3.462
62	489	-3.4643936
253	639	-3.4673004
776	554	-3.4674475
240	648	-3.4681165
686	405	-3.4684248
453	532	-3.4686313
445	569	-3.4686809
196	605	-3.4688842
741	660	-3.4689033
707	616	-3.4690151
204	595	-3.4698148
576	652	-3.471753
233	620	-3.473539
75	464	-3.4758098
714	613	-3.476247
549	425	-3.4770525
701	618	-3.4785306
311	652	-3.4808712
586	578	-3.482233
552	397	-3.4842608
544	351	-3.4842868
404	652	-3.485909
450	581	-3.487185
748	655	-3.4882472
666	633	-3.4887345
74	502	-3.489634
222	584	-3.4919345
88	626	-3.492548
716	652	-3.4937615
115	516	-3.4938078
99	488	-3.4958453
474	400	-3.4968874
571	434	-3.4977105
221	571	-3.4993382
810	647	-3.5010161
149	592	-3.5011954
591	573	-3.5014544
166	548	-3.5025287
685	618	-3.503315
601	514	-3.503749
770	615	-3.5046217
678	617	-3.5055492
145	539	-3.5062993
628	400	-3.5067136
517	546	-3.506841
720	642	-3.5075216
531	607	-3.5103483
119	567	-3.5104985
649	403	-3.5108428
38	185	-3.5111368
602	584	-3.5122623
444	652	-3.5124974
555	383	-3.512581
596	468	-3.5137272
719	624	-3.5169387
100	494	-3.5169542
30	255	-3.517083
242	504	-3.517084
799	498	-3.5178616
66	616	-3.5183628
72	539	-3.5186589
88	609	-3.5188947
63	456	-3.5220518
503	581	-3.5227711
74	588	-3.52387
561	471	-3.526228
530	636	-3.5280886
771	542	-3.5287187
521	632	-3.5288975
541	620	-3.5294056
721	628	-3.5307212
531	452	-3.5316365
112	654	-3.5318096
74	53	-3.533753
124	573	-3.5339065
470	441	-3.5360749
787	609	-3.5367064
456	454	-3.5368066
55	468	-3.5379546
475	424	-3.5382452
165	610	-3.53876
528	562	-3.538978
661	631	-3.539062
811	507	-3.5406544
72	651	-3.5412009
150	540	-3.542544
547	369	-3.54264
126	648	-3.543335
222	596	-3.5449326
32	80	-3.5460138
725	629	-3.546423
139	533	-3.5465443
58	46	-3.5475633
523	488	-3.5492988
481	407	-3.5496647
232	660	-3.549786
238	506	-3.5497894
462	647	-3.5498207
34	591	-3.5501935
526	531	-3.550723
473	457	-3.5521495
126	594	-3.5533192
698	627	-3.5537848
63	68	-3.5543926
220	611	-3.554836
514	580	-3.5550535
56	54	-3.5561512
471	433	-3.55648
547	413	-3.5589569
739	642	-3.5605805
170	564	-3.5628595
161	594	-3.5644217
600	505	-3.5654743
715	618	-3.5655534
139	602	-3.5660427
631	651	-3.5699732
648	617	-3.5719216
556	358	-3.5728848
551	455	-3.5737112
608	649	-3.5752392
99	635	-3.5763128
681	404	-3.5793035
74	47	-3.5798788
805	574	-3.580133
33	615	-3.5826592
111	642	-3.582841
820	652	-3.5831492
756	586	-3.58408
160	604	-3.584128
559	447	-3.5847936
664	625	-3.585018
209	626	-3.588563
686	391	-3.589526
759	595	-3.5900316
77	548	-3.5902336
562	462	-3.5908835
529	503	-3.592768
33	104	-3.592944
449	654	-3.5941987
192	634	-3.5948908
178	572	-3.5955317
750	618	-3.596342
517	519	-3.5965123
161	574	-3.5971413
85	524	-3.5985677
724	652	-3.6003833
42	173	-3.6008377
561	456	-3.6032932
539	516	-3.6034086
553	471	-3.6048453
774	570	-3.6051724
191	618	-3.605797
196	560	-3.6086087
669	410	-3.6091914
80	507	-3.6097424
31	223	-3.6112418
752	593	-3.6138027
145	533	-3.6142602
120	511	-3.6152449
184	620	-3.6154664
451	554	-3.6162899
454	431	-3.6163154
86	483	-3.617844
473	465	-3.6183827
552	496	-3.618643
679	610	-3.6193802
598	499	-3.6196406
562	436	-3.6213384
107	485	-3.6215007
606	579	-3.6218975
790	571	-3.6233044
151	493	-3.6234698
82	621	-3.6238728
525	543	-3.625166
118	540	-3.625349
586	432	-3.6261048
74	59	-3.627569
558	362	-3.6309721
86	541	-3.631734
794	515	-3.6321063
218	585	-3.6328273
744	593	-3.634898
156	600	-3.6357892
729	641	-3.6378577
710	627	-3.6384091
572	357	-3.6403348
775	627	-3.6406794
70	64	-3.641292
447	599	-3.645025
138	529	-3.6454842
218	580	-3.6461906
78	630	-3.6463141
522	538	-3.648668
97	534	-3.6494184
80	518	-3.651117
107	502	-3.6512392
453	497	-3.6520677
105	494	-3.6532857
172	501	-3.654525
94	492	-3.656265
530	544	-3.658445
46	600	-3.6591887
669	630	-3.659716
59	441	-3.660052
553	583	-3.6626577
445	558	-3.6646101
558	451	-3.6652343
76	537	-3.6657023
797	504	-3.6661704
764	635	-3.6664515
784	620	-3.6672244
53	598	-3.6691806
522	619	-3.66937
689	610	-3.669972
195	555	-3.6718278
129	575	-3.6730435
564	452	-3.6744926
58	610	-3.675561
594	510	-3.6755736
674	392	-3.6814091
762	649	-3.6814482
525	559	-3.682724
543	492	-3.6853607
667	397	-3.6862457
133	592	-3.6864705
316	652	-3.6891518
206	619	-3.690457
565	652	-3.691094
44	169	-3.691421
323	652	-3.6916144
561	440	-3.69198
134	605	-3.6920614
84	648	-3.692472
86	596	-3.6926656
56	533	-3.6939201
148	545	-3.695176
649	409	-3.6970603
116	572	-3.6975577
568	364	-3.6991591
218	601	-3.699308
616	608	-3.69987
184	575	-3.7000341
103	484	-3.7001529
778	618	-3.7023878
475	412	-3.7027
514	586	-3.7032104
532	384	-3.704409
83	545	-3.7044713
50	502	-3.704631
605	515	-3.705522
754	573	-3.7072845
91	530	-3.7095952
519	509	-3.7109601
510	584	-3.7112072
174	562	-3.7113485
229	656	-3.7114275
672	400	-3.7122612
119	507	-3.7123935
35	217	-3.7136023
95	642	-3.7136428
231	643	-3.7146866
561	482	-3.7175674
73	527	-3.717581
71	465	-3.718185
482	395	-3.7190077
547	468	-3.7196295
32	166	-3.720514
604	651	-3.7253032
575	433	-3.726985
807	557	-3.72834
127	514	-3.729126
260	644	-3.7299051
39	588	-3.7312064
232	615	-3.7323904
135	521	-3.7325292
163	556	-3.7325783
67	607	-3.7327576
110	512	-3.7331486
506	555	-3.737389
531	424	-3.7379534
797	510	-3.7404413
530	619	-3.7410543
76	594	-3.7436128
449	563	-3.7455506
122	595	-3.748121
101	538	-3.7492726
162	518	-3.7493188
123	483	-3.7493873
33	143	-3.7513936
550	421	-3.752929
153	591	-3.7535489
246	505	-3.7536705
562	370	-3.7549796
33	241	-3.7556255
108	542	-3.7569768
561	537	-3.7583857
632	612	-3.758699
107	509	-3.7593138
726	648	-3.7603624
35	582	-3.7614675
48	50	-3.7634907
160	513	-3.7635484
124	509	-3.7639647
302	635	-3.764103
80	541	-3.7642963
641	599	-3.7643933
171	505	-3.7650378
105	528	-3.7656658
82	471	-3.7667153
66	585	-3.7671008
576	359	-3.7672722
130	649	-3.768655
472	492	-3.769123
555	590	-3.7697937
482	403	-3.7704492
115	568	-3.7706027
609	631	-3.7712288
52	495	-3.7715921
777	622	-3.7733145
193	585	-3.7739732
568	370	-3.7742078
89	635	-3.7750776
658	402	-3.7758372
805	565	-3.7763822
668	614	-3.7767894
520	527	-3.7768476
677	410	-3.7772539
115	508	-3.777524
118	576	-3.7787156
545	357	-3.778744
41	182	-3.7791753
518	628	-3.7794933
85	634	-3.779987
121	589	-3.7803395
775	648	-3.7815306
689	628	-3.7824886
649	623	-3.782632
236	623	-3.7826376
789	595	-3.7836797
524	614	-3.785256
475	451	-3.7863712
188	581	-3.7868314
802	652	-3.7884445
233	506	-3.789261
557	462	-3.7899601
165	602	-3.7911775
602	572	-3.7929723
526	495	-3.7934852
543	498	-3.795761
610	392	-3.7960858
159	493	-3.7960978
502	586	-3.7965958
531	516	-3.79713
112	536	-3.7974594
657	393	-3.7991686
553	369	-3.799577
158	532	-3.7999358
613	600	-3.8008032
78	598	-3.8018067
124	600	-3.8026195
561	374	-3.8039074
109	564	-3.804166
226	660	-3.8053138
471	407	-3.8057778
596	591	-3.8065495
75	646	-3.8076935
63	538	-3.8081465
600	634	-3.808229
763	548	-3.8084822
527	555	-3.8085678
549	393	-3.811256
104	637	-3.8126273
217	606	-3.8133087
546	591	-3.8143525
481	412	-3.815026
656	616	-3.8151278
453	526	-3.8162699
680	400	-3.8166919
140	638	-3.8167381
55	453	-3.8170135
148	536	-3.8170385
504	548	-3.8181958
605	587	-3.8187826
64	88	-3.8232477
171	556	-3.8236964
200	592	-3.8238158
129	518	-3.8241322
453	449	-3.8250084
38	207	-3.8257968
557	455	-3.8260415
760	591	-3.8264303
553	487	-3.8270173
517	604	-3.8270738
788	613	-3.8276098
641	649	-3.8283968
220	655	-3.828679
141	586	-3.8290176
99	654	-3.8296502
597	464	-3.8305156
465	619	-3.831067
151	565	-3.8316584
769	632	-3.831753
198	536	-3.8322864
156	545	-3.8351536
467	567	-3.8360746
220	549	-3.8371518
448	588	-3.8380744
498	651	-3.8393016
139	612	-3.8397896
50	591	-3.8403697
125	577	-3.8408072
520	513	-3.8412175
765	660	-3.8422163
89	492	-3.8430982
470	399	-3.8446724
464	623	-3.8452244
542	616	-3.8458238
653	407	-3.8466554
90	597	-3.8494334
565	341	-3.8500881
812	521	-3.8502867
56	42	-3.8513312
98	498	-3.8517215
303	652	-3.852402
475	432	-3.8526473
180	622	-3.853312
125	590	-3.854462
650	399	-3.8545315
263	660	-3.8554592
787	603	-3.8562975
267	648	-3.857966
674	618	-3.8579822
795	562	-3.8585618
767	546	-3.8594253
71	510	-3.860328
179	594	-3.8604524
471	425	-3.861147
126	569	-3.8639479
710	652	-3.8647265
198	586	-3.8650432
590	426	-3.8655326
721	633	-3.8661313
300	619	-3.866257
135	643	-3.8666499
34	645	-3.867106
730	637	-3.8690317
126	640	-3.870244
602	498	-3.8713284
185	628	-3.8719304
296	630	-3.8735387
530	466	-3.8736012
98	631	-3.8745549
86	470	-3.8750026
200	562	-3.875761
528	447	-3.8761432
692	396	-3.8778627
783	625	-3.8783112
208	548	-3.8785453
559	492	-3.8793712
550	349	-3.8795023
447	411	-3.8811142
526	547	-3.8830183
470	595	-3.884128
288	633	-3.8859746
61	533	-3.88611
100	613	-3.8866646
121	489	-3.886723
693	409	-3.888321
559	503	-3.8886669
612	605	-3.8887186
526	481	-3.8888502
471	413	-3.8889692
523	598	-3.8893504
511	525	-3.8897252
163	540	-3.8899498
555	579	-3.8904111
454	485	-3.8932006
150	647	-3.894979
554	651	-3.895583
69	498	-3.895612
613	611	-3.895869
681	614	-3.8961644
241	629	-3.897369
118	642	-3.898367
531	529	-3.8983765
118	637	-3.8987498
777	634	-3.8989673
752	614	-3.899233
30	170	-3.9021003
604	635	-3.9022098
620	649	-3.9040368
537	576	-3.9042752
445	502	-3.9046466
518	550	-3.9056888
776	537	-3.9062352
205	564	-3.9073455
231	577	-3.9074671
520	543	-3.9077065
738	656	-3.9083228
139	576	-3.9092247
59	469	-3.911109
161	609	-3.9133513
477	408	-3.9133909
556	600	-3.9141614
522	362	-3.9142797
233	654	-3.9148054
32	174	-3.9160337
714	628	-3.916681
78	589	-3.9169054
108	497	-3.9172378
649	654	-3.9185185
82	484	-3.918578
812	532	-3.918746
42	70	-3.9190912
29	259	-3.9192388
521	534	-3.9196029
565	470	-3.9199061
197	551	-3.9202106
157	567	-3.9234233
66	460	-3.9242558
785	599	-3.9246547
553	644	-3.9253418
657	629	-3.926636
448	418	-3.9273186
543	647	-3.928403
126	479	-3.928986
467	587	-3.9298368
67	522	-3.9302132
308	629	-3.9302444
138	556	-3.9305716
113	489	-3.9307177
205	625	-3.9310231
557	336	-3.932426
179	568	-3.9329488
753	652	-3.9331057
167	652	-3.9340093
524	588	-3.9360566
167	557	-3.9364238
43	55	-3.936915
556	594	-3.9378116
586	454	-3.9392343
668	401	-3.939325
548	498	-3.9404147
33	97	-3.9409595
811	657	-3.9439569
550	389	-3.9439669
60	541	-3.945718
94	620	-3.9457965
527	521	-3.9463382
725	624	-3.9465837
538	536	-3.947998
538	555	-3.9482648
806	553	-3.9485192
193	601	-3.9494526
96	564	-3.949807
688	652	-3.9523103
585	428	-3.9540322
154	489	-3.955184
91	488	-3.955406
528	513	-3.9561727
90	645	-3.9562128
86	512	-3.956271
661	405	-3.9563258
661	410	-3.956569
145	587	-3.9569209
142	530	-3.95703
200	568	-3.9593124
84	602	-3.9593682
517	561	-3.9631321
94	549	-3.9632347
620	609	-3.9643996
210	622	-3.9645922
528	474	-3.964658
760	579	-3.966294
209	579	-3.9665422
740	664	-3.9675548
531	458	-3.9676306
518	644	-3.9689162
643	397	-3.9700735
450	550	-3.9705281
23	331	-3.9705389
645	405	-3.9707978
554	625	-3.9708111
455	480	-3.9715068
588	512	-3.9715567
692	616	-3.9720364
63	42	-3.9721406
548	341	-3.9724414
49	46	-3.974816
608	584	-3.975078
95	615	-3.9754858
529	509	-3.9767547
519	622	-3.9770818
197	516	-3.9779391
81	537	-3.9784362
33	55	-3.9790668
68	81	-3.979722
236	614	-3.9798687
35	237	-3.9804256
524	563	-3.9825268
57	50	-3.9833014
721	613	-3.9839056
214	603	-3.9848626
519	648	-3.985533
47	128	-3.985666
205	591	-3.9860346
640	404	-3.9862561
144	643	-3.9865427
738	636	-3.9867215
534	416	-3.9867387
182	571	-3.9877465
508	497	-3.987804
290	625	-3.98782
63	604	-3.9882402
764	584	-3.9898636
521	492	-3.9901152
43	188	-3.991133
36	618	-3.9917877
694	628	-3.9922175
654	612	-3.992792
174	590	-3.9935477
535	586	-3.9935932
74	69	-3.9938705
117	491	-3.9940882
439	440	-3.9943259
729	633	-3.9944577
81	633	-3.994493
124	630	-3.9945223
224	574	-3.9951396
562	475	-3.9959607
526	525	-3.9960477
120	496	-3.9965215
546	484	-3.9967234
657	652	-3.9968243
773	488	-3.9974523
507	534	-3.9987679
49	124	-3.998967
612	638	-3.9995613
292	620	-3.9997706
571	652	-4.0005083
191	534	-4.000998
82	607	-4.001015
151	598	-4.0027056
124	560	-4.002791
561	544	-4.003
140	598	-4.0040765
49	605	-4.0050926
209	544	-4.0051975
42	62	-4.0053396
454	440	-4.005468
156	521	-4.0061097
781	601	-4.0062675
86	622	-4.0066776
188	566	-4.007106
660	614	-4.007401
801	586	-4.008701
35	222	-4.0098996
596	476	-4.0102053
553	492	-4.010762
116	550	-4.010927
43	587	-4.011696
670	393	-4.0118575
533	362	-4.0137844
197	528	-4.0141087
160	506	-4.015146
466	613	-4.015797
111	501	-4.016029
104	559	-4.0161176
30	612	-4.01664
76	611	-4.0173445
46	58	-4.0178413
92	517	-4.019598
128	587	-4.019856
55	538	-4.0212054
65	581	-4.021451
558	466	-4.0215244
537	542	-4.0219965
576	354	-4.02209
651	395	-4.0223346
116	512	-4.0233097
192	559	-4.023683
548	380	-4.0253944
44	493	-4.025398
221	607	-4.025653
26	256	-4.0282536
237	575	-4.0283604
470	540	-4.0285397
517	555	-4.029959
637	609	-4.030196
65	64	-4.030403
195	533	-4.0306616
755	590	-4.0315638
110	576	-4.032536
297	652	-4.03783
479	578	-4.038762
441	604	-4.0405164
32	180	-4.042263
760	643	-4.043249
167	542	-4.043283
586	424	-4.0442395
59	601	-4.0462413
96	624	-4.04718
803	580	-4.0472016
90	545	-4.0475836
77	50	-4.0491705
635	649	-4.0511045
540	643	-4.0535526
531	392	-4.0537744
594	498	-4.054184
664	400	-4.0551353
532	411	-4.055541
134	611	-4.0558505
243	500	-4.0565324
522	501	-4.056914
787	591	-4.05869
105	563	-4.0593014
639	595	-4.060196
26	263	-4.060799
599	428	-4.0610905
472	429	-4.0612755
58	502	-4.062073
762	639	-4.062368
311	633	-4.0627685
721	620	-4.064411
532	373	-4.064845
184	597	-4.064853
524	576	-4.0654783
653	631	-4.065677
266	639	-4.0672994
568	376	-4.0677934
521	521	-4.068053
97	521	-4.068626
739	604	-4.0702987
49	68	-4.0711527
555	538	-4.0717015
614	620	-4.0717278
60	79	-4.071818
46	72	-4.072216
137	587	-4.073208
569	345	-4.073313
33	84	-4.074917
756	647	-4.076232
181	550	-4.077331
272	648	-4.078038
146	529	-4.0782704
75	512	-4.078641
586	467	-4.078943
125	644	-4.07897
94	602	-4.0790014
450	572	-4.081396
155	596	-4.081692
142	608	-4.0819197
70	52	-4.082665
197	581	-4.0840898
224	561	-4.0842667
48	39	-4.085339
444	623	-4.08743
516	568	-4.088954
584	511	-4.089167
442	628	-4.090625
80	644	-4.091937
130	481	-4.0929856
531	404	-4.093948
476	428	-4.0952725
130	641	-4.0959373
635	399	-4.0966616
561	337	-4.097394
172	618	-4.0974603
41	177	-4.0976667
82	616	-4.098034
617	604	-4.098307
74	460	-4.098349
452	403	-4.0988975
536	350	-4.1027336
41	196	-4.1032887
541	508	-4.1033893
565	479	-4.1042027
70	58	-4.1044674
505	559	-4.1049027
771	660	-4.1063924
292	629	-4.1076097
638	626	-4.107673
710	612	-4.108334
62	615	-4.1089926
782	525	-4.1095133
121	545	-4.110216
553	636	-4.1103344
71	533	-4.110487
783	608	-4.1107154
74	551	-4.112147
554	475	-4.113525
664	652	-4.1137676
755	596	-4.114359
42	192	-4.1148744
41	50	-4.115094
220	576	-4.1166177
138	580	-4.1168447
279	652	-4.1190605
195	609	-4.119182
139	522	-4.1199474
150	527	-4.120333
565	486	-4.121211
214	596	-4.1213856
549	508	-4.121429
40	489	-4.122469
168	518	-4.124744
503	590	-4.125231
103	633	-4.1272902
287	629	-4.1279073
760	585	-4.1307216
696	398	-4.1307583
218	560	-4.1309123
62	518	-4.130931
31	588	-4.131413
627	357	-4.131991
85	644	-4.1334925
523	369	-4.1367054
39	108	-4.1370907
100	479	-4.138503
109	532	-4.140706
98	606	-4.1412687
557	470	-4.1421547
632	617	-4.1424356
608	644	-4.142699
589	448	-4.1428623
649	649	-4.1430936
571	619	-4.143185
268	660	-4.1439548
582	433	-4.1441813
33	92	-4.144776
588	586	-4.1449394
227	611	-4.1456685
169	600	-4.146633
68	652	-4.1471486
54	499	-4.1475763
332	651	-4.1481
36	181	-4.1494365
33	136	-4.150041
441	444	-4.150213
90	639	-4.1503577
446	554	-4.150601
96	477	-4.1521544
467	559	-4.152469
155	495	-4.1525016
104	498	-4.153283
32	62	-4.15413
150	588	-4.1543384
594	480	-4.1545014
791	600	-4.154538
546	420	-4.1548533
196	613	-4.1552787
250	636	-4.15566
726	613	-4.1560082
237	619	-4.156193
134	573	-4.156884
186	611	-4.15771
134	514	-4.1591907
69	551	-4.1596565
452	492	-4.159854
74	39	-4.160893
471	653	-4.161892
62	36	-4.162153
609	396	-4.1634636
52	446	-4.16412
531	436	-4.164793
772	562	-4.1664724
142	525	-4.1668196
539	546	-4.167221
102	629	-4.169279
120	626	-4.1692905
506	585	-4.1694703
165	596	-4.170186
89	613	-4.1715508
563	448	-4.17275
478	396	-4.1739264
25	268	-4.174783
767	577	-4.175352
155	514	-4.175466
441	562	-4.1758013
143	592	-4.176741
88	617	-4.1768637
806	569	-4.1774793
597	513	-4.177799
465	653	-4.1786137
129	580	-4.1796775
472	417	-4.180363
590	468	-4.180511
79	552	-4.1805882
52	532	-4.1816764
604	630	-4.1820803
606	574	-4.182759
553	363	-4.1833935
576	346	-4.1845393
578	589	-4.1849875
696	405	-4.185432
759	554	-4.1863523
754	563	-4.1874337
145	600	-4.187732
524	568	-4.187809
505	577	-4.187863
121	479	-4.188039
262	637	-4.1886473
40	650	-4.1901426
540	550	-4.193061
613	616	-4.1960287
205	581	-4.1964593
476	462	-4.197059
42	165	-4.1983485
516	576	-4.1985207
237	568	-4.1991816
736	648	-4.2008033
583	461	-4.200882
538	636	-4.201197
740	632	-4.203936
31	649	-4.2044373
51	475	-4.2066073
475	469	-4.206825
77	44	-4.2078657
523	592	-4.2085857
645	647	-4.2091484
128	510	-4.2092547
48	168	-4.2115984
445	574	-4.2116303
62	447	-4.212816
298	634	-4.212854
130	606	-4.2129517
662	635	-4.21548
801	591	-4.217302
620	408	-4.2177153
192	606	-4.218286
697	617	-4.2186527
538	525	-4.2194834
102	525	-4.2199454
597	613	-4.222757
789	576	-4.223447
32	227	-4.224004
47	470	-4.224166
74	75	-4.2243104
271	633	-4.2248125
70	46	-4.224929
539	649	-4.2251
789	518	-4.2274275
289	651	-4.2274756
813	516	-4.2308393
50	62	-4.2310534
644	652	-4.231969
814	510	-4.2329025
51	466	-4.2351403
625	652	-4.235937
684	401	-4.236121
149	584	-4.2370677
557	486	-4.237214
307	624	-4.2379923
146	522	-4.2387733
162	536	-4.2395563
174	546	-4.2400436
123	634	-4.241587
208	561	-4.243619
493	401	-4.2441497
463	639	-4.2446156
582	468	-4.2446265
639	653	-4.2450733
559	510	-4.2454424
637	383	-4.246222
585	436	-4.246256
757	600	-4.2463593
473	447	-4.2469416
467	579	-4.247078
795	592	-4.247957
625	384	-4.249496
175	605	-4.2517633
582	498	-4.251961
112	571	-4.252661
593	454	-4.252763
72	593	-4.254577
208	596	-4.2564945
538	623	-4.2583885
75	584	-4.2584133
135	635	-4.258835
522	378	-4.2594495
212	652	-4.2597094
215	576	-4.261853
751	602	-4.2625136
241	576	-4.2639513
593	514	-4.2644076
222	590	-4.2657757
509	588	-4.2676225
42	102	-4.268721
109	638	-4.2700753
34	114	-4.2707143
93	594	-4.2714987
516	632	-4.2730145
648	612	-4.274051
35	232	-4.2742267
808	499	-4.2758875
443	648	-4.2762103
729	628	-4.2764063
280	616	-4.2782664
793	596	-4.2819977
70	461	-4.2823715
503	552	-4.282758
31	233	-4.2832093
222	557	-4.2838063
27	252	-4.2840357
41	66	-4.2845683
817	655	-4.2846107
801	576	-4.284771
532	440	-4.2877617
474	438	-4.288035
526	517	-4.288206
475	443	-4.28864
733	651	-4.288906
676	613	-4.290419
543	594	-4.291482
454	655	-4.2924943
190	612	-4.2927127
621	653	-4.2961597
473	477	-4.297921
111	507	-4.2990575
776	560	-4.3001647
77	56	-4.301811
47	172	-4.30279
677	631	-4.302797
568	424	-4.3039246
147	596	-4.3044596
554	483	-4.304468
275	637	-4.304534
124	503	-4.3058233
209	600	-4.30656
88	32	-4.306903
95	487	-4.3079634
246	497	-4.3079686
214	590	-4.308412
228	567	-4.3093038
218	593	-4.311017
477	456	-4.3113127
210	585	-4.31135
777	486	-4.3118973
486	505	-4.314353
684	610	-4.3145704
62	466	-4.3149443
92	563	-4.3158293
51	508	-4.315906
659	624	-4.31642
22	336	-4.3189354
803	556	-4.31928
786	526	-4.3209176
119	485	-4.3209887
440	454	-4.3216734
57	634	-4.3220077
226	607	-4.3231416
232	601	-4.3245096
481	582	-4.324795
561	366	-4.325123
339	652	-4.3251624
442	612	-4.326125
123	493	-4.32647
522	408	-4.327396
445	494	-4.3278074
554	631	-4.3279886
537	582	-4.3289857
688	400	-4.329363
627	396	-4.329517
755	582	-4.3297796
635	404	-4.3300204
34	120	-4.3307385
38	74	-4.3318686
734	633	-4.333447
548	492	-4.333495
155	604	-4.334357
58	35	-4.3349366
30	238	-4.3357472
62	58	-4.3363314
95	598	-4.336758
585	450	-4.338564
126	471	-4.3396435
586	573	-4.3401356
561	528	-4.3408666
779	528	-4.3410974
575	350	-4.342228
168	502	-4.342335
547	488	-4.3427267
526	506	-4.3433237
566	437	-4.3437514
777	639	-4.344593
551	384	-4.3455596
115	588	-4.346127
81	611	-4.34615
551	537	-4.346626
141	559	-4.3468046
54	593	-4.3468466
304	621	-4.3471
591	593	-4.347467
613	633	-4.3488774
76	65	-4.3494115
769	622	-4.3497763
688	614	-4.3498144
445	489	-4.3501678
745	658	-4.3506074
181	626	-4.3506365
83	488	-4.3516707
787	586	-4.3520913
659	398	-4.3521748
525	551	-4.353637
505	519	-4.3540664
516	600	-4.354453
523	374	-4.354711
612	628	-4.355857
70	589	-4.355877
445	415	-4.3578444
589	651	-4.3580046
169	615	-4.3597026
158	488	-4.362838
138	591	-4.3632994
271	639	-4.364508
456	460	-4.3645687
91	623	-4.365538
201	616	-4.366562
641	409	-4.3670135
42	46	-4.368709
72	607	-4.368829
507	435	-4.369729
285	652	-4.3698344
581	586	-4.369888
156	588	-4.370492
727	617	-4.37061
533	356	-4.372601
561	420	-4.37334
165	505	-4.3742647
47	588	-4.3748484
565	458	-4.378272
652	626	-4.378939
603	440	-4.3793154
60	529	-4.3794928
227	578	-4.379528
38	592	-4.3808465
99	555	-4.3808804
192	580	-4.3816032
559	516	-4.381651
195	617	-4.3828044
581	578	-4.382845
31	578	-4.383237
201	622	-4.3851686
90	471	-4.3896384
469	552	-4.3897023
62	503	-4.3898044
39	234	-4.392052
236	662	-4.39208
649	629	-4.3923817
551	549	-4.392946
577	571	-4.393136
134	554	-4.3933735
770	628	-4.3986254
628	407	-4.39881
176	621	-4.3992586
204	532	-4.3994074
114	577	-4.4005785
551	503	-4.4012966
516	590	-4.4035025
203	544	-4.4039736
82	549	-4.405803
38	242	-4.405917
557	543	-4.4062347
440	449	-4.406891
279	620	-4.4075723
215	544	-4.408404
229	571	-4.408724
70	581	-4.4100776
187	505	-4.4120455
513	521	-4.4138517
447	430	-4.4142003
595	595	-4.4146733
67	447	-4.414731
441	616	-4.4154572
46	499	-4.4159975
705	610	-4.4166393
521	606	-4.418244
51	36	-4.4184327
120	553	-4.4188333
116	595	-4.419502
144	562	-4.420391
220	567	-4.42067
779	629	-4.4208093
766	665	-4.420917
60	72	-4.4217873
571	353	-4.422537
54	480	-4.4227333
605	501	-4.4237843
518	639	-4.424049
120	602	-4.4251
445	407	-4.4258637
752	579	-4.4260716
735	628	-4.4269986
657	634	-4.4272327
241	621	-4.427935
739	671	-4.4282627
563	644	-4.429421
133	577	-4.4296145
444	638	-4.430076
29	242	-4.4302063
23	272	-4.430668
447	584	-4.433041
647	637	-4.4361835
524	582	-4.436383
561	381	-4.438142
444	533	-4.4384327
631	608	-4.4402037
582	582	-4.440988
214	564	-4.4413676
35	125	-4.4423485
80	603	-4.4426856
594	430	-4.442792
532	614	-4.443726
440	608	-4.444189
49	132	-4.4448843
82	39	-4.444995
186	570	-4.445522
42	76	-4.44566
773	623	-4.445983
127	603	-4.4466696
113	540	-4.44697
516	614	-4.4471483
23	326	-4.4476147
252	619	-4.4478374
531	429	-4.447874
565	542	-4.4482393
247	501	-4.448779
260	633	-4.4492807
451	539	-4.449381
729	652	-4.4494023
251	577	-4.450067
700	614	-4.4509783
194	513	-4.4514823
546	583	-4.451684
510	596	-4.4520106
77	36	-4.4536314
30	107	-4.454318
547	575	-4.4550605
658	413	-4.4551897
780	611	-4.4555793
83	467	-4.455748
443	600	-4.4558506
192	569	-4.4562902
89	593	-4.457178
33	252	-4.45744
538	653	-4.4592443
164	493	-4.460401
307	634	-4.460759
517	610	-4.4618287
776	604	-4.46227
447	593	-4.4626017
587	444	-4.462689
592	505	-4.463495
163	580	-4.4639077
597	619	-4.4645314
604	646	-4.4655886
154	528	-4.4659452
472	591	-4.466576
235	579	-4.4675574
746	608	-4.4676557
505	538	-4.4679008
455	466	-4.468182
620	640	-4.4684443
84	638	-4.4688406
600	432	-4.4688687
498	645	-4.4708095
445	510	-4.4709573
80	557	-4.4712033
518	618	-4.4732165
636	378	-4.473951
768	568	-4.475573
562	444	-4.4772205
447	442	-4.4787545
797	582	-4.4793386
45	183	-4.479448
170	547	-4.4801397
810	545	-4.4801803
408	653	-4.481279
525	388	-4.48188
232	607	-4.4819307
609	610	-4.482096
753	610	-4.482545
38	69	-4.4837446
458	401	-4.483793
142	581	-4.4851737
516	515	-4.4874053
31	642	-4.487408
78	636	-4.488771
449	546	-4.4889064
750	518	-4.489338
508	580	-4.4911904
39	169	-4.4922357
475	489	-4.4922843
639	645	-4.4928255
215	570	-4.493529
49	76	-4.493914
531	419	-4.494507
35	248	-4.4950647
609	601	-4.4953427
583	558	-4.496304
55	527	-4.496386
589	633	-4.4971876
664	413	-4.500268
649	643	-4.500609
252	614	-4.5009923
30	637	-4.501179
122	475	-4.5014005
61	52	-4.5019884
691	392	-4.502156
487	441	-4.5022616
584	652	-4.5025806
67	85	-4.502642
114	636	-4.503513
42	497	-4.5046225
100	560	-4.504743
512	529	-4.5053825
639	400	-4.505464
160	522	-4.5055265
79	585	-4.5059967
138	515	-4.5061693
103	503	-4.5063796
509	419	-4.508052
130	571	-4.508515
576	424	-4.509048
476	474	-4.509548
551	374	-4.5098186
166	583	-4.5102043
30	154	-4.5104733
566	429	-4.5115924
84	34	-4.5122623
226	597	-4.5127892
565	497	-4.5133677
505	571	-4.513808
623	400	-4.516231
600	652	-4.5173845
92	568	-4.5185046
552	587	-4.5185347
574	437	-4.5190535
238	652	-4.519241
77	607	-4.5206184
523	384	-4.5211215
559	646	-4.521722
202	585	-4.522762
447	506	-4.5230017
82	511	-4.5241966
45	176	-4.52456
557	619	-4.524789
78	71	-4.5260525
779	652	-4.52615
265	643	-4.526454
48	491	-4.5271482
206	586	-4.5271573
143	604	-4.5272455
525	477	-4.5281134
595	609	-4.5285707
599	409	-4.5288796
476	420	-4.5294456
183	608	-4.5295124
602	371	-4.5300503
25	279	-4.5309925
789	621	-4.5310197
445	424	-4.5312266
233	573	-4.531252
563	491	-4.531306
156	508	-4.5319037
65	46	-4.5321674
113	545	-4.5328
507	551	-4.5341616
631	397	-4.53642
799	561	-4.5364904
596	601	-4.537151
494	393	-4.5393224
38	646	-4.5410028
150	487	-4.541252
36	228	-4.5413065
32	619	-4.545098
577	580	-4.545521
201	540	-4.5458713
797	652	-4.5462127
112	610	-4.5468016
64	589	-4.5480304
628	412	-4.5485005
475	652	-4.54858
253	656	-4.5491195
70	625	-4.549233
107	634	-4.5502925
101	609	-4.550411
810	554	-4.5507836
143	614	-4.5512004
522	484	-4.551709
61	91	-4.551799
68	529	-4.5539684
241	571	-4.554364
608	376	-4.5553102
547	587	-4.5559573
665	611	-4.5560265
737	611	-4.5581255
444	438	-4.5581884
928	653	-4.5586824
267	656	-4.5605874
631	356	-4.561015
60	630	-4.5628834
149	602	-4.5629587
505	514	-4.5630713
618	388	-4.564073
30	195	-4.5646424
181	604	-4.5646496
439	596	-4.5649266
477	416	-4.5649314
50	120	-4.56494
78	461	-4.566452
472	522	-4.567424
154	499	-4.5676928
189	602	-4.5684266
672	413	-4.569313
639	603	-4.569363
61	437	-4.5706973
37	54	-4.57077
171	497	-4.572072
797	588	-4.5728602
594	570	-4.5736575
200	519	-4.5745115
58	517	-4.574777
74	642	-4.575848
549	417	-4.578651
599	532	-4.5787716
538	561	-4.5797367
53	512	-4.5797744
208	567	-4.5801315
653	658	-4.581401
108	572	-4.581812
120	631	-4.5819874
604	428	-4.5826325
556	398	-4.5828733
26	275	-4.5832195
73	34	-4.583383
177	505	-4.586453
589	558	-4.5864615
85	612	-4.586533
766	542	-4.586757
450	407	-4.5872197
624	608	-4.587455
481	435	-4.5877304
590	436	-4.5882626
69	443	-4.588704
155	648	-4.5895023
547	660	-4.589779
563	504	-4.5903106
565	367	-4.5921097
256	621	-4.592121
646	626	-4.5926595
142	519	-4.5934973
739	598	-4.593622
550	545	-4.5940127
193	507	-4.594516
188	576	-4.5955606
555	504	-4.59579
518	363	-4.5965657
314	637	-4.597041
39	621	-4.597333
604	640	-4.597584
582	504	-4.5977645
689	413	-4.5993204
231	596	-4.59948
229	553	-4.6000566
619	394	-4.6002126
623	411	-4.600696
451	488	-4.602151
562	500	-4.602706
744	623	-4.609797
240	615	-4.6098213
485	436	-4.6100473
98	619	-4.612754
802	495	-4.6127605
499	583	-4.6133823
441	567	-4.6134863
572	425	-4.61373
514	594	-4.6147285
35	47	-4.6152244
784	671	-4.6168118
225	549	-4.617134
608	381	-4.6172247
23	260	-4.6176257
604	614	-4.6178737
190	552	-4.6180577
692	401	-4.6200714
548	354	-4.620138
131	634	-4.620564
645	413	-4.621875
557	584	-4.6221094
105	534	-4.622315
237	609	-4.6242657
412	652	-4.6244297
154	624	-4.625077
88	40	-4.626293
752	567	-4.6264634
501	594	-4.6271996
453	426	-4.6272717
644	596	-4.627776
38	104	-4.6282825
235	649	-4.628512
85	592	-4.6291876
91	583	-4.6293287
653	637	-4.6300797
483	399	-4.630848
553	575	-4.6309447
40	238	-4.631725
452	422	-4.63259
566	465	-4.632609
54	47	-4.6326346
595	426	-4.6331263
193	518	-4.63323
128	563	-4.633272
472	584	-4.6335673
551	512	-4.633705
250	673	-4.633739
693	439	-4.6341
502	652	-4.6341224
639	395	-4.6342697
792	652	-4.634675
81	43	-4.6360273
402	660	-4.6365557
489	402	-4.6376214
481	418	-4.63843
36	154	-4.6385407
205	576	-4.638557
62	461	-4.63955
599	438	-4.640171
127	549	-4.6403584
124	586	-4.6406627
447	498	-4.640728
122	608	-4.6411185
522	396	-4.6415734
58	465	-4.641937
608	636	-4.6439533
663	396	-4.644175
158	622	-4.6445727
639	631	-4.6447854
444	596	-4.645076
65	636	-4.6456017
790	671	-4.6457505
553	479	-4.6466804
444	515	-4.6490464
233	611	-4.6490493
247	575	-4.6491413
653	648	-4.6507897
476	480	-4.6510553
810	560	-4.651515
760	657	-4.6526194
172	509	-4.6530128
522	414	-4.653163
587	462	-4.6533327
694	610	-4.6535687
258	638	-4.6545997
536	345	-4.6550274
145	654	-4.6560035
509	424	-4.6565366
531	369	-4.6569133
769	573	-4.657826
791	610	-4.65807
394	651	-4.659826
87	487	-4.66095
548	579	-4.6612096
582	453	-4.6619678
37	642	-4.662609
39	211	-4.6627893
239	510	-4.664258
32	327	-4.664372
37	65	-4.6645136
256	587	-4.6645594
772	538	-4.664668
22	264	-4.6649356
97	568	-4.6650624
52	524	-4.665343
62	584	-4.66579
600	420	-4.666066
791	605	-4.666435
597	458	-4.6672816
606	393	-4.667964
731	612	-4.66819
444	447	-4.6684833
717	632	-4.668869
121	579	-4.6696987
171	513	-4.670798
42	597	-4.6727033
554	500	-4.6727834
524	446	-4.6741953
80	47	-4.674324
757	671	-4.6751966
586	516	-4.6755095
52	128	-4.676438
288	618	-4.6766996
133	586	-4.677714
811	541	-4.6784043
476	520	-4.6789393
505	544	-4.679043
619	382	-4.6793404
78	40	-4.679484
152	520	-4.680611
466	395	-4.6809278
523	404	-4.6812663
563	512	-4.6814847
614	595	-4.681873
791	590	-4.682884
72	79	-4.683438
65	451	-4.6838136
256	594	-4.6845713
609	615	-4.684794
69	642	-4.686803
230	581	-4.687936
104	612	-4.6889405
559	533	-4.6901007
509	407	-4.690406
519	405	-4.6904407
651	599	-4.6905375
451	443	-4.692542
486	489	-4.6932054
78	61	-4.694094
590	388	-4.6954165
226	585	-4.6954865
43	160	-4.6960683
85	583	-4.6963654
517	583	-4.69672
40	524	-4.6971383
699	610	-4.697522
79	32	-4.6977453
468	583	-4.698014
582	425	-4.6985993
55	458	-4.6987495
96	558	-4.699087
505	423	-4.699348
59	87	-4.6993523
127	636	-4.699589
106	577	-4.69977
39	216	-4.7025857
610	385	-4.705485
600	643	-4.707009
108	608	-4.7075877
165	521	-4.7079163
67	594	-4.707948
37	150	-4.708201
75	506	-4.708869
835	662	-4.7096934
41	126	-4.7101703
43	106	-4.710465
621	613	-4.710549
52	40	-4.7107944
554	640	-4.710991
38	174	-4.7125463
53	633	-4.7132
557	414	-4.7133927
558	547	-4.714306
90	550	-4.7143245
506	504	-4.7144527
58	64	-4.715312
114	614	-4.715795
162	626	-4.7162232
573	429	-4.716669
80	53	-4.717051
131	645	-4.717252
719	637	-4.7181816
518	374	-4.719066
158	526	-4.7196665
80	66	-4.7201047
444	590	-4.7205863
90	525	-4.7206326
750	575	-4.7206583
722	657	-4.720913
518	358	-4.721694
670	671	-4.7256536
258	660	-4.7259717
30	188	-4.7260666
511	559	-4.7261505
125	626	-4.7281895
39	221	-4.729613
766	671	-4.7296977
522	357	-4.7299185
441	432	-4.729948
669	610	-4.7308884
522	610	-4.730915
603	424	-4.731433
783	521	-4.7319546
106	481	-4.7337074
20	279	-4.7337446
631	621	-4.73447
553	337	-4.7352138
746	662	-4.737815
761	662	-4.7383795
313	647	-4.7384295
276	649	-4.739134
515	542	-4.7395587
243	671	-4.7406077
170	588	-4.7406416
747	584	-4.7425756
464	643	-4.7432733
809	549	-4.743734
29	267	-4.7449718
284	626	-4.745393
619	412	-4.7457724
570	615	-4.7459784
743	670	-4.7469788
562	415	-4.747501
367	651	-4.7477307
542	606	-4.7484064
354	652	-4.7486897
569	557	-4.7491446
106	568	-4.749274
631	646	-4.749674
595	559	-4.749716
592	443	-4.7507954
186	550	-4.751335
508	439	-4.7516146
600	628	-4.752147
78	76	-4.75322
202	548	-4.7535295
443	643	-4.753806
523	472	-4.7543454
279	612	-4.7547135
260	623	-4.755045
171	651	-4.75578
829	665	-4.758327
212	541	-4.7586684
542	554	-4.759118
417	653	-4.760376
124	497	-4.7609777
523	392	-4.7617946
106	630	-4.7619295
579	430	-4.7645283
628	376	-4.764801
59	39	-4.7668037
317	670	-4.7675114
47	80	-4.7677083
59	525	-4.7687826
521	547	-4.768852
142	514	-4.769177
55	438	-4.7697234
190	515	-4.7699323
75	555	-4.770438
487	513	-4.7705274
120	585	-4.770768
547	570	-4.772594
117	544	-4.7727485
248	615	-4.77368
262	602	-4.7741795
53	610	-4.774836
588	498	-4.776036
89	655	-4.7765017
236	657	-4.777679
452	453	-4.7780337
95	553	-4.778548
814	646	-4.7789593
631	639	-4.779312
276	633	-4.779404
571	361	-4.7794466
444	527	-4.7798285
84	519	-4.7809453
100	625	-4.7810655
563	532	-4.7818375
120	614	-4.7820153
35	638	-4.7834554
813	500	-4.7838035
286	622	-4.78394
564	385	-4.7839727
567	526	-4.784103
737	667	-4.7849674
198	544	-4.7852845
51	55	-4.78719
602	363	-4.787336
806	671	-4.787969
550	516	-4.788171
514	572	-4.788747
737	661	-4.78918
600	616	-4.78956
590	370	-4.790069
592	464	-4.7916546
115	484	-4.791684
47	164	-4.7918396
568	382	-4.7923374
228	602	-4.7929907
30	148	-4.794423
650	413	-4.7946978
446	477	-4.7947354
32	332	-4.7949038
302	647	-4.7950096
470	605	-4.7952013
63	443	-4.795672
106	538	-4.795753
59	638	-4.7964263
429	651	-4.796909
49	189	-4.797619
357	671	-4.797824
445	550	-4.798174
801	571	-4.798186
39	493	-4.799099
773	566	-4.799402
523	572	-4.7999554
475	533	-4.7999954
128	631	-4.800074
798	672	-4.800707
304	639	-4.8008585
642	608	-4.8025475
530	397	-4.802846
23	340	-4.8032203
513	605	-4.8036375
165	499	-4.8041477
482	422	-4.804987
61	580	-4.8051887
30	52	-4.8054957
447	536	-4.807238
621	636	-4.8073435
240	625	-4.8081822
773	672	-4.808757
180	598	-4.808769
84	48	-4.8093257
667	637	-4.8096757
127	484	-4.8097796
239	665	-4.810251
35	177	-4.8125467
69	32	-4.8126116
268	629	-4.813168
168	508	-4.813738
134	483	-4.813981
233	567	-4.8145404
40	230	-4.815175
104	606	-4.8164907
527	463	-4.8170934
327	671	-4.817176
83	561	-4.817392
811	672	-4.8175187
46	584	-4.818128
170	493	-4.8212476
483	548	-4.822484
247	632	-4.8253083
525	510	-4.8261204
608	606	-4.826428
555	520	-4.826842
88	564	-4.8270473
483	577	-4.8273177
577	558	-4.8300247
116	624	-4.831251
475	580	-4.8317566
59	498	-4.8337994
42	92	-4.833839
600	518	-4.8338976
40	39	-4.8342843
689	602	-4.8343353
567	449	-4.834675
520	558	-4.8351455
447	578	-4.8351817
53	51	-4.836274
295	672	-4.836709
172	634	-4.8371444
438	556	-4.838209
573	450	-4.838711
203	536	-4.8388963
43	503	-4.839067
40	58	-4.8394403
57	626	-4.8394513
669	652	-4.8404703
718	646	-4.841534
598	569	-4.841548
489	435	-4.8419666
102	620	-4.842418
292	634	-4.8427815
564	660	-4.843129
627	388	-4.843352
754	514	-4.843551
173	638	-4.843804
211	593	-4.8458652
642	627	-4.846085
519	565	-4.848971
53	123	-4.8497868
48	28	-4.85031
557	390	-4.850718
762	667	-4.8518367
480	565	-4.853286
127	506	-4.8536806
69	42	-4.8549023
70	646	-4.855013
793	567	-4.85534
734	638	-4.855415
83	553	-4.8558354
228	506	-4.8562865
595	472	-4.857642
553	561	-4.858039
511	577	-4.858368
812	661	-4.859167
196	521	-4.860778
86	548	-4.8629537
348	671	-4.8638825
574	590	-4.864732
591	422	-4.86532
116	630	-4.865478
508	592	-4.867429
479	392	-4.8682313
164	487	-4.8697248
773	618	-4.8707023
486	500	-4.870883
256	632	-4.8729467
26	283	-4.873067
35	132	-4.8732285
98	595	-4.8735185
515	625	-4.8738866
684	653	-4.876344
151	515	-4.8774934
136	471	-4.878347
479	425	-4.881075
88	516	-4.8820524
333	671	-4.882354
534	604	-4.885348
813	668	-4.8863506
264	632	-4.8871017
235	667	-4.887131
319	649	-4.888656
621	644	-4.889416
739	627	-4.890101
793	509	-4.890265
134	581	-4.890828
776	523	-4.8914165
167	514	-4.8918962
751	542	-4.8933024
655	608	-4.8954306
531	377	-4.895834
36	487	-4.8960705
650	608	-4.897081
58	585	-4.89716
566	474	-4.897724
780	605	-4.897822
43	233	-4.897935
267	635	-4.899508
205	518	-4.899576
40	225	-4.8997493
570	438	-4.902058
72	599	-4.902233
43	97	-4.9022894
629	372	-4.9026585
740	594	-4.9037704
49	116	-4.9038076
201	527	-4.9041963
605	609	-4.904878
751	583	-4.9053264
157	573	-4.9053445
754	605	-4.9056726
489	550	-4.9057703
624	648	-4.905797
555	509	-4.9058094
437	564	-4.905878
509	431	-4.905982
643	643	-4.9066133
545	502	-4.906832
468	641	-4.9068794
39	249	-4.9074807
307	651	-4.908618
157	608	-4.9088593
448	446	-4.9090414
767	538	-4.9091873
279	638	-4.909223
53	462	-4.9093847
109	580	-4.9095097
635	371	-4.9105444
505	596	-4.910772
578	497	-4.911441
440	592	-4.912837
486	517	-4.9152684
641	382	-4.915466
60	652	-4.915758
529	443	-4.9158177
244	614	-4.915867
254	581	-4.916227
96	530	-4.917951
735	672	-4.9182115
562	405	-4.919418
187	606	-4.9210315
110	629	-4.9215827
89	36	-4.922431
64	528	-4.9232306
822	671	-4.92349
593	617	-4.923715
451	509	-4.925729
443	428	-4.9259725
635	637	-4.9259734
48	179	-4.926508
143	577	-4.926587
570	623	-4.926873
208	651	-4.9276724
278	626	-4.9277725
555	528	-4.9284086
39	122	-4.9285326
166	632	-4.928687
76	602	-4.928745
473	537	-4.9289627
500	635	-4.929537
549	656	-4.9304404
71	84	-4.931525
259	629	-4.9319167
187	535	-4.932353
729	622	-4.932382
645	630	-4.93248
487	578	-4.9343004
657	417	-4.9343266
571	611	-4.9348044
207	572	-4.9349704
490	501	-4.9352756
171	594	-4.935293
339	671	-4.9355617
132	509	-4.9362063
448	437	-4.9369154
112	604	-4.9370675
612	585	-4.937709
52	29	-4.938127
653	391	-4.9397016
614	357	-4.940335
299	673	-4.9416323
425	650	-4.942049
639	636	-4.943139
492	405	-4.9442806
580	355	-4.944357
563	520	-4.9445105
770	667	-4.9459906
64	651	-4.946902
549	362	-4.948063
507	628	-4.9481783
780	672	-4.949168
159	647	-4.949272
717	610	-4.951026
606	369	-4.954529
571	528	-4.9555387
40	617	-4.956733
597	605	-4.9569454
628	611	-4.958531
734	655	-4.958709
246	621	-4.959007
445	481	-4.9591975
498	639	-4.9592853
153	585	-4.9596767
34	611	-4.9597945
27	246	-4.960479
125	582	-4.961872
198	512	-4.961908
740	622	-4.9629836
791	616	-4.963568
586	506	-4.964343
448	454	-4.9647913
814	504	-4.965182
168	639	-4.9656506
328	660	-4.966486
475	639	-4.9675226
512	428	-4.967872
111	483	-4.968155
147	606	-4.9690266
569	340	-4.9693327
65	54	-4.969986
33	258	-4.9717054
606	497	-4.9730887
195	637	-4.9731674
448	542	-4.973187
100	565	-4.9734144
530	359	-4.9745107
582	572	-4.9750767
41	202	-4.975597
162	613	-4.9763823
562	548	-4.9770722
34	88	-4.979163
449	471	-4.980192
757	651	-4.9805984
65	92	-4.982179
40	584	-4.983775
488	509	-4.9839063
114	584	-4.985763
791	585	-4.9858847
617	599	-4.9868565
81	58	-4.987925
660	609	-4.988021
807	655	-4.9889274
126	610	-4.990148
134	467	-4.9907384
45	123	-4.991282
671	389	-4.991475
810	665	-4.9916
37	614	-4.991825
525	365	-4.9918675
558	378	-4.991893
450	502	-4.9925
119	598	-4.99261
225	593	-4.992679
593	652	-4.993614
241	601	-4.994584
46	220	-4.9949007
231	664	-4.994997
660	673	-4.9952483
58	488	-4.9955378
587	617	-4.996013
353	673	-4.996179
139	634	-4.99639
175	652	-4.996625
255	673	-4.996845
549	473	-4.9968987
730	647	-4.997938
608	627	-4.998264
644	401	-4.998354
440	436	-4.9995327
50	136	-4.9996233
566	604	-5.0001507
744	587	-5.000272
542	512	-5.000733
295	614	-5.000963
636	600	-5.0016947
155	485	-5.0033817
562	389	-5.004026
96	582	-5.0044646
480	587	-5.0045767
46	35	-5.0050893
448	529	-5.0058637
416	671	-5.0059986
543	341	-5.006183
280	608	-5.0064125
670	634	-5.006652
112	594	-5.0069885
280	648	-5.008761
538	569	-5.009059
69	629	-5.009378
514	564	-5.0094914
85	656	-5.0097957
66	60	-5.011078
595	413	-5.011996
35	59	-5.0120277
287	637	-5.0121403
503	563	-5.012377
634	624	-5.0128617
637	408	-5.0130916
136	479	-5.013895
537	619	-5.0139723
542	598	-5.014074
173	601	-5.0141306
47	505	-5.014233
239	672	-5.0153284
39	114	-5.016996
452	435	-5.0182667
85	44	-5.0185804
759	549	-5.0187507
735	605	-5.019216
736	624	-5.019585
312	670	-5.0197134
762	672	-5.0203485
211	574	-5.0205956
625	620	-5.021229
557	408	-5.021455
46	43	-5.022406
569	644	-5.0251446
79	562	-5.025484
98	601	-5.0259566
475	484	-5.027138
481	430	-5.027406
514	549	-5.0274234
608	424	-5.027573
453	457	-5.0276804
171	543	-5.027724
88	521	-5.0277457
131	566	-5.028646
523	418	-5.028896
519	427	-5.029122
486	484	-5.0307493
508	489	-5.031566
609	588	-5.031647
73	632	-5.0319667
613	624	-5.032829
283	672	-5.033827
605	602	-5.0344334
70	452	-5.0348334
165	623	-5.034891
95	472	-5.035575
599	638	-5.0366287
441	632	-5.036638
172	623	-5.0386534
559	610	-5.038937
37	634	-5.039272
523	450	-5.040481
44	487	-5.04104
701	630	-5.04289
701	405	-5.043108
536	599	-5.0439773
48	626	-5.0452213
551	662	-5.0457497
558	614	-5.046057
648	633	-5.047422
442	555	-5.048568
49	184	-5.0490212
66	624	-5.050405
55	58	-5.0504436
532	626	-5.050993
474	395	-5.0514216
239	501	-5.052166
604	623	-5.0530643
62	545	-5.053395
607	594	-5.0538244
527	451	-5.0539417
518	489	-5.054155
591	414	-5.054279
568	662	-5.055136
363	671	-5.05572
797	577	-5.0557446
590	597	-5.056504
157	503	-5.056548
55	108	-5.0566363
520	601	-5.0570483
574	576	-5.0576806
750	526	-5.0581603
761	544	-5.058988
193	549	-5.060024
540	529	-5.0601134
130	475	-5.061035
484	553	-5.0615935
243	508	-5.062041
804	667	-5.062149
273	660	-5.062244
510	467	-5.0622463
236	602	-5.062521
35	622	-5.062745
236	559	-5.0637975
100	583	-5.06418
606	432	-5.064497
62	593	-5.0674872
827	670	-5.067685
53	491	-5.0680103
720	661	-5.068205
489	394	-5.0732527
328	647	-5.0736003
598	528	-5.073619
599	560	-5.0738277
103	616	-5.074219
101	533	-5.0743675
59	590	-5.075179
621	404	-5.0758843
557	402	-5.076352
593	449	-5.0769243
37	141	-5.0770974
466	627	-5.0773025
28	271	-5.077515
532	650	-5.077572
754	519	-5.0787053
553	542	-5.0795527
30	632	-5.079793
19	330	-5.0801525
607	654	-5.080413
619	399	-5.080554
19	274	-5.0820203
41	135	-5.082544
629	352	-5.082948
32	339	-5.08353
260	598	-5.084457
728	609	-5.0854254
275	629	-5.0862474
666	673	-5.0865016
358	651	-5.0869656
742	613	-5.0900903
710	603	-5.0905766
270	644	-5.0913486
362	652	-5.093503
49	84	-5.0937257
256	602	-5.094222
510	602	-5.09443
537	627	-5.095521
794	670	-5.096476
204	569	-5.096642
146	611	-5.098454
776	657	-5.0985303
559	578	-5.098848
518	595	-5.099149
600	590	-5.1001773
45	580	-5.100754
61	108	-5.1008363
623	395	-5.1014013
567	516	-5.101433
513	611	-5.1014857
439	651	-5.102504
122	622	-5.103601
191	670	-5.105396
34	43	-5.108216
555	514	-5.111208
590	457	-5.1119657
586	555	-5.112103
20	268	-5.112131
321	672	-5.112556
599	523	-5.1126666
74	580	-5.1132283
56	120	-5.113625
713	649	-5.114013
577	563	-5.114582
597	565	-5.1156597
813	536	-5.116029
32	263	-5.1160336
136	631	-5.1166887
172	517	-5.1168914
774	492	-5.117321
475	515	-5.1173763
189	519	-5.1174607
51	165	-5.1177444
82	588	-5.1177983
518	409	-5.117854
578	567	-5.11835
247	670	-5.1184926
566	537	-5.119237
542	543	-5.1192946
610	577	-5.1193495
379	650	-5.1194024
487	453	-5.1196365
603	565	-5.1204424
67	602	-5.120848
310	639	-5.1217036
161	660	-5.1217856
102	576	-5.122022
50	161	-5.123354
551	358	-5.123798
628	381	-5.1241755
550	532	-5.124288
665	417	-5.1249123
472	599	-5.125172
588	480	-5.125262
72	88	-5.1259956
409	671	-5.1272254
58	83	-5.127645
568	390	-5.1287556
289	672	-5.128995
514	406	-5.1291213
744	666	-5.130278
635	605	-5.1303015
795	500	-5.131072
284	660	-5.131564
254	606	-5.131626
777	614	-5.1318297
85	52	-5.132308
532	632	-5.132574
116	608	-5.132829
57	614	-5.133806
540	521	-5.1354113
39	162	-5.136135
485	411	-5.1370554
446	485	-5.1375237
480	573	-5.13769
35	170	-5.1384683
90	559	-5.1390853
152	620	-5.1398425
6	279	-5.1404023
38	118	-5.1413326
750	607	-5.141833
111	633	-5.1421146
199	670	-5.142669
772	519	-5.143664
530	415	-5.1449666
600	443	-5.14501
514	538	-5.1461487
155	660	-5.149215
61	101	-5.1492176
192	575	-5.149637
78	581	-5.150502
605	530	-5.150879
647	396	-5.1519227
47	90	-5.152163
79	640	-5.1531754
61	642	-5.15344
114	620	-5.1540847
520	578	-5.154534
520	401	-5.155361
696	429	-5.156866
83	515	-5.159627
573	497	-5.1599154
209	589	-5.160033
552	566	-5.16029
454	470	-5.1616664
675	609	-5.1616836
51	629	-5.161934
792	505	-5.162381
35	38	-5.1625423
175	542	-5.1633296
64	597	-5.1637263
343	672	-5.1641297
196	576	-5.1642976
63	97	-5.16531
610	400	-5.165697
102	602	-5.166506
50	175	-5.1676445
614	419	-5.167666
563	411	-5.167707
159	499	-5.168213
47	439	-5.1685514
618	376	-5.1688504
256	616	-5.1695094
568	512	-5.170804
19	339	-5.1716223
640	413	-5.172117
188	635	-5.1724014
814	544	-5.1726484
692	651	-5.1749597
758	666	-5.17497
539	613	-5.1753674
502	556	-5.1761107
179	546	-5.1765265
42	156	-5.177124
713	609	-5.1771283
53	112	-5.1790867
606	420	-5.179098
558	477	-5.179202
176	500	-5.179928
576	584	-5.182979
69	637	-5.1842675
65	550	-5.1846895
142	493	-5.1852174
526	658	-5.185442
47	193	-5.1861806
75	561	-5.1864963
521	553	-5.1872687
122	469	-5.1877403
549	541	-5.1878905
697	599	-5.1881223
594	486	-5.1895757
528	455	-5.189686
91	589	-5.190956
6	311	-5.1913524
163	509	-5.191967
58	597	-5.192363
584	354	-5.1925654
518	500	-5.193572
809	573	-5.194069
53	117	-5.1951094
747	671	-5.1953053
592	613	-5.195411
34	323	-5.1958323
578	575	-5.1960335
810	620	-5.19636
591	383	-5.196443
240	660	-5.197266
518	369	-5.19819
46	135	-5.199677
635	643	-5.199957
823	665	-5.2009215
440	460	-5.2009377
684	412	-5.201268
522	424	-5.2014647
498	587	-5.201923
588	637	-5.2021494
48	525	-5.203213
500	628	-5.2034163
41	625	-5.204304
632	411	-5.2058554
472	529	-5.207319
475	627	-5.2077403
551	571	-5.209272
483	440	-5.209719
635	632	-5.2101083
267	664	-5.2101436
78	89	-5.210215
271	620	-5.2111907
205	528	-5.211383
46	225	-5.212576
605	397	-5.2137103
609	623	-5.214528
559	551	-5.214593
160	630	-5.216112
444	452	-5.2169776
780	518	-5.217891
30	625	-5.2184753
674	673	-5.2185874
591	374	-5.218783
798	596	-5.2190075
594	532	-5.219603
653	642	-5.2196794
111	587	-5.2199965
704	599	-5.220581
467	649	-5.220635
29	158	-5.2216606
31	33	-5.2216716
183	652	-5.2217875
664	421	-5.2218246
584	441	-5.223372
543	586	-5.2245965
593	409	-5.2251906
135	615	-5.2252545
522	434	-5.225467
136	510	-5.2261915
514	621	-5.226908
511	533	-5.2272706
569	569	-5.2277308
160	570	-5.228555
36	100	-5.228958
558	386	-5.2296457
272	616	-5.2298694
194	537	-5.230025
511	567	-5.230036
30	279	-5.2304363
457	658	-5.2308984
201	515	-5.231638
729	605	-5.231665
698	652	-5.231852
47	464	-5.2319655
130	552	-5.232036
599	414	-5.232928
559	604	-5.2346396
68	598	-5.2354665
526	410	-5.2356954
51	454	-5.2359324
746	574	-5.236503
655	597	-5.2366695
66	504	-5.2385178
35	577	-5.238577
565	621	-5.239364
252	629	-5.2418184
64	632	-5.2428074
30	58	-5.2429028
433	650	-5.2449236
645	600	-5.2449474
444	420	-5.2460628
589	440	-5.246419
490	398	-5.246473
146	580	-5.246591
756	568	-5.2478185
545	509	-5.2480316
190	538	-5.2498183
489	458	-5.2501926
808	660	-5.2513666
29	616	-5.2526617
566	337	-5.253836
529	387	-5.253862
39	43	-5.2543426
42	151	-5.2547326
132	630	-5.254875
590	629	-5.2552752
96	572	-5.2553034
600	404	-5.2561493
279	660	-5.2567945
243	666	-5.257359
631	403	-5.2577596
628	616	-5.257947
629	392	-5.257981
550	366	-5.2583213
831	672	-5.25918
596	422	-5.259836
584	420	-5.2599387
398	658	-5.260696
312	627	-5.2614055
168	538	-5.261772
560	563	-5.263039
755	558	-5.263294
56	542	-5.2633657
103	572	-5.2644825
252	624	-5.264657
193	527	-5.264771
33	269	-5.265766
77	84	-5.265999
65	670	-5.2664495
116	655	-5.266678
789	500	-5.267548
50	585	-5.2680497
276	642	-5.2683635
513	423	-5.2697453
555	550	-5.2708583
68	89	-5.271495
234	672	-5.2715745
243	654	-5.273259
601	611	-5.2733083
284	614	-5.273932
183	670	-5.2742724
815	609	-5.275031
480	487	-5.2755985
62	28	-5.2756124
509	493	-5.2759104
649	660	-5.276217
600	375	-5.2765503
518	379	-5.277721
272	664	-5.2778406
631	602	-5.278351
490	417	-5.278955
580	653	-5.2799435
181	503	-5.283047
152	607	-5.2831044
489	430	-5.2838764
805	584	-5.2841115
599	594	-5.2853365
71	603	-5.2864795
135	627	-5.2869434
267	601	-5.2874637
403	671	-5.287496
231	588	-5.2881737
689	437	-5.288444
6	304	-5.288895
451	518	-5.289236
512	463	-5.2893248
145	671	-5.2897897
252	601	-5.2899055
621	618	-5.290485
509	413	-5.291728
513	436	-5.291868
480	545	-5.292792
449	450	-5.292866
776	517	-5.293668
613	361	-5.294499
661	392	-5.2946744
110	622	-5.2960916
30	101	-5.2962766
680	413	-5.2965612
65	641	-5.296891
59	95	-5.297576
551	555	-5.297702
138	572	-5.298069
805	628	-5.298418
564	648	-5.2987185
60	112	-5.2990255
580	512	-5.2994776
649	417	-5.2999353
514	378	-5.300256
148	642	-5.3005266
598	481	-5.3008757
569	541	-5.300939
127	500	-5.3009534
501	422	-5.301262
162	620	-5.302227
520	589	-5.3024106
783	653	-5.3025026
589	569	-5.302731
54	68	-5.3028574
57	124	-5.30295
444	521	-5.303231
643	635	-5.3042917
82	70	-5.305488
599	647	-5.305601
208	540	-5.305601
579	462	-5.305885
85	557	-5.306407
814	549	-5.3065963
201	580	-5.3069615
56	494	-5.306971
56	74	-5.3073363
775	532	-5.307483
605	569	-5.308026
479	569	-5.309704
483	391	-5.3097672
39	484	-5.3099446
591	601	-5.310405
654	412	-5.310831
718	656	-5.3109455
451	658	-5.3109803
814	617	-5.311026
448	459	-5.311929
207	514	-5.3120866
27	582	-5.312543
741	590	-5.3126874
512	410	-5.3128796
504	631	-5.313783
590	355	-5.313784
447	403	-5.3139567
324	648	-5.314369
175	595	-5.3149414
61	120	-5.3153715
127	467	-5.3157773
476	595	-5.315814
542	559	-5.31727
580	348	-5.317303
23	253	-5.3180904
68	576	-5.3181615
680	429	-5.319411
497	423	-5.3199234
749	571	-5.3205314
43	629	-5.3206778
474	543	-5.3213167
619	357	-5.321408
35	595	-5.3218575
487	462	-5.3221188
478	466	-5.322255
170	630	-5.3222623
594	439	-5.3224497
746	619	-5.323025
512	555	-5.324013
228	560	-5.3248053
108	602	-5.325252
559	597	-5.3252525
259	590	-5.326282
47	109	-5.3264494
264	624	-5.327224
638	640	-5.327238
155	654	-5.3279915
275	621	-5.3281164
93	522	-5.3286734
570	606	-5.32889
793	581	-5.329124
298	639	-5.3292994
694	435	-5.329999
831	661	-5.33165
384	650	-5.331916
477	584	-5.3320036
488	554	-5.33406
42	81	-5.3342676
104	624	-5.334778
272	671	-5.3351927
51	72	-5.335476
821	658	-5.3356867
104	582	-5.336182
833	666	-5.3366847
773	664	-5.336845
586	371	-5.3376694
510	571	-5.338088
547	561	-5.338411
539	340	-5.339057
75	455	-5.3396645
108	584	-5.3398395
592	359	-5.340403
515	636	-5.341079
163	590	-5.3414507
49	634	-5.342316
614	655	-5.344487
469	609	-5.344843
656	671	-5.3467646
189	511	-5.347274
602	381	-5.347826
444	539	-5.348134
130	612	-5.3488255
571	373	-5.349559
165	616	-5.350461
94	577	-5.351499
53	104	-5.352367
513	617	-5.3526382
542	582	-5.352774
184	518	-5.3538976
254	573	-5.353945
98	526	-5.354896
369	671	-5.3554497
40	5	-5.356652
386	671	-5.356793
621	605	-5.35755
642	592	-5.358145
166	627	-5.3587284
314	643	-5.3588653
250	610	-5.3600774
56	574	-5.360116
959	625	-5.3602247
252	595	-5.3602476
56	21	-5.361025
783	512	-5.3623304
279	671	-5.3630443
508	633	-5.3634744
675	652	-5.3635445
245	579	-5.364076
43	217	-5.3645263
260	606	-5.3652153
73	638	-5.3652453
441	578	-5.3658924
187	671	-5.366776
586	613	-5.367125
162	502	-5.368008
260	614	-5.368016
487	670	-5.368496
593	460	-5.36876
248	602	-5.369041
557	672	-5.3691463
146	489	-5.3696566
159	655	-5.3708987
506	427	-5.370901
6	284	-5.371143
124	655	-5.3714166
485	416	-5.3714595
152	503	-5.37213
488	406	-5.372304
479	452	-5.3733892
753	672	-5.3743534
29	209	-5.375981
445	473	-5.377909
466	673	-5.378278
716	603	-5.378474
239	564	-5.379137
564	673	-5.379534
293	653	-5.379709
541	539	-5.3806286
534	610	-5.3807797
519	421	-5.38199
242	610	-5.3823514
6	316	-5.382878
489	423	-5.382916
33	343	-5.383575
806	624	-5.383904
592	605	-5.3860183
54	584	-5.386048
809	564	-5.3860955
480	482	-5.3877516
128	662	-5.387956
521	476	-5.3882427
542	590	-5.388569
554	533	-5.389516
47	102	-5.390888
240	605	-5.391765
604	519	-5.3924184
559	521	-5.392687
485	428	-5.393392
137	654	-5.3943944
612	660	-5.395646
55	589	-5.395691
464	635	-5.3970075
603	593	-5.3978953
6	274	-5.39913
44	199	-5.3993387
511	630	-5.4010897
550	482	-5.401961
544	578	-5.402382
31	274	-5.40269
470	637	-5.4032216
502	643	-5.404973
520	447	-5.4081883
520	438	-5.4085965
428	639	-5.4087167
807	578	-5.409022
737	617	-5.409357
543	547	-5.4095345
44	523	-5.4107556
770	491	-5.411117
600	622	-5.4111876
551	521	-5.4112644
263	628	-5.4116936
478	440	-5.412504
603	559	-5.4127197
489	448	-5.412844
282	642	-5.4131055
29	199	-5.4133306
448	467	-5.4133887
6	296	-5.413539
572	660	-5.415305
232	592	-5.4157176
288	647	-5.416154
6	257	-5.4167833
639	589	-5.4169064
41	28	-5.4169316
564	394	-5.4178505
284	634	-5.4191866
494	386	-5.419194
566	612	-5.4196005
703	603	-5.420176
663	599	-5.4204254
715	636	-5.420763
201	652	-5.42099
19	344	-5.4210567
547	551	-5.4213753
150	497	-5.421682
46	119	-5.4228554
660	655	-5.4231195
658	638	-5.423757
33	5	-5.424354
583	446	-5.424682
613	590	-5.4253817
176	671	-5.425822
58	27	-5.4291
527	394	-5.4292407
752	656	-5.42939
188	531	-5.4298797
116	480	-5.4309325
437	552	-5.430953
959	669	-5.431781
42	206	-5.4330645
120	656	-5.4338074
85	57	-5.434168
179	539	-5.434199
420	672	-5.4349184
454	476	-5.4367466
151	483	-5.4371777
108	613	-5.4375787
47	158	-5.4385567
117	580	-5.438616
582	480	-5.438941
21	283	-5.440387
161	529	-5.4419203
552	673	-5.442391
484	480	-5.4426956
505	500	-5.4439697
31	111	-5.4448357
817	672	-5.444973
51	171	-5.4452014
124	616	-5.445615
533	622	-5.447527
675	388	-5.4475417
621	600	-5.4486465
101	598	-5.4486732
685	673	-5.4510417
566	547	-5.4515595
736	601	-5.4516783
276	617	-5.451744
195	669	-5.4517493
142	483	-5.4524236
477	538	-5.45244
485	521	-5.4525375
537	590	-5.4529333
118	618	-5.453737
79	80	-5.4537554
567	562	-5.4538417
733	662	-5.4541125
68	21	-5.4542446
153	569	-5.454529
798	665	-5.4552817
657	660	-5.4555035
554	546	-5.4558144
449	482	-5.455962
600	367	-5.4564652
504	623	-5.4569683
526	358	-5.4573298
103	655	-5.4573913
235	597	-5.458313
709	607	-5.4587784
39	457	-5.458993
569	580	-5.4591627
498	579	-5.4602175
61	493	-5.4615192
67	439	-5.46164
57	102	-5.4626946
568	649	-5.4645376
505	509	-5.464897
6	290	-5.4658413
432	641	-5.466244
512	545	-5.466515
393	671	-5.4669003
587	416	-5.468249
108	655	-5.4683056
177	625	-5.4687533
590	476	-5.4697995
519	571	-5.4706793
559	591	-5.4717703
444	546	-5.4727182
345	651	-5.472938
303	672	-5.4729404
506	605	-5.4736333
43	130	-5.4738913
444	581	-5.4747624
533	639	-5.475387
577	593	-5.475591
131	471	-5.476683
29	177	-5.476706
88	47	-5.4768066
478	448	-5.4789166
711	667	-5.479774
265	671	-5.479811
487	544	-5.480695
548	565	-5.4808655
795	601	-5.482067
524	400	-5.4822335
530	365	-5.482293
65	628	-5.4828496
469	670	-5.483197
46	474	-5.483975
470	615	-5.485201
199	572	-5.48576
36	523	-5.485834
480	592	-5.486442
183	534	-5.4877515
475	496	-5.488161
562	399	-5.4881935
487	583	-5.488703
279	630	-5.48894
447	524	-5.4912214
621	624	-5.492536
197	508	-5.49401
352	666	-5.4960566
56	132	-5.497047
336	668	-5.4979057
586	376	-5.5002227
596	517	-5.5004272
51	536	-5.50054
374	672	-5.50379
37	158	-5.5038843
77	576	-5.5056906
519	393	-5.5072436
502	574	-5.5076237
234	510	-5.5092673
520	388	-5.509727
546	664	-5.5097604
484	561	-5.50979
35	335	-5.510203
189	544	-5.512266
578	478	-5.514535
125	488	-5.5152926
171	521	-5.515637
93	656	-5.517296
624	380	-5.517424
513	509	-5.518017
548	671	-5.518583
445	434	-5.519329
38	253	-5.5208797
606	388	-5.52194
582	590	-5.5219674
920	653	-5.522591
584	359	-5.523408
487	565	-5.523764
562	664	-5.52379
523	428	-5.5243416
480	551	-5.5248065
543	574	-5.526002
57	116	-5.5260034
483	476	-5.52652
613	423	-5.5276384
663	670	-5.5277734
514	394	-5.528187
274	656	-5.5293818
65	497	-5.5296574
177	661	-5.5298843
36	626	-5.530065
581	437	-5.5302615
204	670	-5.531035
494	652	-5.5318756
680	673	-5.5318785
51	528	-5.5323105
532	644	-5.5331383
599	391	-5.5336637
571	670	-5.533838
22	322	-5.5347915
641	673	-5.534903
168	620	-5.5354805
509	485	-5.5357156
155	612	-5.535874
641	387	-5.536179
598	454	-5.536446
49	140	-5.5374284
479	471	-5.5375185
442	507	-5.537674
598	536	-5.5382104
462	671	-5.538529
325	667	-5.539504
541	602	-5.5395904
576	378	-5.539787
196	673	-5.5408263
756	655	-5.5410438
585	407	-5.5417566
504	531	-5.541825
819	664	-5.542525
146	517	-5.5444384
82	62	-5.5444713
615	408	-5.544721
784	517	-5.5448494
70	38	-5.5453606
485	457	-5.5460896
167	660	-5.5461836
110	479	-5.546894
571	478	-5.548316
83	671	-5.548582
505	417	-5.549501
38	80	-5.549554
805	648	-5.5497127
486	495	-5.5498934
29	335	-5.5499516
152	511	-5.550041
527	469	-5.5502944
336	660	-5.550934
313	658	-5.551335
610	417	-5.5517063
18	334	-5.552186
588	486	-5.5536404
510	403	-5.5547357
54	516	-5.555008
171	670	-5.55522
437	602	-5.555251
232	561	-5.5553827
475	567	-5.5554156
264	607	-5.556056
699	409	-5.5561686
565	441	-5.557403
203	643	-5.558763
58	128	-5.5589633
590	620	-5.5593257
382	672	-5.559694
701	673	-5.559921
390	652	-5.5601926
38	145	-5.5604105
45	5	-5.5607347
217	672	-5.5609856
959	651	-5.561102
590	609	-5.561192
790	514	-5.561232
577	468	-5.561384
578	604	-5.5625353
282	668	-5.562588
733	642	-5.56291
649	595	-5.5645294
51	581	-5.5649137
330	668	-5.5653167
41	245	-5.5657277
440	624	-5.5667043
153	524	-5.5670204
157	618	-5.56765
45	459	-5.56919
475	588	-5.569789
30	321	-5.572297
521	655	-5.5727134
493	422	-5.573099
513	418	-5.5744915
504	567	-5.5746565
148	616	-5.57936
289	660	-5.5794697
508	547	-5.5806203
124	660	-5.5813475
44	634	-5.58262
573	512	-5.583024
580	421	-5.5834665
604	524	-5.5844536
206	646	-5.585624
440	574	-5.5857773
8	300	-5.5862756
31	607	-5.5868645
475	501	-5.5876803
558	642	-5.5884824
710	632	-5.58938
66	35	-5.589447
510	652	-5.591541
429	646	-5.592031
6	265	-5.5921683
752	530	-5.5922527
480	670	-5.5924177
448	513	-5.592519
474	670	-5.595338
446	463	-5.595444
66	29	-5.595897
54	80	-5.5963535
576	662	-5.596427
614	393	-5.597598
474	551	-5.5991344
510	620	-5.5992713
651	673	-5.6000447
490	516	-5.601911
439	588	-5.6029816
573	343	-5.6030173
565	419	-5.603259
816	660	-5.6036468
226	672	-5.6037884
661	416	-5.605564
96	590	-5.606099
802	673	-5.607516
48	21	-5.607562
42	342	-5.6086283
727	672	-5.609099
682	632	-5.6096115
609	372	-5.6111584
31	283	-5.611182
523	467	-5.6113777
34	277	-5.6131325
568	521	-5.613261
598	449	-5.6132755
261	594	-5.6136556
800	565	-5.6145544
440	582	-5.615095
6	454	-5.6153226
185	601	-5.6153717
438	570	-5.6156964
663	639	-5.6158786
573	581	-5.6165338
617	372	-5.616565
153	616	-5.6169033
189	652	-5.617607
251	669	-5.617731
685	649	-5.61818
604	377	-5.618213
643	604	-5.6197677
449	425	-5.6199417
504	438	-5.61996
587	590	-5.6239195
471	629	-5.624685
264	616	-5.624698
561	670	-5.6247377
525	662	-5.624889
99	474	-5.6257052
590	406	-5.626168
108	673	-5.6263366
24	287	-5.62654
697	631	-5.626559
40	21	-5.6274667
603	417	-5.627545
43	112	-5.62788
571	573	-5.6279826
491	512	-5.628571
517	496	-5.629173
48	197	-5.6298013
747	578	-5.629893
709	671	-5.6301064
748	513	-5.6305785
634	353	-5.6327877
155	628	-5.6328855
77	671	-5.6336546
46	94	-5.633685
398	671	-5.6342497
180	634	-5.634396
437	446	-5.635618
624	673	-5.63578
479	653	-5.6360707
305	644	-5.637255
635	673	-5.6374016
479	477	-5.63744
692	430	-5.6381207
633	384	-5.639053
780	656	-5.6391816
41	643	-5.6396346
44	652	-5.639887
142	628	-5.640243
569	635	-5.641662
6	249	-5.641751
48	609	-5.6421757
635	394	-5.6426673
490	472	-5.6429453
618	418	-5.6433682
731	671	-5.643374
221	673	-5.644623
775	527	-5.645288
679	421	-5.645373
509	443	-5.645965
54	88	-5.6464143
162	634	-5.6465387
732	625	-5.6465874
693	632	-5.64662
498	673	-5.6469927
777	608	-5.64763
174	538	-5.648406
644	660	-5.6485167
73	575	-5.648682
605	619	-5.648943
541	533	-5.649851
510	625	-5.6505013
646	673	-5.650557
959	633	-5.6507382
90	579	-5.651548
483	570	-5.6533213
245	628	-5.653323
167	592	-5.6547923
34	483	-5.6551867
61	21	-5.655895
183	507	-5.657407
590	394	-5.6581883
69	557	-5.6583858
55	580	-5.6589885
817	605	-5.661778
517	485	-5.6621213
219	545	-5.6622577
789	508	-5.6622953
479	532	-5.66245
746	519	-5.664048
599	495	-5.665295
230	670	-5.6666026
347	666	-5.6666756
87	660	-5.6670065
583	548	-5.6674786
77	656	-5.667932
731	618	-5.668131
39	257	-5.6687083
490	485	-5.669501
63	523	-5.6695833
686	631	-5.6702743
693	601	-5.671257
434	606	-5.671761
527	426	-5.672554
477	505	-5.673941
772	484	-5.6741347
805	590	-5.67484
100	671	-5.6753936
26	182	-5.6760345
699	401	-5.676528
610	597	-5.6777353
31	48	-5.6782546
817	541	-5.67913
48	151	-5.6800737
102	594	-5.6806793
165	671	-5.6811137
685	429	-5.6821327
46	205	-5.6823196
261	619	-5.6832438
297	647	-5.6834674
568	395	-5.683778
607	439	-5.6845717
575	671	-5.6846538
311	623	-5.6852784
610	619	-5.6855793
566	445	-5.6859064
138	466	-5.686567
741	618	-5.6870294
688	606	-5.6874576
268	606	-5.688524
280	664	-5.6900535
248	657	-5.690264
260	673	-5.690502
705	632	-5.6905804
512	496	-5.691459
473	510	-5.6920733
54	485	-5.693244
532	352	-5.6933236
52	157	-5.6935077
475	574	-5.6935225
5	522	-5.693729
6	459	-5.694175
150	612	-5.6948113
537	673	-5.6956296
436	591	-5.695716
82	75	-5.6958866
141	673	-5.6959567
409	649	-5.697088
555	660	-5.6972485
159	484	-5.6973825
665	595	-5.6976767
471	578	-5.700579
45	85	-5.7006845
625	604	-5.700976
569	666	-5.7012453
5	541	-5.7015095
378	671	-5.701645
664	607	-5.7023277
98	578	-5.702414
189	501	-5.7024565
622	387	-5.702523
249	581	-5.703491
588	360	-5.7038493
512	505	-5.7038617
523	462	-5.704676
252	586	-5.70472
761	538	-5.7058096
235	502	-5.706542
572	516	-5.7071104
487	468	-5.70953
613	382	-5.7122498
610	408	-5.71294
594	417	-5.7129774
577	342	-5.7135463
569	599	-5.7136564
91	555	-5.7151937
491	390	-5.715465
517	504	-5.716041
298	669	-5.716147
600	359	-5.716757
26	172	-5.717072
610	428	-5.7179685
35	630	-5.719713
837	672	-5.719777
227	589	-5.720389
6	321	-5.7205977
260	586	-5.721505
497	595	-5.722678
626	624	-5.723295
583	414	-5.723781
6	385	-5.724078
754	668	-5.724368
176	518	-5.724555
82	463	-5.7246842
485	449	-5.7252254
130	626	-5.7254376
622	632	-5.726029
690	673	-5.7261453
458	673	-5.7261944
174	629	-5.726199
615	413	-5.7263637
159	578	-5.726665
93	672	-5.7280183
85	440	-5.7284865
751	536	-5.7299194
474	643	-5.7305474
253	591	-5.7330127
70	505	-5.733078
722	605	-5.733432
39	580	-5.734242
149	623	-5.73433
64	104	-5.7353134
677	670	-5.736771
69	671	-5.7371974
693	414	-5.7382374
29	65	-5.7383213
56	522	-5.738463
42	454	-5.7390547
122	549	-5.7400327
308	620	-5.740331
523	455	-5.741529
624	372	-5.742862
147	566	-5.7440524
613	376	-5.7442007
569	550	-5.7442493
149	660	-5.744268
489	520	-5.7443066
268	614	-5.744336
514	488	-5.745168
342	668	-5.7457523
48	531	-5.7459273
496	406	-5.746159
151	507	-5.74648
140	563	-5.7470446
171	662	-5.7481275
526	381	-5.7483764
818	647	-5.748828
121	465	-5.7493505
719	665	-5.750521
575	363	-5.750749
477	673	-5.7514668
77	94	-5.752072
146	482	-5.7527485
180	673	-5.7529516
44	229	-5.7537537
596	644	-5.7537723
30	287	-5.7556334
557	574	-5.755679
85	67	-5.7561483
510	608	-5.7561736
30	122	-5.756898
266	620	-5.757249
501	648	-5.7572994
613	397	-5.7577295
55	96	-5.758124
550	525	-5.758463
715	671	-5.7586217
46	622	-5.7586365
8	270	-5.7587843
959	656	-5.7591753
538	594	-5.7595005
827	658	-5.7600794
556	565	-5.760544
88	586	-5.7608047
818	545	-5.7610493
582	344	-5.7615275
126	620	-5.761528
43	469	-5.7617993
149	672	-5.762379
6	446	-5.762585
32	653	-5.7629285
309	673	-5.76308
491	669	-5.7631135
749	611	-5.763372
36	165	-5.7633862
442	499	-5.7633986
676	414	-5.763641
609	511	-5.763888
303	660	-5.763981
65	646	-5.764543
409	634	-5.765953
62	576	-5.7667665
53	625	-5.767633
131	654	-5.768646
239	580	-5.768965
157	671	-5.7693954
582	566	-5.7702594
787	674	-5.7708993
679	387	-5.771504
142	573	-5.77157
38	96	-5.7725644
87	466	-5.772893
569	498	-5.773271
127	671	-5.773528
233	584	-5.773951
671	420	-5.775222
769	487	-5.7755804
561	583	-5.7759714
569	386	-5.776125
748	667	-5.7764177
208	672	-5.776571
53	638	-5.7771816
51	436	-5.777685
680	652	-5.7782283
179	651	-5.778803
299	615	-5.7788086
6	533	-5.7790747
85	88	-5.7804112
629	673	-5.7821345
749	659	-5.782583
190	523	-5.782715
454	399	-5.782856
137	671	-5.784474
54	63	-5.7845864
318	645	-5.784736
65	620	-5.786369
467	631	-5.7865496
50	144	-5.7868233
596	635	-5.7878084
73	673	-5.7881217
817	507	-5.788977
23	345	-5.7894483
581	516	-5.7898083
30	315	-5.7907023
89	53	-5.7908945
570	545	-5.7909985
602	597	-5.792346
315	632	-5.792523
590	645	-5.7927504
634	359	-5.792819
183	662	-5.794036
450	475	-5.794567
291	615	-5.794733
498	391	-5.7948337
480	459	-5.7949038
39	441	-5.795006
53	92	-5.7977567
537	640	-5.7988887
42	139	-5.799051
506	651	-5.799436
562	656	-5.8011556
563	617	-5.8011875
660	596	-5.8015385
412	660	-5.8016186
221	660	-5.8016825
824	653	-5.802136
433	630	-5.8021517
521	585	-5.8025603
329	656	-5.802755
596	434	-5.80283
6	243	-5.803753
785	667	-5.803822
144	660	-5.8038325
469	645	-5.804438
507	564	-5.8075666
543	673	-5.8076916
642	639	-5.807847
504	671	-5.808019
723	673	-5.8082943
295	660	-5.8097744
506	600	-5.810505
535	647	-5.811558
959	619	-5.811838
276	665	-5.812204
6	434	-5.812213
269	668	-5.8122525
510	614	-5.8131304
6	150	-5.813657
61	671	-5.8140755
150	655	-5.814972
161	670	-5.8151264
586	605	-5.8158793
6	429	-5.816062
294	668	-5.8163915
81	86	-5.818626
213	673	-5.818874
475	633	-5.8195114
597	631	-5.820422
73	655	-5.821185
509	471	-5.821769
632	363	-5.8220234
19	325	-5.823176
574	388	-5.8247557
47	630	-5.825532
40	639	-5.826192
490	673	-5.8269687
630	635	-5.827123
23	248	-5.8291273
23	186	-5.829312
607	413	-5.8295317
712	662	-5.830366
509	455	-5.831174
5	438	-5.832126
242	597	-5.8326573
124	555	-5.832741
335	654	-5.8335285
500	621	-5.83366
262	664	-5.8339267
280	656	-5.834086
643	392	-5.8342614
504	523	-5.8345094
61	549	-5.8347707
111	658	-5.836036
528	439	-5.8382373
100	588	-5.83844
494	643	-5.841246
35	492	-5.84175
618	594	-5.8422337
166	534	-5.842736
6	332	-5.843515
49	460	-5.845858
287	668	-5.846743
5	517	-5.8475413
560	555	-5.8476458
783	675	-5.8476963
443	586	-5.848556
5	529	-5.8492646
32	574	-5.849804
72	447	-5.851715
135	475	-5.8520823
472	547	-5.8521056
818	601	-5.852306
598	555	-5.852311
782	632	-5.853832
581	562	-5.854746
590	554	-5.8559575
561	559	-5.8571267
135	569	-5.8572283
416	649	-5.8574595
92	660	-5.8576255
107	588	-5.8576965
202	523	-5.8584166
565	634	-5.8591394
569	630	-5.8597245
959	663	-5.860191
183	514	-5.8611093
131	665	-5.861231
32	29	-5.8618975
52	5	-5.8634014
636	387	-5.863415
581	554	-5.8653045
565	608	-5.866761
271	626	-5.869162
676	426	-5.869576
362	665	-5.8696203
332	662	-5.869644
479	444	-5.8696985
585	609	-5.8699336
538	609	-5.8709483
577	599	-5.8710938
689	648	-5.871815
811	643	-5.872235
8	261	-5.872242
49	521	-5.8731623
494	418	-5.873242
152	643	-5.8733096
57	136	-5.8739824
774	668	-5.874371
608	361	-5.8748198
40	519	-5.8749
284	646	-5.8750606
89	673	-5.876153
814	555	-5.8770137
23	318	-5.8781443
174	494	-5.8782134
474	604	-5.8782783
208	533	-5.8784165
511	541	-5.8785377
164	655	-5.8789935
105	670	-5.8795347
497	669	-5.8801823
434	626	-5.880684
406	658	-5.880763
250	504	-5.8809958
30	346	-5.8811293
6	142	-5.8827496
6	509	-5.8837075
562	613	-5.8842416
72	93	-5.8842835
601	395	-5.88542
256	626	-5.8865857
587	471	-5.8872786
576	617	-5.888271
746	542	-5.888547
231	557	-5.890654
959	639	-5.89093
71	562	-5.891753
421	651	-5.892129
43	210	-5.893381
28	330	-5.893405
716	640	-5.8937807
527	406	-5.8942513
112	671	-5.894865
817	597	-5.8951654
653	416	-5.895438
320	667	-5.895797
765	502	-5.8966074
400	648	-5.8966784
35	21	-5.897435
248	625	-5.8985524
442	464	-5.8987107
788	504	-5.8988614
573	603	-5.900496
48	98	-5.9019976
25	176	-5.9023
665	648	-5.902742
300	643	-5.9041624
110	617	-5.904371
452	673	-5.9044547
585	389	-5.9058595
609	500	-5.906098
675	635	-5.9064245
577	542	-5.906425
627	600	-5.9067063
533	654	-5.907513
53	150	-5.90779
555	570	-5.908075
758	518	-5.9086227
42	507	-5.909528
28	164	-5.9096346
518	397	-5.911818
788	625	-5.91269
290	640	-5.912788
607	660	-5.912969
26	291	-5.9131083
515	473	-5.9136853
579	547	-5.913758
658	389	-5.913944
598	487	-5.9144077
468	622	-5.915637
5	550	-5.9172764
574	568	-5.9182734
635	654	-5.9195137
176	513	-5.9202914
575	621	-5.9207416
518	417	-5.922345
811	610	-5.922896
255	598	-5.923962
593	566	-5.9258223
318	639	-5.9259763
46	147	-5.92617
683	388	-5.926304
283	619	-5.926346
43	241	-5.927044
838	665	-5.9274864
131	673	-5.9276047
116	660	-5.927635
106	619	-5.928635
6	155	-5.929901
565	551	-5.9300756
514	365	-5.930449
514	373	-5.930896
547	535	-5.9313393
600	602	-5.9317822
444	458	-5.9321523
486	473	-5.932361
6	340	-5.933256
140	617	-5.93392
501	407	-5.9341187
482	501	-5.935155
184	633	-5.9354143
252	660	-5.936113
487	532	-5.936179
757	660	-5.9366035
803	632	-5.938269
85	567	-5.9385934
41	88	-5.939156
479	628	-5.9407973
183	540	-5.941252
484	444	-5.9413633
70	5	-5.9434633
210	517	-5.944688
353	662	-5.944844
136	664	-5.9466505
487	571	-5.946873
130	487	-5.947231
145	639	-5.9472413
546	555	-5.9473443
723	609	-5.9482207
596	444	-5.9495726
624	639	-5.9500895
5	450	-5.9507318
550	666	-5.9519854
168	524	-5.953092
594	389	-5.953363
712	599	-5.9539533
194	545	-5.9557643
61	625	-5.95584
30	310	-5.9568386
116	603	-5.9573083
6	545	-5.9594436
697	672	-5.959786
176	635	-5.960372
578	452	-5.960777
159	640	-5.9613485
10	283	-5.962104
6	237	-5.962432
6	491	-5.9628353
409	622	-5.964692
572	377	-5.9655204
527	373	-5.9655867
609	404	-5.9668365
441	551	-5.968301
480	637	-5.9686356
81	92	-5.9727373
473	608	-5.973369
506	619	-5.9740477
810	625	-5.97484
92	573	-5.9767632
576	370	-5.9768515
108	595	-5.977465
765	530	-5.9774714
766	534	-5.978014
20	288	-5.978901
653	593	-5.9789233
39	502	-5.978934
730	656	-5.98051
616	673	-5.9817433
702	607	-5.9820476
396	662	-5.9821334
512	440	-5.9822536
573	421	-5.983407
477	527	-5.984551
267	596	-5.9849663
697	413	-5.985015
571	563	-5.986514
294	638	-5.987379
58	546	-5.989011
243	567	-5.989029
568	504	-5.990545
556	524	-5.990748
8	136	-5.99182
645	656	-5.992139
32	128	-5.9923525
580	360	-5.992774
587	364	-5.9933677
586	475	-5.993749
508	394	-5.994166
686	434	-5.994622
404	647	-5.9946327
791	656	-5.994669
604	436	-5.995477
668	423	-5.995902
567	533	-5.996088
169	656	-5.9989643
6	326	-5.9990044
66	50	-5.999897
