x_coord	y_coord	score
327	238	0.1550211
85	243	0.15114966
126	244	0.13904765
369	235	0.13117322
336	238	0.1294336
323	239	0.12567422
177	246	0.12105486
120	244	0.12087169
389	234	0.12074718
332	239	0.09805539
393	233	0.091697484
110	243	0.0857878
131	244	0.08518699
384	234	0.08112404
45	242	0.074655026
319	240	0.06431416
139	244	0.057629585
203	246	0.05271566
172	246	0.045763105
40	241	0.042222053
154	246	0.039741963
341	238	0.03679639
184	246	0.035568774
397	232	0.029309869
105	243	0.029130727
90	243	0.027348906
61	242	0.019013435
80	243	0.013958156
311	240	0.0031613708
52	243	0.0006469488
374	235	0.00011199713
168	245	-0.002056867
98	243	-0.0024383962
207	245	-0.014180869
150	244	-0.015803486
116	243	-0.021905065
56	242	-0.025400609
276	243	-0.027847886
306	240	-0.028515786
379	234	-0.03006336
135	245	-0.034042746
286	243	-0.038333565
144	244	-0.041075766
292	241	-0.048547894
35	241	-0.051145583
163	245	-0.05335298
28	240	-0.053912103
211	244	-0.059927434
603	210	-0.06018266
159	246	-0.07497078
315	238	-0.07712701
189	246	-0.08041704
224	245	-0.082877964
94	242	-0.08422062
365	236	-0.08617702
810	268	-0.09541273
359	236	-0.11271697
298	241	-0.11970851
280	244	-0.121721804
595	212	-0.12583008
69	241	-0.1263974
197	246	-0.133643
76	242	-0.13375142
180	243	-0.14198774
352	236	-0.14972118
345	237	-0.18123968
608	210	-0.18783309
433	228	-0.18836288
24	239	-0.19078642
220	244	-0.1908979
193	245	-0.19767943
421	228	-0.1993854
228	244	-0.20181344
413	230	-0.2088796
65	243	-0.20972022
599	211	-0.21470277
807	265	-0.21701632
272	242	-0.22372538
49	240	-0.22963318
123	247	-0.24211447
812	274	-0.24211593
302	239	-0.24370961
247	245	-0.2442054
429	227	-0.24689052
401	230	-0.25004625
134	241	-0.25087485
215	245	-0.25778568
417	229	-0.26365042
437	226	-0.266083
200	243	-0.2807569
805	259	-0.29006353
155	242	-0.29311746
174	242	-0.29491192
113	246	-0.29519463
409	231	-0.31143633
123	241	-0.31919628
425	230	-0.32340658
204	242	-0.3423057
117	247	-0.34549022
834	311	-0.34690478
102	246	-0.34949583
342	234	-0.35445
333	235	-0.36708406
32	238	-0.37041596
320	236	-0.37224132
53	239	-0.37298158
366	232	-0.374702
816	279	-0.3790212
91	239	-0.380908
442	226	-0.38104433
243	244	-0.3840565
196	242	-0.38631782
282	240	-0.38927504
310	236	-0.39269015
348	234	-0.39368948
119	240	-0.3968833
188	242	-0.39744818
405	232	-0.39771146
232	243	-0.39864147
373	231	-0.40038666
86	239	-0.40258038
446	224	-0.40321064
113	240	-0.4087724
838	317	-0.41489866
390	230	-0.4151423
95	246	-0.41566682
64	239	-0.42010516
147	247	-0.4228895
820	286	-0.4256881
127	248	-0.43270013
873	385	-0.43283656
102	240	-0.43547153
31	243	-0.4357149
20	240	-0.4393991
337	234	-0.4409585
73	239	-0.44635558
72	244	-0.45204344
550	219	-0.45449263
544	221	-0.4567586
470	222	-0.45712373
251	243	-0.45760927
825	298	-0.46200636
81	239	-0.46284196
362	233	-0.4635919
554	218	-0.46912852
324	235	-0.47068143
43	238	-0.47367513
357	232	-0.47812054
295	244	-0.47837695
814	270	-0.4795392
147	241	-0.48705345
479	221	-0.4900825
108	239	-0.4910692
138	240	-0.49286348
591	214	-0.49631995
809	261	-0.50049436
109	247	-0.50160766
160	242	-0.5037478
406	228	-0.50507414
349	239	-0.50633514
385	230	-0.5069487
288	239	-0.511699
130	240	-0.5123285
394	229	-0.51246285
824	292	-0.51250803
97	239	-0.514281
452	224	-0.52195007
225	241	-0.5328633
239	245	-0.5356612
829	302	-0.54007095
474	220	-0.54250556
305	236	-0.54335976
612	208	-0.5455433
888	423	-0.5472142
132	248	-0.5488947
380	230	-0.55380934
464	222	-0.5596045
295	238	-0.5605527
326	242	-0.5679712
819	282	-0.56878257
255	245	-0.5697291
839	321	-0.5713506
865	375	-0.57677174
57	238	-0.5770345
863	371	-0.5776138
36	237	-0.5791172
278	239	-0.5881716
216	241	-0.5996068
396	236	-0.60526204
140	248	-0.6066657
410	227	-0.60800534
192	241	-0.60962
208	241	-0.6107343
870	382	-0.6147893
236	242	-0.62500733
62	246	-0.62729645
143	240	-0.63579583
830	307	-0.6398757
210	248	-0.6399897
184	241	-0.6436419
235	246	-0.65276116
77	238	-0.65876865
268	244	-0.66090244
303	243	-0.6613865
229	240	-0.6786039
842	327	-0.67917156
86	247	-0.68050265
328	234	-0.6961576
240	241	-0.6990758
246	241	-0.7020939
170	241	-0.70580196
892	428	-0.7157503
558	217	-0.72148925
27	236	-0.7257607
48	245	-0.7285177
820	291	-0.73445714
221	240	-0.7345369
874	389	-0.7402431
212	240	-0.7411696
262	242	-0.743178
25	243	-0.7604157
806	269	-0.76656187
19	236	-0.77305776
420	232	-0.7843039
16	239	-0.786206
414	226	-0.7868595
817	275	-0.7875949
151	240	-0.7910641
355	239	-0.79628396
587	212	-0.7970011
869	377	-0.80102587
804	255	-0.8016741
796	236	-0.8035674
42	245	-0.80403125
392	237	-0.8126018
398	227	-0.8162253
425	225	-0.8174539
269	239	-0.820758
484	222	-0.8276975
540	222	-0.8327863
164	241	-0.83518505
834	316	-0.83611524
77	246	-0.8435446
475	224	-0.8516586
798	242	-0.8518727
834	306	-0.85377467
815	283	-0.856408
274	238	-0.8580697
801	249	-0.85957515
400	235	-0.8607364
878	399	-0.8610863
315	243	-0.86288077
828	295	-0.86302626
540	228	-0.86791974
602	214	-0.8690119
23	235	-0.87569654
458	222	-0.88203156
81	247	-0.8824457
91	247	-0.88495696
811	278	-0.8862605
469	218	-0.8911364
68	237	-0.90078276
57	246	-0.9027942
876	393	-0.91092753
563	216	-0.91306114
432	224	-0.91441053
812	264	-0.91685283
779	204	-0.92111254
896	434	-0.9211308
291	245	-0.92841005
843	323	-0.92988
906	102	-0.9313977
616	207	-0.9318434
820	278	-0.93315303
256	241	-0.9374833
864	379	-0.9411602
299	236	-0.943961
537	231	-0.950104
824	287	-0.95153
887	419	-0.958073
335	242	-0.96992886
430	231	-0.97226655
801	260	-0.9734838
316	234	-0.9763901
402	226	-0.979733
487	219	-0.97983444
821	295	-0.98356414
838	312	-0.9900799
808	273	-0.9910145
549	223	-0.9910511
362	239	-0.9928441
219	248	-0.9953817
835	320	-0.9964063
861	367	-0.9983077
868	372	-0.9987068
37	245	-1.0012674
353	231	-1.0082947
805	251	-1.0104798
253	238	-1.0105306
439	230	-1.01096
578	212	-1.0197283
825	303	-1.0322177
583	214	-1.034624
849	131	-1.0468575
574	214	-1.0496066
68	246	-1.0594324
553	222	-1.0594575
273	246	-1.0618672
803	264	-1.0619848
377	238	-1.0672624
231	247	-1.0699035
598	215	-1.0737695
917	478	-1.0797547
368	239	-1.0889292
227	248	-1.0942897
38	261	-1.0970584
533	228	-1.1012521
769	188	-1.1027583
151	249	-1.1028085
777	200	-1.1054183
265	238	-1.1060821
307	244	-1.1161239
536	225	-1.1217986
259	238	-1.1221403
136	249	-1.1276078
909	105	-1.1311127
259	246	-1.1358808
344	241	-1.142627
847	127	-1.1462994
816	287	-1.1498299
903	98	-1.1628201
525	232	-1.1642832
340	242	-1.1660995
921	481	-1.167685
863	363	-1.1736687
567	214	-1.1775092
794	232	-1.1784716
546	217	-1.1794643
782	214	-1.1808589
877	403	-1.1860286
440	222	-1.1878268
838	325	-1.1908484
848	180	-1.1916759
53	33	-1.1947314
870	388	-1.197944
845	123	-1.1980747
493	219	-1.2100995
331	243	-1.2110826
905	457	-1.211459
842	318	-1.2165545
859	360	-1.2184325
797	247	-1.2191876
320	244	-1.2194432
291	236	-1.222035
779	209	-1.2232151
851	184	-1.2247874
180	249	-1.2298894
53	247	-1.2325053
243	238	-1.237033
490	222	-1.2385817
607	206	-1.2392176
898	438	-1.2392408
808	256	-1.2419482
881	412	-1.2449591
850	135	-1.2457879
244	248	-1.2531315
852	139	-1.2572908
543	225	-1.2591486
49	34	-1.2635673
892	422	-1.2641671
892	433	-1.271955
29	263	-1.2749549
800	253	-1.2828237
843	331	-1.2830551
248	237	-1.2852763
233	239	-1.2875799
98	249	-1.2876399
532	232	-1.2883859
802	244	-1.289246
874	397	-1.2893456
915	474	-1.2939088
823	283	-1.2960984
299	245	-1.2966596
420	224	-1.2979003
785	217	-1.2980295
866	383	-1.2980782
607	214	-1.2984053
773	198	-1.3007925
908	460	-1.3031862
557	221	-1.3067359
561	220	-1.3105366
105	249	-1.31106
482	218	-1.3122318
206	249	-1.3125886
613	212	-1.3146565
883	418	-1.3159697
192	249	-1.3174407
407	224	-1.3230187
860	374	-1.3261868
896	427	-1.3273022
373	239	-1.3277173
596	208	-1.3279164
774	34	-1.3350332
345	231	-1.3374612
927	499	-1.3390787
793	240	-1.3392268
866	368	-1.3399879
162	249	-1.3420414
767	184	-1.3457524
47	236	-1.3513008
800	238	-1.3543208
214	249	-1.3591555
711	82	-1.3638613
709	78	-1.367768
878	407	-1.3678013
385	238	-1.3744097
34	262	-1.3797407
447	228	-1.3815701
830	312	-1.3825616
912	112	-1.3863246
522	237	-1.3890018
775	205	-1.3962067
529	229	-1.4005425
701	62	-1.4017078
264	246	-1.4073944
715	94	-1.4080703
917	483	-1.4100217
497	221	-1.4121118
416	233	-1.4205081
928	509	-1.4230514
884	422	-1.4233158
156	250	-1.4234325
841	167	-1.4298807
480	225	-1.433142
369	229	-1.4348648
927	505	-1.4376928
526	222	-1.4413236
199	239	-1.4486742
871	392	-1.4512612
904	452	-1.4514581
827	90	-1.4538884
853	350	-1.4549886
828	290	-1.4575901
528	235	-1.4587104
829	96	-1.4635204
530	225	-1.4657294
202	250	-1.4684591
877	411	-1.4688501
847	176	-1.4691072
535	221	-1.4696501
858	364	-1.4768479
887	427	-1.478859
277	247	-1.4794719
285	236	-1.4863209
435	232	-1.4880636
541	232	-1.4888878
911	470	-1.4908607
58	33	-1.4915437
832	299	-1.4918528
715	102	-1.4930946
713	86	-1.4937564
776	38	-1.496081
255	234	-1.4993496
851	346	-1.5000437
32	45	-1.5007136
412	234	-1.5023595
821	300	-1.5056417
451	220	-1.5064566
757	172	-1.5087079
600	207	-1.5099628
818	271	-1.5136043
469	226	-1.5197597
900	442	-1.5228711
912	466	-1.5255821
404	236	-1.5258508
411	223	-1.5276717
793	76	-1.5284349
522	223	-1.5294852
873	379	-1.5295427
857	356	-1.534635
790	230	-1.5356497
620	208	-1.5359315
43	262	-1.5372596
881	404	-1.5377551
579	216	-1.5390683
716	106	-1.5452473
697	58	-1.54577
408	235	-1.5465664
462	226	-1.5465789
838	307	-1.5488482
570	217	-1.5491985
287	247	-1.5507609
28	246	-1.5514884
825	86	-1.5568314
792	71	-1.5570595
880	394	-1.5574886
589	218	-1.5606972
40	235	-1.5657417
868	217	-1.5673181
707	74	-1.5694716
843	119	-1.5722616
21	244	-1.5729069
42	257	-1.5737267
259	232	-1.5737617
45	33	-1.5761366
921	476	-1.5771863
847	328	-1.5787755
909	456	-1.5853548
769	194	-1.5880791
144	250	-1.5881461
688	49	-1.589395
858	370	-1.589805
751	158	-1.5917294
120	250	-1.594444
237	238	-1.5953865
772	202	-1.5971254
791	236	-1.6012913
882	398	-1.602288
922	485	-1.6044972
923	491	-1.6050231
223	249	-1.6053926
376	228	-1.606428
929	513	-1.6068972
763	180	-1.6098917
244	234	-1.6110419
873	401	-1.618702
894	439	-1.619445
574	220	-1.6200273
477	217	-1.620369
167	249	-1.6211283
925	495	-1.621915
58	250	-1.6220715
541	218	-1.6223159
826	308	-1.6255196
188	250	-1.6267464
544	229	-1.6270412
12	238	-1.6280934
839	163	-1.6290063
901	449	-1.6297071
61	236	-1.6298053
816	292	-1.6300025
726	117	-1.6300169
747	152	-1.6312665
521	233	-1.6318469
755	168	-1.6387252
428	222	-1.6402519
518	225	-1.6409845
494	224	-1.641143
854	143	-1.642884
915	469	-1.6440114
908	465	-1.6445432
718	110	-1.6499671
853	355	-1.6518452
251	248	-1.6537697
591	209	-1.6586608
853	188	-1.6596473
730	121	-1.6620036
33	247	-1.6638616
15	235	-1.6681794
845	171	-1.6698257
877	386	-1.6714176
851	177	-1.6715212
719	96	-1.6731691
567	220	-1.6804372
886	415	-1.6821442
923	79	-1.6835872
870	396	-1.6853061
919	75	-1.6884553
703	66	-1.6916877
711	65	-1.6941874
694	51	-1.699416
311	245	-1.7016448
176	250	-1.7052184
72	235	-1.7066587
36	43	-1.7088801
684	46	-1.7092727
810	282	-1.711497
919	489	-1.7134981
857	346	-1.7139938
714	90	-1.7145128
203	238	-1.7163256
847	333	-1.7175703
506	222	-1.717934
363	229	-1.7226776
416	222	-1.7248119
394	254	-1.7272602
759	176	-1.7307291
913	462	-1.7315283
349	230	-1.7320791
251	230	-1.7359692
789	226	-1.7360214
796	79	-1.7415552
807	277	-1.7419318
463	218	-1.7466947
879	416	-1.7493992
707	62	-1.7543068
41	34	-1.7557184
790	67	-1.7557852
778	213	-1.7564665
594	217	-1.7581524
786	222	-1.760533
817	296	-1.7611907
802	268	-1.7663083
913	479	-1.767031
524	228	-1.7679825
713	98	-1.7689232
851	340	-1.7712911
424	234	-1.7722487
282	248	-1.7723974
584	218	-1.7734818
720	114	-1.774162
321	232	-1.775681
854	359	-1.7787807
897	445	-1.7789099
126	238	-1.7794721
705	70	-1.7804618
786	213	-1.7832929
835	302	-1.7891332
334	231	-1.7906089
747	160	-1.7907152
457	228	-1.7936195
46	249	-1.7959267
821	78	-1.7961998
882	408	-1.7969638
240	249	-1.7977345
753	162	-1.7981818
112	250	-1.7983285
765	190	-1.7986192
834	324	-1.7997936
782	220	-1.8059046
912	117	-1.8068677
31	234	-1.8070655
888	431	-1.8073924
847	186	-1.8107365
867	213	-1.8108886
909	58	-1.8110774
617	211	-1.8122358
689	55	-1.8139735
725	113	-1.8179686
879	390	-1.8199978
782	51	-1.8200449
908	110	-1.8238744
778	43	-1.8258804
817	267	-1.8268626
928	480	-1.8277693
908	451	-1.8285803
751	166	-1.8308151
47	38	-1.8313484
842	313	-1.8320934
17	243	-1.8328764
195	238	-1.8331363
38	256	-1.8341308
873	406	-1.8362916
510	223	-1.8378431
875	187	-1.8382723
907	52	-1.8382804
690	45	-1.8384706
302	233	-1.8389248
580	220	-1.8432453
748	148	-1.8435115
928	470	-1.8441402
424	221	-1.8466046
680	37	-1.8501837
124	251	-1.8506305
899	431	-1.8507171
773	190	-1.8518761
919	472	-1.8525183
710	69	-1.8538413
196	250	-1.8560672
699	52	-1.8610592
271	235	-1.8613322
794	244	-1.8614721
925	85	-1.8615013
845	132	-1.8626827
735	137	-1.8630626
780	39	-1.8647977
797	256	-1.8657519
732	128	-1.8670205
785	55	-1.8724275
42	39	-1.8727134
839	330	-1.8738141
240	235	-1.8739805
834	295	-1.878381
94	236	-1.8788416
927	489	-1.8812264
746	156	-1.8827777
487	225	-1.8874971
905	448	-1.8915224
837	159	-1.891708
901	94	-1.8922389
874	179	-1.8926793
774	194	-1.89368
762	184	-1.8943202
811	286	-1.8956022
897	273	-1.8960001
901	455	-1.896665
500	224	-1.8985622
823	82	-1.8989738
824	279	-1.9011143
782	201	-1.9015899
728	126	-1.9046801
37	265	-1.9052376
279	235	-1.9059163
859	352	-1.9076647
731	133	-1.9124221
463	230	-1.9148268
786	59	-1.9151548
73	248	-1.9168018
768	198	-1.9224923
830	317	-1.923925
913	454	-1.9256369
857	341	-1.925814
885	394	-1.9281069
911	475	-1.9296567
793	227	-1.9299537
863	358	-1.9308089
46	259	-1.93208
762	172	-1.9350528
676	35	-1.9396324
905	106	-1.940953
711	73	-1.9423602
847	322	-1.9433904
708	92	-1.9443605
94	250	-1.9452424
391	226	-1.9487801
843	128	-1.949143
739	136	-1.9503917
514	222	-1.9524907
570	211	-1.9528445
806	247	-1.9531746
751	153	-1.9539655
50	257	-1.9553595
436	221	-1.9583759
582	210	-1.9591321
849	351	-1.9598427
853	132	-1.9621255
828	285	-1.9622642
759	166	-1.9701617
904	461	-1.9703274
340	230	-1.9730779
65	249	-1.9738435
688	41	-1.9764473
691	59	-1.9768958
352	242	-1.9774648
783	207	-1.9788694
549	228	-1.9797889
769	180	-1.9825854
885	411	-1.9834473
833	98	-1.9834722
445	220	-1.9898077
832	291	-1.9900285
443	231	-1.9948113
703	58	-1.9962288
714	79	-1.9983985
239	231	-1.9999808
743	141	-2.0009701
747	144	-2.0011258
473	228	-2.002148
63	32	-2.0025303
802	90	-2.004355
844	179	-2.0053322
765	176	-2.0085998
695	62	-2.0090573
711	103	-2.0118108
781	46	-2.012118
769	174	-2.0121942
928	517	-2.0160394
821	128	-2.017601
376	256	-2.0208063
778	196	-2.0252337
724	122	-2.0258422
843	175	-2.0268357
789	63	-2.027721
799	233	-2.0307379
910	101	-2.0333493
865	387	-2.0339355
680	42	-2.0386004
734	123	-2.040648
778	185	-2.0434096
847	338	-2.045786
927	484	-2.0486948
245	230	-2.0510948
683	50	-2.052386
709	88	-2.054452
855	367	-2.0547333
757	180	-2.0550995
896	269	-2.0558717
148	252	-2.0595345
698	65	-2.0595758
25	262	-2.0596743
747	165	-2.0622272
752	172	-2.0624666
799	83	-2.0676124
771	206	-2.068201
761	188	-2.070031
295	233	-2.0709121
707	83	-2.071065
919	495	-2.0719132
872	373	-2.0736585
885	401	-2.0743685
704	53	-2.074504
624	207	-2.0745726
531	220	-2.0751138
694	46	-2.07938
55	37	-2.0802352
263	234	-2.084701
440	234	-2.0858932
756	159	-2.0861282
796	251	-2.087091
904	444	-2.092247
420	219	-2.0967088
100	236	-2.0977256
928	464	-2.097995
789	219	-2.0981004
217	237	-2.0983634
808	52	-2.1005793
821	274	-2.1020865
723	109	-2.1059456
24	247	-2.1062093
556	225	-2.1065836
847	345	-2.107571
303	248	-2.1078153
859	378	-2.1078498
883	426	-2.109054
698	42	-2.111782
754	176	-2.1164947
804	240	-2.1166055
865	207	-2.118454
178	239	-2.121123
863	346	-2.1243196
453	230	-2.1302536
735	132	-2.1302958
803	235	-2.131967
224	237	-2.132198
83	235	-2.1324165
54	251	-2.1325254
923	501	-2.1354845
891	418	-2.140184
381	239	-2.140788
41	249	-2.1409981
927	475	-2.1417727
348	243	-2.1439018
733	141	-2.1449082
158	238	-2.1459305
890	437	-2.1469293
730	116	-2.1487765
867	391	-2.1492453
912	450	-2.150193
189	238	-2.15519
826	136	-2.1552093
41	43	-2.1563516
901	102	-2.1575937
502	220	-2.1594346
803	272	-2.1602576
325	231	-2.1604226
779	217	-2.1605694
560	224	-2.1618018
705	79	-2.161925
925	512	-2.166823
28	47	-2.168013
854	180	-2.1697528
709	99	-2.1726365
213	236	-2.1756008
722	118	-2.1766834
870	221	-2.17881
47	263	-2.1801574
129	252	-2.1805723
403	222	-2.1822212
858	144	-2.1823893
786	232	-2.1837082
779	35	-2.1905098
921	83	-2.1912794
37	33	-2.1933591
167	238	-2.1951325
672	34	-2.1954007
817	120	-2.1955593
841	124	-2.1975906
293	227	-2.199941
50	250	-2.200107
917	71	-2.2015202
700	47	-2.2021565
303	227	-2.2029443
819	124	-2.2044826
745	260	-2.2073538
742	145	-2.2080643
797	229	-2.2082076
171	250	-2.2090578
909	447	-2.209189
473	216	-2.2094586
839	303	-2.21016
428	235	-2.220491
871	369	-2.221262
813	113	-2.2228773
867	364	-2.223929
33	258	-2.2261252
458	232	-2.2263596
913	484	-2.2267563
898	423	-2.2298877
821	305	-2.2305508
470	231	-2.2313578
893	266	-2.232017
517	234	-2.235996
849	172	-2.2363985
777	189	-2.2369285
861	382	-2.2371151
835	328	-2.2383685
898	452	-2.2390196
26	266	-2.2395537
813	260	-2.239599
831	321	-2.2399592
770	32	-2.2400277
852	128	-2.2402837
705	87	-2.2441952
916	116	-2.2448795
772	185	-2.2454636
843	161	-2.2455711
775	210	-2.2487724
758	185	-2.2498035
869	400	-2.249884
721	102	-2.2499416
700	69	-2.2502055
230	236	-2.2502906
893	272	-2.2521
714	70	-2.2527792
294	248	-2.2534444
880	421	-2.2542949
306	232	-2.2564354
848	140	-2.2564604
290	250	-2.2566755
560	213	-2.2604287
310	231	-2.261023
921	310	-2.263936
69	250	-2.265444
716	83	-2.266536
116	237	-2.2667232
913	107	-2.2676444
694	41	-2.2705195
929	459	-2.2711833
880	187	-2.2718399
850	358	-2.2729075
684	39	-2.2734325
881	194	-2.2750092
742	153	-2.2754097
913	64	-2.2830236
209	237	-2.285407
76	234	-2.2871435
135	237	-2.2896688
898	278	-2.290134
883	389	-2.2910428
416	217	-2.2920303
30	41	-2.2944288
845	166	-2.2962005
907	97	-2.3005476
715	75	-2.3030317
703	75	-2.3034418
840	171	-2.3051898
105	236	-2.3052447
929	521	-2.3060076
927	313	-2.3093271
825	132	-2.3101509
234	235	-2.310315
768	203	-2.3112307
799	265	-2.3118887
51	39	-2.3131912
796	73	-2.3134744
876	183	-2.3141167
790	214	-2.317497
804	96	-2.3187304
520	229	-2.3193238
859	337	-2.319405
819	74	-2.3224244
744	149	-2.3227644
888	398	-2.3233538
116	251	-2.3233771
356	228	-2.325151
289	232	-2.327256
51	235	-2.3274784
855	192	-2.3295228
122	237	-2.3311803
718	91	-2.331499
148	237	-2.3324082
923	507	-2.3336456
726	130	-2.3343904
907	469	-2.3347275
738	141	-2.337649
817	301	-2.337685
797	261	-2.3381917
536	235	-2.342625
916	465	-2.3431394
846	317	-2.3440526
490	216	-2.3464012
914	458	-2.3467762
408	220	-2.3480647
846	136	-2.3484344
809	252	-2.3528397
509	219	-2.3547935
901	435	-2.3610985
708	52	-2.3612795
173	238	-2.3614445
929	493	-2.365768
32	34	-2.3669977
835	155	-2.368734
794	222	-2.3695414
850	124	-2.3755085
739	131	-2.3759866
33	266	-2.3781772
859	196	-2.3781855
419	236	-2.3824844
299	230	-2.383228
304	256	-2.384321
422	215	-2.3843951
930	502	-2.3847675
784	226	-2.3852623
897	96	-2.3854265
835	150	-2.3859007
856	138	-2.3863964
927	91	-2.3868976
787	209	-2.38827
828	142	-2.3891234
837	298	-2.391695
382	256	-2.3919244
859	201	-2.3945298
748	140	-2.3966963
853	363	-2.3994186
793	248	-2.4002094
555	214	-2.401988
267	233	-2.4029157
931	467	-2.4053557
680	47	-2.4063015
832	102	-2.4064484
886	252	-2.4080482
825	94	-2.4084156
816	263	-2.4085953
851	332	-2.4123142
876	382	-2.4124222
304	263	-2.41368
904	230	-2.4147718
855	336	-2.4160824
932	472	-2.420546
842	114	-2.4220226
897	90	-2.422751
811	107	-2.4277306
901	227	-2.4278438
878	191	-2.4315114
711	60	-2.4347367
628	208	-2.435317
154	237	-2.436739
370	256	-2.4369206
398	255	-2.4370515
786	204	-2.437171
893	443	-2.439206
506	233	-2.439519
932	481	-2.4426153
743	159	-2.4427104
318	255	-2.4434633
926	594	-2.4464011
905	48	-2.4468896
564	223	-2.4469128
449	232	-2.448244
826	313	-2.4493878
895	419	-2.4499004
763	168	-2.4505787
519	220	-2.4534788
526	239	-2.453855
56	255	-2.4539654
820	85	-2.4551473
913	446	-2.4564013
812	290	-2.457802
916	67	-2.459848
89	235	-2.4675293
843	336	-2.4676769
730	137	-2.467783
551	215	-2.46791
708	57	-2.4692166
8	236	-2.4700394
920	468	-2.4702744
748	169	-2.4716733
772	39	-2.4717877
507	226	-2.4726527
924	472	-2.4743378
690	37	-2.4749753
275	234	-2.4758904
918	79	-2.4761882
816	69	-2.4764159
930	437	-2.4764693
908	442	-2.4770365
65	234	-2.4772258
856	375	-2.4772403
162	237	-2.4791703
111	236	-2.479768
513	226	-2.480493
891	261	-2.4808495
57	263	-2.481565
807	243	-2.4882824
298	249	-2.488722
236	250	-2.4908419
839	120	-2.4913862
308	227	-2.4918149
913	59	-2.4925742
908	116	-2.493606
878	234	-2.4937181
45	254	-2.494399
806	48	-2.4959874
139	236	-2.4964008
857	187	-2.5004652
765	195	-2.500773
684	34	-2.501393
810	56	-2.5018468
152	230	-2.5021553
713	109	-2.503368
900	459	-2.504194
816	116	-2.504367
760	157	-2.505188
865	354	-2.5057414
931	476	-2.5079412
875	415	-2.508057
767	170	-2.511506
803	86	-2.5125296
801	227	-2.5141125
28	259	-2.5142682
887	405	-2.5153065
838	112	-2.5204484
862	204	-2.522051
248	251	-2.5270967
831	92	-2.5273192
13	242	-2.5315118
35	233	-2.534915
518	238	-2.535238
903	439	-2.5352552
749	259	-2.536339
274	250	-2.5395768
927	590	-2.5410008
90	251	-2.541592
399	223	-2.5418794
888	256	-2.5430186
889	268	-2.543429
7	240	-2.5454855
884	242	-2.5467014
202	230	-2.548375
790	58	-2.5504718
868	225	-2.5509953
777	181	-2.5512736
45	42	-2.553735
911	121	-2.5544097
704	48	-2.5563362
783	42	-2.5571365
715	66	-2.5601058
426	214	-2.5609732
736	127	-2.5654113
772	177	-2.565703
139	252	-2.5659215
908	62	-2.5662434
785	47	-2.5667546
864	216	-2.5678887
821	70	-2.5678964
51	262	-2.5685961
372	226	-2.5693703
152	253	-2.575525
412	219	-2.57563
778	221	-2.5757878
719	80	-2.5786662
727	134	-2.582562
67	33	-2.5846214
756	153	-2.584624
699	76	-2.5867298
54	259	-2.587152
932	510	-2.5879025
854	371	-2.5903993
668	36	-2.5905461
717	87	-2.5908449
395	224	-2.5951736
812	61	-2.5953057
358	242	-2.5963378
744	136	-2.5988708
707	104	-2.6001837
784	63	-2.6002574
897	265	-2.60189
623	211	-2.603524
721	84	-2.6036313
896	226	-2.603691
38	38	-2.605299
924	131	-2.6125135
742	263	-2.6128678
255	229	-2.6134074
704	91	-2.6153178
884	231	-2.6153638
851	327	-2.6179917
512	237	-2.6214702
586	208	-2.6221027
806	281	-2.6239047
775	216	-2.6303084
710	264	-2.6304872
511	232	-2.6310678
936	437	-2.6311142
863	340	-2.631634
212	229	-2.6344306
797	213	-2.6347485
842	308	-2.6348963
912	441	-2.6362126
793	217	-2.637953
739	148	-2.6405172
611	204	-2.6411686
881	385	-2.6432579
771	169	-2.6468651
78	250	-2.6469092
793	64	-2.6469247
322	254	-2.6494846
702	43	-2.6498287
727	102	-2.6500416
744	130	-2.6516423
159	253	-2.653776
892	227	-2.653778
782	58	-2.6544569
574	209	-2.6548786
735	145	-2.657834
932	443	-2.6613882
903	465	-2.6616566
429	218	-2.661973
843	183	-2.6640973
773	173	-2.665564
833	106	-2.6679397
695	69	-2.6703215
181	267	-2.6710963
283	232	-2.673853
920	263	-2.6746595
386	254	-2.6754305
827	146	-2.6759846
50	30	-2.6765444
789	74	-2.6791263
886	247	-2.6808977
706	96	-2.6834636
873	175	-2.6853452
497	227	-2.68675
892	276	-2.6900582
911	54	-2.6905944
866	203	-2.690752
749	136	-2.69576
788	239	-2.6981645
800	78	-2.702074
930	429	-2.7031229
179	253	-2.70369
433	236	-2.7061431
905	56	-2.7090788
263	257	-2.7094407
752	149	-2.7097602
33	49	-2.710247
85	251	-2.710597
326	255	-2.713125
308	254	-2.7137778
841	157	-2.713786
41	266	-2.7177405
805	44	-2.7207885
196	230	-2.721609
307	249	-2.723075
902	90	-2.7247694
912	68	-2.7248967
690	63	-2.7254848
728	110	-2.7288928
61	36	-2.729003
26	232	-2.729044
795	68	-2.7298021
806	100	-2.7315497
449	246	-2.7323682
891	223	-2.7332382
315	248	-2.7350726
915	120	-2.7353203
685	54	-2.7353396
869	179	-2.7356498
867	359	-2.7381504
931	497	-2.7407255
746	264	-2.7425635
915	488	-2.742803
919	259	-2.7436929
715	113	-2.743928
826	128	-2.744264
270	249	-2.7450352
931	485	-2.7466745
885	198	-2.749394
855	197	-2.7494211
872	410	-2.7507253
37	47	-2.7530138
936	442	-2.7557418
209	252	-2.757304
702	82	-2.7575185
503	227	-2.7582154
289	263	-2.7608821
884	237	-2.7613099
380	221	-2.7615914
869	209	-2.7636704
531	238	-2.7636821
131	236	-2.764005
145	230	-2.764084
913	436	-2.7643328
927	318	-2.7651262
678	205	-2.7670844
798	224	-2.7683616
37	250	-2.7687156
160	230	-2.7702658
402	254	-2.7712367
312	226	-2.7726204
500	233	-2.772843
907	438	-2.7733474
137	230	-2.77358
887	390	-2.773922
808	104	-2.775919
184	252	-2.777358
828	100	-2.7781355
927	308	-2.778141
932	518	-2.7787793
34	254	-2.7789192
484	228	-2.7805898
29	250	-2.7808192
723	98	-2.7810829
761	193	-2.788066
818	81	-2.7882214
314	230	-2.7882898
144	236	-2.788604
880	230	-2.7894907
389	240	-2.7896752
837	168	-2.790008
723	126	-2.7905025
905	226	-2.7920883
477	229	-2.7936914
901	274	-2.7939098
252	252	-2.7950947
771	211	-2.7954042
726	106	-2.799749
699	38	-2.8002083
676	197	-2.800532
812	66	-2.8030262
206	229	-2.8041103
817	129	-2.8046272
314	253	-2.8049226
918	307	-2.8073752
466	233	-2.8120139
319	227	-2.813416
837	108	-2.8145516
895	449	-2.8148968
848	190	-2.816729
59	29	-2.8187792
330	230	-2.8203213
889	273	-2.8206618
255	257	-2.8227406
570	223	-2.8239686
491	227	-2.8241234
858	333	-2.826193
866	395	-2.827859
898	222	-2.8293543
829	84	-2.8294756
820	132	-2.8302941
300	262	-2.8319166
407	255	-2.8365066
332	258	-2.8394117
780	192	-2.8401983
912	259	-2.84434
853	147	-2.8447526
865	220	-2.8447626
216	230	-2.8490398
298	226	-2.85033
365	257	-2.850548
869	405	-2.8513193
185	237	-2.8539858
812	255	-2.8562803
723	88	-2.8572595
485	215	-2.8604407
734	117	-2.8626966
888	226	-2.8635306
798	88	-2.8640954
884	430	-2.8648243
34	39	-2.8699956
783	197	-2.870745
830	150	-2.8713005
256	250	-2.8716564
695	37	-2.8730204
302	252	-2.8732903
760	162	-2.8761637
790	243	-2.8767693
55	234	-2.8776536
498	217	-2.8793564
931	594	-2.883216
493	241	-2.8840482
863	211	-2.884971
795	84	-2.8855436
287	227	-2.886328
383	226	-2.8873973
391	257	-2.8880422
875	370	-2.8882651
932	433	-2.890012
872	232	-2.8905654
893	88	-2.8908036
30	255	-2.8937063
822	89	-2.894298
933	544	-2.895162
371	221	-2.8975937
748	132	-2.8986478
931	506	-2.9022148
880	240	-2.9025931
889	409	-2.9078517
874	366	-2.9113004
727	260	-2.9130147
220	229	-2.9136374
361	258	-2.913734
457	218	-2.913804
929	454	-2.9182549
916	124	-2.9187894
930	449	-2.9198682
916	111	-2.922185
191	230	-2.9223719
923	314	-2.9235919
343	245	-2.924104
916	451	-2.9243844
743	164	-2.9248998
927	300	-2.925476
97	233	-2.9261694
706	260	-2.9263408
863	200	-2.9277012
918	459	-2.928245
872	226	-2.930998
888	264	-2.9331543
889	441	-2.9357224
709	48	-2.9364412
816	64	-2.9371822
787	51	-2.9396133
675	39	-2.939768
619	204	-2.9433076
474	232	-2.9438016
733	264	-2.9441407
740	126	-2.9458039
234	230	-2.9477324
141	231	-2.948781
537	217	-2.94994
892	257	-2.95038
796	33	-2.9530058
61	262	-2.9531229
168	253	-2.9537206
850	144	-2.9551854
156	229	-2.9573643
882	226	-2.957508
504	237	-2.9597518
801	42	-2.9612603
338	260	-2.9613562
808	60	-2.9616952
395	259	-2.963693
601	218	-2.9648108
777	176	-2.965099
133	253	-2.9654055
890	414	-2.9655755
411	215	-2.9662414
859	328	-2.966675
883	190	-2.9669724
936	447	-2.9709527
741	259	-2.9711878
722	92	-2.972037
835	164	-2.9731097
437	237	-2.9733117
802	222	-2.9742565
930	421	-2.977236
809	112	-2.9775739
691	33	-2.9776824
876	375	-2.9819586
471	235	-2.9826727
898	86	-2.9826984
685	271	-2.982828
764	200	-2.9848528
897	456	-2.9856114
501	240	-2.9867895
887	260	-2.9882836
732	260	-2.9907439
750	263	-2.9913337
800	94	-2.9921403
674	207	-2.9960794
928	95	-2.9965873
923	74	-2.9966335
930	525	-2.9977932
840	178	-2.99864
746	269	-2.999474
44	233	-3.001404
918	313	-3.001459
69	232	-3.0025783
523	219	-3.0031118
782	230	-3.0031679
65	28	-3.0035205
801	215	-3.0035403
29	51	-3.005542
721	76	-3.0129066
439	241	-3.0157962
176	267	-3.0163224
564	211	-3.0178542
445	248	-3.0205781
864	350	-3.0211542
860	217	-3.0216217
873	191	-3.0221856
708	44	-3.0228004
101	252	-3.0243387
67	263	-3.025376
847	355	-3.0258126
894	415	-3.0265417
849	167	-3.026599
848	120	-3.0268824
441	218	-3.0289104
915	76	-3.029383
876	419	-3.02997
728	98	-3.0308218
366	226	-3.0352862
42	30	-3.0371306
845	350	-3.039774
749	175	-3.0410283
183	230	-3.041544
686	58	-3.0424333
747	273	-3.042673
669	207	-3.043074
730	105	-3.0442297
269	228	-3.0456898
71	34	-3.0484776
322	262	-3.0494618
516	230	-3.0503762
330	254	-3.05042
767	207	-3.0506291
815	108	-3.0524526
495	232	-3.0529454
738	121	-3.0533376
908	232	-3.056185
718	119	-3.0572143
807	237	-3.0596209
828	280	-3.0598524
821	268	-3.0634856
921	70	-3.064473
61	257	-3.0647132
693	262	-3.064747
390	252	-3.065626
936	431	-3.066695
931	425	-3.0678418
933	514	-3.0683005
751	145	-3.069027
705	100	-3.0712135
264	230	-3.0723178
54	29	-3.0729055
932	463	-3.0758178
744	125	-3.0786247
741	271	-3.079631
792	80	-3.079789
890	402	-3.0798354
936	540	-3.0805194
553	229	-3.0812926
207	266	-3.083716
191	253	-3.0844057
844	341	-3.0846288
877	195	-3.0866983
296	263	-3.087283
181	236	-3.0878785
927	292	-3.0900779
813	121	-3.0901337
919	503	-3.0906663
736	301	-3.09117
839	335	-3.0922725
913	72	-3.0924392
890	394	-3.0927026
628	203	-3.0953321
198	235	-3.096605
73	263	-3.09695
811	294	-3.097578
855	329	-3.099353
815	125	-3.1003745
816	77	-3.106148
912	125	-3.1083224
22	265	-3.1114168
867	347	-3.111748
932	490	-3.111851
381	217	-3.1122315
876	229	-3.1128807
679	32	-3.113066
922	127	-3.1147022
774	44	-3.1160522
285	251	-3.1166878
793	255	-3.1169498
764	164	-3.1174462
430	250	-3.118642
782	184	-3.1201382
787	70	-3.1201425
893	75	-3.1222372
259	258	-3.1227512
901	426	-3.1247118
199	253	-3.1247966
867	175	-3.1260397
757	189	-3.126754
722	260	-3.1288068
632	209	-3.1304996
385	218	-3.1309228
800	34	-3.131995
926	135	-3.1344488
878	224	-3.135105
732	111	-3.1361454
218	252	-3.1362023
662	34	-3.136279
919	454	-3.1366916
243	252	-3.1381004
415	237	-3.1406739
824	124	-3.1408865
352	227	-3.140989
922	464	-3.1412997
696	73	-3.1416798
611	216	-3.1419022
4	237	-3.142859
806	92	-3.143056
740	267	-3.1443787
927	324	-3.1445951
360	226	-3.1456487
768	166	-3.1456635
904	44	-3.1479876
278	251	-3.1503196
898	287	-3.1507807
379	259	-3.1523418
769	36	-3.1524324
791	210	-3.1540291
444	235	-3.1572263
77	257	-3.158028
900	270	-3.1580548
797	219	-3.1582594
888	232	-3.1611695
917	550	-3.1620853
297	254	-3.1627462
230	229	-3.162915
838	293	-3.164357
281	228	-3.164488
20	248	-3.1654215
804	231	-3.1654563
192	235	-3.166774
701	86	-3.1670282
886	435	-3.1673584
779	226	-3.1678984
430	213	-3.1695058
893	219	-3.1701446
68	24	-3.1711552
815	73	-3.17199
872	215	-3.1722126
131	268	-3.1726236
325	246	-3.173927
59	232	-3.1752095
812	117	-3.1757343
497	238	-3.1819444
379	249	-3.182009
807	285	-3.1893604
726	93	-3.1894312
197	267	-3.1894522
462	234	-3.192989
265	250	-3.1932242
871	363	-3.1944396
936	509	-3.1955485
805	226	-3.1972818
698	259	-3.19993
851	193	-3.199955
903	110	-3.2017717
803	51	-3.2019167
431	246	-3.2023578
929	529	-3.2035818
817	112	-3.2036018
777	31	-3.204577
803	278	-3.205609
914	103	-3.2078304
926	141	-3.2084475
781	188	-3.208955
777	47	-3.209871
915	256	-3.2104442
706	265	-3.2128637
11	233	-3.2133536
49	43	-3.2151034
826	79	-3.2153447
909	481	-3.2167175
936	528	-3.2200315
879	425	-3.2203348
891	253	-3.2214203
859	191	-3.2219324
121	267	-3.2228208
460	246	-3.2238214
729	266	-3.2288177
679	268	-3.2293396
746	256	-3.2298663
513	218	-3.2317986
734	308	-3.2319412
893	94	-3.234204
855	176	-3.2347255
475	236	-3.2349846
230	251	-3.236046
187	231	-3.2385178
376	220	-3.2388768
837	116	-3.2389808
395	240	-3.239514
889	59	-3.2404594
810	248	-3.2409403
807	108	-3.241461
737	260	-3.2417948
67	257	-3.242788
922	267	-3.2443755
165	227	-3.2482774
406	216	-3.2489433
101	230	-3.249504
665	264	-3.2531796
133	231	-3.2533932
322	268	-3.2538743
900	232	-3.2549427
108	252	-3.2552667
710	259	-3.2556617
20	232	-3.2579243
822	309	-3.2580802
411	253	-3.2627544
888	243	-3.2634504
671	215	-3.2643788
886	194	-3.266813
753	181	-3.267227
725	264	-3.2674277
772	165	-3.2687953
922	457	-3.2706099
901	34	-3.2754965
454	234	-3.277957
672	198	-3.2816188
883	216	-3.281873
865	171	-3.2819705
431	241	-3.2820542
698	34	-3.2824674
166	259	-3.2862782
864	159	-3.2865167
308	262	-3.2879057
62	252	-3.2899225
836	289	-3.290727
434	217	-3.2928476
453	247	-3.2931523
885	223	-3.2946186
437	246	-3.2964907
689	260	-3.2980535
760	152	-3.299239
922	306	-3.2993104
714	265	-3.3035955
743	275	-3.305141
897	283	-3.3054287
916	228	-3.3063245
743	121	-3.3063388
28	33	-3.3064823
250	256	-3.3078873
679	201	-3.3096092
868	230	-3.3118808
936	520	-3.3143208
893	83	-3.3154838
389	217	-3.3163307
423	238	-3.3190067
734	268	-3.3215735
833	284	-3.322032
714	260	-3.3249424
892	63	-3.325278
824	143	-3.3261163
726	316	-3.3280213
290	256	-3.3289142
878	178	-3.3293846
311	250	-3.3301048
855	202	-3.330494
907	474	-3.3305693
77	264	-3.330802
901	281	-3.3312538
804	82	-3.3361766
785	236	-3.3369064
133	260	-3.339182
504	216	-3.33987
278	231	-3.3398747
334	262	-3.3408961
179	229	-3.3411844
906	434	-3.344487
857	148	-3.3448515
682	207	-3.3460867
383	250	-3.347386
829	105	-3.347387
744	168	-3.3474991
927	81	-3.349437
813	298	-3.3500419
879	48	-3.350285
351	258	-3.3529
73	231	-3.3539107
922	88	-3.3564334
72	257	-3.358008
80	232	-3.3594668
843	110	-3.3596334
901	266	-3.3603992
400	217	-3.3605888
82	258	-3.3610575
508	238	-3.3630946
365	242	-3.364425
833	112	-3.3652565
718	72	-3.365464
224	230	-3.3671343
683	267	-3.3673217
703	39	-3.3694444
821	136	-3.3703585
387	258	-3.3708894
918	129	-3.3731954
902	285	-3.3733704
926	126	-3.3736453
929	542	-3.3744478
756	148	-3.3745522
866	343	-3.3767428
858	152	-3.3776186
886	219	-3.3786905
921	318	-3.3791587
272	231	-3.380334
199	227	-3.3822896
145	267	-3.384043
835	333	-3.386395
69	29	-3.386776
379	225	-3.3886454
858	205	-3.3891108
435	242	-3.3900924
876	238	-3.3923652
378	242	-3.3938968
676	43	-3.3946075
927	99	-3.3953981
489	242	-3.396837
893	405	-3.3968914
860	140	-3.3975916
872	184	-3.3977582
805	55	-3.398537
854	153	-3.398917
938	544	-3.3999076
739	157	-3.4002664
24	258	-3.401351
839	153	-3.4017794
891	215	-3.4024112
367	222	-3.403589
776	169	-3.4036593
881	199	-3.4062848
792	34	-3.4063692
346	259	-3.4078677
731	101	-3.40863
878	253	-3.4088967
907	66	-3.4090972
916	443	-3.40978
720	123	-3.4101293
316	268	-3.4104123
749	128	-3.413213
883	211	-3.413482
387	249	-3.4135032
665	215	-3.414569
914	263	-3.4158287
736	113	-3.416278
331	223	-3.416771
675	202	-3.4169269
809	97	-3.4182727
436	213	-3.4196713
895	260	-3.4207115
893	411	-3.4241936
825	275	-3.4242413
830	138	-3.4247334
211	267	-3.426327
323	225	-3.4269383
63	24	-3.427282
685	263	-3.428693
879	379	-3.4293237
804	105	-3.4320455
87	35	-3.4353647
93	232	-3.4362872
186	267	-3.4365373
836	103	-3.43676
878	244	-3.4369433
870	205	-3.4391253
110	23	-3.440178
74	253	-3.4413865
740	299	-3.4414318
68	37	-3.4455051
667	32	-3.4462166
667	268	-3.4485962
916	492	-3.4534092
750	255	-3.455782
899	463	-3.4561849
865	163	-3.4569125
304	270	-3.4576452
46	29	-3.4586737
221	234	-3.459563
122	260	-3.4604118
863	334	-3.4610837
852	323	-3.4621313
328	262	-3.4629858
905	93	-3.464262
784	191	-3.4647992
934	501	-3.4657457
58	228	-3.469559
490	238	-3.4707
118	264	-3.470982
709	108	-3.473526
798	269	-3.474028
936	534	-3.476146
129	230	-3.476286
97	253	-3.4785197
340	223	-3.478666
712	53	-3.480619
114	267	-3.4825728
829	133	-3.4835942
862	153	-3.4869657
811	70	-3.487605
826	318	-3.4877033
897	82	-3.488191
859	213	-3.48901
832	144	-3.4918823
799	38	-3.492494
897	101	-3.4928238
679	51	-3.4950085
895	33	-3.4963946
86	232	-3.4984276
894	280	-3.498896
116	23	-3.499448
620	214	-3.499945
374	260	-3.5000582
527	218	-3.5034616
738	306	-3.5045974
260	251	-3.5047855
924	516	-3.5048563
917	62	-3.5083828
922	451	-3.5085933
615	203	-3.5087776
149	227	-3.5098667
912	253	-3.5104709
711	268	-3.5110867
627	212	-3.5117447
72	25	-3.512558
893	67	-3.5125701
928	296	-3.5126407
789	247	-3.514116
871	262	-3.5148058
787	200	-3.5157993
735	150	-3.5160227
874	219	-3.5164294
802	47	-3.5181334
426	252	-3.5187283
567	208	-3.5205426
334	267	-3.5227494
702	261	-3.523566
923	260	-3.523799
774	220	-3.523925
322	274	-3.5240662
521	241	-3.5266492
843	346	-3.5266552
375	250	-3.5267766
698	81	-3.527447
268	257	-3.5285485
441	247	-3.5287948
334	246	-3.529298
393	218	-3.5300238
901	41	-3.5322018
912	230	-3.5326345
920	232	-3.5332015
892	71	-3.53333
835	94	-3.5337443
176	261	-3.5339565
201	266	-3.5357294
892	79	-3.5368526
109	230	-3.5390687
929	417	-3.5398076
686	209	-3.5404773
931	589	-3.5407372
880	182	-3.5422077
920	118	-3.54289
862	145	-3.5445766
488	230	-3.5446844
900	140	-3.5456545
636	203	-3.5462828
275	228	-3.5468082
934	524	-3.5476568
903	289	-3.5479386
327	227	-3.5483646
851	198	-3.550598
882	246	-3.5512896
395	249	-3.5524485
399	239	-3.5535593
335	254	-3.5535734
508	214	-3.5571084
171	227	-3.5576937
905	276	-3.5586958
784	38	-3.55959
936	426	-3.5596936
923	138	-3.5610476
832	88	-3.5636497
66	253	-3.5641532
874	347	-3.5643656
893	398	-3.5646656
863	195	-3.5648475
175	230	-3.566459
902	52	-3.5670671
126	267	-3.5670729
226	252	-3.5699918
773	29	-3.5701215
837	125	-3.5703163
204	234	-3.571011
81	35	-3.5714676
840	339	-3.571535
481	231	-3.5722027
846	116	-3.5724986
262	263	-3.5727012
168	265	-3.5735083
181	261	-3.5736115
344	227	-3.5744004
886	386	-3.5745022
285	262	-3.575644
695	77	-3.5788074
592	221	-3.5804582
691	67	-3.5805895
928	441	-3.5808244
910	49	-3.5825398
917	447	-3.582563
824	98	-3.5830097
697	263	-3.583068
683	202	-3.5846024
274	263	-3.5856688
783	67	-3.585839
908	257	-3.5864835
832	158	-3.5868163
811	49	-3.5888648
138	258	-3.589596
603	204	-3.5903196
168	230	-3.5921824
880	219	-3.5930724
817	60	-3.594956
789	252	-3.5955627
853	171	-3.5956333
888	55	-3.5980783
30	269	-3.5981216
494	215	-3.5989394
665	306	-3.5999563
764	159	-3.6011577
825	74	-3.6028512
847	162	-3.603132
58	24	-3.6033251
808	65	-3.6046495
929	537	-3.6087668
839	129	-3.6093426
505	241	-3.6104815
934	451	-3.6106544
276	257	-3.6110764
850	319	-3.6132524
387	225	-3.6133761
918	499	-3.6136973
151	234	-3.614439
718	264	-3.6211872
441	212	-3.622569
908	289	-3.6225708
64	230	-3.6244037
227	233	-3.6248047
48	232	-3.6256118
260	228	-3.6258428
925	520	-3.6272867
779	54	-3.6276376
665	210	-3.630185
846	312	-3.6302743
319	249	-3.6317735
771	159	-3.6324856
927	340	-3.632787
129	259	-3.6329045
151	266	-3.6347947
477	244	-3.635335
932	532	-3.6353493
890	34	-3.6355145
670	219	-3.6369383
205	253	-3.6372552
761	148	-3.6381183
136	267	-3.6385238
908	45	-3.6388247
902	84	-3.6395311
106	24	-3.6400461
741	303	-3.6406474
749	122	-3.6415956
801	99	-3.6418717
863	177	-3.6421304
96	229	-3.6421556
917	544	-3.6429338
837	285	-3.6431737
294	257	-3.6434708
314	262	-3.6453433
369	243	-3.645793
811	101	-3.64681
750	270	-3.6469178
879	215	-3.6484845
905	236	-3.6502326
752	141	-3.6504052
361	222	-3.6526368
820	66	-3.654046
927	259	-3.6556437
790	206	-3.6584563
121	230	-3.658468
467	237	-3.6621683
890	249	-3.6623468
936	548	-3.6632845
384	242	-3.6635554
908	242	-3.6641626
16	231	-3.6663501
571	206	-3.666787
391	248	-3.668137
887	214	-3.6687942
443	242	-3.6698723
99	259	-3.671015
835	121	-3.67233
910	305	-3.672418
814	104	-3.676023
870	266	-3.6776435
691	271	-3.6780496
884	203	-3.6780782
794	39	-3.6794295
114	260	-3.6828384
831	327	-3.683333
871	256	-3.6835523
881	96	-3.6851616
919	303	-3.6854117
841	297	-3.6855876
87	258	-3.687457
411	238	-3.6897008
821	119	-3.6900551
883	100	-3.6913366
7	232	-3.6922076
924	276	-3.692711
871	236	-3.6951332
578	207	-3.696099
864	224	-3.6964118
914	309	-3.6988096
920	255	-3.6990843
42	47	-3.6999898
240	227	-3.7004986
447	216	-3.7068222
868	339	-3.7075222
491	233	-3.70835
718	259	-3.7094014
825	150	-3.7099783
143	254	-3.710265
875	362	-3.710416
885	267	-3.7118583
723	268	-3.712221
438	250	-3.712569
272	267	-3.7126272
12	246	-3.7147574
157	234	-3.7147944
893	231	-3.7156832
899	261	-3.7157085
76	24	-3.7159114
877	257	-3.7175686
929	87	-3.7183301
920	123	-3.7234352
868	351	-3.7240994
484	234	-3.7260718
623	203	-3.7276483
869	187	-3.7282453
908	70	-3.730649
429	256	-3.730654
928	288	-3.7313485
910	313	-3.7314858
900	106	-3.7318673
480	236	-3.7331111
344	222	-3.733672
739	117	-3.7340229
744	117	-3.7356336
585	222	-3.7356782
671	40	-3.7365892
105	229	-3.7374337
127	234	-3.7375205
893	211	-3.7377052
378	214	-3.7385142
902	223	-3.7386048
907	120	-3.7394936
761	131	-3.7398407
715	61	-3.7408757
694	258	-3.7411957
16	247	-3.7422583
830	109	-3.742291
925	145	-3.743035
683	259	-3.7441683
831	154	-3.7458882
559	228	-3.7461517
741	254	-3.746336
734	316	-3.7469735
824	271	-3.7485855
927	329	-3.7510555
925	467	-3.755346
904	114	-3.7573333
705	109	-3.7593079
725	83	-3.7606235
807	88	-3.7608142
912	432	-3.762517
384	222	-3.7627623
837	175	-3.763114
820	115	-3.7644863
891	447	-3.764573
732	302	-3.7648003
119	234	-3.7661645
681	272	-3.7670045
164	231	-3.7670746
861	169	-3.7672093
473	242	-3.7678127
794	60	-3.7681286
896	216	-3.7681909
808	289	-3.7690625
26	43	-3.7699106
884	257	-3.7702568
869	169	-3.7716615
208	233	-3.776777
926	266	-3.7768865
921	511	-3.7799764
730	94	-3.780237
840	105	-3.7823496
369	260	-3.7826746
326	267	-3.7858276
483	242	-3.787373
896	131	-3.7891753
191	267	-3.792298
839	182	-3.7924132
893	99	-3.7927074
636	208	-3.794163
673	264	-3.794167
335	222	-3.7982655
427	239	-3.7983217
760	75	-3.7999425
925	461	-3.8021734
926	242	-3.8025825
661	265	-3.8044438
399	251	-3.806773
278	264	-3.8073654
752	131	-3.80791
913	546	-3.809657
734	104	-3.8113
25	254	-3.8128965
659	215	-3.81345
873	197	-3.8160973
889	66	-3.8207011
843	188	-3.8208506
891	194	-3.8214285
109	259	-3.8220863
811	241	-3.8232956
525	243	-3.8234708
318	264	-3.8244796
820	264	-3.8246176
58	40	-3.8257222
856	157	-3.8265274
899	418	-3.827589
352	222	-3.8290746
390	221	-3.8311095
663	38	-3.8312087
597	220	-3.8313162
434	249	-3.8317378
418	213	-3.8324766
796	43	-3.8327217
616	215	-3.8341584
927	598	-3.8352237
875	46	-3.8353822
280	256	-3.8373556
841	133	-3.8401852
38	269	-3.8424292
384	214	-3.8428974
877	249	-3.8434427
928	586	-3.8443012
102	23	-3.8444426
908	321	-3.846264
606	218	-3.8502405
896	141	-3.8506784
908	250	-3.8517356
632	204	-3.8527198
293	253	-3.8547232
921	134	-3.8550441
662	207	-3.8557768
336	227	-3.8562093
813	251	-3.8576884
770	155	-3.8583317
813	130	-3.8595014
735	273	-3.8606913
761	139	-3.8617396
917	84	-3.8665617
8	244	-3.8685822
883	54	-3.8689039
836	146	-3.8702855
940	530	-3.8711648
730	270	-3.8717277
163	254	-3.873035
348	223	-3.8735092
908	329	-3.8736207
849	362	-3.873689
53	228	-3.8739383
908	309	-3.8758929
142	260	-3.8769963
170	260	-3.87912
813	53	-3.8811269
450	236	-3.8816314
793	260	-3.8816566
808	233	-3.8829494
857	322	-3.8831983
903	470	-3.8845623
357	221	-3.8857045
163	266	-3.886341
32	24	-3.8869007
53	24	-3.8890646
94	258	-3.8900445
82	264	-3.8918223
912	248	-3.8921409
677	210	-3.892501
928	103	-3.8933415
904	240	-3.8956501
875	351	-3.896387
498	243	-3.8964987
923	322	-3.900591
121	23	-3.900949
926	187	-3.9010816
928	304	-3.9087179
95	34	-3.9089859
913	551	-3.909537
906	281	-3.91166
670	211	-3.9119503
60	266	-3.9139962
926	149	-3.914441
904	60	-3.9154794
781	179	-3.9162054
547	232	-3.9164484
98	24	-3.9173148
113	229	-3.9174426
727	89	-3.9192495
907	285	-3.9192805
920	66	-3.9194343
732	312	-3.9220395
791	54	-3.9232748
383	261	-3.9246442
209	271	-3.9257236
81	253	-3.9282632
70	228	-3.9292564
776	51	-3.9295053
884	186	-3.930645
920	242	-3.931219
885	272	-3.932341
902	257	-3.9335883
862	390	-3.933815
888	238	-3.9341612
456	244	-3.9342182
915	55	-3.9346602
702	266	-3.9351945
753	260	-3.93528
88	228	-3.936852
912	267	-3.937876
814	57	-3.938834
30	230	-3.9389029
407	239	-3.9396932
286	257	-3.942662
911	129	-3.9433017
903	430	-3.9445446
464	244	-3.944806
129	264	-3.9452903
460	238	-3.945336
707	269	-3.9464648
878	273	-3.9476106
40	24	-3.94811
871	42	-3.949406
766	33	-3.9494402
829	276	-3.952035
172	266	-3.9523163
910	75	-3.9527013
700	90	-3.953762
817	306	-3.956228
21	261	-3.957082
812	237	-3.957966
871	414	-3.958127
821	95	-3.958516
312	269	-3.958874
53	266	-3.9592981
160	259	-3.9594746
795	209	-3.9613664
929	344	-3.9615757
661	305	-3.961718
515	214	-3.9625309
921	298	-3.9625375
869	355	-3.9650965
892	56	-3.9656742
815	84	-3.9679372
306	274	-3.9697356
894	453	-3.9709828
75	33	-3.9716015
860	158	-3.9750192
865	399	-3.9764237
425	248	-3.9775689
702	35	-3.977573
577	223	-3.9781947
180	257	-3.979325
151	260	-3.9806132
921	228	-3.9810722
300	257	-3.9821496
843	304	-3.983221
655	209	-3.9842253
415	252	-3.984917
926	282	-3.9853437
25	50	-3.9866364
936	497	-3.9879048
933	455	-3.9891834
735	285	-3.9894817
912	97	-3.9916153
73	40	-3.9922056
217	226	-3.9928105
930	413	-3.9937067
882	207	-3.997263
668	197	-3.9995172
845	156	-4.000662
935	505	-4.000687
874	267	-4.0032625
899	291	-4.0041995
20	255	-4.0052185
374	243	-4.0061264
891	207	-4.007143
896	78	-4.008556
722	317	-4.012335
748	277	-4.0164256
188	227	-4.0186048
872	359	-4.0195765
936	482	-4.020196
901	219	-4.021235
882	251	-4.0228157
916	233	-4.024533
146	271	-4.027189
45	267	-4.02874
914	80	-4.0330386
269	263	-4.0331306
865	181	-4.0333176
904	253	-4.035176
118	259	-4.0370765
695	270	-4.0372643
910	238	-4.0376325
816	257	-4.038479
288	267	-4.038857
898	135	-4.039469
905	40	-4.0395904
923	92	-4.039785
209	226	-4.040413
921	326	-4.041617
899	144	-4.0426884
780	62	-4.044726
216	266	-4.0450625
798	48	-4.046351
54	42	-4.052198
675	271	-4.0523276
197	261	-4.054329
469	244	-4.0551634
153	226	-4.056699
76	37	-4.0576367
867	234	-4.0583806
34	53	-4.059352
0	238	-4.0595226
737	311	-4.0606694
878	265	-4.061568
404	248	-4.062293
79	228	-4.063601
833	279	-4.0642705
140	268	-4.065134
857	209	-4.0679975
663	219	-4.0694604
901	47	-4.071634
46	24	-4.0747404
34	30	-4.076383
880	429	-4.0765505
374	215	-4.076856
339	246	-4.078833
893	128	-4.0789523
664	310	-4.079703
931	548	-4.08184
127	23	-4.0823197
323	258	-4.083203
330	268	-4.083434
175	254	-4.086099
727	312	-4.086795
492	245	-4.088412
885	58	-4.0884423
906	325	-4.090324
884	263	-4.0919704
357	257	-4.092553
855	161	-4.093511
781	234	-4.094257
659	210	-4.094819
940	536	-4.095343
735	108	-4.0956135
913	241	-4.0962396
877	98	-4.0967064
665	258	-4.098461
707	40	-4.0988975
677	263	-4.0997133
889	74	-4.101579
900	397	-4.1017504
807	165	-4.104118
763	205	-4.10421
791	202	-4.1046834
940	439	-4.10503
923	294	-4.1051407
860	386	-4.1053452
739	277	-4.106305
883	380	-4.1066656
177	235	-4.107151
825	120	-4.107717
395	277	-4.107934
927	446	-4.1086683
850	366	-4.1098213
917	555	-4.1098332
28	55	-4.110609
669	307	-4.1109695
833	117	-4.114743
787	43	-4.1151133
922	280	-4.115851
880	280	-4.116808
896	256	-4.1168528
809	45	-4.1168733
904	248	-4.1176925
213	253	-4.1190696
730	307	-4.120942
827	322	-4.1210327
736	256	-4.122296
170	235	-4.127139
817	88	-4.12748
796	92	-4.127627
201	260	-4.1294374
425	243	-4.1297617
146	258	-4.131578
906	301	-4.1325397
816	133	-4.1361113
779	172	-4.136881
258	264	-4.1375403
920	271	-4.138653
272	256	-4.139435
940	524	-4.1395597
318	272	-4.142198
36	23	-4.142244
785	187	-4.143435
252	260	-4.1457934
940	550	-4.146889
909	227	-4.147136
914	304	-4.150795
671	203	-4.1521215
161	226	-4.1538525
912	427	-4.154477
681	197	-4.155445
869	196	-4.1559243
697	85	-4.156832
783	34	-4.1570597
447	241	-4.1577997
717	268	-4.158283
907	130	-4.1610494
540	236	-4.161591
926	34	-4.1637654
736	154	-4.164207
316	224	-4.1644297
922	96	-4.1661525
857	134	-4.171662
403	240	-4.1717234
442	254	-4.1717806
908	126	-4.1720085
720	66	-4.173119
863	149	-4.1746135
808	116	-4.1766205
676	215	-4.1776457
920	444	-4.178783
803	37	-4.1788287
927	272	-4.1798925
745	111	-4.181199
923	591	-4.184265
928	533	-4.1854835
39	231	-4.185724
745	172	-4.188221
888	210	-4.1893597
900	128	-4.1894464
726	308	-4.1895366
929	361	-4.189636
885	95	-4.1896734
810	229	-4.1904387
125	257	-4.1922073
837	99	-4.192672
110	266	-4.192699
886	51	-4.19432
703	257	-4.1951017
938	515	-4.1976094
760	197	-4.198117
103	34	-4.198566
927	334	-4.200746
759	57	-4.2029734
889	87	-4.203589
401	277	-4.206155
906	293	-4.2068586
743	105	-4.2072315
877	205	-4.207252
927	432	-4.21032
927	107	-4.2104783
74	29	-4.2107444
874	208	-4.2140155
23	229	-4.2152886
926	524	-4.220438
340	267	-4.223288
879	53	-4.224201
729	142	-4.2246346
485	238	-4.227913
887	382	-4.227957
933	552	-4.228372
661	272	-4.2287703
38	51	-4.2306156
900	403	-4.2307005
928	130	-4.231156
759	144	-4.2314806
722	70	-4.2328
183	223	-4.234185
829	271	-4.234545
390	261	-4.2349734
811	75	-4.2384624
923	597	-4.2386446
889	202	-4.239424
770	216	-4.239859
371	249	-4.2411265
342	258	-4.2427516
103	257	-4.243639
919	250	-4.2453575
767	212	-4.248544
246	258	-4.2497544
900	150	-4.2509346
877	200	-4.2521663
815	100	-4.2535095
281	261	-4.2541785
223	226	-4.2562327
893	134	-4.2572803
904	271	-4.258623
805	213	-4.258853
892	40	-4.2610517
678	275	-4.262759
942	546	-4.2648444
870	344	-4.26527
825	103	-4.270446
924	122	-4.2705593
186	259	-4.2718425
203	226	-4.2727375
848	217	-4.2740355
724	79	-4.2746863
892	241	-4.275497
694	266	-4.275973
327	222	-4.276964
808	152	-4.2840343
787	194	-4.284384
679	258	-4.2855954
79	40	-4.285824
236	226	-4.286357
910	300	-4.286885
734	97	-4.287669
91	255	-4.2885227
799	273	-4.2889266
694	82	-4.2917585
875	40	-4.2927923
906	478	-4.292831
861	221	-4.294219
856	216	-4.294953
778	231	-4.2956653
872	240	-4.2963176
790	38	-4.2969403
929	356	-4.2970953
879	42	-4.2993484
865	186	-4.2995925
211	261	-4.300261
931	573	-4.3025866
731	256	-4.303177
364	261	-4.304661
452	216	-4.3056507
834	140	-4.3072824
726	138	-4.3079205
824	34	-4.30842
924	233	-4.3092766
713	49	-4.309462
824	44	-4.309961
858	164	-4.311191
896	234	-4.3131857
239	253	-4.314156
117	228	-4.3142047
859	173	-4.31464
207	260	-4.3148303
662	261	-4.31509
904	307	-4.3164005
389	279	-4.3172464
917	106	-4.3180027
150	270	-4.320798
923	302	-4.322102
913	225	-4.323495
308	268	-4.3256497
680	303	-4.3262844
537	239	-4.3263545
156	265	-4.3280005
714	57	-4.3285184
850	150	-4.330324
909	262	-4.3306947
813	80	-4.33167
850	213	-4.3343763
452	243	-4.3346295
547	213	-4.336056
916	300	-4.3371453
480	214	-4.3372436
818	34	-4.3375993
38	29	-4.3385267
914	50	-4.339861
874	355	-4.3401904
701	94	-4.341968
889	82	-4.3425155
892	236	-4.3446264
897	74	-4.344979
125	229	-4.345547
757	136	-4.3471556
745	301	-4.3471913
858	183	-4.347719
413	257	-4.3505588
871	270	-4.352764
748	118	-4.353338
847	194	-4.353611
115	6	-4.3538055
927	182	-4.3543787
889	96	-4.354407
248	227	-4.355473
336	273	-4.3561788
777	165	-4.3576202
806	221	-4.3578253
80	25	-4.3610177
926	450	-4.3610353
911	341	-4.3611736
801	74	-4.3627424
903	118	-4.3628964
119	254	-4.363313
855	379	-4.364264
12	253	-4.3646016
478	240	-4.3652506
91	33	-4.367691
669	263	-4.367732
928	568	-4.3701696
191	259	-4.3717785
276	268	-4.372563
830	129	-4.3728027
48	226	-4.372924
887	206	-4.3752613
723	313	-4.3757396
866	274	-4.378212
404	258	-4.378959
194	270	-4.380864
810	93	-4.3811398
927	426	-4.3826814
707	34	-4.3845205
701	270	-4.384886
864	229	-4.386894
804	59	-4.3871746
734	277	-4.3893466
930	348	-4.3902173
729	274	-4.392298
921	236	-4.392845
873	339	-4.392857
836	179	-4.3934293
425	257	-4.3961515
876	261	-4.396994
730	317	-4.397487
703	105	-4.3987947
681	55	-4.399836
123	6	-4.4016776
102	266	-4.402536
353	274	-4.402853
896	460	-4.403133
695	31	-4.4034514
689	267	-4.4052753
775	224	-4.406119
764	153	-4.406725
918	439	-4.4070935
681	211	-4.408794
437	254	-4.410386
917	266	-4.4110265
863	190	-4.412438
698	267	-4.412943
768	75	-4.413286
938	422	-4.4138026
869	164	-4.414553
881	276	-4.414912
221	267	-4.4159155
721	130	-4.4160175
687	31	-4.416889
154	257	-4.4168954
806	148	-4.417103
646	208	-4.417813
46	46	-4.4188166
883	46	-4.4189725
902	136	-4.4192686
28	282	-4.420206
735	297	-4.4209695
896	402	-4.4215264
774	156	-4.4218903
901	132	-4.4250736
378	263	-4.4255285
314	274	-4.426617
891	52	-4.427
828	123	-4.4271984
111	255	-4.4274325
788	78	-4.4274755
744	279	-4.4279337
306	223	-4.428767
928	277	-4.429132
873	202	-4.430369
879	269	-4.430504
900	252	-4.4316754
923	288	-4.431865
197	277	-4.43285
914	314	-4.434209
396	215	-4.434432
813	245	-4.434609
911	388	-4.435838
927	191	-4.436113
840	149	-4.437575
895	206	-4.4379187
3	241	-4.4386687
878	286	-4.4392004
836	188	-4.43956
374	210	-4.444148
593	205	-4.4448023
112	30	-4.445909
666	273	-4.445946
640	209	-4.4468994
518	244	-4.449297
912	276	-4.4496036
147	262	-4.449792
115	233	-4.4503407
908	266	-4.451926
793	88	-4.452376
7	252	-4.4523787
194	226	-4.4532943
761	126	-4.459285
878	209	-4.459316
935	477	-4.4595566
895	190	-4.45962
878	367	-4.461767
394	263	-4.462551
901	80	-4.464389
269	253	-4.46476
69	42	-4.4652014
800	104	-4.466997
900	244	-4.467265
877	174	-4.467344
920	113	-4.4677396
923	342	-4.46867
222	253	-4.4689384
137	262	-4.4694543
859	178	-4.4703274
940	519	-4.4706993
692	72	-4.470721
871	250	-4.4709663
868	409	-4.472796
826	154	-4.473306
730	86	-4.473709
894	250	-4.476197
213	289	-4.4762573
929	582	-4.478171
565	227	-4.4811835
904	261	-4.4828067
829	113	-4.483441
862	124	-4.4849296
898	414	-4.4852796
851	203	-4.485306
791	42	-4.4855847
895	145	-4.4864197
805	113	-4.4887996
890	91	-4.489145
98	264	-4.4892054
99	33	-4.4893126
877	92	-4.489986
756	140	-4.4906163
329	247	-4.4917912
888	179	-4.4923887
896	37	-4.4926353
715	34	-4.492656
708	320	-4.494144
897	212	-4.494459
446	252	-4.4944863
896	46	-4.495657
869	86	-4.497473
935	469	-4.4978986
511	241	-4.498457
759	122	-4.498765
62	226	-4.4988165
736	289	-4.5000477
803	167	-4.501748
675	259	-4.502224
910	336	-4.5039062
64	39	-4.504909
29	37	-4.505578
664	198	-4.505682
851	160	-4.509612
888	277	-4.5109367
829	43	-4.511197
400	247	-4.51157
918	89	-4.512058
843	152	-4.5122066
769	28	-4.512422
885	104	-4.5125194
794	264	-4.512661
125	263	-4.51287
927	248	-4.516066
409	249	-4.516163
273	276	-4.5170164
902	422	-4.517824
749	180	-4.518267
234	269	-4.51966
200	270	-4.5204105
171	218	-4.520874
899	112	-4.521239
92	24	-4.521266
597	204	-4.5212812
825	69	-4.5257277
883	179	-4.5260167
705	325	-4.5261016
856	168	-4.5264707
894	153	-4.5285215
804	33	-4.5292926
195	254	-4.530073
135	271	-4.530303
355	245	-4.530382
909	317	-4.5311704
844	106	-4.5320144
896	149	-4.5323563
754	186	-4.533134
42	270	-4.534858
338	219	-4.535245
873	170	-4.5357594
672	235	-4.5360575
753	135	-4.5370607
843	139	-4.537622
486	245	-4.5396824
837	34	-4.540494
423	211	-4.541186
675	31	-4.541327
74	227	-4.542735
132	23	-4.545283
904	127	-4.5480957
658	219	-4.548212
809	225	-4.548345
809	120	-4.550858
904	398	-4.5521636
688	274	-4.552433
745	252	-4.553232
886	63	-4.5538816
417	248	-4.5539765
446	212	-4.554628
799	52	-4.554943
902	294	-4.5550566
455	238	-4.555291
894	286	-4.5570903
790	48	-4.5584593
903	64	-4.559013
481	246	-4.5605316
936	349	-4.5629253
868	160	-4.5639257
775	160	-4.5640054
918	507	-4.564047
940	444	-4.5649724
915	496	-4.5651083
739	104	-4.566701
923	100	-4.566724
934	459	-4.571629
687	204	-4.572923
788	33	-4.573897
890	198	-4.5773797
905	87	-4.578975
923	330	-4.579668
334	281	-4.5800276
893	104	-4.5803914
370	214	-4.580502
824	116	-4.5823264
833	274	-4.583031
901	57	-4.5831485
225	265	-4.58332
826	108	-4.588358
746	85	-4.5886345
882	284	-4.589488
529	242	-4.5905633
923	184	-4.5914416
931	98	-4.592287
847	308	-4.5934887
747	35	-4.5939
899	407	-4.5950446
282	265	-4.5957074
889	132	-4.5978303
107	30	-4.599048
898	50	-4.599179
799	70	-4.600072
752	125	-4.601898
931	352	-4.60376
384	279	-4.604239
671	30	-4.6050673
523	214	-4.6051855
731	287	-4.6054688
879	372	-4.6066394
18	266	-4.6078644
931	409	-4.608247
821	111	-4.6094513
210	275	-4.609991
740	290	-4.610112
908	273	-4.6109633
898	154	-4.6120887
313	257	-4.612896
835	184	-4.6154337
813	96	-4.6166964
854	123	-4.6186943
881	60	-4.61874
828	267	-4.618741
863	329	-4.619054
388	245	-4.6207023
667	41	-4.6214175
934	419	-4.622526
682	307	-4.6226892
395	269	-4.6227684
938	502	-4.622815
723	256	-4.624142
892	187	-4.624886
676	305	-4.626013
933	557	-4.6267357
870	46	-4.627985
502	244	-4.628896
931	92	-4.629327
106	264	-4.6297526
932	610	-4.6298647
811	126	-4.6302385
856	129	-4.6306973
271	271	-4.631979
84	24	-4.6325364
108	19	-4.633875
86	263	-4.6345167
926	237	-4.6357985
784	73	-4.6376433
866	269	-4.638889
10	229	-4.641269
450	250	-4.6423564
25	270	-4.642786
938	452	-4.644097
167	219	-4.645948
834	171	-4.6471043
824	265	-4.6489024
821	62	-4.6524906
809	156	-4.6526284
175	223	-4.6534557
787	181	-4.6536183
921	436	-4.654434
719	33	-4.6550984
84	32	-4.656719
800	210	-4.6568456
327	251	-4.6575637
731	90	-4.6582766
671	269	-4.6588283
899	178	-4.6617684
734	293	-4.6618404
320	281	-4.66201
797	97	-4.664475
809	214	-4.665072
741	309	-4.666222
808	169	-4.6671987
712	317	-4.667633
926	39	-4.669665
760	66	-4.6705904
910	280	-4.671133
461	251	-4.671168
851	209	-4.672046
918	321	-4.6730137
738	318	-4.6732793
44	224	-4.673352
869	33	-4.6751566
906	74	-4.675596
128	6	-4.6784587
889	101	-4.680945
140	227	-4.682442
807	69	-4.6840706
801	156	-4.684346
788	190	-4.685687
754	256	-4.6859345
819	107	-4.686818
163	218	-4.686839
871	244	-4.686912
712	45	-4.6875415
911	324	-4.689169
885	34	-4.690622
880	260	-4.691458
468	214	-4.691582
739	295	-4.692532
862	270	-4.69289
924	104	-4.6929245
28	224	-4.6929855
938	345	-4.69317
34	270	-4.6936345
930	321	-4.6947236
878	102	-4.697128
210	281	-4.698176
214	270	-4.699792
83	229	-4.699856
686	215	-4.7000904
891	142	-4.701025
867	43	-4.701026
71	21	-4.7016044
929	405	-4.702606
824	158	-4.703094
421	244	-4.7032413
895	195	-4.703868
820	140	-4.703968
854	206	-4.7041564
925	153	-4.7041836
777	58	-4.7043366
333	250	-4.708906
707	256	-4.7094355
226	269	-4.709556
134	6	-4.711377
739	162	-4.7122965
919	93	-4.7134333
872	37	-4.7145047
654	215	-4.714914
959	588	-4.7155786
889	162	-4.7167106
929	555	-4.7177825
804	77	-4.720573
666	204	-4.72116
762	135	-4.7213635
392	243	-4.7224855
882	92	-4.722946
658	206	-4.724046
905	312	-4.724832
867	192	-4.726019
854	318	-4.726736
753	273	-4.728547
2	232	-4.728968
368	210	-4.730333
741	113	-4.730585
942	540	-4.7309294
931	578	-4.7311487
217	259	-4.73169
833	47	-4.731747
115	256	-4.7331266
794	47	-4.73322
817	226	-4.733813
915	342	-4.7352185
930	606	-4.736214
875	212	-4.7367334
714	117	-4.7388716
910	423	-4.738949
421	250	-4.7406917
813	233	-4.740835
845	143	-4.741799
695	89	-4.742438
793	30	-4.7439537
22	47	-4.7441993
940	434	-4.7444277
745	97	-4.745907
888	78	-4.746384
817	252	-4.747116
769	79	-4.747388
917	133	-4.7478557
889	190	-4.7478848
353	266	-4.7492347
889	48	-4.7495065
141	264	-4.7505693
857	383	-4.7514024
940	429	-4.7562466
740	281	-4.7579875
925	346	-4.758641
892	178	-4.759138
809	131	-4.7592416
801	56	-4.7629433
896	70	-4.7634377
890	281	-4.763447
781	167	-4.76391
923	336	-4.7645626
895	59	-4.7652297
844	300	-4.7655087
923	447	-4.766138
191	223	-4.768575
818	92	-4.7691965
803	109	-4.770008
768	40	-4.7707033
905	318	-4.770804
761	115	-4.7719464
897	42	-4.7724476
757	130	-4.7725363
381	272	-4.7758975
926	422	-4.7774496
400	260	-4.778312
917	317	-4.7791405
959	594	-4.7798014
710	112	-4.780419
745	289	-4.780534
684	275	-4.781213
759	51	-4.781939
927	546	-4.7843537
651	208	-4.7869406
78	30	-4.7895217
922	246	-4.789929
635	212	-4.7921066
892	45	-4.792817
927	112	-4.792967
789	185	-4.7935576
543	214	-4.7936897
726	271	-4.7943754
891	124	-4.794933
905	297	-4.795087
381	245	-4.79595
901	298	-4.7969027
910	294	-4.797134
854	212	-4.797523
393	273	-4.798127
829	34	-4.799412
876	319	-4.799537
892	138	-4.8018255
268	268	-4.802054
912	288	-4.8046227
904	141	-4.8057756
936	473	-4.805824
457	249	-4.8070526
728	303	-4.8084917
812	134	-4.809626
911	180	-4.813386
905	220	-4.813748
588	204	-4.814779
906	216	-4.814807
109	6	-4.8148656
917	224	-4.8149405
508	244	-4.8156323
919	292	-4.8158503
113	19	-4.81597
833	135	-4.819752
906	427	-4.8198576
880	290	-4.821229
684	253	-4.8221917
367	250	-4.8224583
222	259	-4.8227944
43	21	-4.822903
870	80	-4.824788
751	104	-4.825541
17	258	-4.8283567
917	435	-4.828467
417	256	-4.8286595
931	315	-4.8304386
957	559	-4.831306
744	297	-4.83139
902	123	-4.832299
255	288	-4.832965
913	318	-4.8341165
904	393	-4.8346176
815	240	-4.835668
844	218	-4.8357205
349	219	-4.835904
860	120	-4.8367596
773	72	-4.8373837
753	77	-4.8403687
853	165	-4.8404884
859	317	-4.8416405
205	289	-4.8418403
888	70	-4.842332
759	79	-4.8432245
817	137	-4.8434515
301	275	-4.843738
866	154	-4.843829
30	29	-4.8438616
821	234	-4.84398
905	33	-4.846075
869	76	-4.847084
230	259	-4.8472195
706	331	-4.84782
896	64	-4.848022
117	30	-4.8495784
959	583	-4.850473
289	274	-4.8513513
927	351	-4.852511
832	51	-4.8527985
533	216	-4.8537164
930	337	-4.854518
88	25	-4.854963
687	256	-4.8556266
893	112	-4.856168
764	76	-4.8570557
473	247	-4.858166
787	161	-4.858782
910	133	-4.8589344
661	299	-4.8590174
773	48	-4.860214
844	203	-4.8606935
827	47	-4.861606
368	218	-4.864
899	117	-4.864299
926	255	-4.865614
744	101	-4.866254
328	273	-4.8663087
900	215	-4.867725
868	38	-4.867726
888	38	-4.8678126
839	343	-4.86866
900	238	-4.8688717
740	314	-4.8692355
782	175	-4.869394
801	163	-4.870183
881	433	-4.8725147
557	210	-4.8743196
836	338	-4.875171
936	489	-4.8760443
70	266	-4.8780046
867	335	-4.8782725
806	142	-4.878303
32	57	-4.8789325
715	256	-4.8801484
113	26	-4.8806705
676	48	-4.8817058
883	374	-4.882734
36	224	-4.8831944
910	93	-4.88363
916	99	-4.8848333
846	359	-4.884984
830	80	-4.8850007
919	341	-4.885455
882	64	-4.886287
847	147	-4.8866973
942	554	-4.887228
817	244	-4.8878875
898	301	-4.888195
935	493	-4.888366
938	353	-4.889087
675	219	-4.890218
902	76	-4.890627
760	104	-4.8912544
875	423	-4.89282
841	289	-4.893501
127	271	-4.89372
667	302	-4.8937407
725	320	-4.895602
911	489	-4.8969555
17	252	-4.899508
662	42	-4.9006824
911	332	-4.901012
248	264	-4.9015884
926	436	-4.9022837
115	15	-4.9025865
43	228	-4.903195
701	101	-4.9046965
666	254	-4.906
761	89	-4.9066544
801	206	-4.9089065
878	298	-4.910443
936	341	-4.911405
821	313	-4.913865
887	376	-4.915549
157	225	-4.916141
922	142	-4.916178
928	366	-4.916727
903	153	-4.917149
370	264	-4.917261
40	278	-4.917586
868	90	-4.9176884
885	142	-4.9179153
931	299	-4.918307
819	260	-4.9184637
34	229	-4.91917
927	575	-4.922137
900	392	-4.9223967
672	302	-4.922816
241	257	-4.922881
261	267	-4.925023
663	314	-4.925765
850	155	-4.926634
806	40	-4.928515
102	30	-4.929705
916	295	-4.9298635
909	547	-4.9300547
879	34	-4.930322
809	137	-4.931145
821	47	-4.9341135
140	6	-4.934519
55	6	-4.9345245
260	289	-4.936079
837	224	-4.936361
885	42	-4.937849
718	316	-4.939447
870	97	-4.9404416
795	51	-4.940868
673	275	-4.9409847
915	179	-4.9411473
909	417	-4.9413023
938	556	-4.942466
914	237	-4.943067
907	333	-4.9440055
662	276	-4.945317
868	331	-4.9455066
931	565	-4.9468713
886	286	-4.946924
896	54	-4.9481707
323	250	-4.948835
904	69	-4.9494877
948	530	-4.951536
694	274	-4.951538
760	61	-4.95203
867	253	-4.9522643
903	146	-4.955139
903	176	-4.955568
901	211	-4.95617
852	219	-4.956325
885	280	-4.9563594
865	404	-4.9574127
28	23	-4.9575043
729	82	-4.9585214
898	295	-4.959966
805	155	-4.960659
925	229	-4.961765
896	240	-4.962521
918	279	-4.9625874
465	248	-4.9649367
763	120	-4.9655876
838	281	-4.967205
24	54	-4.9691567
882	175	-4.970293
912	392	-4.970403
168	224	-4.9716873
957	564	-4.9729295
906	150	-4.97328
843	293	-4.9735413
282	287	-4.974079
301	267	-4.9743505
944	526	-4.976898
339	255	-4.9778056
921	547	-4.981057
671	258	-4.981264
698	254	-4.981972
213	225	-4.98276
877	277	-4.983135
957	547	-4.9842653
749	114	-4.9851575
874	101	-4.985222
265	226	-4.985459
301	223	-4.9869
12	258	-4.988014
433	255	-4.9893723
866	264	-4.990132
65	44	-4.9912205
413	247	-4.991333
850	314	-4.9914994
870	125	-4.9926724
320	222	-4.9935293
219	289	-4.997042
811	164	-4.9982653
674	193	-4.9985
909	221	-4.9998493
878	88	-5.0011787
808	84	-5.0017757
730	298	-5.0027485
631	213	-5.004873
925	118	-5.0050015
844	34	-5.0065556
799	30	-5.007387
813	224	-5.0096555
232	225	-5.01195
927	563	-5.0130916
912	328	-5.013909
660	309	-5.0141153
416	244	-5.0151496
354	218	-5.015376
737	100	-5.0158305
866	127	-5.0160227
906	388	-5.0164275
711	313	-5.017455
885	88	-5.0179415
344	266	-5.0188746
33	20	-5.0197186
396	245	-5.020158
422	254	-5.022565
117	270	-5.023188
923	251	-5.023691
789	257	-5.023976
682	299	-5.0246906
920	432	-5.024948
832	181	-5.025635
720	271	-5.0259347
40	225	-5.0265613
407	245	-5.0275354
745	89	-5.028195
821	37	-5.028387
861	324	-5.0287127
919	180	-5.0300794
916	393	-5.0306606
891	289	-5.031689
747	283	-5.0319133
739	109	-5.032228
209	291	-5.0323143
333	285	-5.0326657
797	205	-5.033078
686	64	-5.039053
714	271	-5.0392213
840	219	-5.03944
743	293	-5.0395303
866	279	-5.039843
703	303	-5.03995
722	134	-5.0406146
6	248	-5.041736
179	224	-5.041987
868	239	-5.042431
809	145	-5.0430627
906	134	-5.0435567
818	103	-5.044031
920	284	-5.0448575
50	6	-5.0455327
707	316	-5.046795
819	230	-5.0468664
759	41	-5.0474133
892	30	-5.047614
932	585	-5.048648
914	221	-5.0489373
875	51	-5.0501537
862	98	-5.0506816
90	264	-5.051395
175	217	-5.051605
735	158	-5.0527067
899	188	-5.0540895
932	569	-5.0555143
757	118	-5.0567865
332	274	-5.058303
864	114	-5.0591807
773	66	-5.0604
928	559	-5.061671
76	268	-5.062567
155	261	-5.0626106
289	280	-5.063076
938	412	-5.0631714
909	79	-5.0633116
240	271	-5.0636506
749	251	-5.0637465
392	214	-5.063753
244	226	-5.0639725
50	47	-5.0643725
936	357	-5.064747
924	587	-5.064933
66	20	-5.0658736
889	175	-5.066052
725	75	-5.0660524
798	65	-5.067191
826	182	-5.0677986
698	273	-5.0679936
822	147	-5.068083
924	443	-5.068399
697	303	-5.0686135
746	77	-5.0693793
816	151	-5.070003
79	21	-5.0708594
927	551	-5.0715213
692	254	-5.07378
832	124	-5.073857
901	411	-5.076402
746	93	-5.076494
119	7	-5.0784345
418	240	-5.0788865
727	255	-5.078893
901	304	-5.079552
54	224	-5.0816936
310	275	-5.0832844
878	57	-5.083414
885	112	-5.0837064
354	261	-5.085571
891	389	-5.0856605
736	33	-5.0859375
938	417	-5.0869923
907	212	-5.087206
949	534	-5.0881352
856	96	-5.089569
935	590	-5.091062
875	343	-5.0910845
847	199	-5.0912237
809	79	-5.0913067
934	561	-5.0916142
817	54	-5.0919743
908	397	-5.0920277
11	262	-5.0950375
719	62	-5.0953927
103	19	-5.0956635
836	90	-5.096302
825	39	-5.0968695
39	20	-5.097285
94	265	-5.098071
21	51	-5.0994835
883	108	-5.1007767
790	197	-5.101171
901	204	-5.1018896
895	394	-5.102452
893	245	-5.103877
752	119	-5.10445
828	117	-5.1048594
201	275	-5.1051173
854	106	-5.105994
824	163	-5.1062837
886	165	-5.1065116
389	274	-5.1069927
863	233	-5.1084204
196	281	-5.1118197
917	328	-5.1161804
885	159	-5.1167755
875	330	-5.117891
805	160	-5.118777
901	195	-5.119192
187	255	-5.11935
931	309	-5.1195807
878	346	-5.119833
914	87	-5.1205235
678	287	-5.1208453
887	118	-5.122601
907	178	-5.1238675
833	35	-5.1243415
344	273	-5.1259317
928	373	-5.126093
739	286	-5.1261654
927	196	-5.126553
949	526	-5.127009
29	273	-5.1270466
894	183	-5.128596
377	273	-5.1309304
899	166	-5.13095
877	358	-5.1314187
171	256	-5.131835
204	269	-5.133937
92	227	-5.1350355
842	213	-5.135168
837	46	-5.1352916
916	275	-5.136377
552	211	-5.1367817
897	125	-5.137274
906	83	-5.137637
895	290	-5.1380105
711	41	-5.138024
624	215	-5.139949
366	272	-5.1401353
834	43	-5.1456146
379	268	-5.146213
363	252	-5.1472135
757	45	-5.1474605
813	213	-5.147535
740	167	-5.1477013
799	108	-5.1493607
311	265	-5.1495776
364	219	-5.1510677
862	129	-5.1518335
916	431	-5.1519575
755	103	-5.1539087
784	240	-5.153914
790	158	-5.15398
783	116	-5.154208
753	89	-5.15449
911	195	-5.155352
16	262	-5.1557803
864	102	-5.1561017
836	217	-5.1562276
866	122	-5.156561
790	84	-5.1574655
43	6	-5.159256
898	248	-5.1602263
428	260	-5.1612945
781	122	-5.1626177
859	312	-5.1627154
384	265	-5.1633315
84	38	-5.163816
913	46	-5.165779
874	95	-5.165923
765	130	-5.166251
877	106	-5.168009
262	271	-5.1693325
800	152	-5.169643
812	148	-5.1712537
920	103	-5.1732416
949	443	-5.176279
284	291	-5.1766825
32	225	-5.17691
760	84	-5.181995
388	213	-5.182487
822	181	-5.182745
835	192	-5.1840982
640	202	-5.1864
786	177	-5.1865535
743	285	-5.187229
872	418	-5.188403
894	202	-5.18926
876	335	-5.190921
922	555	-5.1934114
120	15	-5.1939554
959	578	-5.194441
650	214	-5.1955094
842	192	-5.196641
24	225	-5.1972084
408	259	-5.1976295
757	194	-5.197849
385	273	-5.198024
862	278	-5.199302
912	152	-5.199564
719	320	-5.1997075
802	202	-5.199874
913	184	-5.2007113
5	34	-5.2012615
351	246	-5.20311
201	281	-5.203178
862	106	-5.2032514
743	34	-5.2033362
796	115	-5.2034526
159	219	-5.2035146
751	34	-5.2047734
870	278	-5.2048492
862	396	-5.204898
820	43	-5.205303
730	278	-5.205314
658	199	-5.2058506
931	106	-5.206592
895	157	-5.206899
724	304	-5.207025
735	86	-5.2075267
882	347	-5.2091327
903	475	-5.20925
916	347	-5.209967
948	521	-5.210426
755	33	-5.2107034
137	23	-5.2118115
8	225	-5.213448
269	275	-5.213932
893	163	-5.214273
663	30	-5.214731
918	137	-5.215865
883	38	-5.2159057
332	219	-5.2160916
340	274	-5.218251
118	19	-5.218439
241	267	-5.219707
926	50	-5.2202854
872	161	-5.2203283
671	223	-5.221004
865	87	-5.222733
835	130	-5.2241845
735	93	-5.224265
343	218	-5.224813
910	345	-5.225006
820	99	-5.225984
885	318	-5.226895
922	33	-5.2281294
769	119	-5.228334
959	555	-5.229034
522	246	-5.2303514
786	157	-5.230867
868	259	-5.2319503
837	277	-5.233537
786	244	-5.2359033
922	421	-5.236142
889	153	-5.236794
844	209	-5.237107
841	101	-5.2385716
942	352	-5.2394853
873	165	-5.2400208
230	267	-5.240649
800	116	-5.240898
920	345	-5.2409286
903	171	-5.240972
713	303	-5.242517
806	134	-5.242853
915	245	-5.243624
427	210	-5.243751
769	84	-5.2448263
857	220	-5.24527
942	509	-5.245363
701	31	-5.2466354
908	138	-5.2474313
258	285	-5.247721
747	107	-5.248011
950	538	-5.2492867
882	366	-5.250727
216	292	-5.2516055
671	239	-5.251746
261	276	-5.252361
923	190	-5.254123
927	76	-5.2542243
50	21	-5.254606
12	266	-5.2564516
710	325	-5.2564793
839	95	-5.2566657
765	72	-5.2568293
682	59	-5.256987
731	33	-5.2569933
874	33	-5.2571015
819	238	-5.2572107
902	415	-5.2589116
787	167	-5.2593265
749	96	-5.2596283
864	141	-5.2596617
737	252	-5.2602515
731	146	-5.2615876
908	485	-5.2625604
701	111	-5.2627416
761	110	-5.2637343
765	29	-5.2638373
179	219	-5.2649746
944	534	-5.2653317
828	159	-5.265949
750	38	-5.2660394
940	493	-5.2662077
772	76	-5.267048
893	118	-5.2678337
745	81	-5.267855
206	274	-5.2709537
930	243	-5.2713094
187	221	-5.2714815
451	212	-5.271574
252	226	-5.2740126
852	256	-5.274157
39	273	-5.2748966
29	278	-5.275603
179	271	-5.27981
938	298	-5.2804255
654	220	-5.281811
793	121	-5.2828364
94	30	-5.2837133
49	268	-5.28585
797	155	-5.2865725
812	302	-5.287126
931	328	-5.288799
940	358	-5.28888
707	307	-5.289074
722	309	-5.2916527
852	119	-5.291771
957	539	-5.2927227
818	156	-5.2927375
936	372	-5.292989
835	54	-5.2930374
870	105	-5.293612
876	302	-5.2937217
825	112	-5.293934
833	269	-5.2943788
728	78	-5.294726
360	218	-5.295273
749	88	-5.2960033
328	281	-5.2963533
377	280	-5.2966857
104	6	-5.299216
411	273	-5.2996845
697	93	-5.3000956
941	449	-5.3001285
292	266	-5.3026443
100	226	-5.3049917
856	269	-5.3054867
940	560	-5.3065276
755	49	-5.307077
754	269	-5.3072653
811	219	-5.3126197
818	310	-5.3129864
779	161	-5.3137407
867	245	-5.313777
907	172	-5.3138022
754	84	-5.3155127
350	263	-5.3159027
702	253	-5.315911
716	52	-5.316059
862	265	-5.316776
519	215	-5.3175616
941	573	-5.317957
879	363	-5.3181047
824	50	-5.3185945
959	681	-5.319369
885	439	-5.3205094
825	167	-5.321511
942	425	-5.3220806
779	66	-5.322794
926	579	-5.3240647
754	73	-5.324642
358	263	-5.3249145
783	171	-5.3250127
876	282	-5.3263206
877	111	-5.32638
761	70	-5.326523
832	167	-5.326918
56	20	-5.327738
842	285	-5.327762
929	602	-5.3290977
773	82	-5.3291397
934	414	-5.3292646
354	270	-5.3294277
925	69	-5.3303432
882	299	-5.331128
405	275	-5.333033
166	270	-5.3332853
917	288	-5.334545
150	6	-5.3347254
888	139	-5.336291
110	15	-5.3364825
43	274	-5.337
280	293	-5.337153
942	411	-5.337773
866	95	-5.3386803
197	223	-5.339286
833	176	-5.3407726
877	315	-5.340812
933	345	-5.3426166
938	337	-5.3427253
60	6	-5.342884
895	175	-5.344036
832	187	-5.3440437
861	136	-5.3458285
903	164	-5.3462853
276	273	-5.3480945
757	37	-5.348124
881	319	-5.3494315
857	49	-5.3496885
706	113	-5.349722
820	172	-5.350588
688	219	-5.351215
957	569	-5.3526073
733	320	-5.3532553
930	188	-5.3546996
854	88	-5.3558874
816	248	-5.35868
942	514	-5.360092
858	125	-5.3615937
765	114	-5.3621726
269	287	-5.3626223
932	598	-5.363165
732	282	-5.364514
839	39	-5.3650103
679	253	-5.366226
61	43	-5.3662453
280	269	-5.3664618
900	71	-5.366815
877	323	-5.3702636
283	224	-5.3711443
155	6	-5.3722706
317	277	-5.3749886
695	307	-5.375187
214	276	-5.3758693
198	257	-5.3798456
914	271	-5.380077
909	401	-5.380292
901	310	-5.381883
666	222	-5.3820014
910	217	-5.382961
911	83	-5.384122
747	73	-5.384202
778	157	-5.3854337
795	56	-5.387825
661	291	-5.3892336
909	208	-5.389643
887	128	-5.39127
938	362	-5.3928566
253	264	-5.3932624
911	174	-5.395482
921	109	-5.396244
949	449	-5.3968506
885	136	-5.397522
891	149	-5.3980794
942	420	-5.399305
906	337	-5.400556
65	267	-5.401219
932	102	-5.4015355
865	48	-5.4018106
941	505	-5.402064
802	282	-5.4022017
949	542	-5.4023633
765	37	-5.4035754
134	227	-5.404779
501	213	-5.40535
701	331	-5.405799
897	162	-5.406515
887	371	-5.4068966
913	420	-5.4069767
227	225	-5.4089956
873	88	-5.409228
660	286	-5.4118147
821	242	-5.412993
812	140	-5.413161
356	210	-5.4133873
911	190	-5.413762
8	256	-5.4138665
338	251	-5.4151945
936	568	-5.4167075
928	121	-5.417148
900	387	-5.417357
837	134	-5.4186387
7	260	-5.4186425
583	205	-5.418802
842	223	-5.4208198
123	19	-5.420836
539	213	-5.420922
940	485	-5.421053
23	59	-5.421422
338	280	-5.4215746
831	163	-5.4216065
324	280	-5.422646
899	183	-5.423532
918	184	-5.4252696
866	108	-5.4259486
925	418	-5.430718
905	544	-5.4321246
938	282	-5.432632
725	33	-5.433521
940	498	-5.435663
870	318	-5.4358926
831	55	-5.4359016
670	253	-5.438168
936	465	-5.438912
716	44	-5.439198
771	151	-5.439252
662	255	-5.440126
863	282	-5.440182
513	245	-5.4413567
838	271	-5.4415007
295	223	-5.4417996
882	294	-5.441849
370	273	-5.4430904
948	513	-5.4432883
918	58	-5.4433756
75	20	-5.443551
575	204	-5.444236
915	336	-5.445072
683	287	-5.445774
110	226	-5.44583
787	173	-5.447285
959	599	-5.4474015
889	113	-5.4479346
433	210	-5.4486427
957	472	-5.448748
644	201	-5.4517007
581	224	-5.4533896
836	50	-5.4545
893	299	-5.4545717
870	137	-5.4546924
861	43	-5.455314
863	320	-5.456424
955	374	-5.4593034
805	172	-5.459305
288	284	-5.459481
764	67	-5.4611073
813	144	-5.4631534
936	333	-5.4632344
44	17	-5.4641747
834	84	-5.4656224
866	83	-5.4664655
674	255	-5.4666977
817	214	-5.466753
816	50	-5.4673386
763	80	-5.469365
896	107	-5.4701343
883	68	-5.470636
898	198	-5.470768
919	332	-5.471073
234	254	-5.4710994
878	80	-5.471156
791	154	-5.471999
683	30	-5.4720936
872	333	-5.4721465
349	273	-5.472756
730	291	-5.474635
27	286	-5.476947
850	252	-5.4769716
414	212	-5.478256
247	269	-5.4784393
382	210	-5.478798
760	93	-5.479892
837	213	-5.4799423
711	33	-5.480266
770	88	-5.480428
907	154	-5.480624
897	305	-5.4809155
61	20	-5.481734
944	518	-5.482185
901	158	-5.4829493
867	327	-5.4831944
848	226	-5.4850698
917	401	-5.4871774
899	173	-5.4880223
644	212	-5.488771
222	271	-5.488922
904	404	-5.4908233
774	228	-5.4914393
925	583	-5.4928036
949	438	-5.4931135
819	184	-5.4938035
803	145	-5.4947658
924	179	-5.495744
779	118	-5.4959826
676	239	-5.497104
914	216	-5.4971128
347	247	-5.4976053
304	278	-5.4979873
920	515	-5.4980574
957	574	-5.4994936
911	213	-5.499567
928	232	-5.5007873
83	42	-5.5017147
899	67	-5.502134
804	138	-5.5032735
797	119	-5.505596
816	165	-5.505888
719	312	-5.506343
792	116	-5.5065203
401	213	-5.5066867
273	284	-5.507268
364	209	-5.5078034
895	167	-5.5085735
776	63	-5.508838
915	94	-5.5092673
890	158	-5.5113015
959	666	-5.511316
958	551	-5.5118127
257	277	-5.5119762
387	269	-5.512338
855	265	-5.512763
804	64	-5.5141053
828	52	-5.5170197
857	273	-5.51704
272	225	-5.5176296
4	228	-5.51765
773	118	-5.517997
202	256	-5.518767
706	252	-5.5209026
348	267	-5.52164
760	202	-5.5224032
762	32	-5.522628
783	106	-5.525122
741	93	-5.527112
932	294	-5.5286374
856	102	-5.5287123
854	33	-5.529232
821	225	-5.529804
701	324	-5.52994
900	61	-5.53198
869	50	-5.5324044
890	166	-5.5332346
699	106	-5.5332694
145	6	-5.533495
712	331	-5.535503
918	397	-5.5373993
940	569	-5.5376725
361	245	-5.5378103
868	131	-5.538146
489	248	-5.538489
856	43	-5.5400434
297	269	-5.540079
335	277	-5.540511
763	211	-5.540833
237	265	-5.5414004
366	265	-5.5414624
291	270	-5.5415316
898	121	-5.5418077
274	280	-5.5424314
912	384	-5.5427103
453	253	-5.5432277
921	405	-5.5436873
931	333	-5.5456204
902	321	-5.546229
812	153	-5.547908
921	559	-5.548161
911	284	-5.5482273
899	468	-5.548251
811	89	-5.5484743
836	209	-5.5501156
237	259	-5.5503244
838	141	-5.5524936
938	457	-5.55388
83	28	-5.5539055
20	55	-5.5553617
121	28	-5.5562882
528	214	-5.5566
913	405	-5.5587273
866	135	-5.560347
868	72	-5.56068
411	243	-5.560912
870	120	-5.562294
958	543	-5.5632863
765	85	-5.5661273
837	58	-5.568342
319	259	-5.570906
876	294	-5.571282
805	130	-5.571529
938	277	-5.572405
693	302	-5.5728207
87	29	-5.5736375
892	108	-5.574032
708	302	-5.5758896
400	273	-5.576977
416	260	-5.5774064
892	293	-5.577886
690	196	-5.581101
476	213	-5.5817037
57	45	-5.5841694
880	303	-5.5846653
957	531	-5.584905
950	546	-5.5859437
703	320	-5.5862746
922	349	-5.5928974
941	565	-5.5933213
848	206	-5.593549
825	172	-5.593748
876	311	-5.594356
910	148	-5.5956492
813	34	-5.5963597
959	604	-5.5964966
164	223	-5.5966067
957	523	-5.5969954
784	164	-5.5970707
819	144	-5.597119
927	43	-5.5976377
719	255	-5.598717
914	281	-5.5991583
807	74	-5.6000896
680	294	-5.6004677
342	249	-5.6009912
950	509	-5.601071
359	250	-5.6013575
160	6	-5.6043534
860	225	-5.6044874
913	396	-5.605791
278	225	-5.605848
915	424	-5.6065445
205	280	-5.6084766
685	198	-5.6086454
285	278	-5.61051
810	160	-5.610886
753	95	-5.6129284
131	283	-5.6137743
573	226	-5.6145644
840	43	-5.614745
917	34	-5.6155972
728	284	-5.615725
916	354	-5.6171536
868	101	-5.6187973
877	84	-5.6201997
449	255	-5.6206183
888	185	-5.6207733
690	211	-5.6217937
748	100	-5.6232214
909	89	-5.624135
662	202	-5.625655
723	324	-5.6261616
845	86	-5.62734
866	249	-5.6296725
949	517	-5.629965
801	141	-5.6349382
191	277	-5.634998
563	207	-5.635643
685	302	-5.63676
925	404	-5.637529
822	176	-5.638913
66	225	-5.63984
734	82	-5.6403112
881	143	-5.6403766
938	368	-5.641435
959	481	-5.6420207
930	281	-5.6445236
888	145	-5.6450524
735	78	-5.6455045
774	90	-5.6478477
865	34	-5.648372
879	76	-5.6485124
921	146	-5.6493907
878	63	-5.650443
669	276	-5.651636
673	308	-5.6522326
98	29	-5.6532235
38	6	-5.6542125
285	270	-5.6559534
654	200	-5.6594276
821	254	-5.6600847
757	88	-5.6603575
906	421	-5.6604624
497	247	-5.66085
672	296	-5.6611457
841	74	-5.663544
913	140	-5.663868
5	23	-5.6640177
843	354	-5.664589
883	116	-5.6659875
122	226	-5.6668754
692	86	-5.667017
912	555	-5.6675234
921	400	-5.667604
938	303	-5.670096
754	264	-5.6706147
864	237	-5.671267
753	110	-5.671371
925	528	-5.6714144
847	303	-5.671623
949	454	-5.671818
780	238	-5.674061
908	405	-5.674155
929	377	-5.675353
837	72	-5.6756854
240	287	-5.6757183
691	76	-5.6767173
926	55	-5.6767406
853	50	-5.677108
703	308	-5.678004
114	10	-5.6788
905	206	-5.6789293
928	401	-5.6804295
812	168	-5.6811986
206	223	-5.681482
882	315	-5.6823034
893	318	-5.6827893
277	286	-5.6829863
535	243	-5.6836343
714	323	-5.68392
823	185	-5.683943
908	413	-5.6842113
953	529	-5.6851273
852	92	-5.6852
648	200	-5.687772
797	160	-5.688442
226	260	-5.688524
859	302	-5.688672
938	327	-5.68878
783	160	-5.6903663
932	365	-5.690391
290	224	-5.691718
391	268	-5.6923347
824	65	-5.6930885
232	273	-5.6930985
715	39	-5.694122
839	62	-5.695286
901	316	-5.695847
909	41	-5.695912
770	45	-5.69598
659	223	-5.696354
412	261	-5.699979
829	214	-5.7006707
907	144	-5.7011647
896	309	-5.7014756
791	165	-5.70167
949	467	-5.7022395
795	109	-5.703683
848	258	-5.7037363
840	68	-5.7046885
895	388	-5.7060876
4	255	-5.706317
769	70	-5.7063804
928	200	-5.706805
796	105	-5.7072268
908	164	-5.7078285
672	44	-5.7081814
827	56	-5.7085567
309	258	-5.7098722
753	115	-5.7103853
774	55	-5.7105637
141	272	-5.7113976
816	221	-5.7123847
922	150	-5.7129717
780	70	-5.715389
857	54	-5.715885
797	135	-5.7161703
477	249	-5.7167315
715	307	-5.718877
944	438	-5.7196474
658	268	-5.719991
868	112	-5.720394
689	301	-5.723091
904	384	-5.7233195
775	152	-5.7240543
854	261	-5.727091
829	226	-5.728377
957	477	-5.7293544
124	13	-5.729824
920	355	-5.73268
847	111	-5.7331123
829	258	-5.7334247
720	302	-5.7337217
19	228	-5.7342844
144	226	-5.734344
159	268	-5.7345343
955	380	-5.735173
541	240	-5.735707
763	143	-5.7361517
858	112	-5.737406
785	110	-5.7375836
929	116	-5.7385993
769	113	-5.738688
765	124	-5.739204
895	330	-5.743303
544	235	-5.7452235
677	279	-5.7456837
639	213	-5.74585
959	661	-5.7462687
874	135	-5.748037
765	149	-5.7482133
840	227	-5.748288
840	349	-5.749185
957	512	-5.749793
654	205	-5.752683
756	92	-5.7527614
874	274	-5.7549734
820	160	-5.756187
99	6	-5.756224
923	425	-5.7578735
822	153	-5.7585545
873	322	-5.759828
750	92	-5.7600584
887	123	-5.7601686
887	290	-5.760309
921	50	-5.7609615
840	51	-5.7613273
846	222	-5.76228
711	308	-5.763232
911	204	-5.7639575
744	306	-5.7673106
878	165	-5.7677517
955	390	-5.7682424
932	110	-5.7690735
288	289	-5.7692747
909	185	-5.7696576
437	209	-5.770098
695	196	-5.771266
873	83	-5.771498
364	214	-5.77354
270	279	-5.7738123
877	169	-5.774063
924	567	-5.7741237
881	162	-5.7748923
608	201	-5.775366
872	130	-5.7753763
925	64	-5.7757564
906	346	-5.7758384
36	17	-5.7766404
497	6	-5.776989
756	126	-5.7785516
732	252	-5.780089
927	410	-5.7832727
801	133	-5.7834744
46	271	-5.7835298
718	127	-5.7837687
832	69	-5.783937
735	330	-5.784085
929	138	-5.7841887
831	39	-5.7862287
218	272	-5.7864337
2	247	-5.7865705
932	616	-5.786772
183	218	-5.787458
940	480	-5.788003
706	312	-5.7884026
2	224	-5.789352
658	32	-5.790403
883	362	-5.790718
4	41	-5.7921605
816	141	-5.7931557
959	671	-5.7948785
885	83	-5.797486
77	44	-5.7983623
676	298	-5.7997365
899	329	-5.8006835
943	361	-5.8014526
756	54	-5.8022747
734	324	-5.803802
860	34	-5.803948
852	376	-5.804868
852	84	-5.8052177
96	20	-5.8064575
911	156	-5.8086476
757	69	-5.810472
821	31	-5.8125033
870	142	-5.812858
523	6	-5.8135633
803	286	-5.8137474
128	19	-5.816377
832	203	-5.818606
396	281	-5.8187513
926	414	-5.818991
781	30	-5.819185
229	255	-5.820132
443	258	-5.820394
949	413	-5.823025
909	552	-5.8230643
755	61	-5.8234363
823	261	-5.824376
878	327	-5.8251734
944	443	-5.827728
751	43	-5.828273
949	461	-5.8284025
807	293	-5.8307185
18	48	-5.8311815
750	80	-5.831534
208	256	-5.8332453
689	200	-5.8338075
421	258	-5.837749
730	323	-5.83848
173	270	-5.8392615
718	48	-5.839736
863	261	-5.8403435
938	406	-5.840676
254	284	-5.840953
83	20	-5.8411493
798	59	-5.8418546
424	6	-5.842519
924	429	-5.843158
872	327	-5.846203
821	166	-5.846589
843	196	-5.846815
931	370	-5.84771
276	292	-5.8477926
938	311	-5.848364
874	288	-5.85215
818	180	-5.8523765
913	209	-5.853987
142	23	-5.8550653
840	86	-5.8554235
505	247	-5.8555098
343	262	-5.855948
687	283	-5.85684
122	271	-5.857388
696	299	-5.857599
801	171	-5.861031
837	80	-5.861914
676	293	-5.8623786
761	46	-5.8624625
959	676	-5.863785
841	145	-5.863787
769	131	-5.865605
849	370	-5.8660445
816	170	-5.867597
841	56	-5.8680396
772	62	-5.868537
833	222	-5.8698206
764	92	-5.870545
789	29	-5.8708034
831	332	-5.8708324
808	34	-5.872399
378	209	-5.8735805
169	273	-5.8751454
892	303	-5.876325
562	6	-5.8769946
858	262	-5.8785095
861	50	-5.878621
830	172	-5.8787637
316	282	-5.880211
831	264	-5.8819733
938	376	-5.8828697
849	34	-5.8837905
924	225	-5.887124
814	46	-5.888692
142	291	-5.8892064
887	366	-5.8899508
949	550	-5.8928914
165	6	-5.8931346
293	275	-5.8934073
852	227	-5.8934855
337	284	-5.893916
24	283	-5.8956122
913	145	-5.8956265
776	69	-5.8959737
3	251	-5.8965282
887	30	-5.896722
771	105	-5.898837
869	282	-5.8998365
4	46	-5.90242
944	588	-5.9026103
930	264	-5.9035373
220	223	-5.904259
937	564	-5.9045305
842	269	-5.904554
867	117	-5.905228
915	188	-5.9053144
919	45	-5.90698
185	263	-5.90714
890	385	-5.907417
469	249	-5.908199
424	261	-5.9101925
719	325	-5.9106073
637	199	-5.911016
118	11	-5.9113703
888	109	-5.911913
915	389	-5.912024
412	6	-5.9132986
752	99	-5.916126
147	275	-5.9171233
928	205	-5.9182773
457	254	-5.919797
443	208	-5.919947
860	94	-5.9209256
941	348	-5.921492
374	265	-5.9216747
357	273	-5.923056
710	37	-5.9231696
658	262	-5.9257393
842	78	-5.9281764
746	31	-5.928653
873	314	-5.9286966
738	96	-5.9291325
879	331	-5.9292316
668	236	-5.930049
702	274	-5.9335346
127	10	-5.9349895
297	274	-5.935965
935	572	-5.936171
952	514	-5.9363394
896	326	-5.9367833
925	571	-5.938091
419	6	-5.9395065
938	319	-5.9405313
851	223	-5.9410114
861	274	-5.941088
741	249	-5.9414845
775	86	-5.942868
917	144	-5.943545
37	56	-5.943728
257	225	-5.944187
836	196	-5.945217
952	523	-5.9460416
405	6	-5.946062
204	293	-5.946358
343	254	-5.946918
846	296	-5.9471426
577	34	-5.9478807
946	508	-5.9479966
927	383	-5.9485874
682	283	-5.949616
40	16	-5.949705
778	98	-5.950611
934	361	-5.9529166
910	543	-5.9542284
791	171	-5.9542494
871	157	-5.954562
907	342	-5.954687
799	199	-5.9568615
770	147	-5.9569716
837	230	-5.957096
723	274	-5.9571176
905	482	-5.9577913
953	519	-5.95789
804	117	-5.9591694
502	6	-5.959728
277	277	-5.96001
700	300	-5.9601197
828	186	-5.9603467
284	283	-5.9606085
268	283	-5.961272
889	320	-5.961884
897	317	-5.9624925
813	157	-5.9629316
959	486	-5.963586
346	251	-5.9646816
785	120	-5.9657793
515	6	-5.967388
942	577	-5.9683857
912	493	-5.9703383
957	467	-5.9714394
91	38	-5.971846
183	273	-5.972392
840	208	-5.972914
955	385	-5.9735913
858	90	-5.9740906
664	239	-5.9744234
154	269	-5.9749074
878	339	-5.9752684
687	306	-5.975455
764	106	-5.9756236
904	330	-5.9759607
192	219	-5.9786744
852	248	-5.9805813
879	350	-5.980593
683	279	-5.9808884
890	451	-5.9814043
380	276	-5.9814415
29	60	-5.9818125
926	157	-5.9824038
930	238	-5.983714
529	6	-5.984212
4	30	-5.9845076
877	161	-5.9852314
906	158	-5.9852405
775	122	-5.987375
9	32	-5.989663
655	5	-5.9912477
105	15	-5.9913125
628	216	-5.9917245
912	349	-5.9917855
224	288	-5.995125
207	284	-5.996896
757	113	-5.9970055
864	315	-5.9980674
736	166	-5.9982867
895	313	-5.998318
959	653	-5.999021
23	33	-5.999261
938	293	-5.999725
