x_coord	y_coord	score
750	107	0.09423825
756	108	0.034219444
760	109	-0.01134342
764	108	-0.03393486
746	106	-0.13603672
91	76	-0.22975458
768	109	-0.23343316
713	99	-0.25450283
721	101	-0.26903808
708	98	-0.27562827
109	70	-0.28233203
97	76	-0.28355435
128	68	-0.29539788
102	74	-0.308873
740	105	-0.33677348
727	101	-0.3406672
717	100	-0.35005224
110	74	-0.36753058
98	72	-0.3905474
106	75	-0.39119637
101	78	-0.3953038
704	97	-0.39600706
105	71	-0.4023312
114	70	-0.40473014
94	73	-0.4094076
736	103	-0.42261592
84	77	-0.44509074
122	68	-0.447617
134	68	-0.44882247
732	104	-0.4533019
696	95	-0.47426236
774	111	-0.47480106
118	72	-0.49450707
700	98	-0.4973884
759	105	-0.4998002
688	95	-0.5446793
123	72	-0.56737405
88	73	-0.5719224
144	68	-0.5815288
88	79	-0.5909172
109	78	-0.6070642
80	79	-0.6173489
692	97	-0.63325346
114	76	-0.6412275
232	59	-0.6800642
148	67	-0.68102026
753	104	-0.6857955
778	109	-0.7095361
105	79	-0.72802055
782	113	-0.7298267
139	68	-0.7359412
749	103	-0.7463528
152	68	-0.7637118
731	100	-0.76817524
95	80	-0.77347606
129	72	-0.77856207
233	63	-0.7947461
569	144	-0.80649203
569	138	-0.8076059
684	94	-0.8124125
701	94	-0.81443083
728	105	-0.81760055
752	111	-0.8254765
569	130	-0.8447146
118	67	-0.84975237
724	104	-0.85641927
570	134	-0.859504
236	58	-0.86234206
724	98	-0.8644531
336	56	-0.8669163
75	79	-0.8791015
787	114	-0.88207173
228	58	-0.88335025
585	537	-0.8913485
457	61	-0.89614284
680	95	-0.90059
79	75	-0.90117824
772	107	-0.9088171
710	102	-0.9094798
131	65	-0.91564953
212	58	-0.91811466
747	110	-0.92775965
770	113	-0.9302256
763	112	-0.94066525
570	126	-0.94167995
462	62	-0.9442624
101	69	-0.9447231
228	63	-0.96408474
705	101	-0.96410763
568	148	-0.96971023
220	58	-0.97244847
743	109	-0.9855311
584	530	-1.0062921
778	114	-1.014611
135	72	-1.0375979
216	60	-1.0412956
589	539	-1.0443882
735	107	-1.048703
711	95	-1.0521581
707	94	-1.0644395
696	100	-1.0789794
224	59	-1.0791823
83	73	-1.0804768
785	110	-1.0810136
587	533	-1.0848956
757	112	-1.0900337
720	97	-1.0987885
204	58	-1.1005914
587	549	-1.102907
388	43	-1.116711
400	43	-1.1208425
392	45	-1.1218456
237	62	-1.1219105
374	56	-1.123515
160	68	-1.1246003
587	543	-1.1481013
453	60	-1.1534046
240	59	-1.1609483
716	96	-1.1679691
795	114	-1.1687093
676	93	-1.1728569
136	64	-1.1741875
640	84	-1.1755396
572	150	-1.1803935
791	113	-1.1814705
330	56	-1.1854242
589	553	-1.1856052
125	65	-1.187409
224	64	-1.1908814
156	69	-1.1979239
714	103	-1.2042917
646	84	-1.2062005
248	59	-1.2065476
767	105	-1.2098206
140	72	-1.2107633
744	102	-1.2151036
614	82	-1.2360458
208	57	-1.2383008
83	82	-1.2402017
164	69	-1.2437195
573	143	-1.2462353
197	57	-1.2499031
216	65	-1.2509743
467	63	-1.2522831
220	66	-1.25294
449	59	-1.2535957
361	56	-1.2568066
384	44	-1.2593062
71	80	-1.2600193
573	255	-1.2618774
652	86	-1.2637521
629	84	-1.2714589
735	99	-1.2723563
572	156	-1.2723863
279	56	-1.2749928
149	71	-1.2765846
118	77	-1.2867714
91	82	-1.2880634
106	67	-1.2893804
604	80	-1.2893859
79	83	-1.2970016
362	52	-1.2972623
370	55	-1.3042136
168	68	-1.3053843
693	92	-1.3066468
191	54	-1.306648
558	640	-1.3098886
634	84	-1.3107466
188	58	-1.3110942
569	122	-1.3117565
539	563	-1.3118247
185	55	-1.3235127
557	644	-1.3255016
574	438	-1.3260736
380	45	-1.3282981
610	80	-1.3323036
91	70	-1.3405328
620	84	-1.3436301
341	56	-1.344375
353	56	-1.346445
378	55	-1.3520337
184	59	-1.3524283
574	446	-1.3563432
185	40	-1.3569256
357	55	-1.360124
155	65	-1.3621429
763	104	-1.3652996
396	44	-1.3664191
801	114	-1.3724029
576	177	-1.375753
177	40	-1.3769854
445	61	-1.3777679
558	632	-1.3797841
244	58	-1.3815069
171	61	-1.3963528
95	69	-1.4035143
172	69	-1.4075179
122	76	-1.4174849
572	164	-1.418574
275	55	-1.4187318
685	98	-1.4211695
113	66	-1.4245338
273	59	-1.4295862
925	130	-1.435325
173	34	-1.4364294
739	100	-1.4381562
523	470	-1.442007
166	61	-1.442398
527	497	-1.4429634
334	52	-1.4430345
578	164	-1.4466486
376	44	-1.4520018
366	54	-1.4527334
242	63	-1.4628332
577	181	-1.4648517
527	490	-1.4669249
550	599	-1.4675227
578	156	-1.4709896
566	274	-1.4731642
538	559	-1.4743222
75	73	-1.4755456
532	542	-1.475849
579	145	-1.4772086
577	173	-1.4812461
283	58	-1.4839472
66	23	-1.4856614
288	56	-1.488442
576	160	-1.4900702
408	45	-1.4940714
914	134	-1.4990937
701	102	-1.5002892
624	86	-1.5050157
689	100	-1.5053862
571	160	-1.5119609
666	86	-1.5123733
345	54	-1.5130905
372	45	-1.5132817
590	546	-1.5136424
728	97	-1.5137612
926	126	-1.5139313
588	529	-1.5144153
924	134	-1.5194867
584	525	-1.5236245
909	130	-1.5255116
574	259	-1.5261729
196	53	-1.5273781
557	636	-1.5275441
565	278	-1.5301989
178	59	-1.5313443
582	534	-1.5344236
99	82	-1.5364205
567	298	-1.5369684
580	141	-1.5376974
87	83	-1.5386587
200	54	-1.5387313
539	555	-1.5399709
590	564	-1.540271
72	76	-1.5403373
472	63	-1.5414209
544	563	-1.5476824
578	197	-1.5485599
480	63	-1.5503716
656	85	-1.5532148
252	58	-1.5541507
539	572	-1.5557897
575	442	-1.5573927
718	104	-1.5575894
229	67	-1.5582502
556	627	-1.5599893
567	311	-1.5602843
199	38	-1.5611223
573	131	-1.5633574
573	427	-1.5663816
574	277	-1.5704399
247	63	-1.5719148
236	66	-1.5775571
239	55	-1.5781808
417	55	-1.5805326
539	547	-1.583795
576	168	-1.5844483
568	154	-1.5854635
508	349	-1.5873381
809	114	-1.5885484
267	58	-1.5913082
535	69	-1.5919579
571	175	-1.5958923
574	297	-1.5993255
338	60	-1.6003655
584	546	-1.6010574
460	58	-1.6020582
918	74	-1.6023825
552	645	-1.6041822
637	87	-1.6063832
739	110	-1.6108099
882	126	-1.6109939
163	65	-1.6118276
382	56	-1.6131244
293	56	-1.6178566
672	94	-1.6218257
181	38	-1.6228769
261	63	-1.6229745
537	73	-1.6249242
575	147	-1.6317778
388	48	-1.632173
554	661	-1.632426
558	648	-1.6352335
618	80	-1.6352987
609	84	-1.6373602
790	117	-1.6392828
356	51	-1.6403937
376	49	-1.64087
573	432	-1.641183
278	52	-1.6423502
648	88	-1.6470447
576	185	-1.6475186
166	34	-1.6479161
121	64	-1.6495748
193	58	-1.6507558
212	64	-1.6515722
231	54	-1.6532702
553	622	-1.6534108
628	80	-1.6535993
689	91	-1.65472
636	80	-1.6549131
200	60	-1.6578609
542	552	-1.6593226
784	117	-1.6600709
531	538	-1.661996
892	130	-1.6623013
567	316	-1.6664315
177	35	-1.6704113
552	657	-1.6730494
208	62	-1.6761358
585	554	-1.6787528
572	179	-1.6809069
526	501	-1.6812738
536	522	-1.6821728
439	59	-1.6842875
574	251	-1.6844403
546	585	-1.6876281
277	60	-1.6893498
571	168	-1.691142
599	80	-1.6913072
538	567	-1.6929256
643	87	-1.6934695
575	450	-1.6937175
575	153	-1.6956813
857	123	-1.6992422
542	558	-1.7004215
578	150	-1.701833
580	178	-1.7023009
790	109	-1.7025142
574	217	-1.7038558
533	546	-1.7046075
538	583	-1.7074127
382	49	-1.7079655
573	419	-1.7095206
574	139	-1.711573
326	58	-1.7119429
450	63	-1.7133275
191	38	-1.7152913
849	122	-1.7196144
145	73	-1.7197737
782	107	-1.7200668
666	92	-1.7206872
263	59	-1.7208085
567	290	-1.7304845
815	114	-1.7343215
174	65	-1.7351209
550	605	-1.7351954
506	359	-1.7357334
71	23	-1.7371361
349	55	-1.737807
181	56	-1.7438657
681	91	-1.7451861
574	201	-1.7451998
538	551	-1.7458835
256	59	-1.7469869
507	345	-1.7487699
566	282	-1.7493118
580	193	-1.7501488
697	91	-1.7538784
909	135	-1.7567153
554	615	-1.7603327
877	127	-1.7612618
896	131	-1.7613682
329	52	-1.7619665
774	116	-1.763048
184	64	-1.764486
402	56	-1.7648451
830	122	-1.7649494
842	122	-1.7659718
567	306	-1.767195
271	54	-1.7672596
568	165	-1.7681149
539	577	-1.7686285
205	54	-1.7687476
873	123	-1.769361
531	492	-1.7719482
553	665	-1.7719676
569	182	-1.7793744
582	540	-1.779542
917	130	-1.7805582
589	558	-1.7805634
546	595	-1.7813352
919	134	-1.7817135
522	474	-1.7822957
145	64	-1.7824943
519	291	-1.7838302
204	64	-1.7852241
130	76	-1.7864525
173	39	-1.7865058
850	126	-1.7869437
280	63	-1.7873836
167	55	-1.7875721
372	50	-1.789165
519	71	-1.7902097
473	69	-1.7926437
905	134	-1.7953826
904	130	-1.7955788
413	57	-1.7959455
660	86	-1.7960297
251	62	-1.797231
578	213	-1.7976468
175	30	-1.7998064
644	80	-1.8005514
332	60	-1.8015285
161	72	-1.8022369
419	59	-1.8038043
574	271	-1.8039359
292	60	-1.8044384
195	39	-1.8090917
74	83	-1.8096416
429	58	-1.8103645
211	54	-1.8104483
886	127	-1.8106829
550	593	-1.8108734
298	57	-1.8130938
392	50	-1.8136536
538	542	-1.8148037
444	57	-1.817275
870	126	-1.8194959
561	643	-1.8243825
126	75	-1.8264374
579	201	-1.8284143
681	99	-1.8294916
585	521	-1.8301151
575	189	-1.8334068
518	442	-1.8346826
574	454	-1.8347225
805	116	-1.8351251
523	478	-1.8374225
557	653	-1.8383224
527	485	-1.8384798
266	63	-1.8411045
553	630	-1.8439425
603	632	-1.8448565
414	45	-1.845565
630	88	-1.846124
552	626	-1.8477646
574	196	-1.8501127
541	74	-1.852381
527	451	-1.8525162
670	88	-1.8576963
566	258	-1.8582351
523	458	-1.8596274
339	52	-1.8602053
113	80	-1.8605971
61	23	-1.8615257
177	55	-1.8615438
159	64	-1.8619896
74	67	-1.8627048
151	64	-1.8636061
524	466	-1.8640721
566	294	-1.8644551
865	122	-1.8650209
519	249	-1.865023
138	76	-1.8689992
522	462	-1.8711692
591	535	-1.8725774
582	435	-1.8744705
744	113	-1.8766812
573	263	-1.8770031
550	611	-1.8783575
476	61	-1.878546
675	97	-1.8832495
546	601	-1.8858811
568	321	-1.8861548
766	115	-1.8868319
434	58	-1.8881325
573	314	-1.8885128
465	59	-1.8895941
580	184	-1.8908633
573	411	-1.8930322
169	30	-1.8940651
579	188	-1.8979212
573	123	-1.8986732
404	44	-1.9000692
409	55	-1.903103
574	212	-1.9033033
579	474	-1.9050106
777	49	-1.9051067
425	59	-1.9087408
519	469	-1.9123505
536	538	-1.9124943
527	507	-1.91299
846	125	-1.9158521
574	309	-1.9163669
546	74	-1.9182229
749	114	-1.918709
568	178	-1.9188812
578	205	-1.9193884
838	124	-1.9216106
529	534	-1.9228641
853	121	-1.9259636
561	657	-1.9275041
585	439	-1.927691
616	86	-1.9282187
282	53	-1.9293729
584	446	-1.9309188
509	362	-1.931565
655	89	-1.9330397
477	70	-1.9340166
580	209	-1.9345224
798	117	-1.934751
578	253	-1.9359399
172	57	-1.9363053
322	59	-1.9375485
70	72	-1.9393038
561	652	-1.9399402
509	341	-1.9427922
168	39	-1.9435976
367	50	-1.9446304
324	52	-1.9448551
566	266	-1.9458736
754	115	-1.9465829
577	274	-1.9468293
893	134	-1.9471151
524	494	-1.9488853
546	620	-1.9496679
184	35	-1.9497044
522	482	-1.9545498
527	479	-1.9553324
600	627	-1.9561343
623	80	-1.9592314
297	61	-1.9598808
553	641	-1.9608663
519	285	-1.9611541
178	66	-1.9617931
153	73	-1.9627883
552	651	-1.963304
132	58	-1.9660835
352	52	-1.9682759
176	70	-1.9682815
567	270	-1.9734404
607	633	-1.9764323
507	337	-1.9812655
662	90	-1.9815127
508	355	-1.9825038
520	310	-1.9830256
342	62	-1.9870188
925	138	-1.9892809
199	64	-1.9933236
921	129	-1.993371
527	71	-1.993935
889	133	-1.9951512
287	60	-1.9968121
580	169	-1.9970113
272	63	-1.9970999
379	41	-1.997347
167	72	-2.001673
189	62	-2.0021832
550	616	-2.0022175
650	82	-2.0036306
866	127	-2.0058265
595	537	-2.0067182
247	55	-2.0068378
255	63	-2.0093143
585	414	-2.0115237
731	108	-2.0118213
536	530	-2.0124092
535	554	-2.0125134
542	568	-2.013734
276	64	-2.0149696
579	257	-2.0156794
531	480	-2.0164917
586	430	-2.0166595
579	217	-2.017404
583	138	-2.0180776
569	187	-2.01837
603	76	-2.018705
588	445	-2.0187664
133	30	-2.0210934
161	33	-2.0274992
519	243	-2.0303657
928	135	-2.0320823
529	440	-2.0323122
522	454	-2.0354524
632	78	-2.0356247
767	96	-2.0368268
542	587	-2.039181
456	57	-2.0394366
574	127	-2.039632
526	511	-2.040404
531	70	-2.0404973
523	446	-2.0407856
890	125	-2.0418634
516	160	-2.0419064
583	144	-2.042278
543	548	-2.0469537
572	118	-2.0472572
516	413	-2.048081
542	543	-2.052626
913	74	-2.0530777
534	550	-2.0548823
274	51	-2.05549
552	637	-2.0566618
581	174	-2.0573328
772	96	-2.0573905
519	254	-2.0609386
567	254	-2.061159
585	426	-2.0615
573	301	-2.0617146
533	496	-2.0619597
523	440	-2.062578
588	524	-2.0629098
519	265	-2.0638149
512	389	-2.0641208
128	62	-2.0660748
816	120	-2.0663617
386	52	-2.066733
542	581	-2.0686827
136	56	-2.0696821
813	75	-2.0696907
854	127	-2.0699322
545	590	-2.0715697
557	658	-2.0721946
437	63	-2.0729332
512	373	-2.0730796
593	541	-2.0737786
389	56	-2.074283
540	70	-2.0749187
196	61	-2.0763204
674	86	-2.0772693
523	72	-2.077733
484	65	-2.079747
578	261	-2.0802426
531	486	-2.0815704
816	57	-2.0830688
366	43	-2.0831773
861	124	-2.0842757
519	154	-2.0842898
458	65	-2.0844722
519	457	-2.0848114
454	64	-2.0848684
75	21	-2.0872695
553	602	-2.0873535
900	134	-2.088674
576	357	-2.089557
592	531	-2.0902917
799	110	-2.0924637
573	281	-2.0940866
302	56	-2.094506
510	331	-2.0984962
573	247	-2.0990636
464	67	-2.1002421
290	35	-2.1016552
514	164	-2.1020544
527	456	-2.1026692
826	121	-2.106135
433	62	-2.1072261
544	573	-2.1082306
243	54	-2.1093242
760	115	-2.1096559
602	84	-2.111824
532	531	-2.1119
566	141	-2.1154828
733	95	-2.116076
548	624	-2.1166823
520	317	-2.1184704
261	55	-2.1192484
593	574	-2.1208286
552	74	-2.1211553
287	52	-2.12141
577	280	-2.1214912
468	69	-2.1230156
532	526	-2.123225
422	55	-2.1237326
540	537	-2.1243877
587	458	-2.125109
78	70	-2.125533
640	79	-2.1277955
869	121	-2.1281106
602	596	-2.1334705
880	130	-2.1371186
834	116	-2.1377208
592	79	-2.1389809
566	250	-2.1390557
219	54	-2.140814
573	320	-2.142006
569	197	-2.1433141
615	647	-2.143526
134	77	-2.1441715
568	329	-2.1445172
572	423	-2.145381
405	59	-2.1457186
361	41	-2.1463304
588	450	-2.1470191
397	57	-2.1477766
570	355	-2.1502998
692	103	-2.151863
762	31	-2.1524286
519	297	-2.1541226
566	302	-2.1548638
579	269	-2.1556895
577	265	-2.158008
591	570	-2.1590343
708	106	-2.1606195
565	286	-2.1606994
570	235	-2.161422
697	104	-2.162216
566	234	-2.1634526
267	52	-2.1640682
607	617	-2.1642776
584	517	-2.166319
587	435	-2.1663704
488	63	-2.1663897
567	216	-2.1672807
225	68	-2.1680963
520	305	-2.168302
308	56	-2.1689882
529	545	-2.1700482
521	125	-2.1701386
574	292	-2.170281
373	41	-2.171312
516	200	-2.174791
140	63	-2.1750634
611	631	-2.175787
677	89	-2.1760077
723	94	-2.1764867
607	77	-2.176976
546	615	-2.1770098
512	401	-2.1780016
87	69	-2.179227
508	366	-2.1800835
560	628	-2.181086
561	637	-2.18147
299	53	-2.182316
567	158	-2.182457
578	295	-2.1829429
442	65	-2.1848772
316	56	-2.1873467
801	120	-2.1879318
910	77	-2.1905022
878	122	-2.1926312
810	102	-2.1926618
834	123	-2.1933563
582	127	-2.1947336
511	335	-2.1992486
542	593	-2.200175
580	135	-2.2007842
578	235	-2.2055023
546	557	-2.2084086
481	69	-2.2091227
79	23	-2.209879
568	335	-2.2110744
181	32	-2.212766
593	549	-2.2128541
285	43	-2.2135854
522	68	-2.213786
493	30	-2.214011
570	371	-2.2148066
576	368	-2.215311
578	375	-2.2165647
584	418	-2.2178988
519	260	-2.2211475
574	229	-2.222754
346	60	-2.2241955
669	97	-2.2251828
539	519	-2.225287
518	232	-2.227333
794	110	-2.229589
516	68	-2.2297094
762	96	-2.2303967
516	239	-2.23095
215	53	-2.2317023
209	67	-2.2318974
913	129	-2.2321587
812	121	-2.232257
509	168	-2.2349997
568	171	-2.2350037
515	244	-2.237262
520	144	-2.238248
512	69	-2.2388022
806	57	-2.2388146
572	364	-2.2405252
411	42	-2.2414496
582	165	-2.2428427
567	262	-2.2439497
578	221	-2.2440605
794	118	-2.244773
554	669	-2.245451
193	64	-2.2463229
302	61	-2.2467308
606	597	-2.2467928
571	274	-2.2471712
659	82	-2.2473242
545	70	-2.250298
522	200	-2.2504804
529	435	-2.2522829
571	191	-2.2528567
531	472	-2.253227
546	579	-2.2550406
783	49	-2.2552361
348	51	-2.2576826
521	269	-2.2593164
827	114	-2.2595725
519	279	-2.2599056
310	61	-2.2616823
318	60	-2.2627041
916	78	-2.263612
572	415	-2.2640862
595	545	-2.264331
584	410	-2.2644103
811	110	-2.2656627
57	24	-2.266383
286	37	-2.268064
508	372	-2.2706661
603	624	-2.272456
527	469	-2.2727745
528	530	-2.2734149
574	237	-2.2760067
918	126	-2.27762
511	346	-2.2811375
514	156	-2.2813232
704	105	-2.281344
549	589	-2.2827344
601	620	-2.2830648
581	431	-2.2848678
277	48	-2.2849143
518	180	-2.2861068
519	273	-2.2869623
512	381	-2.287797
522	322	-2.2898793
558	622	-2.2903805
685	90	-2.292613
512	367	-2.2932742
737	94	-2.2940366
546	606	-2.2943544
188	66	-2.2945828
820	121	-2.2955275
511	385	-2.296392
577	318	-2.2970989
581	159	-2.2993538
523	486	-2.3019218
917	138	-2.301991
164	30	-2.3026302
528	525	-2.3037086
519	450	-2.304665
752	52	-2.3053012
235	53	-2.306404
602	616	-2.3079498
527	444	-2.3090396
292	52	-2.3096504
558	662	-2.31102
521	301	-2.3123307
582	149	-2.3126419
156	61	-2.313434
734	111	-2.314941
182	68	-2.315365
127	58	-2.3162818
569	340	-2.3167248
226	54	-2.3192356
537	534	-2.320186
408	24	-2.321836
596	77	-2.3222826
526	473	-2.3233058
862	128	-2.3247888
593	554	-2.3254883
614	77	-2.3263054
625	90	-2.326539
530	461	-2.3276947
613	651	-2.327751
805	110	-2.3277586
579	249	-2.3289316
536	516	-2.3300948
162	37	-2.3308856
874	130	-2.332759
516	168	-2.3330843
800	57	-2.3331664
532	75	-2.3350344
578	458	-2.336676
511	408	-2.3374717
577	433	-2.337942
519	164	-2.3392568
581	153	-2.3395367
584	452	-2.3402205
438	67	-2.340472
157	30	-2.3441193
357	43	-2.3458614
518	434	-2.3486247
566	239	-2.349527
514	208	-2.350972
712	107	-2.3518875
527	116	-2.353459
320	54	-2.3538332
521	136	-2.3544447
684	102	-2.3553398
572	267	-2.3556378
567	229	-2.3559797
393	41	-2.3563235
312	57	-2.357763
546	569	-2.35778
569	279	-2.3593688
68	83	-2.3594673
519	149	-2.3594968
779	118	-2.360647
900	129	-2.362072
574	207	-2.3622987
588	122	-2.3648884
582	550	-2.365026
549	71	-2.365284
476	66	-2.365842
570	360	-2.3671994
570	243	-2.3674839
516	438	-2.3675284
769	32	-2.368143
290	64	-2.368169
929	129	-2.3691287
523	498	-2.3715165
526	75	-2.3746586
777	31	-2.3777769
567	221	-2.3779864
582	198	-2.379921
566	245	-2.380131
162	60	-2.3817606
492	67	-2.3843641
532	521	-2.384376
582	442	-2.3850996
553	608	-2.3852763
548	629	-2.3856282
194	35	-2.3857088
508	67	-2.3882015
621	89	-2.3898647
922	125	-2.3917873
203	39	-2.3919501
83	21	-2.3948917
189	34	-2.3952022
383	40	-2.3965337
885	131	-2.3996055
361	48	-2.4004047
430	65	-2.4014885
516	174	-2.4015856
522	257	-2.4025354
518	226	-2.4034388
530	510	-2.4038067
284	64	-2.405214
578	470	-2.4054232
505	363	-2.4073553
608	622	-2.4080322
531	500	-2.4086502
539	526	-2.4087653
544	625	-2.4099274
583	510	-2.412503
922	72	-2.4138968
808	120	-2.4149432
518	216	-2.416104
528	431	-2.4168632
543	598	-2.4175842
365	58	-2.4179792
894	126	-2.4197533
909	73	-2.4214134
579	337	-2.4216056
393	55	-2.421695
538	588	-2.4232516
527	515	-2.424002
893	78	-2.42511
149	32	-2.4255066
485	70	-2.4273684
536	77	-2.4295993
573	288	-2.4296534
532	476	-2.431383
515	250	-2.4320018
562	647	-2.432231
53	25	-2.432729
578	287	-2.432882
398	48	-2.4330406
294	65	-2.436648
606	629	-2.4373531
522	436	-2.4389274
539	596	-2.4400487
567	201	-2.4437563
548	635	-2.4441197
721	107	-2.4442863
350	62	-2.4445581
634	90	-2.445082
515	445	-2.4487052
765	51	-2.4509218
580	379	-2.4519942
566	212	-2.452293
614	655	-2.4524097
885	123	-2.4526222
567	193	-2.4533858
281	47	-2.4551766
137	60	-2.4558902
553	596	-2.4568968
743	98	-2.4577181
590	426	-2.4599395
518	211	-2.461528
595	82	-2.462945
157	74	-2.4632697
514	178	-2.4657295
640	90	-2.4680321
658	92	-2.4680452
579	445	-2.4702687
510	162	-2.4718485
842	32	-2.4745815
535	562	-2.476344
517	141	-2.4780521
520	158	-2.4792492
579	462	-2.4805496
665	96	-2.482091
506	333	-2.4827874
650	92	-2.4832885
771	48	-2.483776
820	76	-2.4883175
515	152	-2.4886448
797	53	-2.4894502
910	126	-2.490157
586	462	-2.4906006
583	131	-2.491355
578	453	-2.4940774
811	57	-2.4947648
846	118	-2.49503
416	24	-2.4957309
589	519	-2.4959083
518	196	-2.4962378
930	125	-2.4973521
579	439	-2.497744
202	35	-2.4979136
528	541	-2.5000458
842	127	-2.5024905
140	28	-2.5030575
592	526	-2.503381
518	204	-2.5034401
575	135	-2.505052
588	77	-2.5065908
578	311	-2.5070026
515	409	-2.5075505
517	383	-2.5090365
776	54	-2.5094523
518	75	-2.5105832
570	349	-2.5116553
806	101	-2.512071
572	305	-2.5121217
514	215	-2.5132816
576	363	-2.5146477
122	59	-2.5160675
519	236	-2.517417
789	53	-2.5178633
481	59	-2.5186176
217	69	-2.519318
606	602	-2.5203779
572	221	-2.5203779
805	53	-2.52145
580	369	-2.5222797
518	422	-2.5234096
787	120	-2.5242763
531	466	-2.525456
246	35	-2.526674
726	109	-2.5284665
511	352	-2.5287762
306	63	-2.5289252
761	50	-2.530248
580	358	-2.530666
615	641	-2.534385
545	610	-2.53468
404	52	-2.5357788
517	417	-2.5360982
819	112	-2.5364664
830	117	-2.5365078
252	66	-2.538265
403	24	-2.5388172
164	41	-2.5395374
798	102	-2.5399191
526	67	-2.5420055
281	42	-2.5467494
497	32	-2.5467634
586	422	-2.5470805
578	227	-2.5472012
514	148	-2.547963
655	81	-2.5499485
601	610	-2.5502965
532	514	-2.550727
566	325	-2.551304
578	301	-2.5521307
819	117	-2.5540602
328	62	-2.554889
582	506	-2.556
528	519	-2.5561395
530	504	-2.5565917
418	43	-2.5589948
523	33	-2.5608225
117	63	-2.5613809
531	454	-2.565844
103	83	-2.5695453
815	102	-2.5697753
582	204	-2.5748584
921	77	-2.5758495
522	76	-2.5777283
529	427	-2.5777745
511	312	-2.5780933
781	55	-2.579485
514	233	-2.5805507
570	213	-2.5816016
927	122	-2.5817318
529	550	-2.5817518
540	602	-2.5818803
593	560	-2.5830839
516	376	-2.5842512
271	47	-2.5856433
586	126	-2.5862277
598	85	-2.588161
807	76	-2.589716
194	68	-2.5902781
535	501	-2.591173
82	69	-2.5913062
644	91	-2.5928912
525	399	-2.5932944
512	128	-2.5938833
504	351	-2.595977
541	533	-2.596394
460	69	-2.5964234
518	429	-2.5980039
68	68	-2.5986378
580	277	-2.5999444
704	91	-2.600055
255	55	-2.6001296
534	558	-2.600317
882	134	-2.6003757
521	130	-2.6004546
518	461	-2.6015484
525	124	-2.6016777
503	66	-2.6017146
831	126	-2.6027813
592	497	-2.6054916
508	388	-2.6065748
525	407	-2.6066198
584	121	-2.607559
202	68	-2.6102602
606	613	-2.6106386
553	678	-2.6106758
514	224	-2.6111295
548	643	-2.612246
522	490	-2.6125746
286	47	-2.6130893
568	365	-2.6141126
719	93	-2.6143885
887	78	-2.6164072
549	582	-2.620957
581	449	-2.6211557
125	30	-2.6233585
129	28	-2.6236851
610	627	-2.6238196
534	483	-2.6245594
180	43	-2.6275628
522	193	-2.6277175
512	415	-2.6294239
185	31	-2.629821
397	52	-2.6301699
277	43	-2.6319652
452	56	-2.6322913
580	478	-2.633363
506	242	-2.6337695
566	225	-2.6387343
547	639	-2.6389961
619	76	-2.6410239
514	195	-2.641617
534	489	-2.6421618
605	593	-2.6458175
417	48	-2.6484325
596	530	-2.6504993
520	326	-2.652705
583	457	-2.6535397
471	59	-2.6546302
522	430	-2.6552603
758	95	-2.6555388
576	424	-2.6575892
142	77	-2.6581137
797	121	-2.6583917
515	229	-2.6590705
520	172	-2.6594489
172	43	-2.6599128
575	324	-2.6600192
590	431	-2.660122
571	375	-2.6607409
305	53	-2.6615157
538	512	-2.6641467
109	64	-2.6657794
753	95	-2.666086
314	63	-2.6661837
508	210	-2.6665823
612	623	-2.6668236
534	596	-2.6680765
289	42	-2.6689363
612	87	-2.668958
582	374	-2.6701102
604	584	-2.670191
579	413	-2.6706228
609	645	-2.6709423
793	57	-2.6713161
611	619	-2.6737518
403	48	-2.6743083
68	77	-2.6756973
242	33	-2.676233
573	114	-2.6776416
527	423	-2.6813302
578	243	-2.6813762
530	66	-2.6823344
837	33	-2.6829138
858	129	-2.6849267
518	473	-2.685686
747	99	-2.6861298
512	305	-2.6873963
148	61	-2.6875708
553	673	-2.6879125
522	205	-2.6897562
840	118	-2.690188
509	292	-2.691997
604	637	-2.6928763
611	637	-2.6946144
793	52	-2.6961617
770	118	-2.6966755
580	364	-2.6974595
240	67	-2.6990411
598	595	-2.6993127
523	115	-2.7010086
729	93	-2.7017045
508	382	-2.7038786
788	49	-2.7056699
148	76	-2.7060244
589	454	-2.706094
776	105	-2.7061722
156	34	-2.7063878
869	130	-2.706835
534	506	-2.7076163
517	126	-2.7089665
504	223	-2.7091153
567	208	-2.7092962
158	38	-2.7102056
412	25	-2.7114065
791	100	-2.7116485
510	216	-2.7138903
740	114	-2.7139857
515	454	-2.7164123
491	71	-2.7181494
542	616	-2.7210846
69	19	-2.721303
258	66	-2.7221243
522	246	-2.723613
501	30	-2.7240298
516	311	-2.7248201
136	27	-2.726149
504	70	-2.726513
661	97	-2.7278113
509	282	-2.7284627
251	54	-2.7298553
823	106	-2.7310798
489	28	-2.732231
163	56	-2.7326632
597	550	-2.7335236
404	63	-2.7335536
408	50	-2.7340896
527	415	-2.7349114
656	98	-2.7354383
144	30	-2.7396274
523	506	-2.7408423
589	441	-2.7408957
822	57	-2.743587
198	34	-2.744152
581	425	-2.744163
766	29	-2.744307
522	418	-2.7466393
344	50	-2.7531242
643	76	-2.753217
557	666	-2.7583342
108	82	-2.7599976
516	303	-2.7606943
509	176	-2.761186
313	53	-2.761915
574	242	-2.764566
309	52	-2.7652462
817	124	-2.7674968
565	145	-2.7679477
536	592	-2.7703757
380	62	-2.7705944
579	291	-2.7714036
807	61	-2.7715235
516	220	-2.771586
570	295	-2.7718527
580	321	-2.7718728
581	273	-2.7723305
516	388	-2.7728057
71	86	-2.77285
496	69	-2.7737663
522	330	-2.774103
512	299	-2.774399
715	90	-2.7744417
426	54	-2.7751882
742	94	-2.775376
905	74	-2.7754579
512	359	-2.7757008
602	604	-2.776123
654	64	-2.777284
562	661	-2.7781074
676	101	-2.7791586
530	448	-2.781547
776	95	-2.7825925
512	142	-2.7830756
822	102	-2.7843347
522	212	-2.7867937
615	659	-2.7870715
519	485	-2.7883873
511	393	-2.7904723
513	76	-2.7914162
523	411	-2.7920487
903	126	-2.792471
580	341	-2.7929335
535	571	-2.793492
826	76	-2.7948987
412	52	-2.795537
520	121	-2.7970502
564	75	-2.799729
577	417	-2.7998807
757	51	-2.8009832
523	313	-2.8018394
446	67	-2.8022559
519	477	-2.8032722
588	470	-2.8033893
430	45	-2.8034706
425	46	-2.803721
558	74	-2.8059719
522	502	-2.8062954
508	72	-2.8068986
593	522	-2.807045
830	63	-2.807912
591	84	-2.8084853
421	63	-2.8092887
512	199	-2.8104343
506	164	-2.811128
523	150	-2.8111956
398	24	-2.8113608
597	558	-2.8128033
518	321	-2.8132575
850	116	-2.8135695
605	580	-2.8145435
103	64	-2.8147635
258	33	-2.8147752
362	62	-2.8158076
546	551	-2.8169463
224	25	-2.8170397
509	158	-2.8172638
505	238	-2.8199272
595	566	-2.8217256
829	33	-2.821893
488	32	-2.8222926
515	72	-2.8232667
578	131	-2.8248558
79	66	-2.8284311
593	580	-2.8285744
213	68	-2.8303874
824	117	-2.830955
166	26	-2.8309963
137	31	-2.8322523
508	400	-2.8340213
522	424	-2.834821
521	229	-2.8356438
586	563	-2.8359563
624	76	-2.838358
511	320	-2.8392131
579	349	-2.83924
529	403	-2.8403225
522	294	-2.8409507
688	104	-2.8411
558	616	-2.8433225
353	41	-2.8437366
520	495	-2.845659
865	131	-2.8463364
579	239	-2.846545
511	327	-2.8465974
582	396	-2.850353
508	222	-2.8508208
877	133	-2.8526127
324	63	-2.854133
522	188	-2.8552053
98	66	-2.8563416
820	62	-2.8564065
637	76	-2.8573668
354	60	-2.8582888
239	29	-2.8593204
575	461	-2.8611627
587	476	-2.861248
860	120	-2.863355
757	101	-2.863578
503	74	-2.8660882
842	114	-2.868654
531	555	-2.8693159
513	295	-2.869909
587	118	-2.870127
513	268	-2.8720663
510	277	-2.8722985
526	112	-2.8727708
898	125	-2.8732069
823	124	-2.8732593
158	56	-2.8734117
407	41	-2.8741047
161	26	-2.8745856
767	47	-2.87474
529	395	-2.8769338
549	77	-2.8781385
518	191	-2.8791323
581	495	-2.8794985
815	109	-2.8805528
599	546	-2.8810985
586	141	-2.8827944
544	539	-2.8830462
514	257	-2.8859124
545	79	-2.887116
598	541	-2.8874707
846	33	-2.8879611
827	125	-2.888752
523	403	-2.8897502
665	82	-2.8908494
392	59	-2.8919795
525	391	-2.8926816
508	140	-2.8927171
780	46	-2.8930578
902	77	-2.893956
509	270	-2.8944283
579	325	-2.89539
523	263	-2.895953
508	287	-2.8960521
654	93	-2.8963122
572	405	-2.8970687
607	641	-2.8971457
801	52	-2.8984048
588	515	-2.8986344
82	86	-2.89977
121	32	-2.8999228
757	32	-2.9018028
526	120	-2.902753
514	397	-2.9039385
513	340	-2.9042974
534	566	-2.9050312
434	66	-2.905576
512	171	-2.906087
421	25	-2.9061642
522	282	-2.9064415
575	341	-2.9084487
600	635	-2.909069
579	307	-2.909594
648	78	-2.910209
906	78	-2.9116652
584	405	-2.9126897
509	404	-2.9143748
516	136	-2.915198
877	69	-2.9152393
579	487	-2.916138
838	102	-2.9179118
608	88	-2.918401
141	56	-2.9191692
633	94	-2.91929
540	79	-2.9201021
240	51	-2.9231021
599	631	-2.9246712
582	214	-2.9257922
512	241	-2.9258037
615	633	-2.927199
325	48	-2.927795
442	28	-2.9289145
430	28	-2.9294498
535	580	-2.9318135
589	50	-2.9323137
673	82	-2.933052
514	317	-2.9336789
565	134	-2.9380298
602	590	-2.938314
575	336	-2.9383872
810	53	-2.9388726
529	419	-2.939932
153	31	-2.940363
785	54	-2.9431014
579	354	-2.9439254
912	138	-2.9445202
833	32	-2.945033
577	428	-2.9461377
897	74	-2.9462898
522	288	-2.9465458
557	679	-2.9468236
522	217	-2.9477656
520	414	-2.948813
470	73	-2.9492426
748	50	-2.9492657
425	65	-2.950728
400	62	-2.9515655
568	345	-2.9535863
786	106	-2.9548297
550	662	-2.955379
518	33	-2.9559426
522	176	-2.957277
518	481	-2.957774
510	154	-2.9602137
505	294	-2.9623344
545	632	-2.96304
448	55	-2.9642608
384	63	-2.9643705
64	82	-2.9657304
784	58	-2.9662867
579	231	-2.9665706
761	100	-2.9683313
678	85	-2.969002
605	609	-2.969234
173	53	-2.9692588
235	31	-2.970184
502	34	-2.970228
294	36	-2.9706616
672	100	-2.9713707
238	35	-2.972427
580	389	-2.9731486
482	32	-2.9743047
526	537	-2.974996
118	58	-2.9761093
514	405	-2.9787562
125	79	-2.9791794
250	33	-2.9792206
509	182	-2.9815226
189	42	-2.9817386
308	48	-2.9817753
505	280	-2.9818199
777	99	-2.9821239
700	107	-2.9845245
527	554	-2.9848287
871	70	-2.985539
510	377	-2.9858015
650	97	-2.9864964
512	253	-2.987318
49	24	-2.9877734
497	65	-2.9885452
593	501	-2.9889166
144	60	-2.9904938
601	600	-2.990764
535	388	-2.9932675
507	321	-2.9946465
766	100	-2.9967368
573	225	-2.9970655
565	151	-2.9971375
353	48	-2.9971895
791	121	-2.997202
682	87	-2.9980557
330	48	-2.9983695
527	32	-2.998612
507	232	-2.9986994
437	55	-2.9996295
290	46	-3.0000706
568	76	-3.000168
579	530	-3.0002968
694	88	-3.0007937
580	315	-3.002223
514	183	-3.00296
505	200	-3.0035694
823	111	-3.0055518
577	466	-3.005989
335	63	-3.0078468
581	502	-3.0081813
514	332	-3.0088298
617	652	-3.0092514
505	214	-3.0120692
553	79	-3.0126717
919	122	-3.013696
895	33	-3.013787
516	371	-3.014409
802	103	-3.01447
827	107	-3.0145004
574	372	-3.0147026
580	409	-3.0159333
422	49	-3.0166254
517	465	-3.01676
589	511	-3.0176609
906	138	-3.0177317
254	35	-3.0178678
752	99	-3.0201552
534	584	-3.0220623
499	72	-3.0235577
771	53	-3.0237794
64	70	-3.0240867
730	112	-3.0249662
523	161	-3.0255837
485	26	-3.0263517
835	127	-3.0268764
788	57	-3.028228
602	576	-3.0292642
535	479	-3.0306776
830	102	-3.032972
595	506	-3.033782
561	665	-3.035024
548	649	-3.0361679
826	62	-3.036813
171	26	-3.038513
771	73	-3.0397112
540	608	-3.0402646
534	384	-3.0402904
198	69	-3.040559
207	38	-3.044833
734	91	-3.0468254
485	60	-3.0469432
832	112	-3.0472033
508	126	-3.048769
299	65	-3.04906
269	66	-3.0513883
522	276	-3.0514672
581	522	-3.052609
629	92	-3.0540516
553	70	-3.0540702
847	129	-3.0554883
570	284	-3.0565155
266	47	-3.058493
548	561	-3.0587385
525	379	-3.0587885
747	94	-3.059463
523	155	-3.059733
510	265	-3.0610914
186	70	-3.0635476
763	46	-3.0642357
525	135	-3.0643077
572	379	-3.064647
525	522	-3.0654888
438	24	-3.065912
529	387	-3.066766
482	73	-3.067957
377	59	-3.0682683
589	503	-3.0690882
522	510	-3.0692437
593	586	-3.0697687
522	140	-3.069906
581	282	-3.0702753
525	129	-3.0711665
589	494	-3.0721798
716	108	-3.0730314
530	79	-3.0761087
609	650	-3.07714
171	73	-3.078288
510	146	-3.0785034
430	53	-3.0785544
512	137	-3.0789728
282	38	-3.0793452
918	82	-3.0818582
817	51	-3.0820365
248	51	-3.0826738
509	302	-3.0850177
538	66	-3.0857458
773	100	-3.0860214
514	263	-3.0864472
285	33	-3.0877154
522	371	-3.0895464
514	189	-3.08981
603	572	-3.0899367
515	336	-3.0902622
510	316	-3.09335
441	70	-3.0942101
517	131	-3.09604
117	34	-3.0974047
244	29	-3.0978324
587	81	-3.0981367
506	228	-3.0988169
533	458	-3.0988705
317	48	-3.0988877
780	59	-3.1009283
512	247	-3.102866
534	372	-3.1033375
534	575	-3.1037045
836	77	-3.1045203
512	430	-3.1052728
507	76	-3.105684
510	204	-3.1091511
508	132	-3.1115775
393	24	-3.112377
523	250	-3.1127741
929	385	-3.1144922
263	51	-3.1171162
507	306	-3.1183908
507	328	-3.1184318
513	65	-3.119244
148	28	-3.1195009
574	350	-3.1198225
152	59	-3.1206255
796	49	-3.1206973
597	570	-3.1209507
563	291	-3.1215544
529	408	-3.1224391
514	421	-3.1235142
505	178	-3.1252193
522	240	-3.1256022
579	482	-3.126768
580	544	-3.1286652
583	50	-3.1309526
513	363	-3.1314464
410	60	-3.1326919
298	35	-3.133702
589	417	-3.135001
582	77	-3.136027
416	63	-3.1363795
648	63	-3.1378977
926	34	-3.1384943
515	289	-3.1399243
192	31	-3.140959
562	633	-3.1478407
515	426	-3.148474
893	73	-3.149738
519	410	-3.150237
505	300	-3.1506424
432	24	-3.1513844
812	61	-3.151414
586	135	-3.151907
507	172	-3.1526043
548	655	-3.1540945
841	40	-3.1559687
919	69	-3.1569514
598	613	-3.158182
787	101	-3.1589293
568	381	-3.1589613
475	74	-3.1600711
690	41	-3.163894
592	516	-3.1643803
914	125	-3.164455
590	421	-3.1655974
898	78	-3.1660538
571	387	-3.1670468
436	28	-3.1686952
519	184	-3.168989
792	48	-3.1691835
826	103	-3.169389
465	72	-3.169602
542	621	-3.170724
514	323	-3.171653
911	81	-3.1759133
767	55	-3.1778069
708	90	-3.1780815
513	273	-3.1791787
426	25	-3.1796837
578	75	-3.179855
572	110	-3.1833777
821	39	-3.1834977
583	190	-3.1847725
383	28	-3.187154
807	105	-3.1885111
828	57	-3.1938221
669	83	-3.1940103
776	45	-3.1945438
281	34	-3.1951106
67	87	-3.1958563
516	122	-3.1970897
519	117	-3.2002165
114	59	-3.2014642
537	497	-3.20191
834	103	-3.2020788
64	19	-3.2020981
182	52	-3.204672
832	76	-3.2067938
587	130	-3.2076895
575	329	-3.2078018
579	393	-3.2099097
583	181	-3.2107337
451	67	-3.2109568
75	87	-3.211081
767	71	-3.211649
519	399	-3.2124503
415	40	-3.2137444
781	32	-3.2139182
358	61	-3.2140286
889	74	-3.2148397
528	264	-3.2148793
557	674	-3.2150426
385	59	-3.2154214
637	93	-3.2194912
580	123	-3.2215295
596	512	-3.2238371
256	51	-3.2248688
507	136	-3.2258842
839	98	-3.2269413
535	33	-3.2277558
493	25	-3.2290616
481	25	-3.2293863
598	588	-3.2294335
576	380	-3.230572
856	32	-3.231015
610	657	-3.231149
783	100	-3.2326689
515	392	-3.234081
802	61	-3.2361104
794	103	-3.2371013
607	587	-3.237197
719	88	-3.237256
518	489	-3.2400422
617	90	-3.2404547
587	507	-3.241954
548	575	-3.245905
591	436	-3.2480109
525	533	-3.2491016
926	74	-3.2492712
542	522	-3.24997
598	607	-3.2512715
602	566	-3.2548745
497	76	-3.2550852
615	627	-3.2561436
160	43	-3.2562792
570	205	-3.256347
921	139	-3.2567453
874	119	-3.2573702
509	33	-3.2576253
278	39	-3.257835
881	70	-3.258314
479	76	-3.2608724
599	554	-3.2611308
304	47	-3.2619324
579	332	-3.2622678
510	226	-3.2643526
321	49	-3.2653859
505	207	-3.265469
581	264	-3.2669778
584	194	-3.2672322
468	26	-3.2679572
508	297	-3.2681725
579	421	-3.270313
656	59	-3.273044
700	88	-3.2741287
556	611	-3.275227
866	118	-3.275249
298	30	-3.275951
595	592	-3.277077
725	90	-3.2777061
206	33	-3.2780077
807	49	-3.2798667
176	26	-3.2802887
385	24	-3.28129
824	33	-3.281735
582	236	-3.2828166
591	490	-3.2828887
753	31	-3.285843
518	333	-3.2869983
582	471	-3.2872715
505	369	-3.2881489
752	69	-3.289496
832	39	-3.2895844
508	251	-3.2902868
588	499	-3.29035
581	84	-3.290656
273	41	-3.2915034
612	604	-3.2917583
837	113	-3.2926857
505	160	-3.2981925
536	600	-3.2998333
920	65	-3.300886
579	537	-3.301296
579	405	-3.3026414
582	252	-3.304367
164	75	-3.3046114
850	32	-3.304665
552	585	-3.3048308
658	63	-3.3055615
524	308	-3.3063393
926	86	-3.3067954
509	196	-3.3077893
531	114	-3.307818
580	491	-3.308433
473	24	-3.3086197
804	123	-3.3087852
572	75	-3.309655
580	384	-3.3097334
538	507	-3.3136444
90	66	-3.3139317
681	82	-3.3159513
930	139	-3.3160732
210	35	-3.3164535
901	73	-3.317122
919	86	-3.3182387
589	486	-3.3186057
760	69	-3.319263
45	25	-3.3193533
608	606	-3.3198981
433	48	-3.322068
596	525	-3.3239145
154	26	-3.325432
571	325	-3.3255064
922	45	-3.3259091
700	39	-3.3259792
603	88	-3.3272417
546	545	-3.3311214
429	49	-3.3335419
523	180	-3.3341188
890	81	-3.3353014
455	69	-3.3361523
461	73	-3.3367648
387	34	-3.337389
715	47	-3.3380947
529	382	-3.3397813
590	88	-3.3400905
596	518	-3.3406398
521	168	-3.3414023
763	73	-3.343409
545	32	-3.3436346
534	379	-3.3439283
523	367	-3.3443174
644	66	-3.3458877
534	56	-3.3511493
563	297	-3.351635
549	533	-3.351855
762	54	-3.353693
523	375	-3.355435
520	221	-3.3555453
524	145	-3.3556123
541	31	-3.3561077
598	574	-3.359613
387	39	-3.363043
221	70	-3.3634245
492	61	-3.3638148
517	329	-3.3639343
229	25	-3.3640547
882	120	-3.364916
596	496	-3.365096
878	117	-3.366399
641	94	-3.3675926
891	32	-3.368005
883	80	-3.368662
885	73	-3.369076
403	40	-3.369824
511	260	-3.3711808
599	562	-3.373044
182	28	-3.3731005
390	28	-3.3743858
579	80	-3.3744664
535	393	-3.375555
446	30	-3.3765452
840	76	-3.3769314
231	29	-3.3772748
442	23	-3.3792055
583	400	-3.3793921
534	65	-3.3802755
279	67	-3.3806095
208	51	-3.3814375
513	441	-3.3817751
488	23	-3.3826602
585	559	-3.3838463
481	44	-3.3843012
583	475	-3.3848226
522	233	-3.386101
505	184	-3.3870115
744	69	-3.3882966
581	514	-3.3883939
897	137	-3.3890138
349	42	-3.3922775
150	40	-3.392973
615	41	-3.393065
273	67	-3.3931756
854	117	-3.3933232
130	54	-3.3936596
619	648	-3.3948836
919	34	-3.3971138
244	50	-3.3975644
134	34	-3.3979266
851	130	-3.398567
917	46	-3.3997056
652	76	-3.400187
895	82	-3.4008873
488	74	-3.4014654
582	117	-3.4026384
497	26	-3.4038393
267	33	-3.4044847
121	27	-3.404641
513	133	-3.4062994
887	33	-3.4065042
516	366	-3.4070954
597	578	-3.4074144
377	28	-3.4080937
490	57	-3.408338
523	395	-3.40919
705	59	-3.4112537
519	391	-3.411631
513	283	-3.4138572
610	41	-3.4143925
819	107	-3.4145002
306	34	-3.4145882
515	470	-3.4149487
706	45	-3.4155772
514	450	-3.4193268
582	297	-3.4219296
910	85	-3.422813
588	114	-3.4250116
834	62	-3.4266067
592	446	-3.4266963
358	38	-3.427176
606	39	-3.4274545
520	337	-3.4280233
262	34	-3.4287028
812	106	-3.428874
294	48	-3.4301834
715	59	-3.431042
773	29	-3.433234
523	383	-3.4354734
582	220	-3.4376302
843	99	-3.4426644
176	44	-3.4438794
566	127	-3.4443583
168	44	-3.4450426
553	590	-3.445383
558	670	-3.4455175
121	80	-3.4461548
522	515	-3.4464433
542	629	-3.4477909
525	544	-3.4481266
777	71	-3.4495947
441	45	-3.4506166
832	107	-3.4521337
300	49	-3.4531682
581	555	-3.454245
498	55	-3.4551103
618	644	-3.4561307
666	100	-3.46017
928	389	-3.4622931
542	529	-3.4626124
597	584	-3.462911
504	284	-3.4638166
926	46	-3.4644735
504	342	-3.465854
565	162	-3.465905
887	69	-3.4666069
531	122	-3.4668639
803	75	-3.4682028
567	72	-3.4721596
569	115	-3.4724371
514	349	-3.4760914
291	30	-3.4763892
594	87	-3.4772992
543	637	-3.4787507
514	278	-3.4800582
373	61	-3.4814427
628	75	-3.4825175
816	63	-3.4840324
245	25	-3.4848814
597	500	-3.4859457
605	646	-3.4877439
598	623	-3.4904091
759	45	-3.490621
536	493	-3.491692
912	69	-3.4940133
534	469	-3.4956832
835	99	-3.4960375
808	92	-3.4980328
797	75	-3.499088
812	49	-3.4992106
788	88	-3.49928
694	40	-3.4996002
508	120	-3.501122
573	106	-3.50257
583	392	-3.5046644
908	122	-3.5083163
598	73	-3.5090122
367	62	-3.5096524
583	344	-3.5114505
506	376	-3.513293
346	65	-3.5165527
54	21	-3.517247
706	39	-3.5184891
863	32	-3.521532
584	378	-3.5264444
519	65	-3.5268679
498	45	-3.527733
754	87	-3.5280864
505	314	-3.5281425
363	37	-3.5288296
578	397	-3.5289707
688	87	-3.5295033
751	56	-3.5296674
589	412	-3.530973
907	45	-3.5312207
582	564	-3.5319579
508	150	-3.5330615
382	34	-3.5338569
616	663	-3.5354993
744	51	-3.537519
395	28	-3.5379515
62	75	-3.5380893
201	31	-3.5383782
527	108	-3.5406406
618	656	-3.5412533
520	406	-3.5415242
396	63	-3.5417027
274	36	-3.5427442
590	461	-3.5435352
610	74	-3.5442598
865	69	-3.5445676
564	155	-3.5453825
477	26	-3.5455964
586	395	-3.5468736
592	74	-3.5494087
524	318	-3.5497544
587	466	-3.5505798
582	246	-3.5515933
509	236	-3.5554206
582	260	-3.555811
610	614	-3.556149
573	401	-3.557021
716	39	-3.5598664
486	44	-3.56023
907	82	-3.5621607
535	403	-3.5628948
862	116	-3.5629418
41	24	-3.563137
514	459	-3.566065
616	637	-3.5667193
336	48	-3.5674543
584	185	-3.5688884
610	669	-3.5688972
419	67	-3.5690086
180	72	-3.573221
492	75	-3.5738642
793	76	-3.574151
227	31	-3.575932
408	64	-3.5762534
640	72	-3.5762632
511	230	-3.5763972
811	98	-3.5772588
715	34	-3.5773273
87	19	-3.5776038
565	189	-3.5788817
900	82	-3.5804803
923	62	-3.581645
110	60	-3.581678
369	40	-3.5824094
264	67	-3.5829573
608	583	-3.5834956
210	71	-3.5849457
233	69	-3.5851097
705	33	-3.585536
584	370	-3.5856133
199	50	-3.586527
380	24	-3.5886993
593	442	-3.5892317
764	68	-3.5898285
583	336	-3.5898635
861	132	-3.5906408
545	535	-3.5959468
397	40	-3.5963612
566	656	-3.5966923
645	95	-3.5979135
505	219	-3.5980425
312	47	-3.598494
590	479	-3.5998614
795	99	-3.6004276
597	617	-3.6016126
146	56	-3.6017566
912	46	-3.602437
922	81	-3.6024418
436	45	-3.6026855
234	37	-3.6034455
234	25	-3.6037831
531	31	-3.6047401
819	99	-3.6053772
206	70	-3.6073506
610	598	-3.6075125
441	54	-3.6081529
518	395	-3.6084054
507	396	-3.6097617
887	99	-3.6113517
553	32	-3.611519
528	259	-3.6120083
914	84	-3.6124194
444	73	-3.6138728
768	89	-3.6141303
515	344	-3.6154873
524	529	-3.6161067
35	26	-3.6164613
475	57	-3.6169336
422	29	-3.6178143
154	39	-3.6179867
599	89	-3.6185265
84	25	-3.6209862
932	134	-3.621169
584	177	-3.6211967
861	70	-3.6216514
576	119	-3.6241918
583	352	-3.6261256
922	51	-3.6262798
729	42	-3.628332
761	27	-3.628757
845	41	-3.6291
250	47	-3.629314
572	397	-3.6300082
580	526	-3.6300828
528	558	-3.630409
780	103	-3.631337
844	37	-3.6314812
790	104	-3.6344357
877	80	-3.6370528
871	33	-3.6378653
522	111	-3.6404576
535	473	-3.6408975
506	267	-3.6425772
522	225	-3.643264
586	568	-3.6433492
928	381	-3.6445744
145	34	-3.6458054
675	38	-3.6473396
772	88	-3.6488519
699	59	-3.6513035
509	412	-3.6521027
369	28	-3.6527057
550	537	-3.6540377
319	64	-3.6559157
534	81	-3.6605206
622	93	-3.661016
881	75	-3.6612577
652	60	-3.6621168
331	65	-3.6630251
584	357	-3.6633706
582	228	-3.663976
389	23	-3.6658602
287	67	-3.666278
836	40	-3.6676311
129	33	-3.667993
903	33	-3.6688287
504	27	-3.6688478
523	334	-3.6690252
576	408	-3.6702614
583	318	-3.6730072
810	72	-3.6740172
584	210	-3.674885
586	85	-3.6749759
98	19	-3.6755958
534	463	-3.6758595
582	310	-3.676385
391	63	-3.6786184
658	78	-3.6794267
58	70	-3.6811619
391	33	-3.6827347
801	99	-3.6839883
577	523	-3.6864042
223	51	-3.6890068
510	422	-3.6900132
816	78	-3.6900218
789	75	-3.6902308
922	37	-3.6916912
520	386	-3.691852
486	56	-3.6925538
466	76	-3.6968203
856	68	-3.6986449
541	612	-3.702283
216	25	-3.7023075
697	34	-3.7023933
124	55	-3.7029915
641	33	-3.7040021
230	50	-3.7055724
928	51	-3.7062917
762	87	-3.7073302
494	56	-3.708475
506	155	-3.708547
870	117	-3.7088275
512	121	-3.7111664
509	256	-3.7120063
511	186	-3.7137208
547	659	-3.7176447
117	29	-3.7188332
520	380	-3.719352
719	46	-3.7194612
512	437	-3.7224805
585	54	-3.7226503
506	276	-3.7252238
584	388	-3.726018
586	109	-3.7266698
832	56	-3.7279356
538	55	-3.7286172
549	33	-3.728664
572	332	-3.728741
535	398	-3.7287858
510	191	-3.7301426
775	58	-3.7312036
513	34	-3.7312634
79	18	-3.731851
615	620	-3.732283
322	33	-3.7339118
644	61	-3.7342992
562	624	-3.7358334
877	99	-3.7373626
609	594	-3.7374508
677	81	-3.7381697
586	147	-3.740328
211	39	-3.7410328
923	121	-3.741832
700	44	-3.7418761
504	289	-3.7419653
503	231	-3.742319
689	59	-3.745847
594	596	-3.7481484
240	25	-3.74829
524	387	-3.7483046
797	61	-3.7500908
827	39	-3.750276
491	44	-3.75113
617	37	-3.7540061
141	33	-3.754445
670	40	-3.7545784
611	37	-3.7570543
589	33	-3.758096
514	355	-3.7589233
583	329	-3.7589293
556	605	-3.759679
537	605	-3.7605035
759	57	-3.7614844
581	56	-3.764732
846	113	-3.765237
621	34	-3.7652543
399	36	-3.765641
566	369	-3.7676892
582	288	-3.7677991
765	34	-3.7686853
901	138	-3.7705905
484	22	-3.7711496
365	25	-3.7725658
562	71	-3.7733514
594	430	-3.7757473
418	28	-3.776357
445	52	-3.779002
577	105	-3.7808216
879	33	-3.781936
680	103	-3.7837458
576	345	-3.7851245
448	23	-3.785851
595	604	-3.7859166
839	107	-3.7863016
609	610	-3.7877238
506	144	-3.787961
472	28	-3.788109
800	48	-3.7881315
595	492	-3.7894192
190	71	-3.7937617
583	256	-3.7939062
505	194	-3.794707
440	50	-3.7967036
592	451	-3.7972622
111	56	-3.7973912
886	83	-3.797873
564	640	-3.8003047
248	67	-3.8021038
581	467	-3.8034883
474	32	-3.8038538
537	418	-3.804469
564	582	-3.8052475
572	391	-3.805541
576	111	-3.8056393
535	408	-3.808439
716	30	-3.8108807
255	47	-3.8117988
567	377	-3.8121305
552	547	-3.8125722
773	92	-3.812638
574	84	-3.813162
525	267	-3.813661
640	63	-3.8138967
931	393	-3.8138983
809	124	-3.8147728
753	48	-3.8149521
563	271	-3.815308
915	35	-3.8155184
541	515	-3.81554
621	42	-3.8164387
817	38	-3.8178027
145	42	-3.8178515
260	48	-3.8179405
736	115	-3.8194036
586	73	-3.8208988
777	37	-3.8211143
592	30	-3.821831
151	55	-3.8221552
168	51	-3.8236911
565	183	-3.8239048
654	69	-3.8241606
768	67	-3.8254156
613	91	-3.825627
178	51	-3.825771
549	666	-3.826111
728	47	-3.8275752
525	79	-3.8283756
523	362	-3.8295033
591	475	-3.8301108
563	222	-3.8304985
606	73	-3.8310754
502	54	-3.8312993
693	107	-3.8317385
434	52	-3.8318172
745	44	-3.8325791
579	518	-3.8345072
91	21	-3.8353658
269	43	-3.8359065
761	92	-3.8375611
722	111	-3.8390276
755	55	-3.839217
584	33	-3.841035
519	79	-3.8418505
538	615	-3.8419878
400	28	-3.8426485
783	121	-3.8431735
607	35	-3.8449252
94	85	-3.845017
812	93	-3.8453362
450	51	-3.845908
899	32	-3.846131
736	41	-3.8464649
412	65	-3.847935
59	19	-3.84832
464	24	-3.8484418
602	72	-3.848456
521	29	-3.8492677
507	247	-3.8495748
241	38	-3.8497024
583	324	-3.8504167
545	646	-3.85099
569	80	-3.851517
738	69	-3.8534112
927	40	-3.8575385
445	111	-3.8583617
627	33	-3.8604019
756	71	-3.861948
846	102	-3.862013
516	360	-3.862558
721	69	-3.8657026
877	74	-3.8657157
599	536	-3.8660064
507	116	-3.8662775
563	594	-3.8680844
539	35	-3.8694048
375	37	-3.8701706
689	34	-3.8717961
784	90	-3.8725083
523	64	-3.8730278
579	89	-3.875284
542	56	-3.875365
106	61	-3.87606
927	91	-3.876583
83	65	-3.876978
686	82	-3.8772824
585	493	-3.8792355
773	69	-3.880178
875	32	-3.8802874
777	90	-3.880855
741	90	-3.8815818
352	37	-3.8817163
842	103	-3.8817701
663	65	-3.8829532
511	117	-3.8842638
99	62	-3.8882358
923	31	-3.889189
873	134	-3.8911173
532	443	-3.8921597
431	69	-3.8926795
478	22	-3.8929949
246	46	-3.89325
644	71	-3.8939729
784	45	-3.8944066
456	52	-3.8968186
526	139	-3.8979897
825	51	-3.898035
152	77	-3.898267
767	76	-3.8985915
518	113	-3.8999314
893	99	-3.9027655
764	58	-3.9028182
286	25	-3.9030497
588	390	-3.9036777
578	548	-3.9039488
237	48	-3.9045465
582	111	-3.9052854
226	37	-3.9070885
565	651	-3.9089363
775	75	-3.909221
616	33	-3.909235
563	261	-3.9095595
763	118	-3.91057
938	139	-3.9111702
883	100	-3.9113479
548	541	-3.911588
339	65	-3.9115932
594	626	-3.9123378
650	72	-3.9142678
807	97	-3.9154685
437	71	-3.916973
602	558	-3.9178894
424	41	-3.9183745
539	503	-3.9188359
856	79	-3.9218152
522	525	-3.9265833
196	29	-3.9268878
522	355	-3.9274328
355	64	-3.9283352
567	630	-3.928476
594	49	-3.9286673
927	82	-3.9317126
907	34	-3.931929
75	26	-3.9340363
887	89	-3.93413
597	599	-3.9344501
919	61	-3.935461
579	51	-3.9377928
532	118	-3.9379816
758	86	-3.9380488
576	534	-3.9391077
635	33	-3.9404485
581	106	-3.9435973
302	31	-3.944266
745	31	-3.9445248
186	27	-3.9459295
862	66	-3.9475498
31	27	-3.9490166
916	66	-3.9494302
775	120	-3.9505904
581	224	-3.952124
606	653	-3.953848
898	70	-3.954944
786	32	-3.9572344
558	595	-3.9573848
566	351	-3.9573882
525	549	-3.9573953
583	88	-3.9577157
633	74	-3.958551
191	27	-3.9600985
584	340	-3.9606054
591	590	-3.9630694
77	62	-3.9639225
505	31	-3.9641693
492	34	-3.9655502
249	29	-3.9657092
597	30	-3.9660585
911	89	-3.9665723
741	42	-3.9673903
812	79	-3.967858
525	325	-3.9679098
823	79	-3.9691155
546	66	-3.9691632
241	47	-3.9698668
589	56	-3.9700186
891	121	-3.9707563
567	385	-3.97151
530	58	-3.9723456
923	68	-3.972362
131	17	-3.9738133
684	41	-3.9751377
551	521	-3.9759836
87	63	-3.976383
830	52	-3.9775789
562	142	-3.979337
770	58	-3.9794352
647	33	-3.9795249
785	73	-3.9810538
526	372	-3.9812453
730	63	-3.9822397
749	32	-3.9831018
152	35	-3.983304
117	81	-3.9851458
361	27	-3.9864416
656	74	-3.9876068
665	23	-3.988543
365	33	-3.988601
478	30	-3.9887238
277	33	-3.989219
524	339	-3.989505
541	633	-3.9896004
193	43	-3.9900854
96	23	-3.9907086
564	668	-3.9911666
501	78	-3.991269
807	31	-3.9913318
596	22	-3.9920938
395	35	-3.9929512
455	23	-3.9931977
584	479	-3.9966307
563	230	-3.9984462
804	93	-3.9994602
573	383	-4.0003996
601	640	-4.001571
849	40	-4.002312
589	576	-4.0037737
340	33	-4.004197
512	80	-4.0053573
929	377	-4.0055404
836	66	-4.0060606
717	67	-4.007039
146	38	-4.0071383
502	46	-4.010152
113	33	-4.0106897
582	302	-4.011899
586	167	-4.0127788
655	34	-4.0130796
293	41	-4.0135183
542	641	-4.016086
746	65	-4.0169754
585	249	-4.017042
541	49	-4.018912
752	44	-4.020074
214	33	-4.020908
707	55	-4.0224047
690	30	-4.023086
659	33	-4.0230994
820	31	-4.024637
820	93	-4.024686
827	99	-4.0261164
790	92	-4.0262146
412	37	-4.026258
648	41	-4.0279346
531	62	-4.0293527
650	67	-4.029918
922	89	-4.033222
822	66	-4.0333467
821	52	-4.0335093
852	70	-4.035485
757	118	-4.035879
351	25	-4.0369344
904	85	-4.038532
440	95	-4.0388336
693	33	-4.040589
530	564	-4.0408754
601	37	-4.0410943
533	368	-4.041392
654	53	-4.0423894
572	344	-4.0426807
587	374	-4.0434675
528	251	-4.0436897
533	589	-4.0437717
593	485	-4.043924
529	126	-4.0448923
566	357	-4.0453315
198	42	-4.04553
609	665	-4.0455437
586	489	-4.0458503
712	87	-4.046928
29	32	-4.047119
537	423	-4.047837
611	661	-4.047996
584	171	-4.048587
918	50	-4.0487866
457	74	-4.048836
73	17	-4.0500674
927	30	-4.0518174
639	23	-4.0528865
628	63	-4.053076
561	681	-4.055207
553	581	-4.057268
526	164	-4.0572906
529	268	-4.0575123
730	89	-4.0585403
93	63	-4.059173
327	66	-4.059965
677	34	-4.06169
557	579	-4.06195
815	30	-4.062211
436	113	-4.0633655
347	46	-4.0649586
564	81	-4.0650415
530	378	-4.0700054
360	33	-4.0704365
583	486	-4.071419
934	126	-4.0714855
577	97	-4.0719705
215	38	-4.072492
407	36	-4.073171
518	341	-4.07436
577	505	-4.074363
507	188	-4.0753636
827	66	-4.0757804
600	33	-4.0759554
858	115	-4.07622
576	388	-4.077637
899	87	-4.078095
266	39	-4.0781865
698	30	-4.0783367
505	272	-4.080198
797	106	-4.080359
584	498	-4.0811253
503	308	-4.0813007
188	51	-4.0814433
588	105	-4.0819597
606	31	-4.083032
39	28	-4.0843625
792	61	-4.0846043
552	553	-4.084782
563	620	-4.0858927
563	138	-4.0866323
869	74	-4.087659
502	241	-4.0917134
567	646	-4.091808
872	80	-4.091818
892	69	-4.0929675
618	94	-4.0968075
567	662	-4.0978627
503	330	-4.099435
761	39	-4.1002154
528	246	-4.1006546
737	63	-4.1012793
748	70	-4.101415
115	55	-4.101486
563	586	-4.1018
535	112	-4.1034436
584	279	-4.1039915
544	36	-4.1041675
583	293	-4.104281
780	96	-4.105926
925	78	-4.1065063
794	91	-4.1077003
601	581	-4.1079526
585	152	-4.1082425
450	71	-4.108554
584	348	-4.1090217
770	44	-4.110702
606	575	-4.1112967
504	168	-4.1124463
589	138	-4.114591
781	72	-4.11593
571	634	-4.115935
549	565	-4.119411
816	92	-4.120682
902	122	-4.125849
503	323	-4.1277394
270	38	-4.128713
563	309	-4.130012
726	39	-4.1306415
654	39	-4.131211
584	383	-4.1312766
600	23	-4.1318645
619	660	-4.1324453
919	40	-4.1328087
721	40	-4.133246
736	48	-4.1355343
600	510	-4.13609
287	29	-4.1361275
752	91	-4.136697
585	233	-4.1367054
911	33	-4.136849
483	77	-4.13819
870	66	-4.14004
541	445	-4.141434
841	45	-4.142658
376	23	-4.144322
609	92	-4.1447415
528	272	-4.1470785
582	71	-4.147854
577	115	-4.149148
669	65	-4.1496887
583	361	-4.150531
676	42	-4.1518655
612	584	-4.152153
369	35	-4.152738
669	22	-4.153369
779	41	-4.153878
840	36	-4.1542363
450	28	-4.1558495
552	577	-4.1571083
853	113	-4.159478
126	17	-4.1598063
740	52	-4.162469
569	640	-4.1628413
69	27	-4.1647468
625	43	-4.1654835
464	54	-4.166671
558	583	-4.1667185
250	25	-4.167625
719	23	-4.1681576
420	39	-4.169519
576	22	-4.169626
886	136	-4.170169
818	72	-4.170714
141	43	-4.1711416
915	120	-4.172379
602	41	-4.1738834
724	29	-4.1775184
63	88	-4.178147
750	27	-4.1783366
164	52	-4.1800146
541	440	-4.1805058
208	25	-4.1819015
918	90	-4.1821485
557	80	-4.184049
566	681	-4.185169
616	603	-4.185181
532	432	-4.1874533
556	599	-4.18874
460	23	-4.190332
666	78	-4.19087
746	55	-4.1921706
795	31	-4.1931405
155	43	-4.1937804
723	22	-4.1939774
934	138	-4.1940827
519	499	-4.195446
883	116	-4.196066
662	79	-4.196104
539	625	-4.1970634
584	314	-4.1978025
426	69	-4.1983953
552	542	-4.19945
537	48	-4.19968
710	33	-4.199858
793	87	-4.200066
193	50	-4.200376
311	66	-4.2011003
670	79	-4.201206
907	91	-4.20129
788	97	-4.202512
460	53	-4.202633
923	41	-4.203225
339	45	-4.206029
753	65	-4.2070317
79	89	-4.2083063
658	68	-4.20898
820	22	-4.209685
524	184	-4.209808
614	616	-4.2118144
813	125	-4.2139864
681	23	-4.2142963
200	27	-4.2159095
900	91	-4.2165365
585	161	-4.217855
175	74	-4.2180433
588	95	-4.2194176
715	22	-4.2195406
592	23	-4.2214546
600	520	-4.221803
230	35	-4.222269
307	30	-4.222273
502	23	-4.2225113
792	72	-4.2235456
610	32	-4.2238717
50	28	-4.2253675
567	636	-4.2282667
912	51	-4.228971
508	112	-4.2298446
92	25	-4.2301683
538	620	-4.230713
579	509	-4.231134
588	408	-4.2330594
594	455	-4.234837
587	482	-4.2350454
325	41	-4.2350926
214	72	-4.238092
571	71	-4.2396293
706	26	-4.2396946
407	28	-4.24072
707	22	-4.241234
742	86	-4.2416344
529	161	-4.2436466
829	79	-4.245225
107	57	-4.2457695
578	498	-4.246763
527	63	-4.247882
593	91	-4.248427
583	241	-4.249633
33	31	-4.250009
619	640	-4.2508254
132	25	-4.251731
574	473	-4.2519507
314	34	-4.256572
930	72	-4.25687
403	35	-4.258794
222	33	-4.260609
102	21	-4.260758
576	71	-4.260762
332	33	-4.2622843
160	77	-4.262631
733	86	-4.265288
204	50	-4.2656736
806	65	-4.2661333
547	520	-4.2668824
729	30	-4.2673
549	528	-4.267522
326	35	-4.2679443
574	519	-4.2680626
844	66	-4.2686105
719	58	-4.2692757
584	156	-4.2711573
537	430	-4.271233
290	26	-4.2713604
714	55	-4.2720904
502	59	-4.2723246
471	77	-4.272603
529	136	-4.2731514
938	134	-4.2746305
594	608	-4.2759423
710	59	-4.275996
526	104	-4.2782907
503	318	-4.2784286
583	268	-4.278953
787	61	-4.280035
220	26	-4.2809377
832	67	-4.281466
27	38	-4.2822313
526	242	-4.2824636
844	79	-4.2831507
564	320	-4.284045
537	29	-4.285413
565	123	-4.285486
575	78	-4.2857184
595	630	-4.285856
585	37	-4.2882624
348	34	-4.2901254
508	28	-4.2923183
573	56	-4.2929745
503	347	-4.2941985
673	23	-4.294666
705	87	-4.298032
681	30	-4.298415
184	44	-4.300103
353	33	-4.300941
527	149	-4.3011293
774	34	-4.301674
571	629	-4.3026276
502	235	-4.3032413
507	262	-4.303604
444	48	-4.304528
593	615	-4.3047433
531	106	-4.3062825
883	32	-4.3063207
565	341	-4.3066974
469	22	-4.306747
823	73	-4.307013
561	130	-4.3075542
873	100	-4.307949
565	168	-4.3081245
565	175	-4.309293
567	671	-4.309366
598	47	-4.309998
607	44	-4.3140945
72	90	-4.3145003
340	41	-4.3146486
556	573	-4.3149195
605	48	-4.315244
711	45	-4.315991
589	39	-4.3164024
565	332	-4.3175664
503	336	-4.318494
373	27	-4.3188167
906	70	-4.3190293
104	17	-4.321141
584	365	-4.321314
924	57	-4.3227324
564	198	-4.322826
895	88	-4.323023
583	22	-4.3230352
792	96	-4.3246775
566	626	-4.325807
533	439	-4.3296294
535	413	-4.330165
294	25	-4.330767
322	38	-4.3316436
125	25	-4.331852
932	388	-4.3331766
873	75	-4.3336043
831	98	-4.3341146
99	12	-4.3343916
631	32	-4.334542
903	46	-4.3352804
113	28	-4.335843
168	76	-4.3370566
504	253	-4.337467
576	527	-4.338503
103	13	-4.3390064
250	38	-4.339399
759	75	-4.3403187
761	65	-4.341617
621	653	-4.341649
618	624	-4.3434224
376	64	-4.3439665
840	91	-4.3461766
721	63	-4.347444
322	27	-4.3484955
910	94	-4.348797
589	144	-4.351526
591	125	-4.3516235
891	85	-4.353689
851	66	-4.356171
549	679	-4.356442
571	650	-4.360125
351	66	-4.362419
635	63	-4.362437
581	560	-4.3626914
439	110	-4.363939
750	86	-4.364101
530	35	-4.3651805
599	505	-4.3656254
335	25	-4.3656464
714	26	-4.365914
895	122	-4.3665576
521	519	-4.367431
496	60	-4.3688083
64	27	-4.3690853
829	90	-4.370221
589	584	-4.371449
537	62	-4.3725815
83	15	-4.3726797
746	22	-4.375371
815	22	-4.375564
927	61	-4.376412
568	32	-4.3768253
658	23	-4.3770866
588	369	-4.3773446
592	120	-4.3782115
824	94	-4.3786826
414	29	-4.378859
523	107	-4.3790236
685	32	-4.379281
515	484	-4.3804617
444	93	-4.3810434
530	399	-4.3816504
540	449	-4.382743
602	551	-4.3833756
502	277	-4.3868876
564	590	-4.386968
711	39	-4.3876295
527	201	-4.3899474
73	63	-4.391331
537	435	-4.3926167
562	236	-4.3928995
577	58	-4.394136
756	27	-4.3951645
333	45	-4.3975744
532	263	-4.3985434
515	116	-4.399098
808	22	-4.3990993
886	119	-4.400785
836	45	-4.4017086
454	30	-4.4017897
849	45	-4.40217
416	35	-4.4024425
522	343	-4.4036717
142	39	-4.404713
658	55	-4.405625
530	391	-4.406406
559	591	-4.406877
823	98	-4.4078274
528	132	-4.4086947
677	21	-4.4094625
597	41	-4.409523
615	607	-4.409813
840	63	-4.410564
468	56	-4.4110174
566	432	-4.4120545
568	84	-4.4131804
563	600	-4.4143434
560	612	-4.415477
896	22	-4.4159255
587	182	-4.4162827
651	32	-4.417695
588	69	-4.4178596
435	21	-4.4183125
815	97	-4.418624
932	382	-4.4189253
727	23	-4.4193687
805	71	-4.4196663
442	41	-4.4199014
502	227	-4.4199934
702	29	-4.420237
607	570	-4.422949
534	125	-4.4234
524	171	-4.4243937
473	44	-4.424915
854	104	-4.4251933
683	59	-4.4254003
587	91	-4.426523
496	22	-4.427108
557	33	-4.427736
466	30	-4.42794
218	50	-4.4287457
674	78	-4.4317946
462	77	-4.4332733
175	48	-4.434261
531	323	-4.4348326
563	255	-4.434842
694	59	-4.4348555
181	48	-4.4350257
597	56	-4.43576
525	197	-4.436017
914	39	-4.4360285
523	350	-4.43719
374	33	-4.4375014
601	514	-4.437934
634	22	-4.438445
550	670	-4.4387765
891	90	-4.439233
509	63	-4.44088
604	22	-4.4413004
581	40	-4.4415913
782	28	-4.4441266
821	89	-4.446312
527	157	-4.446606
847	98	-4.44663
507	108	-4.448164
651	45	-4.4484096
723	86	-4.4488606
732	39	-4.451636
61	79	-4.451911
569	447	-4.452889
553	534	-4.453203
675	66	-4.4536624
572	458	-4.454811
664	32	-4.455118
669	34	-4.456386
581	568	-4.4566975
545	51	-4.45735
575	52	-4.4584336
622	663	-4.4605317
656	45	-4.4632325
137	46	-4.4632354
489	78	-4.4634814
223	29	-4.4637103
565	428	-4.463786
920	55	-4.464261
46	21	-4.4650116
228	71	-4.465252
830	71	-4.466407
903	22	-4.46643
302	36	-4.466612
332	41	-4.4680104
720	33	-4.4681654
561	146	-4.468691
925	386	-4.468789
529	277	-4.470165
836	95	-4.470979
505	62	-4.471651
587	399	-4.472909
639	67	-4.4730563
648	58	-4.4733415
565	616	-4.4741063
212	50	-4.476496
345	41	-4.477356
525	304	-4.4786673
711	23	-4.4794044
938	127	-4.4798684
557	587	-4.4799595
877	63	-4.4802713
32	23	-4.4809747
526	28	-4.482556
825	21	-4.483387
149	44	-4.48495
506	80	-4.4853854
100	25	-4.4858794
848	77	-4.485906
562	226	-4.4870443
415	68	-4.48714
844	59	-4.4877286
852	78	-4.4883747
563	215	-4.491956
576	477	-4.492167
582	99	-4.493385
625	23	-4.4934387
565	677	-4.493954
527	179	-4.4942484
530	412	-4.494643
614	599	-4.4979897
557	569	-4.5006614
578	93	-4.5010037
680	40	-4.5015163
144	46	-4.501565
576	101	-4.501575
609	579	-4.5017905
774	40	-4.502423
584	306	-4.5029006
111	13	-4.5038543
359	65	-4.5042443
548	524	-4.5045476
616	73	-4.504603
661	74	-4.5066676
931	121	-4.507792
705	64	-4.5089054
565	445	-4.509109
563	51	-4.5118914
591	605	-4.514199
689	45	-4.514707
538	385	-4.5155396
501	281	-4.5175133
244	68	-4.5177727
789	45	-4.5233755
575	501	-4.523398
556	565	-4.5236635
766	43	-4.5240865
845	29	-4.525943
119	54	-4.5274487
800	91	-4.5284433
882	84	-4.5287547
561	279	-4.5287924
306	26	-4.529909
530	91	-4.529945
571	441	-4.530205
550	571	-4.531602
446	43	-4.5347323
195	25	-4.5353565
592	471	-4.537024
97	8	-4.537529
752	61	-4.5381093
588	22	-4.5381145
303	66	-4.5381374
90	86	-4.5381804
594	425	-4.5389132
830	29	-4.53904
344	37	-4.5391293
899	99	-4.5395722
87	12	-4.539715
318	30	-4.539948
561	78	-4.540686
695	44	-4.5426
563	194	-4.542951
819	47	-4.5430007
675	74	-4.5432267
594	478	-4.545395
536	610	-4.54547
95	13	-4.54596
626	95	-4.5488014
509	100	-4.550134
814	71	-4.5508447
832	93	-4.5510483
811	65	-4.551317
857	72	-4.552514
549	674	-4.5534525
595	462	-4.556302
409	68	-4.5572944
517	352	-4.557439
926	118	-4.5578194
291	68	-4.55814
534	137	-4.558938
890	137	-4.5594063
50	20	-4.559635
758	21	-4.5623174
118	13	-4.562652
519	24	-4.5628953
800	124	-4.5631714
651	23	-4.564949
531	311	-4.566506
691	82	-4.5666885
322	45	-4.566949
670	51	-4.5680885
763	5	-4.568415
750	21	-4.5689645
90	0	-4.5708284
257	27	-4.5735145
586	199	-4.5746636
771	37	-4.5746775
867	114	-4.574685
577	494	-4.576418
513	29	-4.5777817
80	27	-4.5780478
537	486	-4.5784974
556	549	-4.580133
660	41	-4.5822477
568	111	-4.5854635
562	126	-4.5855722
541	453	-4.5861597
593	34	-4.588224
479	55	-4.588449
89	8	-4.5885296
525	254	-4.5890775
129	80	-4.5893383
597	488	-4.5895414
745	117	-4.589738
875	114	-4.592827
517	28	-4.5929604
611	45	-4.5933585
570	625	-4.596811
694	29	-4.5969796
571	655	-4.598396
449	110	-4.598742
462	28	-4.598947
94	17	-4.5993037
524	298	-4.5997543
587	174	-4.6011147
589	386	-4.6012473
838	29	-4.601703
127	13	-4.60503
500	113	-4.6050434
890	36	-4.605463
511	446	-4.605636
580	32	-4.606897
630	43	-4.6069655
427	21	-4.6081405
849	58	-4.6082377
261	30	-4.609354
560	327	-4.6104226
720	28	-4.6107407
432	41	-4.610936
585	42	-4.6110787
402	67	-4.6116686
247	41	-4.612736
625	60	-4.6138926
502	360	-4.614073
454	111	-4.614702
532	258	-4.6160707
853	41	-4.6165075
577	541	-4.616895
933	130	-4.6179037
849	50	-4.6183805
844	95	-4.6194963
614	670	-4.6195216
915	93	-4.6199713
613	595	-4.6201954
620	72	-4.620996
868	82	-4.622058
927	69	-4.6229315
791	30	-4.623092
728	35	-4.623876
492	21	-4.625741
687	38	-4.626192
97	28	-4.6264124
488	52	-4.62703
322	67	-4.627692
19	38	-4.6278496
524	24	-4.6287675
842	54	-4.628935
531	317	-4.629148
297	39	-4.6291766
928	56	-4.6314206
422	71	-4.631931
600	528	-4.632316
764	21	-4.633922
930	47	-4.636185
730	69	-4.6363187
747	61	-4.637686
748	41	-4.6383533
527	100	-4.639493
843	110	-4.639537
530	373	-4.6397862
670	28	-4.6402674
826	70	-4.6410446
586	101	-4.6416035
723	47	-4.642043
611	588	-4.642428
574	509	-4.643251
601	29	-4.643612
767	63	-4.643762
550	67	-4.644262
742	63	-4.644729
441	32	-4.64509
641	41	-4.645754
28	24	-4.6468425
705	109	-4.6471953
569	55	-4.6472425
880	66	-4.647339
586	206	-4.647467
119	17	-4.647586
520	49	-4.6489863
503	174	-4.650156
577	67	-4.651285
541	434	-4.6515408
662	59	-4.651743
343	68	-4.6519375
255	41	-4.65241
503	355	-4.652954
776	65	-4.65365
586	237	-4.654171
502	269	-4.6569624
729	84	-4.658075
906	49	-4.6582484
630	23	-4.659585
666	62	-4.6596565
282	30	-4.663371
535	52	-4.664198
440	19	-4.665002
594	70	-4.665023
723	59	-4.665818
709	29	-4.665925
109	27	-4.6663632
450	33	-4.6667647
859	55	-4.6673307
43	29	-4.667741
855	57	-4.669219
588	29	-4.670295
463	8	-4.6705956
859	50	-4.6709394
604	562	-4.672144
736	23	-4.672628
426	30	-4.673318
564	33	-4.6742253
124	35	-4.675166
602	543	-4.677924
765	25	-4.6784024
570	453	-4.680453
564	574	-4.6814094
495	52	-4.6817503
701	35	-4.681934
562	248	-4.6826444
571	51	-4.684604
54	69	-4.6853833
159	52	-4.6865573
440	74	-4.687361
701	22	-4.687737
526	56	-4.6880527
587	354	-4.688484
725	43	-4.6895046
740	33	-4.6897106
742	23	-4.691475
542	65	-4.693529
778	27	-4.6937137
262	42	-4.694339
883	88	-4.6955385
403	71	-4.695821
336	34	-4.696087
911	22	-4.6978955
61	67	-4.698851
717	82	-4.699504
890	117	-4.700042
570	22	-4.700142
613	611	-4.700179
298	24	-4.7016263
546	57	-4.7025766
563	314	-4.7043867
528	337	-4.704863
37	22	-4.705054
588	382	-4.7053485
593	40	-4.705638
737	88	-4.706048
107	14	-4.7062535
556	554	-4.7065043
572	505	-4.7082105
779	77	-4.710712
594	620	-4.7133393
529	83	-4.714527
567	390	-4.7149863
88	4	-4.7161565
910	65	-4.716499
297	45	-4.7182775
543	27	-4.7219176
520	54	-4.722563
613	58	-4.7243447
746	87	-4.7262483
834	51	-4.726403
505	257	-4.7264314
846	70	-4.7266927
571	102	-4.7271256
575	90	-4.7281847
112	9	-4.7290487
861	79	-4.7293444
19	33	-4.7310185
799	22	-4.731132
532	423	-4.7331176
667	57	-4.7333636
851	101	-4.737964
871	104	-4.7393723
845	46	-4.739951
799	30	-4.740867
563	672	-4.7409706
566	450	-4.7420516
917	29	-4.742912
514	57	-4.743033
905	96	-4.743311
895	45	-4.743746
930	33	-4.743989
814	45	-4.744437
780	67	-4.744737
673	33	-4.744934
879	103	-4.746087
804	79	-4.746206
474	20	-4.7472997
552	558	-4.7473
861	62	-4.74794
104	7	-4.7490683
240	42	-4.7491183
562	275	-4.7494793
314	26	-4.750207
558	369	-4.7502713
607	565	-4.750955
582	572	-4.7519784
105	28	-4.754054
744	39	-4.7553897
830	21	-4.7560005
559	608	-4.756281
519	363	-4.756507
829	48	-4.7569947
531	95	-4.7574763
786	69	-4.758946
585	285	-4.7595444
563	605	-4.7602663
567	436	-4.7611065
218	31	-4.7612624
307	67	-4.7615004
902	69	-4.7620926
23	39	-4.762229
531	291	-4.766107
682	19	-4.767365
420	34	-4.769675
601	524	-4.7698736
534	37	-4.770015
522	60	-4.77058
110	17	-4.7712846
506	57	-4.7715864
336	42	-4.771844
91	14	-4.7719665
528	153	-4.7736883
471	53	-4.7741013
136	17	-4.774109
913	97	-4.775051
531	572	-4.7750683
808	80	-4.7751765
531	165	-4.7758107
563	57	-4.7761207
618	630	-4.7764935
603	61	-4.776981
689	64	-4.7777386
586	245	-4.7778997
560	134	-4.77959
561	549	-4.7806897
546	663	-4.7808137
318	35	-4.7810144
877	87	-4.782594
598	52	-4.782888
719	6	-4.7833
610	61	-4.7846394
670	74	-4.785805
346	25	-4.786196
818	67	-4.7868257
907	21	-4.787133
51	6	-4.7881684
597	36	-4.7896605
516	493	-4.790245
422	21	-4.790355
811	29	-4.791172
909	118	-4.79184
868	134	-4.79534
938	74	-4.7955866
777	22	-4.7971983
117	7	-4.7973495
570	462	-4.7978153
448	47	-4.7982125
515	478	-4.798746
568	68	-4.798752
936	52	-4.798991
891	22	-4.80035
201	72	-4.8029156
923	93	-4.8037443
542	511	-4.8054323
145	25	-4.8060827
725	82	-4.8066363
588	403	-4.8071647
527	193	-4.8078413
845	51	-4.8081126
507	24	-4.808357
575	394	-4.809706
531	150	-4.809811
586	47	-4.810319
610	677	-4.8105254
567	622	-4.8119297
509	418	-4.8120112
512	110	-4.81452
621	667	-4.8152194
222	38	-4.8158317
685	22	-4.8159995
767	39	-4.8162017
539	389	-4.8187566
664	51	-4.8195705
122	14	-4.819719
785	41	-4.820046
561	366	-4.822287
714	70	-4.822504
839	80	-4.825895
467	10	-4.826804
518	348	-4.828004
310	33	-4.8295894
928	373	-4.830275
622	657	-4.830624
840	68	-4.830675
564	179	-4.8323793
271	32	-4.8334923
566	118	-4.833729
588	178	-4.8341327
855	132	-4.8353586
573	465	-4.8354206
524	37	-4.8360996
838	59	-4.8373055
698	84	-4.837329
827	83	-4.8385267
503	264	-4.8392706
811	38	-4.839511
622	30	-4.8403115
557	545	-4.841609
531	145	-4.8417115
582	92	-4.842412
121	10	-4.8445096
907	100	-4.8453546
728	59	-4.845799
896	27	-4.845851
458	27	-4.846725
850	62	-4.848199
620	23	-4.8505797
599	69	-4.8506656
828	95	-4.850902
822	83	-4.85139
622	645	-4.8530855
813	89	-4.853984
744	27	-4.8544097
928	65	-4.8546987
527	238	-4.8547792
929	77	-4.855238
589	378	-4.8552527
233	41	-4.8561034
661	37	-4.856909
535	91	-4.860079
563	242	-4.8615003
700	55	-4.86321
559	602	-4.863237
301	27	-4.8651686
137	41	-4.8654056
588	186	-4.8656135
529	285	-4.8662677
760	35	-4.8675346
823	45	-4.867972
93	9	-4.868189
646	23	-4.869515
465	20	-4.870357
536	116	-4.8714595
636	71	-4.871734
784	95	-4.8720727
928	652	-4.8737125
239	21	-4.8746996
928	95	-4.8753767
564	566	-4.875386
859	29	-4.8754573
862	100	-4.875586
751	73	-4.8756757
527	333	-4.8760705
589	162	-4.876767
588	192	-4.8773646
593	53	-4.8781114
657	49	-4.8783793
563	424	-4.8798914
604	57	-4.880035
666	27	-4.8803253
458	32	-4.8805933
315	67	-4.8807387
392	20	-4.8817654
552	525	-4.8817744
563	578	-4.882085
783	37	-4.8829026
588	580	-4.8840284
531	48	-4.8850474
706	51	-4.885163
564	412	-4.8863597
573	96	-4.8879046
675	51	-4.8890967
754	22	-4.8895464
714	63	-4.8896575
530	306	-4.8922167
816	34	-4.892566
594	44	-4.8941097
807	88	-4.894146
369	23	-4.894468
760	61	-4.8947377
587	572	-4.8955984
496	80	-4.8960724
836	90	-4.898739
378	32	-4.8988953
134	52	-4.8998327
602	92	-4.9005294
759	6	-4.902955
862	74	-4.902974
853	29	-4.9037113
706	5	-4.904408
23	32	-4.9055247
554	66	-4.9055815
733	44	-4.9106874
586	229	-4.9122076
619	58	-4.9126706
526	175	-4.9136667
601	645	-4.9143405
558	51	-4.915667
532	250	-4.916389
27	28	-4.9170184
942	135	-4.917288
565	440	-4.917747
222	21	-4.9179926
537	443	-4.9226007
326	30	-4.924364
576	34	-4.9246845
675	59	-4.9252496
563	209	-4.9255443
818	42	-4.9258866
561	303	-4.92624
564	337	-4.9265056
782	22	-4.926897
550	29	-4.92698
526	206	-4.9275775
871	62	-4.928146
561	676	-4.9290414
789	83	-4.931682
347	69	-4.9321017
531	298	-4.933034
586	253	-4.93534
751	118	-4.936825
528	23	-4.938401
920	118	-4.9390626
432	73	-4.939109
869	99	-4.9412637
867	50	-4.94286
529	255	-4.9451213
15	39	-4.945361
852	54	-4.946117
616	45	-4.946596
55	17	-4.9473577
879	58	-4.9480176
619	634	-4.94922
532	129	-4.949444
608	23	-4.9502625
447	115	-4.9512277
662	28	-4.952995
457	106	-4.9533925
505	129	-4.9545774
521	532	-4.9548616
132	12	-4.955462
551	50	-4.9587345
853	35	-4.9589195
31	36	-4.958961
589	150	-4.959146
584	584	-4.9593
612	681	-4.961423
697	64	-4.9614706
590	133	-4.9615264
910	37	-4.9618998
318	23	-4.96194
585	275	-4.9634004
514	25	-4.963786
585	263	-4.963986
590	110	-4.9646606
855	62	-4.964881
853	74	-4.9666777
501	273	-4.9666853
647	46	-4.9677224
532	271	-4.968435
654	8	-4.9704747
387	19	-4.970481
451	20	-4.9714665
650	37	-4.9717584
568	411	-4.9726486
567	422	-4.973079
545	489	-4.9742227
631	60	-4.9744887
453	75	-4.975358
930	87	-4.975456
46	6	-4.9755716
642	57	-4.976081
520	359	-4.976428
340	25	-4.9767737
165	48	-4.9771285
501	292	-4.9784865
207	47	-4.9787207
681	35	-4.9800234
611	673	-4.9801726
741	48	-4.980293
84	8	-4.980467
571	621	-4.980637
726	68	-4.9814105
662	101	-4.9819827
526	96	-4.982609
502	181	-4.985306
416	19	-4.9855447
904	118	-4.9857593
398	32	-4.985824
697	23	-4.9873133
283	68	-4.9879327
445	106	-4.9885135
527	368	-4.989423
849	22	-4.989791
527	321	-4.989884
585	66	-4.9900384
903	27	-4.9901795
676	30	-4.9913397
613	666	-4.991678
528	281	-4.9917154
846	91	-4.992157
812	33	-4.9924173
56	28	-4.9928026
109	32	-4.9934945
666	39	-4.993558
503	249	-4.9941077
504	149	-4.9944777
431	20	-4.9962335
757	91	-4.997019
577	553	-4.997546
536	44	-4.9977255
879	113	-4.9987555
557	69	-5.0008893
585	217	-5.0012565
79	12	-5.00163
532	244	-5.002913
681	74	-5.00323
736	29	-5.003713
571	645	-5.0043545
545	652	-5.0058255
510	59	-5.007507
754	6	-5.008056
662	69	-5.0090322
936	390	-5.0094566
533	363	-5.0095906
259	37	-5.009649
869	87	-5.0102153
606	658	-5.0114064
843	22	-5.0117345
502	303	-5.012121
586	333	-5.0134354
471	8	-5.014138
402	20	-5.0145617
927	22	-5.0147347
679	65	-5.0153413
513	93	-5.017385
928	5	-5.0197406
738	59	-5.0204363
538	373	-5.0205736
302	23	-5.0208273
588	155	-5.021521
511	453	-5.0226817
590	43	-5.0228386
877	50	-5.023042
517	60	-5.023067
445	20	-5.024958
672	47	-5.0261893
780	87	-5.0264463
195	72	-5.028714
709	63	-5.0294867
772	22	-5.0301514
836	55	-5.032515
407	19	-5.0337343
649	51	-5.033764
863	49	-5.034607
624	64	-5.034877
84	0	-5.0357275
644	30	-5.035731
643	45	-5.0364037
731	22	-5.0372877
690	55	-5.0374537
502	297	-5.0377812
519	95	-5.037973
258	44	-5.038428
541	458	-5.0385933
344	32	-5.0389824
563	66	-5.0455036
723	5	-5.047677
244	21	-5.047815
535	121	-5.0485206
772	64	-5.049566
889	65	-5.0496345
592	96	-5.0501423
534	451	-5.050187
769	5	-5.0502095
919	94	-5.051761
769	26	-5.0525613
620	671	-5.052937
526	189	-5.053179
424	35	-5.055496
799	71	-5.0567036
233	47	-5.058486
875	57	-5.059188
685	46	-5.063986
679	58	-5.0644107
80	4	-5.0651903
832	44	-5.0662127
56	6	-5.0677357
683	106	-5.0679255
556	541	-5.06811
837	22	-5.0682073
922	27	-5.0684633
202	43	-5.068535
573	497	-5.068591
732	33	-5.069076
856	100	-5.069617
894	118	-5.069704
808	45	-5.0697417
825	29	-5.0702157
397	20	-5.0708823
529	8	-5.070901
533	417	-5.0718985
797	88	-5.0725417
919	22	-5.072622
202	23	-5.0728707
411	21	-5.0731134
756	42	-5.0734553
531	140	-5.0740867
576	513	-5.0741215
529	327	-5.07415
875	45	-5.0747046
591	465	-5.075734
899	47	-5.0769353
776	86	-5.0774875
433	31	-5.078152
557	311	-5.0790596
587	360	-5.082157
520	41	-5.0822706
598	93	-5.0882225
525	291	-5.089723
902	51	-5.089924
586	296	-5.0899863
437	41	-5.090931
714	6	-5.091117
532	100	-5.0918703
289	22	-5.092287
691	68	-5.0933194
734	70	-5.0946517
736	7	-5.095627
574	485	-5.095672
896	92	-5.097209
875	106	-5.097902
531	53	-5.098054
798	96	-5.100476
428	40	-5.1008177
450	41	-5.102249
110	51	-5.102802
790	22	-5.1043324
666	19	-5.1044593
638	30	-5.1047215
331	28	-5.1056952
315	42	-5.1059737
541	499	-5.106056
509	427	-5.1063704
363	66	-5.106792
866	65	-5.1070232
855	22	-5.108111
726	114	-5.1083884
595	474	-5.1095
625	72	-5.1095877
795	38	-5.1102705
502	117	-5.1105227
565	609	-5.1108384
490	8	-5.111929
868	30	-5.1125145
548	516	-5.116668
703	72	-5.1171927
553	529	-5.1174364
900	36	-5.11862
572	33	-5.119656
597	483	-5.120051
747	6	-5.12202
561	323	-5.1221776
538	40	-5.1222515
501	220	-5.122492
516	53	-5.123011
103	58	-5.1232276
531	331	-5.1238437
526	234	-5.1240845
740	73	-5.124909
137	80	-5.1249857
108	10	-5.1253905
855	49	-5.1257987
569	107	-5.125985
355	26	-5.1277647
545	501	-5.1284585
450	9	-5.1295733
562	283	-5.1300316
253	28	-5.1308837
585	59	-5.130908
567	50	-5.131451
573	66	-5.1315503
880	22	-5.131646
541	61	-5.1319175
549	82	-5.1322355
915	62	-5.1324697
702	82	-5.133747
410	33	-5.135207
724	34	-5.1360083
412	71	-5.1363926
857	42	-5.1373043
936	384	-5.137644
67	15	-5.1379437
742	57	-5.1388288
477	45	-5.139305
740	6	-5.1395617
533	355	-5.1407633
672	19	-5.142059
116	25	-5.144505
933	378	-5.1446557
732	49	-5.144732
533	267	-5.144905
865	57	-5.1457257
881	62	-5.145847
565	361	-5.1470118
453	48	-5.147132
522	536	-5.1479154
787	28	-5.148017
533	85	-5.1487093
560	387	-5.148757
454	43	-5.148818
559	307	-5.1494737
531	192	-5.1512957
506	45	-5.1518326
570	659	-5.1528864
542	506	-5.1542134
527	342	-5.154441
485	35	-5.1547027
226	48	-5.155166
798	34	-5.1562657
528	168	-5.1566644
646	8	-5.1593103
846	55	-5.1612577
590	594	-5.16228
518	503	-5.1633353
590	394	-5.164602
557	561	-5.1659484
86	87	-5.166096
568	666	-5.166887
867	34	-5.168499
127	21	-5.168776
459	10	-5.1689296
884	36	-5.1694627
646	99	-5.170301
587	328	-5.1703925
565	373	-5.17218
392	67	-5.172794
205	29	-5.1748037
836	71	-5.1751337
512	97	-5.1753182
863	104	-5.176047
88	27	-5.1761165
51	16	-5.176438
671	69	-5.176692
280	25	-5.1770916
611	70	-5.1787214
612	22	-5.1792564
557	365	-5.1801915
595	437	-5.1809263
387	14	-5.18126
553	562	-5.1815605
539	490	-5.1824293
76	54	-5.182983
443	98	-5.183233
569	678	-5.1841073
228	21	-5.1851144
872	50	-5.18513
713	81	-5.185238
586	259	-5.1853967
660	46	-5.1859217
518	91	-5.186839
642	98	-5.1877522
713	51	-5.188675
126	9	-5.1889725
47	17	-5.1897855
563	202	-5.1903954
301	41	-5.1919947
622	38	-5.1945004
565	418	-5.1945095
609	56	-5.194799
864	22	-5.196576
643	37	-5.197544
479	88	-5.1978683
620	63	-5.199216
583	578	-5.1992865
542	479	-5.1996956
622	681	-5.200172
538	83	-5.200604
497	84	-5.2006474
586	321	-5.2020903
725	64	-5.202109
307	22	-5.2028165
899	118	-5.2032747
98	86	-5.203301
593	600	-5.2035713
671	58	-5.20398
431	96	-5.2058806
527	229	-5.2063236
642	20	-5.207798
693	22	-5.207892
492	81	-5.208686
562	370	-5.2088785
938	56	-5.211157
907	53	-5.2128506
523	540	-5.2134304
635	45	-5.2139974
507	96	-5.2144246
626	29	-5.214626
552	23	-5.216624
531	581	-5.2179523
526	211	-5.218501
666	68	-5.218823
479	10	-5.2194977
886	22	-5.219567
371	65	-5.2201223
680	51	-5.2209907
938	122	-5.2211137
939	371	-5.2211905
942	126	-5.2236586
885	63	-5.2243505
555	293	-5.2243834
623	56	-5.2249765
569	429	-5.227389
658	29	-5.2281055
533	23	-5.228562
593	416	-5.2319846
502	82	-5.2346373
690	72	-5.2369847
906	30	-5.2380104
877	92	-5.238981
856	26	-5.240071
388	66	-5.240376
884	92	-5.2407117
542	473	-5.2408514
919	99	-5.242311
731	7	-5.24288
927	99	-5.2441053
399	70	-5.245242
530	204	-5.249997
445	7	-5.2511826
886	103	-5.251422
756	60	-5.2515893
910	28	-5.2523613
571	663	-5.2525387
513	101	-5.25254
558	331	-5.252648
548	504	-5.252891
632	66	-5.253819
677	46	-5.254016
665	73	-5.2545667
508	104	-5.2550387
872	22	-5.255204
853	82	-5.255342
561	152	-5.255455
503	190	-5.2564487
518	83	-5.25757
524	48	-5.2587976
888	27	-5.259875
505	101	-5.261353
521	99	-5.2615457
593	58	-5.2616277
494	47	-5.2617235
588	350	-5.2625217
751	38	-5.266009
313	30	-5.2661266
915	23	-5.2666283
93	4	-5.266947
536	455	-5.267724
72	40	-5.2690096
684	6	-5.270133
575	489	-5.2704387
496	8	-5.2710586
585	223	-5.272047
568	395	-5.275034
95	0	-5.275397
575	640	-5.276273
700	5	-5.2767196
709	82	-5.276843
225	41	-5.2770457
832	83	-5.2771187
561	287	-5.277768
561	122	-5.278783
668	46	-5.2796426
328	44	-5.280385
570	493	-5.2806163
586	290	-5.280996
545	62	-5.2818375
603	547	-5.284146
504	111	-5.28422
42	20	-5.285047
795	45	-5.285873
600	497	-5.2880073
654	28	-5.289132
942	140	-5.289274
481	19	-5.290144
470	33	-5.290391
598	60	-5.290528
101	29	-5.2906966
15	34	-5.290813
514	8	-5.29159
825	88	-5.2919197
552	36	-5.2922926
42	8	-5.292398
310	27	-5.2927117
561	543	-5.2929034
924	4	-5.293945
736	53	-5.29514
599	493	-5.2958727
532	223	-5.2968693
889	49	-5.297185
557	537	-5.2981176
630	38	-5.298464
381	66	-5.299466
931	29	-5.3002205
591	611	-5.3007417
745	73	-5.301523
172	77	-5.303223
565	62	-5.304221
131	48	-5.304288
475	79	-5.305595
709	110	-5.3063536
553	568	-5.306399
546	494	-5.307331
307	39	-5.307611
505	123	-5.30835
104	33	-5.308946
791	41	-5.309962
60	83	-5.310837
35	38	-5.3112392
486	81	-5.3124285
229	40	-5.313578
618	29	-5.3139024
686	28	-5.314404
336	21	-5.315223
699	71	-5.3165245
261	25	-5.3170986
871	46	-5.3177943
485	48	-5.3179936
595	26	-5.318438
556	373	-5.3187776
519	108	-5.3193755
513	84	-5.3206697
561	160	-5.324327
552	8	-5.3250017
873	86	-5.325065
859	35	-5.326306
772	668	-5.327766
155	53	-5.329087
938	62	-5.329578
558	57	-5.3298473
142	52	-5.330595
69	64	-5.3307166
560	564	-5.3314123
603	650	-5.3319616
319	41	-5.3344097
541	23	-5.3369055
571	92	-5.3373156
623	649	-5.3377223
721	81	-5.3382497
475	9	-5.339894
502	157	-5.3410153
863	44	-5.3425016
775	8	-5.342546
513	463	-5.3430777
793	82	-5.343407
559	139	-5.3436203
206	42	-5.344476
581	46	-5.344564
356	68	-5.344603
156	78	-5.3446755
268	29	-5.345163
212	27	-5.3460913
559	295	-5.347196
801	87	-5.3478193
894	37	-5.3486214
388	10	-5.3492637
626	39	-5.350012
711	67	-5.3500857
828	43	-5.350318
879	44	-5.351656
556	325	-5.353783
439	99	-5.3540664
738	84	-5.354152
537	459	-5.3543515
904	37	-5.3544154
383	20	-5.3561325
499	51	-5.356206
734	60	-5.3592553
636	97	-5.360181
548	37	-5.3617377
695	69	-5.3619914
532	351	-5.362132
435	109	-5.3621817
587	588	-5.3633623
839	87	-5.363826
575	481	-5.3655767
804	46	-5.3658733
784	65	-5.36602
893	63	-5.3661094
540	45	-5.3662024
78	0	-5.369609
792	8	-5.37044
532	27	-5.371055
506	392	-5.3728867
533	178	-5.3755584
903	101	-5.377348
237	70	-5.3774776
455	8	-5.377554
555	248	-5.3776016
542	649	-5.378509
771	78	-5.3787975
785	85	-5.379582
644	53	-5.3800464
706	68	-5.3802342
538	380	-5.3806114
568	457	-5.3832226
534	8	-5.383407
596	445	-5.385004
526	218	-5.3862004
901	95	-5.3867073
602	65	-5.3874474
592	106	-5.3892827
871	113	-5.390401
126	51	-5.3905206
7	39	-5.3916287
870	57	-5.3917522
583	29	-5.392653
571	87	-5.3928566
480	80	-5.393439
209	30	-5.394433
850	110	-5.394691
558	315	-5.3947725
689	23	-5.3950706
526	90	-5.398977
562	265	-5.399108
483	53	-5.399773
196	47	-5.400395
547	23	-5.400618
519	507	-5.401516
755	76	-5.402471
642	6	-5.4029517
531	156	-5.403155
502	163	-5.4039307
769	85	-5.4042125
251	43	-5.40445
614	62	-5.4048195
804	21	-5.405314
674	55	-5.4055734
892	28	-5.4068093
461	81	-5.4069915
157	48	-5.408049
607	544	-5.4080935
876	36	-5.40873
619	618	-5.4088883
805	84	-5.4095592
462	33	-5.410262
589	65	-5.4112926
648	28	-5.412059
815	83	-5.412851
795	69	-5.4132433
849	81	-5.4146433
337	13	-5.4151816
500	6	-5.4155393
849	27	-5.4156046
843	131	-5.4157495
545	484	-5.41671
441	8	-5.4174237
842	83	-5.4177313
597	467	-5.41898
834	28	-5.419468
295	21	-5.4212666
484	8	-5.4221754
526	357	-5.4222174
662	20	-5.422983
605	69	-5.4242597
601	532	-5.424752
555	40	-5.425161
628	57	-5.426694
557	299	-5.426906
858	46	-5.4287276
923	23	-5.4289465
688	8	-5.429487
75	37	-5.4295063
564	346	-5.429893
551	57	-5.4312477
863	112	-5.4321957
445	89	-5.432367
575	648	-5.432386
854	45	-5.4328394
112	84	-5.435043
533	428	-5.4354014
680	8	-5.435816
605	27	-5.4368353
331	37	-5.436975
650	7	-5.43715
792	34	-5.437884
613	29	-5.437919
441	90	-5.4380918
857	83	-5.440738
427	73	-5.4431334
504	139	-5.4433475
501	260	-5.44403
535	97	-5.444763
459	93	-5.446774
103	1	-5.4478354
841	50	-5.4504285
938	29	-5.450671
534	153	-5.4518476
638	19	-5.453012
527	315	-5.454602
685	73	-5.4547215
115	18	-5.456734
465	50	-5.4571595
520	6	-5.4577403
138	51	-5.458211
106	23	-5.4583025
794	124	-5.4587946
679	70	-5.459389
888	93	-5.464478
569	64	-5.4656954
72	55	-5.466171
638	59	-5.4667015
847	106	-5.4672813
757	66	-5.4693294
519	37	-5.4707203
940	376	-5.471834
591	623	-5.473793
569	400	-5.4743247
501	210	-5.4748235
114	50	-5.4758625
74	30	-5.476597
560	83	-5.4770603
522	82	-5.4790006
837	5	-5.479999
543	40	-5.480794
146	50	-5.4808245
766	8	-5.481695
658	7	-5.4818015
786	23	-5.483367
459	49	-5.483949
860	23	-5.4845843
593	411	-5.485762
339	37	-5.4859786
784	77	-5.4860187
532	280	-5.4879484
96	33	-5.488026
489	84	-5.4881883
316	19	-5.4885054
560	258	-5.489089
300	19	-5.4899755
839	130	-5.4908886
692	6	-5.491339
802	33	-5.491733
868	21	-5.492517
233	21	-5.4929523
146	80	-5.493389
532	228	-5.4933915
554	28	-5.4934955
899	55	-5.4938745
686	18	-5.4947524
391	15	-5.49561
498	88	-5.4969397
800	78	-5.4970484
65	65	-5.4980187
53	56	-5.4980345
817	87	-5.4997625
551	388	-5.50085
948	317	-5.502199
798	65	-5.5035114
678	26	-5.505741
532	359	-5.5065055
48	10	-5.5081816
790	79	-5.5085554
501	245	-5.508688
727	6	-5.5112615
547	512	-5.511518
935	372	-5.5118303
349	12	-5.512199
330	24	-5.512341
11	38	-5.5155997
532	208	-5.5168686
532	339	-5.5174894
562	553	-5.518634
938	68	-5.5187488
356	30	-5.51906
592	115	-5.5197735
931	92	-5.520105
589	170	-5.5239387
565	406	-5.5241
581	62	-5.5241814
597	638	-5.526217
547	8	-5.526729
566	21	-5.5272026
616	7	-5.5272355
58	76	-5.5279484
737	36	-5.528266
141	23	-5.529178
609	50	-5.529952
31	19	-5.5318584
682	55	-5.5329304
530	198	-5.534815
876	21	-5.5354123
425	92	-5.5378137
868	42	-5.538114
560	319	-5.5394073
859	103	-5.5404177
938	48	-5.540536
587	311	-5.5407605
512	105	-5.541136
527	363	-5.5432677
628	69	-5.543424
521	45	-5.5434394
478	100	-5.543594
606	670	-5.543673
122	50	-5.5440764
703	48	-5.544115
683	64	-5.544659
624	670	-5.546933
535	149	-5.547241
569	489	-5.548056
504	105	-5.5480604
343	28	-5.5482407
564	40	-5.5510645
849	73	-5.551921
133	44	-5.554052
803	29	-5.554111
941	130	-5.555044
93	29	-5.5565934
307	0	-5.556853
763	78	-5.5572467
589	365	-5.557538
893	114	-5.5587544
360	23	-5.560002
672	62	-5.56002
300	0	-5.560118
959	474	-5.560505
701	63	-5.562071
54	52	-5.5630975
932	53	-5.563293
561	190	-5.5632973
881	49	-5.5655437
891	44	-5.5670476
535	144	-5.5685573
596	450	-5.568897
248	19	-5.570265
949	138	-5.5704646
805	42	-5.5707746
527	223	-5.571067
768	20	-5.5712433
856	38	-5.5716634
924	382	-5.572595
710	71	-5.5735965
438	106	-5.5750713
664	45	-5.575435
512	45	-5.5756617
528	568	-5.575689
570	476	-5.575762
480	48	-5.5759363
43	16	-5.576501
811	84	-5.5771923
296	17	-5.5772367
560	30	-5.579704
535	132	-5.5810137
54	44	-5.582942
911	55	-5.583119
535	104	-5.583199
883	106	-5.58355
820	127	-5.5836444
591	372	-5.589275
75	4	-5.590018
335	30	-5.590109
47	31	-5.590323
558	533	-5.590471
556	22	-5.5907025
609	28	-5.5936847
137	13	-5.5938754
608	549	-5.5944185
184	74	-5.595474
911	102	-5.595773
504	380	-5.595957
510	9	-5.597878
573	524	-5.597956
681	44	-5.5992093
554	83	-5.602062
334	68	-5.602201
799	82	-5.6023436
587	343	-5.6052704
598	477	-5.6056876
718	51	-5.606196
180	24	-5.607209
75	13	-5.6073456
435	95	-5.6078153
867	78	-5.6081777
798	8	-5.6082516
563	401	-5.6103573
589	598	-5.6104813
456	78	-5.611455
458	41	-5.6117043
71	12	-5.6119685
540	494	-5.6136827
790	65	-5.613829
596	634	-5.6146383
695	55	-5.615775
540	463	-5.616102
472	49	-5.6169634
469	43	-5.6222973
783	8	-5.623134
703	8	-5.62333
537	369	-5.624469
78	8	-5.6244698
894	49	-5.6254425
64	6	-5.625832
746	35	-5.627085
935	394	-5.6272
218	41	-5.627936
852	91	-5.6288915
856	87	-5.631415
465	82	-5.6321244
563	384	-5.635313
533	303	-5.6379776
236	44	-5.6385655
141	17	-5.6387243
536	447	-5.639378
525	7	-5.64062
563	570	-5.641096
558	383	-5.6436744
663	55	-5.6445045
323	23	-5.644764
822	5	-5.644907
678	17	-5.6451488
864	53	-5.64549
557	8	-5.645885
614	676	-5.6460147
458	97	-5.6478853
959	486	-5.648393
718	112	-5.6483974
867	106	-5.6494927
528	294	-5.6519537
551	62	-5.6538615
541	469	-5.655783
285	21	-5.656445
704	76	-5.657289
842	5	-5.6579566
448	75	-5.659385
539	8	-5.6604457
556	303	-5.6612406
470	81	-5.662036
532	187	-5.6623325
498	36	-5.663886
594	420	-5.664095
686	56	-5.664187
575	30	-5.6642947
421	75	-5.6643343
61	15	-5.664609
179	76	-5.6653533
549	508	-5.6659536
586	271	-5.668923
892	103	-5.6710386
567	90	-5.672662
506	8	-5.672932
152	47	-5.673097
537	24	-5.6733003
867	61	-5.6761484
514	474	-5.6764655
713	111	-5.676839
516	47	-5.676943
638	38	-5.677602
546	443	-5.677841
556	389	-5.67845
543	388	-5.678467
610	574	-5.679871
60	40	-5.6800356
710	7	-5.6811695
561	185	-5.681859
674	8	-5.6830006
39	17	-5.6849327
40	33	-5.6859365
133	81	-5.687928
464	43	-5.6882467
617	612	-5.6883483
601	501	-5.688989
595	123	-5.6893396
437	9	-5.6896353
36	34	-5.69118
732	116	-5.692338
299	14	-5.692767
423	96	-5.693056
560	335	-5.6944423
514	89	-5.6945086
533	160	-5.694519
71	36	-5.6950827
930	117	-5.6968236
148	18	-5.696984
54	10	-5.6969976
105	51	-5.697763
333	12	-5.6983376
214	21	-5.6987696
634	27	-5.6987867
514	488	-5.6989245
572	681	-5.699587
561	22	-5.7005243
528	183	-5.7018757
718	72	-5.703206
343	12	-5.705027
569	98	-5.705061
255	69	-5.705927
621	6	-5.7063417
475	52	-5.7078624
81	54	-5.708148
218	73	-5.7088513
848	5	-5.7107935
555	522	-5.711763
553	19	-5.7138615
305	43	-5.7145476
843	88	-5.7149568
732	27	-5.715632
574	62	-5.7157707
567	585	-5.7160788
66	54	-5.7163515
68	91	-5.716595
122	21	-5.717052
592	129	-5.7176976
348	19	-5.71774
383	70	-5.7178607
795	23	-5.717948
253	21	-5.718282
920	5	-5.718543
11	33	-5.72016
23	23	-5.720963
796	27	-5.721342
578	563	-5.7216887
564	397	-5.7218866
547	91	-5.72239
478	92	-5.7240996
906	114	-5.724537
615	591	-5.7250414
939	143	-5.7254276
478	84	-5.7272053
73	8	-5.727554
559	91	-5.727764
931	68	-5.7281213
861	40	-5.7294106
627	681	-5.7299995
500	285	-5.7303414
856	95	-5.7313004
133	39	-5.732736
638	5	-5.734241
666	8	-5.7344136
551	513	-5.735733
602	51	-5.7375913
559	156	-5.737832
590	619	-5.7402472
809	5	-5.740876
928	103	-5.740992
395	16	-5.7427793
613	580	-5.7445445
878	54	-5.7451
620	677	-5.7454147
122	6	-5.746292
560	252	-5.746486
654	20	-5.747005
559	229	-5.7475767
565	454	-5.7476654
568	59	-5.7479024
544	448	-5.7479405
457	114	-5.748424
133	21	-5.7486844
161	47	-5.750099
587	213	-5.7501574
872	29	-5.750746
912	59	-5.751533
566	461	-5.752691
917	103	-5.753381
796	79	-5.7540717
74	49	-5.75537
587	317	-5.7580395
560	375	-5.758258
463	92	-5.7594056
431	77	-5.759743
936	368	-5.7599664
751	9	-5.7614565
487	19	-5.7616215
504	133	-5.7616267
575	628	-5.7621336
481	36	-5.7623415
557	349	-5.7636247
171	47	-5.7643847
350	30	-5.7649355
639	46	-5.7662253
544	656	-5.766847
500	101	-5.767083
433	8	-5.7680006
135	9	-5.7684383
568	466	-5.768958
37	8	-5.7693367
138	36	-5.770512
335	38	-5.770733
548	453	-5.7723064
295	12	-5.772539
572	38	-5.7741914
383	15	-5.7753086
505	92	-5.7755995
509	83	-5.7798643
532	41	-5.7808824
552	505	-5.782866
836	84	-5.7831807
641	27	-5.7836127
449	105	-5.7839246
479	96	-5.7840514
779	9	-5.785949
951	34	-5.7882533
526	562	-5.788638
127	5	-5.7888937
367	69	-5.7890024
599	463	-5.791436
322	19	-5.791761
35	18	-5.791938
60	8	-5.792215
932	62	-5.7923207
687	51	-5.7927527
425	77	-5.7933664
916	54	-5.79367
733	66	-5.79374
559	262	-5.794862
918	111	-5.7951407
817	5	-5.7971625
597	458	-5.797445
441	37	-5.797835
959	481	-5.7991724
738	19	-5.8016677
556	284	-5.802259
149	23	-5.8030806
538	482	-5.8036413
927	672	-5.804378
531	343	-5.8054523
757	38	-5.8055058
395	71	-5.8072996
787	10	-5.807661
99	2	-5.809548
771	9	-5.809613
495	96	-5.810106
856	110	-5.81221
949	143	-5.8123302
923	100	-5.812493
554	53	-5.8138366
418	72	-5.814883
887	114	-5.8152685
574	658	-5.818036
852	97	-5.8185163
861	87	-5.8206377
569	471	-5.822147
563	391	-5.822712
788	124	-5.825008
257	19	-5.8268104
447	97	-5.827812
901	63	-5.829352
847	86	-5.83284
698	51	-5.8345647
927	107	-5.834925
529	302	-5.835067
702	67	-5.835829
948	312	-5.836298
527	349	-5.836686
530	576	-5.8369427
622	19	-5.837407
560	575	-5.837454
924	390	-5.840166
607	558	-5.840352
261	70	-5.8414836
590	166	-5.8420243
627	5	-5.8438807
880	37	-5.843963
446	11	-5.8476286
725	72	-5.8480473
70	4	-5.8484635
801	43	-5.849254
895	57	-5.8499355
913	116	-5.8521276
422	81	-5.852387
440	114	-5.8533673
603	539	-5.8561926
539	638	-5.857517
109	6	-5.8587008
541	645	-5.860241
520	103	-5.8617187
693	63	-5.8618445
406	32	-5.864047
545	438	-5.864889
311	41	-5.864897
527	16	-5.865492
926	26	-5.8655167
574	538	-5.8671846
634	37	-5.8672166
708	78	-5.8684688
841	72	-5.8693833
696	4	-5.8715544
587	337	-5.8728933
768	81	-5.8733087
558	65	-5.876844
588	615	-5.8773785
535	166	-5.8779035
395	10	-5.878048
834	8	-5.8780785
311	23	-5.879236
420	17	-5.880596
925	378	-5.8806567
530	212	-5.8807425
623	68	-5.8815355
662	6	-5.8815713
568	37	-5.882432
927	394	-5.8826137
554	112	-5.883059
270	70	-5.8838334
561	166	-5.883926
325	0	-5.884752
780	82	-5.885456
597	65	-5.8865523
48	56	-5.8865685
614	95	-5.886931
190	47	-5.887784
519	87	-5.8877892
550	41	-5.888022
811	19	-5.8895226
210	43	-5.889779
593	63	-5.890147
880	29	-5.890483
787	36	-5.8906684
569	617	-5.8907156
125	47	-5.891157
648	19	-5.891208
224	73	-5.892262
816	18	-5.8927794
604	529	-5.8929214
932	4	-5.893095
501	215	-5.8932114
190	23	-5.8933525
480	6	-5.8933606
776	81	-5.895331
579	19	-5.8954206
107	0	-5.8955293
959	491	-5.895676
559	223	-5.895841
65	40	-5.8962755
574	48	-5.896817
480	40	-5.8978834
915	5	-5.8987913
900	114	-5.8990827
802	6	-5.900595
762	9	-5.901478
462	98	-5.9026666
499	108	-5.902689
457	82	-5.903007
740	28	-5.9044404
59	54	-5.904958
536	108	-5.9072824
554	385	-5.9084105
909	111	-5.911703
577	38	-5.912981
951	72	-5.913047
697	8	-5.913108
493	88	-5.91345
613	49	-5.914537
525	52	-5.9169436
517	100	-5.9170446
399	15	-5.9172425
81	61	-5.9182634
403	16	-5.9184494
570	501	-5.9202294
699	76	-5.921913
896	102	-5.922697
569	484	-5.923443
528	45	-5.9239774
623	639	-5.9256506
523	93	-5.926846
545	84	-5.927317
377	70	-5.9277716
730	55	-5.9287252
502	197	-5.9292464
530	232	-5.9292607
938	86	-5.929354
214	42	-5.9309793
607	65	-5.932647
153	22	-5.9329143
579	7	-5.933401
619	606	-5.934231
483	84	-5.936737
864	28	-5.9370084
695	81	-5.937523
778	5	-5.9422693
567	595	-5.9433746
360	69	-5.943985
571	512	-5.945037
184	23	-5.945379
533	254	-5.9455647
605	554	-5.94593
586	301	-5.9460883
542	384	-5.9477468
623	674	-5.9507957
743	19	-5.951147
616	21	-5.9517164
456	19	-5.954074
529	172	-5.9567304
208	20	-5.957174
951	126	-5.9596224
833	87	-5.9600725
562	353	-5.9609733
462	85	-5.9616604
813	4	-5.9622035
560	219	-5.9629474
278	29	-5.964213
564	86	-5.966526
772	663	-5.9670753
490	48	-5.9674535
617	69	-5.967781
313	12	-5.9678044
339	29	-5.969018
934	58	-5.970021
573	19	-5.971354
508	53	-5.9732685
27	18	-5.9750733
555	277	-5.9758725
566	475	-5.976362
119	44	-5.977141
150	51	-5.977746
552	517	-5.9787
198	22	-5.979993
533	183	-5.9802103
541	485	-5.9803324
131	7	-5.9806757
87	54	-5.980902
242	17	-5.9827952
551	12	-5.985491
669	103	-5.985703
7	34	-5.985811
431	112	-5.98614
892	95	-5.986495
503	88	-5.9867706
49	52	-5.9877496
494	12	-5.9882064
853	5	-5.9895597
637	55	-5.991913
612	8	-5.9922123
375	19	-5.9926615
842	26	-5.993966
511	22	-5.9967127
592	141	-5.997191
539	404	-5.9973664
294	0	-5.9976387
543	9	-5.997751
938	380	-5.9978228
288	14	-5.9979753
571	670	-5.998271
