x_coord	y_coord	score
831	599	-0.004879147
884	566	-0.034647048
827	601	-0.043395996
774	635	-0.06497386
782	631	-0.071575284
878	570	-0.074591875
797	621	-0.1320878
822	605	-0.15014264
794	624	-0.15907174
790	625	-0.17941171
778	633	-0.20073348
835	598	-0.20892984
801	619	-0.20928103
888	565	-0.23110034
770	639	-0.23216458
897	558	-0.28244966
816	607	-0.31804734
749	652	-0.32233366
923	541	-0.3227808
868	577	-0.34151328
786	627	-0.37241432
894	561	-0.37412328
901	557	-0.37506658
804	616	-0.3808799
808	614	-0.38650188
874	573	-0.44150448
905	555	-0.4531198
883	570	-0.46327713
753	651	-0.4921054
864	579	-0.5123252
848	590	-0.5340537
838	595	-0.5344075
861	582	-0.53644395
913	549	-0.557194
812	612	-0.5607109
760	645	-0.57855713
927	540	-0.60360557
909	553	-0.6132313
844	592	-0.6134034
879	566	-0.6358213
766	641	-0.6493557
745	654	-0.65770733
919	545	-0.6589194
857	584	-0.7494588
755	647	-0.77721107
852	588	-0.77965915
889	561	-0.7869234
769	635	-0.8330833
926	566	-0.8413479
811	608	-0.8437511
893	565	-0.8594161
791	621	-0.8816571
826	606	-0.9048531
832	595	-0.9063319
840	591	-0.993773
787	631	-0.9973936
914	545	-1.0107838
898	562	-1.0121047
869	573	-1.0227613
741	656	-1.0637265
823	600	-1.068221
798	625	-1.0725757
820	609	-1.0743929
793	628	-1.0773555
879	574	-1.0924336
777	629	-1.1007177
800	615	-1.1448674
826	597	-1.1547096
887	569	-1.1645304
759	649	-1.1652421
773	631	-1.1749647
873	577	-1.1813984
802	623	-1.1923292
805	620	-1.1944438
906	550	-1.2116867
842	596	-1.2232957
885	562	-1.2338816
765	645	-1.2753322
807	610	-1.2788842
927	649	-1.2817105
834	602	-1.2863142
796	617	-1.2865274
790	651	-1.2952178
818	603	-1.316001
834	621	-1.3287052
781	627	-1.3292695
742	651	-1.3321897
787	622	-1.3415622
922	568	-1.3470654
830	622	-1.3540179
826	625	-1.355898
924	545	-1.3579154
30	356	-1.3723857
860	578	-1.3747952
830	604	-1.3981097
751	646	-1.4026462
865	574	-1.4191614
873	569	-1.4290394
930	563	-1.4290588
820	630	-1.4327209
738	659	-1.4423919
893	557	-1.4438913
761	641	-1.4535519
902	552	-1.4822506
803	612	-1.487662
775	639	-1.4895607
835	592	-1.4921868
849	585	-1.5214751
843	588	-1.5231265
898	554	-1.5235076
839	599	-1.5271887
781	636	-1.541095
853	583	-1.5967481
838	619	-1.6164804
750	656	-1.6347535
918	541	-1.6451
909	547	-1.6497253
842	617	-1.669316
813	604	-1.6761427
765	637	-1.6819904
902	561	-1.692872
738	653	-1.6940376
856	589	-1.7072583
918	572	-1.7243072
757	642	-1.7249931
914	574	-1.7291569
856	580	-1.7537351
746	658	-1.7593707
742	660	-1.7693493
41	276	-1.7813207
746	649	-1.7887131
865	583	-1.8023548
917	550	-1.8047485
768	612	-1.8160613
922	651	-1.8172143
884	590	-1.8371361
892	588	-1.8390139
822	626	-1.8417708
927	570	-1.8521459
757	653	-1.8666879
764	616	-1.8876305
914	553	-1.9013458
30	361	-1.927086
876	595	-1.9273348
926	638	-1.936938
824	631	-1.940521
917	568	-1.941191
39	280	-1.9512945
42	272	-1.952345
927	644	-1.95393
31	352	-1.9597929
816	613	-1.9774971
783	623	-1.9797449
786	653	-2.0017495
782	651	-2.0153232
880	593	-2.0176287
734	661	-2.0238922
42	286	-2.0250914
809	618	-2.029756
909	575	-2.0363097
928	544	-2.0557373
860	587	-2.0614
894	584	-2.0680926
847	595	-2.069277
923	572	-2.0946848
735	656	-2.104024
794	649	-2.1268756
821	634	-2.1408188
34	357	-2.1453674
875	565	-2.1493158
771	643	-2.1582334
928	536	-2.1611261
928	559	-2.1760342
851	593	-2.1872737
888	589	-2.1935022
924	537	-2.1960332
869	581	-2.211808
764	611	-2.2126236
881	561	-2.2283442
43	268	-2.2625408
846	615	-2.2640488
931	541	-2.2662437
906	559	-2.278619
872	596	-2.2848704
832	617	-2.2876859
817	635	-2.2921262
812	636	-2.3088725
62	29	-2.3109558
785	635	-2.3202088
831	626	-2.322486
889	388	-2.3341422
913	570	-2.341682
905	577	-2.3426447
828	593	-2.3477275
868	569	-2.348707
845	584	-2.3515115
73	27	-2.352827
819	599	-2.3548238
920	564	-2.3575163
39	651	-2.358236
877	590	-2.3725169
897	566	-2.3767705
41	292	-2.380003
825	621	-2.3847234
43	282	-2.3859634
837	615	-2.3975644
876	651	-2.3982038
37	274	-2.4023912
32	458	-2.4094582
32	154	-2.4272053
804	607	-2.430875
889	585	-2.4499106
798	651	-2.453359
885	594	-2.4706233
737	664	-2.470953
33	468	-2.47366
808	605	-2.4742455
845	620	-2.4779503
928	634	-2.4785922
932	558	-2.4812362
890	384	-2.4858418
824	361	-2.4882505
760	615	-2.497771
925	562	-2.4990268
913	578	-2.5051794
791	632	-2.5104907
813	616	-2.5198905
885	387	-2.5199902
839	623	-2.5231903
928	622	-2.532804
814	632	-2.5416021
833	646	-2.5536435
898	372	-2.5583491
822	367	-2.5618417
55	30	-2.5643265
898	585	-2.5714366
891	592	-2.5733106
837	588	-2.576721
32	161	-2.5804794
38	268	-2.5815754
792	616	-2.5823624
852	579	-2.5829628
850	609	-2.5888996
917	577	-2.6005394
895	579	-2.60077
731	664	-2.6012666
772	611	-2.606656
888	557	-2.6066754
31	589	-2.606992
829	649	-2.6102617
768	631	-2.6108377
69	29	-2.6153316
51	31	-2.619379
905	546	-2.6275227
792	655	-2.6289551
861	573	-2.6303694
38	284	-2.6408377
835	625	-2.641632
894	380	-2.648137
839	644	-2.6482108
909	580	-2.6512346
867	374	-2.6514819
927	628	-2.656814
874	318	-2.6599317
31	476	-2.6621895
828	629	-2.664733
31	598	-2.6778924
835	638	-2.6897552
768	582	-2.6921632
869	599	-2.6940067
918	652	-2.6941411
764	649	-2.6955209
31	464	-2.6981816
877	578	-2.7074192
828	618	-2.7297442
913	541	-2.7443273
848	581	-2.7448847
778	652	-2.748368
799	611	-2.7513003
31	411	-2.752319
39	296	-2.7577884
927	616	-2.7609477
931	567	-2.764645
857	575	-2.7727334
910	557	-2.7747278
914	651	-2.7790294
32	573	-2.7791193
770	607	-2.7921314
731	658	-2.8068576
902	580	-2.8152432
822	375	-2.8265502
865	601	-2.8334913
32	472	-2.8400648
896	589	-2.8411086
891	570	-2.8461049
885	586	-2.8491852
908	571	-2.8548882
894	374	-2.8608153
821	622	-2.864106
752	642	-2.864598
808	635	-2.867578
30	165	-2.8683054
802	652	-2.8684323
846	610	-2.8714275
808	654	-2.871634
33	454	-2.8749642
926	653	-2.8785112
841	613	-2.8814764
923	647	-2.887371
854	610	-2.8885293
839	636	-2.8953595
31	603	-2.8970757
901	576	-2.9083002
873	600	-2.9174957
31	144	-2.918686
788	618	-2.9194365
904	573	-2.922114
898	382	-2.9221535
921	549	-2.9238462
891	581	-2.9276085
720	609	-2.9283125
760	637	-2.9340348
867	651	-2.934299
881	597	-2.9360304
38	289	-2.9370751
829	644	-2.9397545
747	645	-2.943743
824	610	-2.9466524
30	348	-2.9513202
930	431	-2.9526174
851	613	-2.9595242
29	150	-2.9624274
841	640	-2.969542
52	27	-2.9705052
922	642	-2.9706874
42	264	-2.9725494
881	587	-2.9765112
28	160	-2.9770858
929	64	-2.9868684
856	601	-2.9897978
795	601	-2.9978943
36	152	-2.9979413
774	651	-3.0046563
822	596	-3.0069437
821	379	-3.009352
809	639	-3.009591
932	426	-3.0098274
873	592	-3.0130217
816	628	-3.0147958
31	564	-3.0148618
46	274	-3.0183144
897	575	-3.018705
36	162	-3.025186
871	402	-3.0316963
815	600	-3.0318632
899	376	-3.035898
55	614	-3.050837
930	68	-3.055654
728	667	-3.0606492
29	134	-3.0659428
29	294	-3.0720787
894	553	-3.0756845
839	649	-3.080025
47	29	-3.0970268
734	652	-3.100092
868	595	-3.1002886
932	537	-3.1036794
899	368	-3.1063292
58	27	-3.1065395
805	640	-3.1111581
848	398	-3.112385
778	624	-3.1147797
29	301	-3.1168766
864	570	-3.1185713
797	629	-3.118762
860	602	-3.1198466
840	632	-3.1218019
36	353	-3.125584
825	357	-3.1292892
804	636	-3.1319392
34	569	-3.133281
856	652	-3.1373649
872	375	-3.1403744
832	641	-3.140647
45	278	-3.1416273
936	556	-3.1444073
52	610	-3.1491292
889	375	-3.149177
30	593	-3.150152
893	387	-3.150391
766	586	-3.1552217
31	581	-3.1557894
715	604	-3.157815
867	384	-3.159907
34	362	-3.164955
65	26	-3.170351
881	388	-3.170996
824	371	-3.1718283
831	590	-3.1761525
762	620	-3.1765058
825	651	-3.1800997
795	613	-3.187336
34	148	-3.189297
840	585	-3.1926105
30	585	-3.1957164
30	492	-3.1958165
57	618	-3.2028756
55	607	-3.204679
882	651	-3.2055957
30	366	-3.2157145
826	636	-3.2163591
43	256	-3.2210362
934	562	-3.2248638
716	608	-3.2252095
849	618	-3.2281928
776	607	-3.2288597
820	638	-3.230316
33	292	-3.231662
35	652	-3.232827
788	647	-3.2384276
31	488	-3.250073
825	378	-3.2506073
835	651	-3.2523375
894	368	-3.2554033
929	345	-3.258422
44	651	-3.2613494
788	657	-3.2627227
31	651	-3.2631755
864	597	-3.263419
728	661	-3.2645159
28	60	-3.2646704
884	558	-3.2679546
872	652	-3.2687824
855	605	-3.2688742
903	584	-3.2725194
32	128	-3.2747605
929	612	-3.278088
59	32	-3.2792623
891	371	-3.283742
842	609	-3.2904227
845	599	-3.2939863
40	303	-3.2960925
867	403	-3.2965932
859	598	-3.2966619
926	426	-3.297822
36	157	-3.302433
845	642	-3.3029866
886	379	-3.3068473
921	576	-3.3096545
928	419	-3.3170657
30	577	-3.3190272
867	411	-3.3210237
838	603	-3.3230762
31	406	-3.3292053
743	646	-3.336714
875	322	-3.3434942
885	574	-3.3440158
805	658	-3.3448672
32	118	-3.345992
857	401	-3.346307
912	566	-3.3465548
910	652	-3.3541217
764	633	-3.3585992
31	87	-3.3621993
41	146	-3.3653333
699	666	-3.3659368
52	618	-3.3668206
712	609	-3.3706787
832	630	-3.3709152
793	605	-3.3759143
29	233	-3.376022
51	606	-3.3766081
772	580	-3.3838828
725	664	-3.3844192
870	603	-3.385854
810	631	-3.3917518
919	648	-3.3958204
922	634	-3.3983195
776	612	-3.399016
902	380	-3.4009058
29	469	-3.4013293
901	548	-3.4018242
908	543	-3.4034247
813	640	-3.4041126
50	614	-3.404661
921	638	-3.4059227
805	632	-3.4073787
31	483	-3.4098382
903	372	-3.4135847
871	369	-3.4140387
877	601	-3.4144194
820	363	-3.4144459
868	378	-3.4151332
892	454	-3.4210649
734	667	-3.4224093
843	635	-3.4225476
811	651	-3.422947
780	605	-3.422999
831	653	-3.4258635
758	619	-3.4263532
32	447	-3.4319654
926	446	-3.4337285
852	602	-3.434982
825	645	-3.438257
845	652	-3.4388206
706	604	-3.4406164
721	652	-3.4470825
890	392	-3.4494066
30	514	-3.453481
899	363	-3.454128
32	140	-3.4555545
807	650	-3.4561489
78	27	-3.4583223
32	436	-3.4588194
754	657	-3.462949
36	565	-3.463216
858	609	-3.4635391
694	668	-3.4671648
29	306	-3.4712234
885	374	-3.4740534
742	576	-3.476926
819	651	-3.4783318
724	671	-3.4792962
723	606	-3.479387
887	368	-3.489631
102	29	-3.4898112
880	398	-3.4918811
711	605	-3.4925563
831	637	-3.495602
762	653	-3.4960346
782	656	-3.5001872
834	634	-3.504185
765	607	-3.5049515
47	625	-3.5070078
886	477	-3.5070677
817	624	-3.5076234
29	510	-3.5097618
827	640	-3.516992
31	93	-3.522856
768	617	-3.523223
872	398	-3.5268314
27	86	-3.5298543
725	658	-3.530975
719	605	-3.5314147
29	536	-3.5353632
906	651	-3.5398252
41	155	-3.5422382
768	666	-3.5437381
28	141	-3.5443878
712	589	-3.547505
36	588	-3.5489223
849	605	-3.5513651
34	349	-3.5523162
774	660	-3.555264
818	376	-3.555375
711	658	-3.5567575
857	632	-3.5582297
803	644	-3.558639
57	624	-3.5587804
770	653	-3.559611
690	670	-3.5623083
767	578	-3.5626676
861	402	-3.565453
50	142	-3.5669835
918	450	-3.5701988
28	155	-3.5705326
900	572	-3.57243
930	532	-3.5725238
31	101	-3.5758832
851	652	-3.5769536
30	568	-3.577837
725	651	-3.5786495
29	544	-3.579926
886	582	-3.581201
897	550	-3.5837884
780	660	-3.5857253
919	537	-3.587484
756	638	-3.5893388
31	416	-3.5895536
46	642	-3.591046
882	384	-3.5932877
890	596	-3.5953074
29	520	-3.5954714
730	654	-3.598358
868	407	-3.59995
876	400	-3.600055
931	618	-3.6002975
903	367	-3.6033006
930	415	-3.6037967
726	610	-3.6041753
898	454	-3.6062884
33	298	-3.6075275
58	611	-3.6111493
921	619	-3.611569
922	448	-3.6138368
34	90	-3.6139655
53	622	-3.6192555
861	652	-3.6200652
928	574	-3.622787
927	333	-3.6233015
881	370	-3.6293464
31	243	-3.6313195
833	377	-3.63619
895	364	-3.636502
901	565	-3.6386585
40	150	-3.6443133
28	75	-3.6473932
934	432	-3.648008
856	594	-3.6485422
768	590	-3.6487238
721	613	-3.6504307
861	630	-3.650496
798	636	-3.650497
38	584	-3.653314
31	609	-3.6535408
892	576	-3.6546495
28	130	-3.655136
31	431	-3.6558323
844	400	-3.657354
42	307	-3.6580107
31	284	-3.660939
717	656	-3.661725
30	500	-3.663419
856	636	-3.6656392
798	645	-3.6725209
34	167	-3.6743252
806	624	-3.6745508
845	606	-3.675828
899	450	-3.6807566
754	616	-3.6821177
37	300	-3.6870894
40	605	-3.687679
867	368	-3.6887197
52	255	-3.694674
29	455	-3.6954966
894	394	-3.7014315
864	605	-3.709404
35	462	-3.710422
60	615	-3.7122276
31	526	-3.7123384
930	640	-3.7167807
880	318	-3.7168412
800	606	-3.7177382
32	370	-3.7180564
874	326	-3.7192597
716	671	-3.7207143
47	619	-3.7280297
779	640	-3.7300487
28	55	-3.7303598
936	110	-3.7336645
46	161	-3.7357783
737	649	-3.7394845
817	380	-3.744887
891	398	-3.746785
896	570	-3.7496936
826	365	-3.7541673
824	617	-3.759775
45	142	-3.7626092
34	31	-3.7646258
929	58	-3.7646568
843	646	-3.7663338
713	600	-3.766495
801	648	-3.7695813
686	563	-3.7703001
841	374	-3.7720048
27	94	-3.7726524
799	599	-3.7740326
35	475	-3.77559
850	598	-3.7762709
713	594	-3.7763908
858	392	-3.7776039
42	299	-3.7791626
28	258	-3.7825348
927	434	-3.784411
940	558	-3.7846231
34	288	-3.7852068
40	599	-3.785301
930	74	-3.7906208
931	422	-3.7929227
783	647	-3.7937412
40	590	-3.7941518
34	561	-3.7972226
929	607	-3.7982402
37	142	-3.800013
864	408	-3.8033702
29	82	-3.8039613
925	533	-3.8044453
847	636	-3.8051426
30	237	-3.807759
895	593	-3.8082435
28	530	-3.8091252
772	627	-3.8104777
836	629	-3.8116384
929	555	-3.817853
756	595	-3.8197577
60	621	-3.8202255
34	578	-3.8206441
32	441	-3.8228042
31	274	-3.8255897
764	594	-3.8267348
33	304	-3.8268583
858	397	-3.831011
32	343	-3.831607
36	574	-3.83488
718	601	-3.835281
29	125	-3.8352964
46	148	-3.8386354
829	376	-3.8391595
46	603	-3.843806
786	604	-3.8444157
721	662	-3.8453155
40	161	-3.84726
41	260	-3.84804
792	645	-3.8480747
882	549	-3.849743
75	23	-3.8550513
884	365	-3.855475
929	362	-3.856503
784	619	-3.8568716
29	288	-3.8568854
869	591	-3.8591208
833	613	-3.8593638
887	454	-3.8617206
925	430	-3.8619416
704	664	-3.862494
877	585	-3.8644226
888	651	-3.866818
903	569	-3.868786
27	146	-3.8689127
877	315	-3.8701458
37	456	-3.8723295
33	132	-3.880444
927	341	-3.881211
758	611	-3.8815012
860	384	-3.8817818
48	652	-3.885085
796	608	-3.8868127
858	417	-3.8868492
764	667	-3.893621
40	564	-3.8952427
872	588	-3.8967345
886	598	-3.8967822
870	565	-3.8982887
794	635	-3.9014237
32	553	-3.902075
852	394	-3.9036121
838	610	-3.9036686
855	614	-3.90501
34	592	-3.905944
46	287	-3.9077775
51	626	-3.9092672
722	667	-3.9098763
34	278	-3.9101322
729	671	-3.9105828
833	607	-3.9122314
885	392	-3.9137824
924	558	-3.9200444
769	647	-3.9213166
28	459	-3.923343
28	90	-3.9235213
843	624	-3.9271863
52	260	-3.9305336
819	372	-3.9359486
48	270	-3.9364743
46	609	-3.9372373
874	581	-3.9395187
772	664	-3.9403481
705	599	-3.9406955
871	410	-3.941803
888	458	-3.9422054
800	640	-3.9427698
54	603	-3.943614
774	603	-3.951065
914	448	-3.9513535
938	116	-3.9514546
32	97	-3.9515638
789	636	-3.952733
848	409	-3.9534123
808	643	-3.9534414
44	295	-3.954079
875	370	-3.9566562
49	631	-3.959033
40	580	-3.961092
686	671	-3.9615176
32	421	-3.9617102
797	655	-3.9624937
916	563	-3.9633932
41	624	-3.9635775
904	376	-3.9660187
869	316	-3.9692507
927	30	-3.9751024
28	551	-3.9763172
45	590	-3.9771183
858	405	-3.9824407
837	376	-3.983291
844	631	-3.9904172
936	325	-3.9911058
27	242	-3.9911113
31	540	-3.9917557
868	399	-3.99178
902	455	-3.9920967
908	584	-3.997093
807	666	-3.997741
30	252	-3.9980388
858	412	-3.9983025
848	472	-4.001441
852	400	-4.00195
39	610	-4.002125
30	451	-4.004655
913	428	-4.005881
863	609	-4.006806
815	650	-4.0117855
907	567	-4.0118303
31	496	-4.0141473
891	365	-4.0148454
801	633	-4.015183
938	552	-4.01624
737	576	-4.017345
46	155	-4.0216913
934	365	-4.029853
32	532	-4.0306025
803	603	-4.0334272
810	658	-4.0346193
925	415	-4.0367074
763	582	-4.0400033
934	114	-4.0400314
688	568	-4.0441685
743	664	-4.044781
845	373	-4.04588
783	601	-4.0473557
932	331	-4.048005
797	595	-4.048509
891	409	-4.0486
720	672	-4.0520763
818	368	-4.0533676
801	656	-4.0548544
810	601	-4.0553145
28	65	-4.0560565
882	378	-4.056348
841	628	-4.056387
873	606	-4.0563917
890	471	-4.056673
840	653	-4.0580516
801	667	-4.05812
896	458	-4.059663
931	435	-4.059902
61	22	-4.061262
74	31	-4.0612755
29	504	-4.0661774
882	583	-4.066379
60	5	-4.0683165
37	306	-4.070151
29	169	-4.071212
48	635	-4.072288
96	8	-4.0735664
34	480	-4.0786786
43	31	-4.078947
894	469	-4.0806136
34	136	-4.084669
31	400	-4.086515
772	586	-4.086601
100	33	-4.087974
846	413	-4.0910993
884	617	-4.0921407
913	345	-4.094785
32	113	-4.098483
716	597	-4.1008472
49	266	-4.1009545
921	624	-4.103477
860	593	-4.1053677
842	602	-4.1064744
897	358	-4.106927
28	219	-4.10763
932	126	-4.107757
772	616	-4.115042
753	598	-4.1186137
38	570	-4.123904
899	394	-4.125297
842	581	-4.125447
871	386	-4.126227
698	670	-4.126966
929	337	-4.132218
29	49	-4.132948
751	638	-4.13398
897	386	-4.134837
53	251	-4.135837
45	599	-4.144242
859	429	-4.1465507
44	138	-4.148772
758	671	-4.1492987
864	588	-4.1498933
886	469	-4.1505423
55	599	-4.1514688
34	266	-4.152193
717	589	-4.153338
27	71	-4.1550317
722	602	-4.155554
929	353	-4.1565094
707	591	-4.1566644
38	27	-4.158392
29	8	-4.1586986
776	656	-4.1608834
879	444	-4.1629353
52	5	-4.166964
848	390	-4.167335
820	614	-4.1675715
867	418	-4.1678686
792	610	-4.169956
46	253	-4.1702666
30	227	-4.1750555
30	264	-4.1796875
923	630	-4.180364
51	572	-4.1813254
936	330	-4.181427
94	31	-4.1845493
891	444	-4.1848407
888	578	-4.1872716
869	607	-4.1873755
599	653	-4.189456
927	548	-4.1907363
805	596	-4.1912236
878	550	-4.193188
44	646	-4.193486
37	596	-4.1943073
878	374	-4.195782
39	548	-4.1957865
863	387	-4.196042
25	468	-4.1965704
829	609	-4.196929
36	604	-4.200142
849	640	-4.2003007
51	564	-4.2022552
710	585	-4.204671
859	376	-4.2052703
708	568	-4.2057343
793	666	-4.2091026
41	595	-4.209617
709	601	-4.2111135
37	526	-4.211788
32	392	-4.2128854
748	641	-4.2143235
58	161	-4.2154326
43	311	-4.215855
918	445	-4.2175837
890	404	-4.2193866
875	411	-4.221568
34	75	-4.222207
32	309	-4.2232566
870	322	-4.2233934
823	641	-4.224901
895	428	-4.2281413
905	428	-4.2309613
32	548	-4.23117
883	601	-4.231613
863	624	-4.2322407
876	561	-4.2347975
44	585	-4.2354527
37	552	-4.238692
27	102	-4.238695
29	557	-4.238815
760	666	-4.238828
859	388	-4.2390823
932	545	-4.24036
51	649	-4.240517
867	428	-4.2428455
52	146	-4.2445984
476	665	-4.2473803
919	341	-4.24802
765	671	-4.248285
33	522	-4.248537
219	652	-4.248597
50	602	-4.2508698
936	538	-4.2513185
721	657	-4.251988
864	398	-4.2523155
931	646	-4.2532396
921	345	-4.253786
73	111	-4.2538323
28	246	-4.256338
875	404	-4.256616
729	575	-4.259189
41	468	-4.263357
829	614	-4.263368
930	602	-4.263536
464	653	-4.2638245
46	259	-4.263964
886	483	-4.264974
933	553	-4.2662616
813	625	-4.2665195
867	392	-4.2666183
707	660	-4.2669163
932	359	-4.2672176
778	601	-4.2676105
789	607	-4.267992
816	620	-4.2687316
35	79	-4.269627
910	450	-4.269749
785	660	-4.2728863
865	631	-4.2739873
801	628	-4.2766886
36	471	-4.2812896
53	22	-4.285244
757	591	-4.286877
763	590	-4.2876835
912	583	-4.2879267
70	23	-4.290233
25	456	-4.2904224
878	385	-4.291047
28	572	-4.2926083
11	350	-4.293071
853	619	-4.2940173
847	628	-4.294069
64	7	-4.2946134
930	652	-4.2962027
790	601	-4.2980356
930	349	-4.298591
32	626	-4.2998962
846	404	-4.300052
33	7	-4.3021007
43	620	-4.3035784
690	558	-4.304122
30	376	-4.3058043
759	584	-4.3070374
715	652	-4.3074985
880	609	-4.308026
66	22	-4.310416
852	417	-4.310691
833	578	-4.310989
29	280	-4.3115616
816	654	-4.3122125
921	428	-4.314118
934	122	-4.3141475
37	467	-4.315157
731	606	-4.3166757
38	263	-4.318582
791	660	-4.320015
780	610	-4.3246336
892	483	-4.325409
930	214	-4.3260446
893	360	-4.327857
23	160	-4.328637
615	653	-4.329125
56	7	-4.3300176
863	413	-4.332491
34	536	-4.3325853
33	231	-4.3329234
30	173	-4.3336005
44	565	-4.335154
821	647	-4.3359365
31	313	-4.3366566
903	26	-4.337055
901	588	-4.3383794
106	28	-4.3400474
930	447	-4.3411613
812	644	-4.342868
794	641	-4.3450575
925	422	-4.3453903
611	654	-4.349122
810	622	-4.3508115
938	121	-4.35099
901	429	-4.3516517
873	314	-4.3528423
903	362	-4.3530836
63	624	-4.356106
28	473	-4.3568454
599	660	-4.358053
36	451	-4.358607
887	488	-4.3599534
922	490	-4.361749
687	667	-4.364966
60	627	-4.3673306
30	637	-4.368745
879	365	-4.3692303
712	672	-4.3699007
53	101	-4.371741
851	635	-4.3720117
875	610	-4.3721213
689	574	-4.375525
39	641	-4.377143
718	666	-4.3771796
916	581	-4.3776183
852	406	-4.378347
703	670	-4.3786
908	338	-4.382393
934	531	-4.3841815
46	595	-4.386043
38	256	-4.3873186
927	529	-4.387726
38	534	-4.3889503
829	579	-4.3901973
806	600	-4.3948035
863	370	-4.3962836
716	613	-4.396656
898	446	-4.3997517
871	381	-4.4001255
879	394	-4.4002347
871	611	-4.401041
51	641	-4.401102
28	117	-4.402166
936	319	-4.4026694
35	86	-4.404271
894	651	-4.4051323
529	653	-4.4063363
32	427	-4.408273
729	650	-4.4092283
825	582	-4.409482
862	634	-4.409818
716	662	-4.413616
793	597	-4.4154167
887	399	-4.4157014
45	629	-4.4161863
42	569	-4.4162993
886	612	-4.4162993
855	389	-4.417561
37	8	-4.417681
740	667	-4.417765
44	578	-4.4185038
39	530	-4.418523
40	459	-4.4187317
57	255	-4.4216623
98	37	-4.4238153
924	452	-4.4244847
898	354	-4.4261575
38	358	-4.4269094
41	252	-4.427929
40	472	-4.428297
753	671	-4.428306
54	92	-4.429508
709	596	-4.4317627
882	577	-4.4330673
45	613	-4.4360003
43	639	-4.4361296
39	542	-4.436478
917	621	-4.4395895
927	495	-4.440092
29	444	-4.4418335
61	48	-4.4424047
829	633	-4.445063
805	671	-4.447663
871	624	-4.44817
761	608	-4.451771
49	645	-4.452135
32	256	-4.4535313
727	604	-4.4539647
871	394	-4.457795
906	454	-4.45862
887	427	-4.4602113
938	533	-4.4606256
50	568	-4.4612966
27	310	-4.4615703
476	653	-4.4625177
705	571	-4.463456
923	614	-4.464566
55	628	-4.464871
896	390	-4.465179
887	361	-4.465481
89	8	-4.4666414
11	342	-4.4668417
725	576	-4.470197
59	606	-4.470828
779	648	-4.4710703
816	596	-4.471557
797	668	-4.472681
869	617	-4.472852
886	492	-4.473152
849	646	-4.475215
51	585	-4.477096
723	589	-4.4782166
887	608	-4.4792194
45	7	-4.4794703
45	291	-4.4806957
778	664	-4.4819565
48	282	-4.4820733
922	333	-4.482988
931	626	-4.483923
882	613	-4.484095
749	616	-4.484198
811	667	-4.494075
73	8	-4.4945717
52	577	-4.4971223
892	600	-4.4977317
28	98	-4.498372
701	601	-4.4986444
938	105	-4.501114
881	485	-4.5015755
938	127	-4.501737
10	404	-4.5032253
847	577	-4.5033646
42	315	-4.5050583
40	647	-4.5055933
932	341	-4.506916
40	464	-4.507113
55	142	-4.510597
784	608	-4.512211
688	583	-4.5140452
890	552	-4.5161405
40	575	-4.516845
928	188	-4.5177565
719	594	-4.518631
54	268	-4.5189304
919	560	-4.519254
863	394	-4.5203657
47	316	-4.524021
933	352	-4.524445
847	386	-4.525042
895	451	-4.525113
708	671	-4.525149
31	78	-4.5251527
928	442	-4.525908
769	603	-4.528352
29	214	-4.5284743
32	641	-4.528697
712	570	-4.528764
52	138	-4.5297832
880	557	-4.530505
801	672	-4.531334
899	401	-4.5314536
30	645	-4.531816
886	546	-4.5338616
26	358	-4.534686
44	573	-4.536508
801	594	-4.5385537
36	557	-4.5395474
34	491	-4.541231
890	448	-4.542581
906	4	-4.5430403
750	620	-4.543337
49	581	-4.543705
846	394	-4.5437894
860	569	-4.544843
907	370	-4.5477123
929	402	-4.551107
925	610	-4.5512714
878	617	-4.552539
766	621	-4.5533915
903	451	-4.5534506
52	247	-4.553758
878	453	-4.5543365
742	571	-4.5548444
600	664	-4.554886
760	597	-4.555366
68	9	-4.557535
919	629	-4.558253
928	37	-4.55978
863	377	-4.561727
848	632	-4.563046
882	455	-4.563786
733	577	-4.5653763
28	437	-4.5712323
60	213	-4.5721736
72	115	-4.572421
23	87	-4.577238
855	640	-4.5789676
49	589	-4.579215
770	659	-4.5797477
25	151	-4.580757
44	25	-4.582949
708	608	-4.585064
26	263	-4.58516
703	590	-4.586006
27	353	-4.5864143
930	586	-4.5880613
875	443	-4.5882373
909	7	-4.588426
63	618	-4.5896673
809	594	-4.592101
844	473	-4.5923243
711	668	-4.5932083
824	592	-4.5936646
59	251	-4.5952153
900	651	-4.597644
458	653	-4.598058
843	378	-4.5987964
871	417	-4.599448
850	622	-4.6010036
539	653	-4.6015444
817	660	-4.601678
766	662	-4.603596
31	45	-4.606251
53	126	-4.606418
851	575	-4.607687
55	648	-4.607963
833	372	-4.609185
32	25	-4.609263
867	627	-4.612747
695	664	-4.6130247
929	194	-4.6164765
857	370	-4.6181984
932	118	-4.618985
37	520	-4.6191792
789	613	-4.6193075
771	576	-4.6207905
66	49	-4.621774
900	433	-4.6225452
39	476	-4.62277
10	412	-4.6232686
298	668	-4.6242685
780	620	-4.624702
12	125	-4.625677
744	642	-4.628477
603	652	-4.6308827
41	560	-4.630979
892	459	-4.6326256
903	352	-4.63286
838	577	-4.633843
923	496	-4.637231
917	346	-4.6376185
863	566	-4.639699
700	662	-4.640085
930	578	-4.6402516
891	487	-4.6409354
50	116	-4.642799
942	554	-4.643101
30	30	-4.643283
733	648	-4.6452565
19	8	-4.6459427
933	418	-4.645947
85	6	-4.646223
751	660	-4.647959
48	136	-4.6497207
879	410	-4.650515
41	614	-4.6506095
40	538	-4.6549525
33	270	-4.655068
352	680	-4.655844
879	381	-4.657358
819	642	-4.657683
906	384	-4.662388
901	459	-4.6640425
936	424	-4.665952
74	105	-4.6660075
97	42	-4.6667085
302	654	-4.667726
49	8	-4.6691303
891	606	-4.670207
684	559	-4.6703005
296	662	-4.670312
34	544	-4.671311
934	106	-4.6725593
857	563	-4.673173
858	380	-4.676395
847	380	-4.677766
28	323	-4.6781254
36	345	-4.6794796
58	602	-4.6795635
815	589	-4.6827135
799	660	-4.683434
862	8	-4.683438
910	455	-4.6842194
43	319	-4.6870832
41	484	-4.687445
40	453	-4.6891665
34	499	-4.6893888
928	200	-4.689523
59	631	-4.691662
67	626	-4.692826
31	109	-4.6930175
789	642	-4.6935883
65	32	-4.697085
95	12	-4.697651
879	461	-4.699179
706	587	-4.701377
895	399	-4.7016907
856	628	-4.702327
868	587	-4.702683
56	259	-4.7043886
28	561	-4.704544
928	457	-4.7051644
6	226	-4.705401
54	97	-4.705449
725	593	-4.7079816
871	429	-4.709502
869	444	-4.709593
732	610	-4.710633
52	272	-4.7107763
83	78	-4.7112784
24	8	-4.7130494
48	4	-4.7136188
693	673	-4.71383
926	491	-4.713928
938	369	-4.7169776
54	644	-4.7188916
710	574	-4.720412
28	344	-4.7209125
887	602	-4.723785
887	411	-4.7240844
875	395	-4.72465
938	100	-4.726811
43	101	-4.727077
32	613	-4.728867
815	666	-4.7305
746	575	-4.7312613
82	90	-4.73234
41	554	-4.732647
30	105	-4.733265
934	348	-4.733982
936	361	-4.7354894
867	612	-4.738059
878	605	-4.739569
934	371	-4.7399983
938	618	-4.741033
344	678	-4.7412004
862	620	-4.7429004
793	672	-4.7430773
920	580	-4.7442265
909	429	-4.7444725
837	581	-4.745087
35	600	-4.7451773
902	447	-4.74536
821	585	-4.7461424
920	419	-4.7470326
34	215	-4.7472672
110	29	-4.752255
41	141	-4.753489
808	662	-4.7543106
84	84	-4.7543945
77	101	-4.7553716
47	321	-4.755419
880	621	-4.756285
55	263	-4.756763
708	665	-4.7581344
833	586	-4.7599945
865	592	-4.7610073
24	91	-4.7656884
938	563	-4.766589
490	664	-4.766774
57	23	-4.76695
35	94	-4.7671485
912	339	-4.7673197
915	424	-4.768174
928	411	-4.768998
6	400	-4.769547
26	164	-4.7731633
776	643	-4.7742333
98	28	-4.774774
932	132	-4.774985
855	567	-4.7750487
803	662	-4.7752347
23	100	-4.7767735
33	219	-4.777657
927	598	-4.778147
919	330	-4.778737
723	598	-4.77886
49	231	-4.780982
480	654	-4.781734
905	423	-4.781947
28	606	-4.7821865
763	624	-4.7833753
914	537	-4.78629
738	572	-4.7866096
928	26	-4.786989
10	354	-4.787735
886	444	-4.788381
886	553	-4.789684
684	567	-4.7899475
32	380	-4.7913685
729	613	-4.7928944
35	484	-4.7936487
766	654	-4.79467
62	209	-4.7963614
50	223	-4.7967825
940	112	-4.7974687
67	620	-4.797575
11	408	-4.800281
91	92	-4.800903
23	155	-4.801064
933	335	-4.802773
49	598	-4.8035283
921	434	-4.8036833
686	555	-4.8041253
878	437	-4.806968
856	385	-4.8071613
906	448	-4.8080473
12	117	-4.8099866
859	613	-4.8111196
470	653	-4.8126884
902	30	-4.813046
28	480	-4.8142233
91	144	-4.814556
36	117	-4.815026
910	334	-4.816595
870	365	-4.816877
50	213	-4.817834
50	157	-4.8178453
48	22	-4.820375
884	459	-4.82162
903	400	-4.822367
933	141	-4.8225555
11	358	-4.8226705
874	615	-4.822717
297	677	-4.824326
37	447	-4.8270335
830	380	-4.8270497
746	671	-4.8271017
819	664	-4.8304763
901	4	-4.8330092
931	325	-4.8350863
11	421	-4.836533
32	507	-4.8378744
926	604	-4.8381643
769	670	-4.8388405
35	608	-4.839422
29	268	-4.8397164
853	631	-4.841474
45	304	-4.8420367
928	329	-4.8422217
57	225	-4.848222
81	10	-4.8515053
885	473	-4.8526554
25	52	-4.8533673
917	429	-4.853538
49	310	-4.8547
775	577	-4.8550315
750	576	-4.855929
830	367	-4.8567142
854	413	-4.8568482
7	407	-4.857421
29	317	-4.8579907
822	654	-4.858369
863	559	-4.8587785
712	664	-4.863363
930	279	-4.863565
93	27	-4.8666654
30	396	-4.8711987
63	18	-4.8717837
699	591	-4.872248
918	334	-4.8736744
4	588	-4.8742127
83	94	-4.875812
80	97	-4.8765473
932	405	-4.8768816
691	665	-4.8772926
714	583	-4.8777146
821	358	-4.8791647
912	3	-4.87957
481	664	-4.8818316
32	62	-4.882057
856	571	-4.882239
77	9	-4.882493
48	575	-4.8826175
92	5	-4.882655
55	640	-4.8834457
50	288	-4.885677
59	598	-4.8863144
837	371	-4.889206
39	310	-4.889524
53	632	-4.88978
616	664	-4.890183
25	80	-4.8909287
929	594	-4.8914433
32	54	-4.8939605
866	321	-4.8946004
34	122	-4.8949227
36	366	-4.895646
60	258	-4.8997574
809	627	-4.9015713
857	618	-4.9025564
786	639	-4.9034038
890	544	-4.9086876
884	396	-4.909181
917	639	-4.9100223
6	344	-4.911003
32	618	-4.9119124
928	7	-4.9119744
884	605	-4.912208
32	11	-4.9130654
53	590	-4.9155393
883	401	-4.916543
844	408	-4.9174805
735	671	-4.918452
50	150	-4.920256
725	571	-4.9209576
687	675	-4.9222674
90	12	-4.922726
64	105	-4.9234753
827	589	-4.9235682
40	4	-4.925225
703	595	-4.9254613
885	622	-4.9263163
62	11	-4.92633
821	658	-4.9294677
875	465	-4.9329147
54	86	-4.9347377
85	12	-4.9366317
928	582	-4.9374046
911	400	-4.9379535
789	668	-4.9382844
725	614	-4.9391227
27	588	-4.939279
27	652	-4.9403334
900	389	-4.9413266
756	667	-4.9429727
840	362	-4.94365
523	653	-4.9448237
20	52	-4.944973
856	8	-4.94546
756	576	-4.9477572
692	570	-4.9483585
357	680	-4.948741
905	8	-4.9513435
918	644	-4.9514303
929	210	-4.9543653
688	589	-4.9546494
41	165	-4.955924
98	4	-4.9560113
829	371	-4.957622
868	326	-4.9583383
36	624	-4.958555
914	454	-4.9612536
812	597	-4.9617567
879	403	-4.9637156
755	585	-4.963816
907	388	-4.963994
901	385	-4.964101
839	380	-4.964263
753	592	-4.964634
813	0	-4.966676
740	580	-4.966775
930	367	-4.966828
828	360	-4.9671745
938	431	-4.967449
838	671	-4.9691515
6	413	-4.970736
884	448	-4.973586
54	569	-4.9738297
41	134	-4.973843
873	620	-4.975438
50	276	-4.975462
50	45	-4.975837
54	105	-4.9766645
855	648	-4.9767265
878	328	-4.9767504
875	448	-4.9772716
875	380	-4.9773555
87	90	-4.978845
5	242	-4.9791346
934	549	-4.9793825
914	7	-4.979472
920	533	-4.980925
882	491	-4.9825573
36	648	-4.9839544
5	605	-4.984816
690	564	-4.9859986
905	418	-4.9882116
50	560	-4.9900413
809	672	-4.9921474
39	32	-4.9921565
49	124	-4.9931316
920	454	-4.9934855
912	433	-4.996001
817	646	-4.9964886
919	495	-4.9968967
853	644	-4.9996066
890	478	-4.999957
33	503	-5.0004764
932	571	-5.0010242
920	553	-5.0023046
62	268	-5.003525
747	662	-5.0045767
867	621	-5.007556
942	562	-5.011054
907	327	-5.0139046
32	386	-5.0147905
26	45	-5.014901
39	618	-5.016694
83	27	-5.0182805
891	466	-5.0190434
757	634	-5.0194893
10	346	-5.021455
39	81	-5.022344
896	463	-5.022592
5	230	-5.023006
912	419	-5.0234876
750	632	-5.0236397
826	411	-5.0251007
888	422	-5.025502
78	32	-5.0265946
54	582	-5.0268755
928	451	-5.0288076
6	309	-5.0317626
11	400	-5.0318027
704	567	-5.032349
58	247	-5.0331974
11	416	-5.035184
824	671	-5.0361423
72	121	-5.0373588
88	86	-5.0376244
931	147	-5.0376754
874	553	-5.0384617
61	59	-5.0393558
54	231	-5.0397635
865	647	-5.041077
34	403	-5.0413733
45	82	-5.041421
896	408	-5.041634
67	632	-5.042297
304	666	-5.0426874
682	672	-5.042866
852	386	-5.0429716
53	241	-5.042974
35	102	-5.048165
11	437	-5.0502305
927	590	-5.0503283
40	488	-5.0515976
688	578	-5.0527387
594	660	-5.0530005
58	266	-5.0536633
53	595	-5.054151
80	86	-5.0544567
43	544	-5.0547075
50	130	-5.0552025
20	453	-5.055553
938	613	-5.055843
930	138	-5.055844
905	345	-5.057108
11	121	-5.0573187
894	355	-5.057716
860	638	-5.05824
35	46	-5.058448
62	218	-5.0589957
591	653	-5.0597486
735	607	-5.0601764
904	542	-5.0605226
684	587	-5.0606813
855	624	-5.063324
23	144	-5.0634
894	474	-5.0645075
721	575	-5.065509
21	165	-5.065914
934	137	-5.0665526
905	356	-5.066553
81	23	-5.0671163
595	654	-5.0690727
105	32	-5.069142
472	664	-5.0692043
7	340	-5.0718365
27	599	-5.071994
863	616	-5.0743256
90	32	-5.075993
19	90	-5.0766764
933	613	-5.077454
201	681	-5.078023
58	221	-5.078113
911	648	-5.078681
912	370	-5.0799623
54	652	-5.080182
716	572	-5.082422
63	630	-5.0824423
92	110	-5.0827246
904	320	-5.0828385
5	593	-5.083124
604	662	-5.0841274
53	227	-5.084423
909	394	-5.0849667
39	87	-5.085222
33	517	-5.086247
26	254	-5.0874834
42	480	-5.087823
820	670	-5.087928
101	8	-5.08914
929	499	-5.092666
496	664	-5.0943613
739	645	-5.0948467
6	115	-5.0952973
54	211	-5.0962553
32	247	-5.096262
878	625	-5.0973554
911	351	-5.097845
911	562	-5.0981565
58	208	-5.101355
26	452	-5.102139
898	437	-5.102239
82	120	-5.1037188
906	432	-5.105745
4	305	-5.1063714
785	614	-5.1072865
922	359	-5.1073637
925	346	-5.1081038
27	565	-5.1084456
53	134	-5.1088805
108	8	-5.109013
768	626	-5.1101885
725	581	-5.1106825
819	592	-5.1122537
919	362	-5.1125336
773	668	-5.114008
54	18	-5.1142616
44	3	-5.1146946
33	511	-5.1150284
43	528	-5.1163173
6	220	-5.1164
26	526	-5.117095
816	671	-5.117746
909	346	-5.118142
620	665	-5.118268
839	367	-5.118897
43	475	-5.12002
56	48	-5.120367
911	360	-5.120627
12	111	-5.1231284
745	618	-5.1232724
782	597	-5.12503
727	597	-5.1265583
26	238	-5.127745
484	653	-5.127979
395	653	-5.128885
928	283	-5.128924
93	84	-5.129574
932	636	-5.13037
6	285	-5.1343646
454	654	-5.1345325
30	339	-5.1388173
935	566	-5.1395907
907	495	-5.141132
842	672	-5.1414247
798	664	-5.141542
450	653	-5.1416
47	34	-5.142337
5	616	-5.142353
45	49	-5.143703
923	338	-5.1449566
938	623	-5.1461506
816	364	-5.146445
832	582	-5.1479225
925	577	-5.147931
931	528	-5.1504107
883	409	-5.150634
59	637	-5.1508527
32	71	-5.1513443
805	0	-5.1516094
831	363	-5.1521373
872	330	-5.1526313
81	109	-5.1527057
787	672	-5.153258
759	623	-5.153469
795	659	-5.153875
848	480	-5.1541033
936	436	-5.1542025
885	496	-5.1543183
58	651	-5.1551576
922	443	-5.1562815
851	445	-5.157048
461	662	-5.158682
6	584	-5.1597505
829	671	-5.160555
90	120	-5.160706
843	576	-5.16135
912	640	-5.161494
879	4	-5.1622357
93	76	-5.164094
882	361	-5.1641116
79	18	-5.16484
729	570	-5.165761
776	581	-5.1669207
92	116	-5.1671615
6	294	-5.1714087
65	14	-5.17297
942	117	-5.173222
734	581	-5.1741776
294	666	-5.1785173
24	74	-5.1794147
753	612	-5.1803904
90	96	-5.1806507
40	23	-5.1807494
938	547	-5.1813407
733	602	-5.181539
772	622	-5.183255
915	557	-5.185019
718	585	-5.185106
27	113	-5.185123
6	122	-5.1859527
5	396	-5.186335
928	53	-5.1867514
57	243	-5.1885123
428	664	-5.188773
6	162	-5.188799
918	586	-5.188823
6	277	-5.189078
79	113	-5.1908784
834	672	-5.1909175
894	479	-5.190966
26	137	-5.1925836
949	350	-5.1926107
690	546	-5.1934614
49	292	-5.195308
535	656	-5.195444
875	388	-5.196932
4	578	-5.1971817
41	492	-5.1980267
907	350	-5.201762
49	305	-5.2017627
866	563	-5.2018905
875	428	-5.2025676
5	610	-5.2032833
648	671	-5.2035246
38	138	-5.204368
59	262	-5.2043796
58	90	-5.204754
13	8	-5.205594
348	677	-5.2113204
899	592	-5.213934
931	631	-5.2154098
28	13	-5.2160044
881	495	-5.2167263
748	564	-5.218995
875	364	-5.2192163
758	658	-5.2192316
29	202	-5.220961
67	45	-5.2215858
488	654	-5.2222133
926	552	-5.222307
21	56	-5.2241483
223	653	-5.2247863
60	109	-5.225615
695	590	-5.22669
57	594	-5.2274923
301	678	-5.2286243
855	377	-5.2287326
21	48	-5.228813
908	374	-5.228895
824	382	-5.2302074
41	116	-5.2307553
729	590	-5.2308598
59	643	-5.2316775
703	659	-5.231843
864	381	-5.234334
11	426	-5.2345634
45	90	-5.235188
44	634	-5.236195
506	662	-5.2365026
44	465	-5.237155
763	577	-5.2388554
66	109	-5.2391195
55	565	-5.239677
123	24	-5.2399454
715	675	-5.240633
34	260	-5.243564
855	409	-5.2448077
10	396	-5.2469707
49	219	-5.247248
903	395	-5.2491193
896	484	-5.2495813
5	598	-5.2506075
783	673	-5.2509627
685	572	-5.252037
595	664	-5.2521114
849	374	-5.2521596
6	212	-5.253027
926	3	-5.2532845
40	92	-5.2542086
862	418	-5.255549
293	678	-5.255777
791	593	-5.255797
845	447	-5.257463
91	138	-5.2579637
741	596	-5.2588224
45	95	-5.259015
452	662	-5.259504
32	16	-5.2604127
61	272	-5.2608495
928	275	-5.2608666
48	249	-5.260904
934	622	-5.2619905
45	561	-5.264939
907	380	-5.2659454
79	160	-5.268112
902	404	-5.2683163
938	525	-5.268731
938	132	-5.2687397
5	323	-5.2700043
942	125	-5.270575
5	247	-5.2709727
903	339	-5.27278
712	617	-5.2743397
83	114	-5.2760367
83	156	-5.276187
846	671	-5.2782164
892	424	-5.280468
290	664	-5.2809577
395	664	-5.281087
89	156	-5.2813396
83	124	-5.2813535
52	109	-5.28136
846	573	-5.2822824
607	653	-5.2836146
31	223	-5.28437
44	557	-5.2848597
918	387	-5.2854915
64	614	-5.2855797
6	452	-5.285894
689	593	-5.2860184
0	303	-5.286051
754	568	-5.286484
894	403	-5.287462
919	7	-5.287675
890	611	-5.2896047
54	636	-5.2900405
39	100	-5.290438
31	37	-5.2904572
77	90	-5.2905173
121	29	-5.2920737
69	59	-5.2942243
11	77	-5.295304
7	166	-5.295893
43	550	-5.2972674
734	573	-5.2977223
5	301	-5.298987
4	404	-5.2990685
702	574	-5.300063
37	133	-5.3003983
930	492	-5.300529
917	3	-5.3010907
872	336	-5.301861
35	412	-5.3022723
919	423	-5.3072267
720	617	-5.307576
901	323	-5.3084893
6	157	-5.308946
31	622	-5.309134
883	428	-5.3108177
71	12	-5.3113713
5	236	-5.312026
896	602	-5.313139
921	354	-5.313402
41	522	-5.313679
889	462	-5.3142114
876	641	-5.3142743
42	533	-5.314368
894	542	-5.3149405
906	331	-5.3173723
94	88	-5.31822
907	401	-5.318297
708	563	-5.3191066
909	539	-5.3194175
22	104	-5.3195195
41	631	-5.3196087
711	653	-5.319663
935	542	-5.322856
928	21	-5.3233027
871	8	-5.3235645
711	613	-5.324121
28	4	-5.3241243
913	364	-5.3254433
861	366	-5.3267374
55	574	-5.327298
206	668	-5.327713
763	629	-5.3283134
851	569	-5.3299756
94	80	-5.330088
918	489	-5.3305545
811	590	-5.3309174
880	0	-5.3309703
598	671	-5.3324614
934	413	-5.3347206
44	73	-5.3353724
27	484	-5.3359
6	317	-5.3362675
934	220	-5.337338
90	150	-5.339217
897	350	-5.339599
80	6	-5.339844
362	680	-5.3399105
6	420	-5.3407354
928	371	-5.3409023
47	113	-5.341726
27	108	-5.3422117
928	205	-5.342256
611	665	-5.3425236
925	406	-5.3441744
914	632	-5.345917
871	629	-5.347013
859	623	-5.347128
854	671	-5.34756
848	655	-5.3512273
5	622	-5.3520513
49	556	-5.352093
53	11	-5.3527765
957	220	-5.353018
879	466	-5.353119
875	416	-5.3531437
76	5	-5.35357
31	21	-5.355745
69	18	-5.35634
27	121	-5.3600383
928	47	-5.360152
61	37	-5.360419
886	4	-5.3619857
688	551	-5.3637085
11	443	-5.3638606
813	662	-5.364043
738	610	-5.365326
25	127	-5.3655715
869	424	-5.371485
863	427	-5.3722243
19	161	-5.3728633
749	597	-5.373939
737	603	-5.37477
58	19	-5.3749924
826	655	-5.375886
957	228	-5.376239
703	607	-5.376474
309	652	-5.3765717
486	665	-5.3769546
876	458	-5.37795
942	108	-5.379223
900	425	-5.3798585
916	418	-5.3805594
59	94	-5.381045
876	7	-5.382124
909	297	-5.3822103
858	672	-5.3830605
913	444	-5.3860955
6	425	-5.3870797
763	25	-5.3875675
27	463	-5.389068
843	477	-5.3892956
754	621	-5.3894506
302	670	-5.3904877
843	385	-5.3904915
2	399	-5.3919315
844	389	-5.392514
913	495	-5.392695
36	22	-5.3932705
12	226	-5.3945503
54	219	-5.39637
772	591	-5.3976536
904	335	-5.399848
747	637	-5.4003587
27	272	-5.401244
707	582	-5.4023056
929	123	-5.402879
929	42	-5.405435
768	595	-5.4061213
62	634	-5.4071054
890	491	-5.408089
50	104	-5.4083023
895	442	-5.408644
886	437	-5.411724
5	391	-5.4123583
697	597	-5.413531
21	457	-5.4140377
869	555	-5.4148445
717	578	-5.416265
25	476	-5.4164867
851	382	-5.4176416
3	408	-5.420941
47	241	-5.422169
915	359	-5.4236145
785	643	-5.4236503
78	13	-5.4238644
52	284	-5.425784
66	78	-5.426618
896	497	-5.426684
236	670	-5.4270296
68	113	-5.428974
623	653	-5.4296107
916	338	-5.429933
873	648	-5.430162
31	630	-5.430258
94	106	-5.4305863
0	311	-5.431553
795	591	-5.432179
27	489	-5.4341407
923	457	-5.4350705
34	235	-5.435162
879	654	-5.4355445
10	69	-5.437069
875	655	-5.4373507
737	598	-5.4387417
932	321	-5.439493
35	432	-5.440354
309	678	-5.4403615
757	600	-5.4418445
783	664	-5.442126
38	628	-5.442372
724	585	-5.4436097
906	588	-5.4442515
695	574	-5.4446564
881	553	-5.4447427
950	354	-5.4475203
94	100	-5.447866
10	448	-5.448057
872	559	-5.448186
940	537	-5.448477
37	314	-5.448823
700	586	-5.448972
35	3	-5.4496565
59	44	-5.45089
6	103	-5.4513793
940	329	-5.4528284
797	673	-5.4528885
11	129	-5.4541693
28	335	-5.4550133
38	420	-5.4556346
36	443	-5.456013
628	663	-5.4568987
893	549	-5.457013
930	112	-5.457908
25	133	-5.4584675
908	527	-5.458819
7	349	-5.4592624
11	65	-5.459401
5	644	-5.4595313
28	372	-5.4598575
53	235	-5.4603157
676	671	-5.4604497
52	82	-5.4613037
39	514	-5.4614625
63	43	-5.4616513
37	341	-5.4618864
765	658	-5.462609
40	635	-5.4629016
840	573	-5.463131
78	47	-5.4633236
879	417	-5.464628
58	155	-5.4646697
691	554	-5.465279
23	95	-5.4656954
60	240	-5.4659314
933	608	-5.466706
48	120	-5.467047
691	586	-5.4675584
62	254	-5.467704
918	635	-5.4678297
214	651	-5.4682593
44	45	-5.468314
915	628	-5.468536
907	458	-5.469743
40	74	-5.469909
74	49	-5.473744
866	655	-5.4747396
845	662	-5.4755025
87	23	-5.476394
6	437	-5.4771566
720	571	-5.4784226
30	179	-5.4796586
899	8	-5.480173
300	664	-5.4810605
79	105	-5.4812255
885	317	-5.4812346
285	677	-5.4848733
20	253	-5.485406
765	602	-5.4856186
65	58	-5.486204
5	538	-5.4893355
912	386	-5.4895144
87	29	-5.4916134
892	418	-5.4925013
74	211	-5.4936137
57	122	-5.493745
85	74	-5.496308
10	453	-5.49661
903	494	-5.497118
5	531	-5.498223
706	575	-5.49933
775	647	-5.500619
35	227	-5.5008063
921	486	-5.501169
5	628	-5.501726
10	61	-5.502875
32	211	-5.5038447
894	3	-5.50483
125	19	-5.505123
127	13	-5.506151
923	329	-5.5083914
78	156	-5.5087614
756	607	-5.5088363
729	580	-5.5100336
901	602	-5.511226
940	529	-5.5123224
57	237	-5.512513
64	214	-5.512784
12	338	-5.513698
911	587	-5.513762
44	471	-5.5149593
862	673	-5.5155687
882	478	-5.5170145
926	438	-5.5174756
41	9	-5.517647
909	26	-5.517811
741	671	-5.520611
4	313	-5.522407
69	5	-5.522457
889	315	-5.5225887
779	585	-5.5226455
6	134	-5.5241847
932	440	-5.524657
751	667	-5.5248175
26	364	-5.525712
835	381	-5.528232
62	162	-5.529147
411	681	-5.5299788
29	41	-5.5304418
746	568	-5.5306306
97	112	-5.5311127
842	396	-5.531503
661	670	-5.5325265
73	45	-5.5328426
94	39	-5.5338206
681	668	-5.5351467
902	463	-5.535662
34	374	-5.5360575
421	663	-5.536175
85	18	-5.536432
66	73	-5.536624
940	365	-5.5372267
762	661	-5.5380445
830	355	-5.5386043
917	370	-5.5397882
851	626	-5.539995
111	60	-5.540112
7	99	-5.540608
935	356	-5.541467
446	662	-5.5418034
9	89	-5.54232
938	415	-5.54284
742	564	-5.5433087
4	258	-5.546904
34	636	-5.5472817
839	665	-5.5478344
924	8	-5.5479326
312	666	-5.549916
27	224	-5.549936
632	653	-5.5501065
923	411	-5.5501223
45	117	-5.5522456
845	469	-5.5526323
82	48	-5.5542765
10	241	-5.5549273
5	328	-5.555089
921	500	-5.5552545
896	546	-5.556345
436	662	-5.5577703
93	43	-5.558115
758	580	-5.559937
875	483	-5.5600786
5	289	-5.5604787
37	370	-5.5610247
915	401	-5.5618234
20	261	-5.5625725
772	673	-5.5627155
58	12	-5.5633855
866	9	-5.5638676
849	366	-5.5643487
26	515	-5.5646014
6	574	-5.5654206
684	579	-5.5673876
63	641	-5.567638
6	353	-5.5679326
875	310	-5.569553
18	74	-5.5705624
887	0	-5.570935
915	647	-5.5710163
56	301	-5.571583
735	594	-5.5716867
44	105	-5.571748
829	585	-5.571848
11	432	-5.5733275
114	56	-5.5753593
62	609	-5.5759826
871	670	-5.57737
11	222	-5.577431
894	447	-5.5782666
100	12	-5.5788074
741	547	-5.581053
910	404	-5.5813212
39	47	-5.581539
9	73	-5.582411
539	664	-5.5832915
6	387	-5.5833383
6	128	-5.5840573
879	429	-5.584401
45	109	-5.5849323
35	424	-5.585681
6	48	-5.5859084
55	586	-5.5873494
12	82	-5.5882397
2	412	-5.5888743
54	114	-5.5904956
107	665	-5.5909157
112	6	-5.5912313
891	429	-5.593404
824	0	-5.5935726
38	169	-5.593981
340	677	-5.5941157
44	130	-5.5941286
403	681	-5.5946636
44	460	-5.5950127
38	113	-5.595437
59	229	-5.5957537
956	215	-5.5973024
781	668	-5.5975366
33	50	-5.5976715
879	449	-5.5985694
95	94	-5.5994587
865	364	-5.6016655
881	471	-5.602386
50	523	-5.602512
109	33	-5.6037984
513	662	-5.604922
98	86	-5.6050086
0	294	-5.6051216
891	162	-5.6052513
48	237	-5.606403
799	0	-5.606415
36	129	-5.6076183
5	281	-5.608305
656	671	-5.6085167
116	48	-5.61035
899	607	-5.611227
20	247	-5.611467
907	364	-5.6128197
4	253	-5.61305
787	598	-5.614048
833	386	-5.617419
606	666	-5.6185164
44	537	-5.618861
874	673	-5.6192284
35	253	-5.619697
936	242	-5.62079
60	86	-5.6208878
43	456	-5.6218266
913	624	-5.6220183
60	647	-5.6234255
194	681	-5.6259437
47	552	-5.626064
922	584	-5.6273127
28	206	-5.6277966
927	248	-5.6284795
0	576	-5.6295085
94	23	-5.6295357
38	415	-5.630367
10	50	-5.6306105
36	614	-5.631476
911	329	-5.6345096
21	257	-5.6349797
838	411	-5.6349897
87	116	-5.635626
837	28	-5.6359806
577	671	-5.6363134
80	128	-5.6363544
41	449	-5.6368256
35	241	-5.637906
26	229	-5.6380877
860	472	-5.638205
754	603	-5.6390896
292	670	-5.639593
938	608	-5.6396036
39	427	-5.6402965
237	681	-5.640783
95	72	-5.640902
885	465	-5.6415763
935	64	-5.643334
778	673	-5.6441765
901	331	-5.644264
920	349	-5.6450715
867	672	-5.6469693
127	23	-5.647016
86	47	-5.6484785
832	359	-5.6486716
20	60	-5.649143
66	210	-5.6493244
850	672	-5.6496515
27	580	-5.649739
24	61	-5.650427
632	665	-5.6510396
914	333	-5.6511693
308	664	-5.6513906
54	561	-5.6528735
938	495	-5.653197
20	82	-5.6547775
712	579	-5.6562862
5	448	-5.656706
70	33	-5.6569085
110	21	-5.6574273
843	368	-5.6584935
867	643	-5.6596446
896	489	-5.6599402
44	247	-5.662265
907	436	-5.6637864
6	142	-5.663933
665	672	-5.664043
7	107	-5.6647353
938	223	-5.6649384
603	658	-5.66521
493	653	-5.665584
6	443	-5.6659007
731	598	-5.666603
34	172	-5.6668005
910	356	-5.6672354
14	72	-5.6673245
936	94	-5.6706295
219	681	-5.6707263
46	86	-5.671162
391	654	-5.6714363
932	598	-5.671828
624	666	-5.6719303
834	368	-5.672389
895	331	-5.672421
52	35	-5.6738253
604	671	-5.674545
62	204	-5.6748767
880	324	-5.6751785
820	383	-5.675895
20	445	-5.676855
19	143	-5.677082
27	497	-5.6773396
6	269	-5.679222
12	218	-5.6802077
65	122	-5.681763
928	479	-5.682299
909	445	-5.68232
68	103	-5.683676
6	263	-5.6845756
900	544	-5.685057
11	232	-5.68639
859	647	-5.687056
4	527	-5.6875825
4	563	-5.687703
70	128	-5.6880665
762	674	-5.688138
5	543	-5.6885815
927	182	-5.6891375
12	286	-5.689498
10	236	-5.689531
936	446	-5.6901827
47	300	-5.690836
922	606	-5.691248
905	490	-5.692981
632	671	-5.693701
898	467	-5.6952653
881	8	-5.6953344
823	666	-5.6956377
36	12	-5.695716
898	346	-5.697182
420	681	-5.6975665
6	336	-5.697874
17	55	-5.699814
585	671	-5.7006536
368	680	-5.7011766
943	169	-5.7013326
56	578	-5.7024784
922	367	-5.702543
934	401	-5.7033954
780	644	-5.704634
535	670	-5.70488
49	97	-5.706177
942	447	-5.707711
80	43	-5.7090364
895	608	-5.709157
7	177	-5.7095957
708	534	-5.7117004
56	274	-5.7120657
945	341	-5.712858
58	101	-5.7131786
929	143	-5.7134
27	410	-5.7136602
877	479	-5.7145705
52	533	-5.7146163
38	436	-5.7148066
930	524	-5.7158265
680	569	-5.716073
881	314	-5.71684
936	72	-5.717622
862	324	-5.7181196
5	636	-5.7186255
97	118	-5.720232
82	101	-5.720909
951	292	-5.7251954
901	357	-5.726422
49	18	-5.7264905
52	161	-5.727633
102	23	-5.7277007
117	52	-5.7284145
7	216	-5.729671
51	314	-5.730087
940	426	-5.731384
877	670	-5.7317643
887	8	-5.7329836
107	12	-5.7332006
72	55	-5.733271
888	417	-5.734176
10	56	-5.7344546
526	656	-5.735209
898	596	-5.7356973
48	296	-5.7358723
746	633	-5.7363305
94	47	-5.736842
45	125	-5.737295
115	681	-5.7389965
66	90	-5.739465
67	94	-5.7412834
875	421	-5.741566
57	82	-5.7425485
37	125	-5.74342
849	660	-5.743523
70	48	-5.7441125
883	671	-5.7451167
115	29	-5.746361
899	0	-5.746718
6	198	-5.746834
817	360	-5.7470684
916	590	-5.747202
61	244	-5.749405
901	419	-5.750346
938	349	-5.7507033
905	444	-5.751016
35	495	-5.751143
875	2	-5.7514715
23	243	-5.7515583
5	382	-5.751952
298	652	-5.752217
227	652	-5.7528815
837	387	-5.7544665
533	652	-5.7546396
91	126	-5.755264
54	289	-5.7559643
85	160	-5.7563004
467	662	-5.7565746
848	8	-5.757127
938	420	-5.757318
875	471	-5.75819
776	618	-5.758374
18	103	-5.7588983
4	648	-5.759407
294	654	-5.7596364
38	409	-5.759759
867	635	-5.75978
88	112	-5.7604685
23	110	-5.7613335
951	509	-5.7616496
589	660	-5.7618256
934	603	-5.761899
871	450	-5.762687
917	406	-5.7635846
41	96	-5.7642508
11	305	-5.766078
840	401	-5.7675085
56	309	-5.7688737
886	431	-5.769382
10	310	-5.770495
73	37	-5.7712455
119	25	-5.7725573
640	671	-5.7726994
46	167	-5.7727146
825	660	-5.7733703
78	144	-5.7744274
911	11	-5.7758203
928	127	-5.778543
33	58	-5.7794967
72	164	-5.779904
6	76	-5.780051
98	108	-5.780094
428	681	-5.7808967
913	529	-5.7813315
502	664	-5.7839565
73	61	-5.784651
733	589	-5.7846913
907	317	-5.785076
49	519	-5.785087
938	335	-5.7855744
479	670	-5.7856045
836	655	-5.7857094
80	164	-5.786299
220	670	-5.7870173
104	4	-5.7875586
6	491	-5.788524
64	264	-5.7892737
20	44	-5.789659
883	441	-5.7900076
925	487	-5.7905793
910	644	-5.7907963
51	529	-5.79162
111	667	-5.7920017
202	667	-5.7927737
443	680	-5.7929783
251	681	-5.793435
62	223	-5.7938657
20	127	-5.7939954
7	153	-5.7943935
938	237	-5.795068
17	49	-5.7956266
442	663	-5.7968435
945	349	-5.797514
100	18	-5.79911
107	17	-5.799657
19	70	-5.7996597
705	611	-5.800832
931	3	-5.8014545
491	670	-5.802015
922	4	-5.8026204
930	264	-5.8027267
432	663	-5.803071
887	673	-5.803706
707	557	-5.804414
593	671	-5.806277
878	647	-5.8067527
619	652	-5.808066
683	677	-5.8093266
206	681	-5.809376
48	227	-5.810144
864	316	-5.810741
10	290	-5.811335
0	289	-5.811517
884	414	-5.811991
837	661	-5.8120847
938	628	-5.812292
28	612	-5.8125653
4	570	-5.8128066
898	540	-5.8133845
11	106	-5.813493
692	550	-5.8138404
896	432	-5.8138905
876	332	-5.815446
120	49	-5.8161616
844	419	-5.8175025
951	531	-5.8176417
21	449	-5.8186736
829	0	-5.8201857
201	662	-5.821
819	0	-5.821216
95	140	-5.8213873
923	599	-5.8220973
938	490	-5.822232
696	568	-5.824224
95	122	-5.8244815
919	615	-5.824768
908	533	-5.825258
781	581	-5.825479
71	168	-5.825487
701	570	-5.8257055
942	548	-5.827316
2	227	-5.8278103
71	41	-5.828
924	363	-5.829996
51	301	-5.8305736
936	216	-5.8309736
749	591	-5.831471
691	677	-5.831917
927	507	-5.8326073
894	8	-5.832677
64	53	-5.833051
680	558	-5.833118
866	338	-5.8337927
474	671	-5.8338184
60	233	-5.833874
19	113	-5.8340845
749	604	-5.83481
1	585	-5.837019
909	424	-5.837271
0	278	-5.8373523
931	237	-5.838238
11	168	-5.83873
93	18	-5.839046
938	507	-5.8398304
863	445	-5.8400736
55	43	-5.840268
89	161	-5.841907
942	174	-5.842721
411	664	-5.8430037
824	353	-5.8431797
953	230	-5.844729
4	632	-5.847513
827	665	-5.8478355
857	423	-5.847845
10	253	-5.848481
38	211	-5.8486433
898	338	-5.850113
914	394	-5.851077
931	505	-5.8513203
25	267	-5.8519144
50	88	-5.8519764
10	248	-5.852054
857	12	-5.8521013
0	247	-5.8530006
33	206	-5.8537245
205	663	-5.853796
444	654	-5.8540764
913	636	-5.854537
98	79	-5.8553367
866	330	-5.855821
11	334	-5.856085
901	408	-5.8563986
929	151	-5.8570786
953	121	-5.857354
20	439	-5.8578877
48	12	-5.8596363
76	94	-5.8622084
51	550	-5.862303
959	224	-5.8639345
507	671	-5.8657846
86	121	-5.868612
25	168	-5.869045
902	348	-5.86924
900	318	-5.8699107
815	533	-5.8706574
0	581	-5.870691
54	556	-5.8716054
5	44	-5.8721943
611	671	-5.8725357
34	397	-5.8736787
749	624	-5.8739376
895	166	-5.8754478
347	681	-5.875634
5	548	-5.876688
58	169	-5.879654
885	501	-5.880667
74	206	-5.8808475
627	671	-5.8812895
9	314	-5.8823094
67	637	-5.8843417
7	93	-5.8844604
853	373	-5.8847184
916	434	-5.8855863
959	210	-5.888774
43	77	-5.8887787
932	102	-5.88893
942	165	-5.88931
436	681	-5.889594
11	323	-5.8897996
871	440	-5.891517
930	107	-5.8920274
21	132	-5.8931766
36	17	-5.893309
45	524	-5.8938956
55	305	-5.8940034
43	518	-5.8959002
938	638	-5.897392
949	72	-5.898007
19	118	-5.8982983
58	175	-5.8990426
13	87	-5.8992248
456	661	-5.899572
637	652	-5.9015784
100	90	-5.901894
836	363	-5.902662
86	151	-5.9028697
38	219	-5.9039745
14	452	-5.904375
127	7	-5.9064465
891	168	-5.906584
680	564	-5.9069595
889	615	-5.9072638
73	160	-5.907888
921	529	-5.9081
50	93	-5.9081516
898	28	-5.908447
76	117	-5.908807
21	150	-5.909248
55	293	-5.9095507
680	583	-5.9095993
14	27	-5.910132
942	413	-5.9103947
943	533	-5.9110017
14	39	-5.9112234
943	121	-5.9113793
534	665	-5.91206
11	365	-5.912416
40	655	-5.9127574
4	640	-5.912872
781	616	-5.9133205
949	125	-5.9133635
6	149	-5.9134917
90	104	-5.913721
5	359	-5.914293
890	5	-5.9144073
31	183	-5.914702
391	662	-5.9147215
46	41	-5.9152603
845	427	-5.916039
938	500	-5.916388
879	307	-5.918153
848	370	-5.9183807
760	603	-5.918681
959	280	-5.9187713
52	297	-5.9192505
915	374	-5.9194684
928	358	-5.9198766
938	586	-5.9203987
61	158	-5.9208226
1	243	-5.921205
936	599	-5.92159
377	654	-5.921926
53	1	-5.921966
11	163	-5.9226327
878	489	-5.9229
18	65	-5.9229484
902	327	-5.92318
905	500	-5.924219
766	574	-5.9251094
5	202	-5.9254694
80	152	-5.9254837
0	592	-5.9256744
922	325	-5.9267488
19	78	-5.927194
901	443	-5.9274836
936	283	-5.929946
949	343	-5.9308724
97	136	-5.9309373
23	4	-5.9310546
931	317	-5.931099
19	156	-5.9311624
25	445	-5.931643
23	232	-5.931925
40	444	-5.933267
2	264	-5.9339395
44	37	-5.9341125
58	116	-5.934119
858	643	-5.9341483
873	475	-5.9345536
69	118	-5.934791
942	264	-5.934967
843	656	-5.935264
59	105	-5.9355965
928	269	-5.936846
923	26	-5.9371257
745	594	-5.937316
129	17	-5.938789
927	11	-5.9389367
846	423	-5.93949
7	208	-5.9397798
65	3	-5.940056
684	550	-5.940966
7	171	-5.942378
951	275	-5.942644
438	654	-5.9428177
63	276	-5.9431434
902	469	-5.9432034
256	681	-5.9439383
63	227	-5.94397
7	138	-5.94514
0	235	-5.9454393
841	660	-5.946084
682	554	-5.9471693
590	664	-5.947214
67	218	-5.94744
898	501	-5.947513
464	677	-5.947626
6	497	-5.9484262
0	316	-5.95012
38	481	-5.950383
951	554	-5.950665
11	154	-5.9511013
52	121	-5.951528
832	349	-5.952937
10	44	-5.953898
19	98	-5.9548454
636	664	-5.954934
954	223	-5.9554257
940	568	-5.9561625
942	405	-5.956218
931	29	-5.9573746
729	585	-5.9575524
407	662	-5.9577255
5	456	-5.9578495
886	505	-5.9584937
44	20	-5.959148
924	387	-5.959424
730	594	-5.9595213
940	212	-5.959537
498	654	-5.9603515
110	64	-5.961398
904	647	-5.9625854
5	652	-5.963525
69	134	-5.9640427
70	213	-5.9641094
29	424	-5.9647803
912	489	-5.965872
697	674	-5.966084
943	52	-5.966574
91	132	-5.9667068
942	133	-5.9673805
23	117	-5.968274
500	671	-5.9700937
9	145	-5.970331
709	675	-5.970383
82	31	-5.9707866
752	628	-5.971093
953	115	-5.971131
21	138	-5.971357
942	371	-5.9713583
40	109	-5.9714994
26	433	-5.9719324
6	53	-5.9721003
56	285	-5.9726386
100	638	-5.9728312
56	110	-5.973826
58	590	-5.9741893
941	206	-5.977426
949	119	-5.9788814
848	362	-5.9802055
938	645	-5.9804773
34	177	-5.980532
938	403	-5.9805827
944	337	-5.981386
736	568	-5.9820995
644	672	-5.9827256
28	627	-5.9827776
743	610	-5.9832726
914	382	-5.9837933
378	681	-5.9855504
10	141	-5.9859223
26	592	-5.9879885
11	214	-5.9887414
26	539	-5.9920177
61	282	-5.992475
863	12	-5.9927216
10	318	-5.9931536
930	251	-5.9935565
74	18	-5.9948373
918	201	-5.9948587
85	167	-5.9961476
272	681	-5.9963365
907	640	-5.9982705
737	545	-5.9982877
62	97	-5.9983435
