x_coord	y_coord	score
452	656	-0.15196094
450	652	-0.21423717
416	585	-0.21939488
428	609	-0.22899213
444	642	-0.28206939
442	638	-0.31307888
422	596	-0.31740844
426	605	-0.32199255
430	613	-0.32392213
414	581	-0.34653378
449	648	-0.349714
424	601	-0.35862032
418	589	-0.3805417
441	634	-0.44875592
434	617	-0.49989462
438	628	-0.501642
421	592	-0.53708386
448	644	-0.5468079
436	624	-0.5524534
412	577	-0.56185037
454	660	-0.6064094
432	621	-0.613586
429	617	-0.73889744
417	593	-0.74771476
437	632	-0.7634913
426	597	-0.7855724
445	647	-0.792305
446	651	-0.865096
453	649	-0.876242
422	588	-0.877542
430	604	-0.89752346
456	664	-0.920555
424	610	-0.93196046
455	653	-0.9399941
442	629	-0.9579694
447	639	-0.9840417
387	524	-1.0279027
425	593	-1.0416541
438	637	-1.0420177
437	620	-1.0557071
422	606	-1.0869957
445	635	-1.0921174
420	600	-1.0963963
447	655	-1.0997907
409	580	-1.1022607
434	612	-1.1033787
419	582	-1.1078309
429	600	-1.1098796
411	573	-1.1295334
434	629	-1.1320701
432	608	-1.1566235
452	645	-1.2017032
386	528	-1.2071174
408	576	-1.2426615
426	654	-1.2439883
384	38	-1.2452114
426	614	-1.2458239
414	590	-1.2464482
440	623	-1.2981836
391	528	-1.303022
457	657	-1.326611
301	28	-1.3571937
411	584	-1.3692213
931	112	-1.4111587
895	49	-1.4200641
376	38	-1.4235737
440	644	-1.4302123
417	578	-1.4496617
408	570	-1.4736751
451	641	-1.4909459
458	668	-1.530319
431	625	-1.5584079
899	47	-1.5634718
422	652	-1.5844007
835	36	-1.5847332
242	651	-1.5901867
412	569	-1.590253
860	36	-1.6029769
415	574	-1.6137035
442	650	-1.6266011
383	525	-1.6404371
341	41	-1.6426202
803	34	-1.6472706
817	38	-1.6592649
423	584	-1.6609539
809	40	-1.6614956
925	112	-1.6617746
443	45	-1.6695856
425	649	-1.6782231
32	409	-1.6879799
388	40	-1.6886678
841	38	-1.7111564
437	45	-1.7228086
851	32	-1.732572
380	39	-1.7331823
306	27	-1.7653112
386	520	-1.7655067
432	653	-1.7709172
308	50	-1.7746581
405	573	-1.783097
396	39	-1.7881637
929	108	-1.7966205
336	41	-1.796717
438	615	-1.7986751
850	38	-1.8105862
891	48	-1.8127611
430	596	-1.8142568
433	44	-1.823667
879	41	-1.8238808
903	49	-1.8250067
839	32	-1.8331877
474	37	-1.8355478
895	55	-1.8391491
923	106	-1.8399599
856	33	-1.8405572
864	37	-1.8490866
31	405	-1.8498646
313	28	-1.8525187
300	51	-1.863629
295	28	-1.8657514
392	41	-1.8732436
452	665	-1.8762206
837	40	-1.8769916
419	476	-1.8779727
887	47	-1.879964
518	34	-1.8852996
404	569	-1.8907642
346	41	-1.8969041
847	34	-1.8995621
454	669	-1.9011519
886	94	-1.9030285
527	35	-1.9173819
360	502	-1.9178071
870	92	-1.9214945
396	45	-1.9264678
449	659	-1.9283488
856	38	-1.932012
416	597	-1.934044
237	651	-1.9380647
799	35	-1.9486269
883	45	-1.9559835
411	476	-1.9580427
337	45	-1.9615924
443	654	-1.9640483
408	565	-1.9681448
831	38	-1.9812685
394	531	-1.9915589
460	672	-2.0021424
878	94	-2.0101845
312	51	-2.0165699
825	38	-2.0202155
874	41	-2.0204663
426	589	-2.0225468
446	631	-2.0239246
332	45	-2.0289948
808	36	-2.0300455
294	537	-2.0322628
405	579	-2.0346935
393	524	-2.0349267
404	45	-2.0372412
899	57	-2.0404446
919	112	-2.0535438
289	536	-2.0560489
937	112	-2.0564456
800	77	-2.057555
459	661	-2.0590076
296	542	-2.05961
428	622	-2.068466
887	41	-2.0695605
411	40	-2.0731854
389	36	-2.0761206
466	37	-2.0777872
814	41	-2.079937
383	42	-2.0812304
449	45	-2.0826254
921	52	-2.0835602
390	532	-2.0853667
401	40	-2.0853674
819	33	-2.086036
240	647	-2.0865984
340	48	-2.088163
819	42	-2.09359
211	593	-2.104448
407	475	-2.104637
247	651	-2.105526
867	40	-2.1088784
860	42	-2.1093245
865	91	-2.1105378
313	47	-2.1160412
400	47	-2.1166594
370	519	-2.1172938
39	44	-2.1202939
802	38	-2.1257684
434	603	-2.130607
370	528	-2.1320436
792	35	-2.1401842
317	27	-2.1405742
34	31	-2.1424792
421	641	-2.1498392
444	625	-2.1518424
238	636	-2.1563988
368	515	-2.1620731
366	511	-2.1630995
197	583	-2.1637247
433	649	-2.1641324
506	43	-2.1660206
514	36	-2.1671054
811	33	-2.1674757
43	43	-2.1694255
35	41	-2.169969
34	402	-2.1824837
917	55	-2.1825306
803	62	-2.1830132
429	650	-2.1836944
482	37	-2.1865356
340	652	-2.1885507
903	55	-2.1889153
895	44	-2.1911862
430	34	-2.1915996
418	654	-2.192617
916	51	-2.1933832
415	474	-2.1966395
421	648	-2.1967132
921	102	-2.1968474
376	32	-2.1976252
34	413	-2.1978369
409	46	-2.1994858
425	45	-2.1996949
436	607	-2.2018156
300	46	-2.2067013
384	47	-2.209714
391	46	-2.2125816
368	523	-2.2129078
434	40	-2.2159207
823	79	-2.217617
242	643	-2.2210164
846	39	-2.222902
329	62	-2.2265584
433	633	-2.2366815
372	513	-2.2373319
245	647	-2.2461638
362	506	-2.2470255
433	599	-2.2478507
393	566	-2.248449
239	640	-2.254856
384	33	-2.2553773
328	47	-2.2605093
379	524	-2.2651525
879	46	-2.2673686
523	36	-2.2680283
220	652	-2.2763875
928	104	-2.2845602
459	652	-2.293633
897	97	-2.2937028
478	36	-2.2937481
507	36	-2.2958808
372	39	-2.2967224
400	567	-2.2985368
473	33	-2.3031406
498	43	-2.30984
454	32	-2.3100834
416	41	-2.311365
439	611	-2.3188221
223	603	-2.321013
406	41	-2.3211057
32	398	-2.3227234
401	572	-2.3229074
322	62	-2.3265595
890	95	-2.3339975
344	46	-2.3355255
304	52	-2.3412266
424	41	-2.3421931
926	50	-2.3478456
470	36	-2.3479002
292	51	-2.3551855
416	570	-2.3617332
437	641	-2.3625247
410	472	-2.3629544
218	634	-2.364093
468	31	-2.3779256
918	108	-2.377966
316	609	-2.3796697
321	47	-2.3822684
421	46	-2.389026
910	55	-2.3897476
422	579	-2.394384
849	42	-2.3947759
309	30	-2.3954012
323	619	-2.3999825
398	554	-2.4008734
212	597	-2.402993
449	634	-2.4047406
220	640	-2.4047449
461	665	-2.40572
861	32	-2.4066544
891	56	-2.4066644
297	546	-2.4072666
441	619	-2.407556
429	46	-2.4106984
229	619	-2.4124744
427	481	-2.4156678
385	532	-2.4159362
291	57	-2.415951
907	51	-2.417241
397	550	-2.4184506
315	604	-2.4185205
506	32	-2.419855
35	46	-2.4211102
899	52	-2.4281557
794	29	-2.4289532
186	577	-2.4338536
443	607	-2.4341605
777	29	-2.437672
325	623	-2.4436922
868	44	-2.444373
368	507	-2.4457328
398	654	-2.4467895
392	571	-2.44912
387	57	-2.4497573
296	50	-2.4507606
397	35	-2.4522238
821	37	-2.4543707
874	93	-2.4545767
461	37	-2.4548733
360	510	-2.4552126
805	41	-2.4567208
921	57	-2.461282
872	45	-2.4660752
531	37	-2.4668677
843	33	-2.4669244
209	605	-2.4679203
882	95	-2.472203
533	33	-2.472527
235	639	-2.4728885
360	497	-2.4737382
494	37	-2.4761212
434	33	-2.4763012
808	77	-2.4774537
514	43	-2.4782243
237	629	-2.4794042
424	645	-2.4812882
438	485	-2.481833
376	517	-2.4851398
456	673	-2.486213
668	34	-2.490127
493	43	-2.4916644
463	33	-2.4918988
205	591	-2.4928637
233	621	-2.4933913
34	37	-2.4939709
243	639	-2.494452
222	636	-2.4946635
933	106	-2.4952292
213	612	-2.4957135
31	42	-2.4963994
333	642	-2.4964619
453	37	-2.4970512
227	615	-2.49769
894	94	-2.5016513
425	618	-2.5041516
441	41	-2.5053225
901	61	-2.507836
201	585	-2.5080657
426	477	-2.5103657
457	648	-2.5111732
39	31	-2.513118
799	70	-2.5131543
833	31	-2.514813
413	44	-2.517581
798	31	-2.5182111
883	40	-2.5190496
429	40	-2.519226
429	592	-2.519782
218	647	-2.520589
298	550	-2.5229576
861	90	-2.5236452
234	635	-2.5315309
334	49	-2.53265
305	47	-2.5392122
424	35	-2.5406334
372	524	-2.540758
381	520	-2.541265
236	643	-2.5421834
419	573	-2.5427582
447	37	-2.5439453
302	541	-2.544023
941	113	-2.550174
917	101	-2.5519724
790	31	-2.5564725
30	414	-2.559354
395	535	-2.559554
403	35	-2.5630836
380	34	-2.5655637
529	30	-2.5659153
464	671	-2.5669897
213	602	-2.5683544
223	595	-2.5731716
254	651	-2.5762131
446	41	-2.5763729
373	531	-2.5782254
375	42	-2.57913
387	44	-2.5816507
237	620	-2.5837307
843	42	-2.58418
877	37	-2.5881293
414	34	-2.5885425
894	59	-2.5900867
284	59	-2.591003
439	603	-2.5915995
839	79	-2.5918307
336	649	-2.59305
332	636	-2.593794
215	594	-2.5952556
413	480	-2.5974343
848	29	-2.598883
815	34	-2.6003242
425	489	-2.600366
322	43	-2.6017644
818	77	-2.6019819
772	64	-2.6023057
409	561	-2.602877
882	90	-2.6053069
474	29	-2.6057484
292	541	-2.6079175
566	38	-2.6080768
242	635	-2.6084747
525	43	-2.6092818
321	28	-2.60981
461	656	-2.6107385
789	77	-2.614415
298	538	-2.6146731
925	55	-2.6164625
339	646	-2.6184278
309	46	-2.621433
402	576	-2.6230729
35	406	-2.6231816
224	599	-2.625271
47	44	-2.6256144
781	72	-2.6278217
317	45	-2.6305032
500	36	-2.6327057
802	28	-2.633113
214	618	-2.6348493
812	37	-2.634967
389	568	-2.636379
864	43	-2.637349
882	49	-2.640251
802	67	-2.6403348
666	44	-2.6405215
341	658	-2.64121
906	59	-2.642345
785	73	-2.642751
62	33	-2.6448023
502	42	-2.6535542
549	36	-2.6539612
796	73	-2.6547036
566	44	-2.6548483
181	577	-2.655478
430	657	-2.656982
429	488	-2.6572635
488	36	-2.6586204
812	78	-2.6592453
394	553	-2.6593044
871	38	-2.6611557
363	304	-2.6620762
353	51	-2.663928
510	30	-2.6645145
371	539	-2.6654181
442	614	-2.6654232
58	37	-2.6658819
308	55	-2.6678684
764	59	-2.6710129
229	637	-2.6714263
331	41	-2.675506
366	503	-2.6768315
391	520	-2.6794524
765	29	-2.6796873
295	45	-2.6802723
233	630	-2.6837559
193	584	-2.6842046
368	42	-2.6854334
423	474	-2.6860998
344	653	-2.6865494
391	32	-2.688445
519	38	-2.6915967
413	594	-2.6923943
946	113	-2.693308
364	499	-2.69457
887	55	-2.7007058
235	647	-2.701669
302	536	-2.7055283
437	652	-2.708297
313	600	-2.708459
784	27	-2.7085915
310	609	-2.7098258
403	654	-2.7136574
352	39	-2.7173245
232	651	-2.7192585
389	575	-2.7195213
353	45	-2.719994
925	101	-2.7219138
904	100	-2.723083
828	41	-2.7259383
201	593	-2.7280211
913	59	-2.7295134
417	45	-2.729913
396	569	-2.7312763
545	37	-2.7312984
317	51	-2.731561
319	612	-2.7327154
332	652	-2.733979
891	43	-2.7359462
346	51	-2.7371447
781	31	-2.7385492
375	57	-2.7396295
819	81	-2.7406545
236	624	-2.7413144
431	484	-2.7423651
358	297	-2.7471333
231	641	-2.747375
867	34	-2.748253
455	45	-2.749653
776	70	-2.7506626
434	49	-2.752275
911	49	-2.7523906
426	485	-2.7544327
663	34	-2.7576165
306	542	-2.7588513
362	514	-2.7588701
348	45	-2.759247
502	29	-2.7613654
323	51	-2.7633939
793	76	-2.765303
480	31	-2.7664406
213	607	-2.767396
818	29	-2.7683463
413	565	-2.770374
385	552	-2.7704556
318	63	-2.7707407
362	295	-2.7711267
446	32	-2.7715552
209	589	-2.7719367
33	418	-2.7732487
903	44	-2.7753196
241	630	-2.776507
413	489	-2.7767906
319	618	-2.7785525
313	63	-2.7789416
51	43	-2.7790678
804	75	-2.7804227
336	632	-2.7806208
357	52	-2.783933
358	290	-2.7850866
438	648	-2.7868788
778	66	-2.7872014
926	59	-2.7882414
302	546	-2.7886062
587	33	-2.789219
359	305	-2.7900708
382	529	-2.7931337
658	44	-2.795003
394	49	-2.7965276
789	72	-2.7968807
329	626	-2.7970455
364	39	-2.7970939
825	29	-2.797646
434	638	-2.7979374
66	31	-2.801089
510	42	-2.8024845
590	29	-2.8036377
364	522	-2.807504
220	630	-2.8087714
375	521	-2.8115096
450	31	-2.8129437
223	614	-2.813313
362	53	-2.8139434
354	295	-2.8153071
315	613	-2.8171012
272	63	-2.8186173
538	36	-2.8189633
488	31	-2.8197253
31	47	-2.8204515
912	100	-2.8209734
778	75	-2.8213818
418	604	-2.8214722
221	644	-2.8228354
393	653	-2.8239362
791	26	-2.8260894
877	90	-2.8281817
308	603	-2.8311372
655	34	-2.8333032
447	49	-2.8333802
38	38	-2.8339067
422	570	-2.8353276
801	42	-2.8364124
439	481	-2.8367963
420	40	-2.8389661
352	299	-2.840762
42	47	-2.8415525
520	43	-2.8421316
369	532	-2.8424523
406	583	-2.8425107
207	595	-2.8427274
853	41	-2.844144
820	71	-2.8453145
807	32	-2.8457336
435	656	-2.8459113
438	34	-2.846317
250	648	-2.8477361
441	488	-2.848139
844	80	-2.8504949
927	116	-2.8516986
366	527	-2.8555207
429	642	-2.8555849
209	600	-2.8611972
225	607	-2.8612819
772	27	-2.8636422
306	534	-2.863707
833	42	-2.8639162
325	628	-2.8659275
406	49	-2.8695238
360	518	-2.8703372
414	653	-2.8720207
386	536	-2.8748767
219	618	-2.8778265
883	56	-2.8781247
430	630	-2.878369
920	67	-2.8793154
837	28	-2.8832855
442	484	-2.884725
829	34	-2.8852298
230	645	-2.8868423
548	44	-2.8894107
627	54	-2.8897743
807	64	-2.8908482
772	72	-2.89154
307	538	-2.8927379
288	540	-2.8935258
334	62	-2.893751
205	602	-2.8939836
484	33	-2.8944201
322	615	-2.8948479
288	532	-2.8955634
372	508	-2.8962872
313	57	-2.8994071
227	632	-2.899569
356	41	-2.901144
402	553	-2.9014888
299	32	-2.9016619
920	98	-2.9030204
247	643	-2.905889
325	634	-2.9059541
30	38	-2.906068
828	79	-2.9080596
209	610	-2.9092233
391	58	-2.9106927
782	68	-2.9118757
421	480	-2.9119642
336	654	-2.9142628
343	649	-2.9199913
225	620	-2.9204488
496	29	-2.9219744
222	648	-2.9220955
356	503	-2.9224074
189	583	-2.922996
899	42	-2.925399
864	54	-2.926819
900	102	-2.929792
402	563	-2.931487
341	52	-2.931909
428	30	-2.9333794
301	554	-2.9345632
383	58	-2.9359212
379	43	-2.9367564
434	487	-2.9399939
200	589	-2.9413674
643	42	-2.9414172
387	516	-2.9431176
875	48	-2.9432216
219	602	-2.9433672
824	75	-2.9435322
651	42	-2.9472036
321	624	-2.947659
234	617	-2.951363
327	43	-2.9520788
435	482	-2.9576159
304	31	-2.9586003
594	37	-2.9600227
798	26	-2.9604967
795	38	-2.9617782
868	88	-2.9621577
329	632	-2.9643934
228	603	-2.9649196
393	576	-2.9652324
218	614	-2.968256
356	487	-2.968262
452	637	-2.9696784
240	625	-2.970416
218	622	-2.9705427
434	644	-2.9710631
564	48	-2.9719868
283	52	-2.9729064
201	562	-2.9748213
525	31	-2.9755254
768	66	-2.976214
226	611	-2.9796553
764	33	-2.981882
591	46	-2.9819796
295	55	-2.9820504
893	98	-2.9821296
198	559	-2.9835193
342	469	-2.98871
42	37	-2.9887342
879	55	-2.9901686
442	37	-2.994411
465	43	-2.994418
366	52	-2.9945266
445	611	-2.9995325
407	554	-2.9995337
769	30	-2.999583
205	583	-3.0000112
649	63	-3.0025752
302	56	-3.0036774
430	646	-3.003916
867	48	-3.0046675
336	638	-3.0060358
216	653	-3.0064168
908	102	-3.007117
382	654	-3.0078962
919	61	-3.0089216
586	38	-3.0092983
780	62	-3.0094862
30	32	-3.0107667
929	54	-3.014817
329	640	-3.0159209
363	57	-3.021303
421	636	-3.0222635
574	38	-3.0233564
526	39	-3.0243216
395	562	-3.0255578
873	89	-3.0255613
401	581	-3.028397
363	290	-3.0313895
370	58	-3.0319483
799	64	-3.0321605
185	581	-3.0324981
778	13	-3.0347826
410	589	-3.035405
297	534	-3.0363636
55	41	-3.0364208
893	39	-3.036667
469	40	-3.039108
291	66	-3.040391
331	646	-3.0412111
258	652	-3.0419421
876	86	-3.043921
306	608	-3.0439565
488	43	-3.0450368
934	61	-3.0463924
308	593	-3.0467649
381	538	-3.0495608
193	576	-3.0497608
639	48	-3.0523224
932	116	-3.052678
406	471	-3.0538197
409	485	-3.0546124
455	642	-3.0582626
576	49	-3.0591063
229	624	-3.0597506
670	43	-3.0597873
226	640	-3.063551
461	45	-3.0637605
829	27	-3.0657861
43	401	-3.0664494
397	573	-3.0679183
379	512	-3.068186
590	52	-3.0681882
335	627	-3.0683355
424	50	-3.0683687
824	34	-3.068375
246	636	-3.0697474
764	64	-3.0700436
317	58	-3.070398
780	26	-3.0709653
321	57	-3.072719
364	44	-3.0730467
388	49	-3.0771375
438	599	-3.0773396
385	540	-3.0815217
773	31	-3.081733
835	81	-3.0882232
299	42	-3.0885482
293	545	-3.0888538
450	40	-3.0907788
350	294	-3.0911252
219	593	-3.0937626
338	642	-3.0943756
918	47	-3.094382
28	408	-3.0952196
292	62	-3.0961313
287	53	-3.096281
310	597	-3.0972044
360	489	-3.0990348
358	493	-3.0992007
832	78	-3.1024804
570	39	-3.1029105
393	585	-3.1047633
541	33	-3.1049562
551	47	-3.1071377
458	33	-3.107398
228	649	-3.1086013
380	48	-3.109803
358	285	-3.1104832
217	643	-3.111996
369	500	-3.1120515
457	39	-3.1140127
317	438	-3.1156483
365	300	-3.1168156
824	42	-3.1177154
483	43	-3.1177368
356	511	-3.117826
408	54	-3.1181822
309	59	-3.1193342
294	551	-3.12034
371	52	-3.1208875
391	536	-3.120918
783	35	-3.1220374
595	33	-3.1231186
372	34	-3.1258903
419	34	-3.1352804
515	30	-3.1356878
305	555	-3.1364317
890	90	-3.1376855
398	532	-3.1377258
325	27	-3.1391551
317	32	-3.140526
841	27	-3.1409733
647	43	-3.141932
291	30	-3.143541
358	37	-3.1453176
562	37	-3.146136
272	69	-3.146351
803	71	-3.1482837
555	38	-3.1492589
392	557	-3.150266
619	54	-3.1530252
389	652	-3.1535892
216	599	-3.1541653
285	537	-3.1572454
679	50	-3.1587577
421	613	-3.1593745
214	590	-3.1606848
279	57	-3.1630766
33	51	-3.1638377
314	617	-3.1648567
931	65	-3.1652136
203	597	-3.1670306
414	48	-3.16711
307	546	-3.1698797
878	80	-3.1699982
442	49	-3.1705792
839	44	-3.1710422
396	558	-3.1710842
417	650	-3.1739595
371	504	-3.1748896
57	33	-3.1769533
425	640	-3.1785674
822	63	-3.179333
753	31	-3.180656
220	598	-3.1849296
354	481	-3.1851027
356	498	-3.1860194
348	298	-3.1860766
423	574	-3.186582
379	56	-3.1868887
241	621	-3.1877556
327	618	-3.1898606
365	518	-3.1908123
598	29	-3.194865
572	52	-3.195101
887	98	-3.1952996
311	42	-3.1964068
913	112	-3.1987362
426	581	-3.1992404
360	483	-3.1993349
774	76	-3.2017264
407	33	-3.205897
571	43	-3.206044
315	622	-3.2071176
784	64	-3.2080407
611	55	-3.2084484
586	28	-3.210118
39	50	-3.2102516
771	59	-3.2121322
362	308	-3.2156792
768	26	-3.216094
365	531	-3.2171922
391	550	-3.217665
212	564	-3.218061
427	473	-3.2196236
690	45	-3.2211006
949	116	-3.2216449
323	611	-3.2217607
929	100	-3.2220309
864	86	-3.2257123
222	624	-3.2259805
573	32	-3.226981
352	489	-3.227326
427	585	-3.2274864
390	540	-3.2275102
689	40	-3.2278657
462	676	-3.2295554
559	43	-3.2301607
649	48	-3.2315536
414	485	-3.2318082
70	33	-3.23553
468	52	-3.2398882
304	551	-3.241758
599	46	-3.2423995
598	39	-3.2439027
418	471	-3.244836
315	41	-3.2451682
875	33	-3.246659
309	65	-3.2495034
418	645	-3.2510986
375	593	-3.2520633
320	607	-3.2558706
360	301	-3.2564187
224	591	-3.2567537
840	83	-3.2568908
448	627	-3.258334
440	30	-3.259534
786	69	-3.2621644
197	575	-3.262224
245	629	-3.2625978
276	62	-3.2627895
29	401	-3.2637427
812	64	-3.2658336
331	52	-3.2663581
414	54	-3.2675984
63	37	-3.269363
342	37	-3.2700362
313	591	-3.2705925
871	96	-3.2712915
42	405	-3.2716336
346	471	-3.2729003
761	30	-3.2730143
231	614	-3.2754607
32	393	-3.2755907
325	59	-3.2757888
371	547	-3.2785342
867	95	-3.2792754
469	45	-3.2795372
814	30	-3.2800548
357	507	-3.280147
410	654	-3.280471
290	45	-3.2833307
419	484	-3.283351
594	53	-3.2858374
297	59	-3.2858982
516	47	-3.2862637
465	667	-3.287265
390	563	-3.2874634
846	46	-3.2874792
856	82	-3.2881672
464	29	-3.2907677
418	566	-3.2924485
38	403	-3.2929265
921	116	-3.2961123
495	33	-3.297191
315	534	-3.2976618
590	39	-3.2994869
417	639	-3.3017817
777	9	-3.302142
389	554	-3.3028984
47	403	-3.3051076
615	56	-3.3053265
193	558	-3.3069513
410	50	-3.3072486
211	652	-3.3073633
640	34	-3.3083255
863	50	-3.309593
255	647	-3.3129017
348	60	-3.312959
782	14	-3.312974
550	40	-3.315445
376	47	-3.315621
635	54	-3.3165636
810	29	-3.3166664
349	54	-3.3179324
443	602	-3.3183873
360	42	-3.318515
395	540	-3.3206482
776	61	-3.3211267
243	655	-3.3219116
315	596	-3.3232284
177	576	-3.3232818
399	475	-3.3239143
284	45	-3.32483
454	49	-3.3254395
932	51	-3.3265014
900	94	-3.3266385
431	52	-3.3269584
704	40	-3.3282976
945	61	-3.3313284
53	37	-3.331497
444	658	-3.3329375
270	57	-3.333332
606	50	-3.334169
352	500	-3.335674
437	490	-3.3374555
432	661	-3.337462
293	533	-3.3386548
473	41	-3.3391728
445	621	-3.3398004
924	63	-3.339824
778	34	-3.3402536
268	62	-3.3403087
419	609	-3.3410032
205	607	-3.3462677
380	516	-3.3477526
662	43	-3.3521707
243	590	-3.3521779
350	303	-3.3532846
519	28	-3.353998
446	615	-3.3541083
422	30	-3.3579254
894	102	-3.3582177
403	476	-3.3584743
228	597	-3.3586972
788	37	-3.3601227
428	635	-3.36017
304	589	-3.3606539
392	649	-3.3619754
760	58	-3.362287
232	602	-3.364074
194	580	-3.3675265
431	477	-3.3683312
819	67	-3.3688428
395	57	-3.3696535
335	37	-3.3710098
360	60	-3.3710337
310	25	-3.3728204
368	37	-3.3734872
354	289	-3.3741193
247	576	-3.3752902
791	19	-3.3765256
46	40	-3.380301
776	25	-3.3805573
581	47	-3.3824847
389	587	-3.382514
365	48	-3.383625
797	60	-3.3842409
526	47	-3.3844218
871	32	-3.3845866
537	31	-3.3846662
309	589	-3.3846796
556	47	-3.3876452
360	524	-3.3891869
333	58	-3.3903885
850	82	-3.3905127
812	71	-3.3933768
330	622	-3.3941956
362	33	-3.3949769
201	577	-3.3966756
429	578	-3.3972425
264	59	-3.3974805
566	52	-3.4030375
314	1	-3.403875
422	54	-3.4050682
586	54	-3.4063814
366	307	-3.4081273
474	47	-3.4083626
907	46	-3.4088554
42	397	-3.4094322
451	630	-3.4100144
572	47	-3.4110408
298	25	-3.4111392
530	43	-3.41142
345	657	-3.412074
376	509	-3.4124594
468	672	-3.412696
319	40	-3.4130661
217	610	-3.413301
335	54	-3.4133966
586	43	-3.414284
372	535	-3.415227
858	46	-3.4160314
304	43	-3.4183393
361	49	-3.419021
383	513	-3.4192774
679	44	-3.4194329
375	653	-3.4209092
868	55	-3.4230196
395	31	-3.4236472
343	644	-3.4248705
782	76	-3.4260404
288	63	-3.4266946
881	35	-3.4274178
667	50	-3.4282246
375	599	-3.4286468
395	480	-3.4290648
324	638	-3.4292178
375	527	-3.429652
43	32	-3.4298518
339	62	-3.4302413
333	657	-3.4321043
875	97	-3.4335892
240	563	-3.433976
227	653	-3.434347
925	69	-3.4369926
688	52	-3.4387922
695	40	-3.4388692
318	601	-3.4389086
375	51	-3.4389575
342	664	-3.4407084
262	653	-3.4416413
210	615	-3.4426873
857	89	-3.4443102
72	29	-3.4446664
377	505	-3.4449599
438	671	-3.4463136
356	308	-3.447824
178	580	-3.4507153
418	52	-3.4509838
397	528	-3.451921
420	488	-3.4520793
36	397	-3.4522674
358	479	-3.4534597
577	31	-3.4547985
31	133	-3.4555652
310	614	-3.458587
250	588	-3.460985
348	37	-3.4629428
540	44	-3.4644094
300	658	-3.4653528
607	54	-3.4655094
46	48	-3.4661977
435	595	-3.467186
607	46	-3.4694316
288	546	-3.4705956
912	108	-3.4708092
750	65	-3.471071
366	296	-3.472558
362	286	-3.472802
535	39	-3.4745426
211	585	-3.4751825
909	62	-3.4759283
345	55	-3.477061
340	636	-3.4782355
90	31	-3.4787254
631	50	-3.4787705
458	677	-3.479214
472	51	-3.480262
278	53	-3.4802775
791	62	-3.480995
414	470	-3.4815254
325	436	-3.4831743
886	51	-3.4844503
748	31	-3.4846597
302	65	-3.484885
914	104	-3.4849434
914	63	-3.485184
235	557	-3.4861968
945	109	-3.48707
569	31	-3.4898255
871	49	-3.4922986
835	75	-3.493648
549	51	-3.4938834
29	52	-3.4941268
356	302	-3.4949203
383	51	-3.4964378
947	65	-3.4966133
196	587	-3.4988647
858	29	-3.5008717
583	31	-3.5011506
270	653	-3.50164
443	480	-3.5039105
225	628	-3.504371
457	29	-3.5044446
213	622	-3.5051746
46	398	-3.5054553
280	61	-3.5071154
922	48	-3.509028
685	38	-3.5112646
872	82	-3.5117664
218	564	-3.5124233
366	495	-3.513176
892	52	-3.513905
407	489	-3.5197058
310	2	-3.5217695
831	82	-3.5219693
659	61	-3.5225413
373	499	-3.5279446
492	30	-3.5302422
344	62	-3.5303133
755	58	-3.5310886
833	25	-3.5331008
750	59	-3.5340443
946	70	-3.5365484
287	26	-3.537035
657	48	-3.5371816
206	563	-3.537438
463	660	-3.5374932
933	55	-3.5388749
372	46	-3.5390022
819	25	-3.539167
329	57	-3.5400817
320	1	-3.5407612
446	485	-3.5414472
810	44	-3.5453897
392	581	-3.5463386
554	43	-3.546964
490	47	-3.551685
426	571	-3.5518265
433	28	-3.552421
356	516	-3.5524337
296	555	-3.5536172
603	32	-3.5538328
398	577	-3.5554461
243	604	-3.5554726
687	48	-3.5570152
86	33	-3.559507
151	140	-3.5605829
785	19	-3.5612085
216	639	-3.5613928
616	32	-3.5626104
465	654	-3.563816
945	117	-3.5656648
905	63	-3.5660827
325	642	-3.5703695
350	485	-3.572989
817	63	-3.5733182
752	27	-3.5737092
501	46	-3.5757475
310	620	-3.5762243
466	677	-3.5767682
381	30	-3.5773814
618	50	-3.577671
238	655	-3.58412
508	47	-3.5846875
594	43	-3.585723
594	28	-3.5860898
828	73	-3.5862203
415	601	-3.5873168
381	550	-3.5895197
390	656	-3.5906253
782	57	-3.5914214
816	72	-3.5926728
303	602	-3.5945966
773	7	-3.5958412
932	69	-3.5959015
210	558	-3.5962613
388	579	-3.5968504
840	75	-3.5983474
716	59	-3.6011696
809	81	-3.6012683
897	62	-3.6019201
275	66	-3.6022773
409	468	-3.6030245
831	63	-3.6050045
404	650	-3.6070526
250	654	-3.6091027
882	82	-3.6097682
373	543	-3.6101463
402	585	-3.6115398
395	589	-3.6117406
886	37	-3.6118572
782	9	-3.6121447
448	663	-3.6138196
800	16	-3.613987
190	579	-3.6151485
218	606	-3.615228
337	659	-3.615247
407	480	-3.6155698
416	30	-3.616376
202	557	-3.6199925
51	401	-3.6205227
377	534	-3.6213284
242	575	-3.6224709
451	672	-3.624863
329	37	-3.6250124
411	557	-3.6258879
238	616	-3.62863
572	28	-3.629359
464	48	-3.6299264
356	33	-3.6299446
787	60	-3.6339254
284	533	-3.6348262
938	108	-3.634883
384	557	-3.6361907
499	32	-3.6362262
388	558	-3.6400092
427	627	-3.640659
439	52	-3.6410363
304	657	-3.6420174
430	588	-3.6422133
888	59	-3.642391
393	476	-3.6432068
316	530	-3.6437771
757	29	-3.6446626
334	623	-3.6453247
602	40	-3.645969
197	563	-3.6461127
364	653	-3.6468773
654	45	-3.6497388
98	140	-3.6507702
27	44	-3.6511467
545	31	-3.6533546
226	558	-3.6566045
265	55	-3.656913
578	37	-3.6575208
597	50	-3.658787
649	34	-3.6590583
520	48	-3.6602244
907	110	-3.6606023
296	5	-3.660864
356	48	-3.6634982
561	31	-3.663565
563	41	-3.6636093
38	409	-3.6643836
792	69	-3.6645083
260	60	-3.664759
856	50	-3.665868
939	117	-3.6660695
610	51	-3.66812
884	86	-3.6683125
269	66	-3.6697214
275	58	-3.67109
852	46	-3.6712012
242	586	-3.6715322
347	650	-3.6725693
427	493	-3.6741338
482	47	-3.6750493
377	587	-3.675101
348	654	-3.6771998
603	47	-3.6775398
426	631	-3.6777315
797	19	-3.6777534
375	538	-3.6791205
507	51	-3.6798563
413	608	-3.6825864
602	28	-3.6828878
322	32	-3.6847517
808	68	-3.6855502
240	593	-3.6857166
541	39	-3.6860774
832	72	-3.6870444
477	40	-3.6877146
235	613	-3.6881042
304	61	-3.6905043
240	556	-3.6911867
764	25	-3.6925483
225	645	-3.692585
363	281	-3.6931512
916	97	-3.6939662
402	56	-3.6945364
401	549	-3.694693
198	554	-3.695781
585	48	-3.6977544
313	626	-3.698365
306	598	-3.699449
303	585	-3.7001338
483	28	-3.7003891
317	368	-3.7004368
806	27	-3.7004833
137	652	-3.7006145
342	671	-3.702859
385	29	-3.703461
364	491	-3.7057035
787	24	-3.707226
544	43	-3.710197
308	550	-3.7123308
329	28	-3.7123425
644	46	-3.7139857
364	61	-3.715513
553	32	-3.7155445
766	70	-3.7157083
684	45	-3.7167468
46	407	-3.7174506
191	554	-3.7175388
639	63	-3.7180216
49	36	-3.719967
318	442	-3.7206903
288	69	-3.7211714
433	670	-3.721686
240	601	-3.7222893
803	24	-3.7226486
793	15	-3.723403
271	153	-3.7254453
922	94	-3.725981
352	505	-3.7288592
435	53	-3.7294312
366	32	-3.7299063
365	599	-3.7307003
214	560	-3.7310016
777	17	-3.7315788
302	593	-3.7318907
307	530	-3.7321186
599	54	-3.7322075
375	548	-3.7353466
942	106	-3.7374241
244	624	-3.740562
352	312	-3.740669
220	589	-3.7432253
860	80	-3.7439108
38	27	-3.7454512
349	497	-3.74652
422	657	-3.749275
655	63	-3.7495804
768	35	-3.7506652
699	39	-3.75129
478	45	-3.7518592
281	48	-3.7523186
713	62	-3.753555
402	469	-3.75738
451	486	-3.7578397
777	57	-3.7582483
758	64	-3.7616615
930	60	-3.7621446
30	421	-3.7623146
434	665	-3.7641299
344	360	-3.7660336
50	406	-3.7675238
197	592	-3.767758
786	32	-3.7685452
781	18	-3.7696788
348	481	-3.7707877
313	370	-3.7755604
356	58	-3.7792213
942	69	-3.779427
189	559	-3.77993
389	544	-3.7823155
432	491	-3.7834918
878	51	-3.7843795
326	614	-3.7881467
352	34	-3.788329
659	36	-3.7889602
767	11	-3.7916803
238	606	-3.7941155
866	82	-3.7949314
560	49	-3.795121
582	52	-3.7957046
681	36	-3.7969801
169	579	-3.7979624
914	46	-3.7996714
319	533	-3.8009198
342	58	-3.8014097
296	63	-3.8025296
683	52	-3.8034413
751	23	-3.8045783
342	640	-3.8054836
803	57	-3.80564
909	97	-3.8056614
42	411	-3.8070748
489	51	-3.8073883
451	624	-3.8086572
457	52	-3.8088808
303	531	-3.8091943
359	30	-3.8095214
905	94	-3.812984
325	39	-3.814715
773	13	-3.816021
252	592	-3.8181193
627	59	-3.8199925
483	51	-3.8212557
232	608	-3.824267
815	68	-3.8243706
786	13	-3.8260565
268	70	-3.827064
68	27	-3.8285487
304	127	-3.8286886
760	26	-3.829373
189	574	-3.8295639
50	47	-3.8302057
411	31	-3.8306649
228	563	-3.8321636
602	51	-3.8333373
846	84	-3.8336186
60	29	-3.835516
152	136	-3.8375404
286	49	-3.83808
305	560	-3.839285
647	52	-3.840584
875	56	-3.8410056
451	52	-3.841641
838	24	-3.842139
635	49	-3.8438299
303	661	-3.845363
575	44	-3.8458986
281	536	-3.845982
396	650	-3.8461664
852	28	-3.8471107
631	55	-3.8475068
422	632	-3.8476894
440	657	-3.8483622
497	47	-3.8492105
231	559	-3.8504448
663	48	-3.852034
218	558	-3.852614
290	5	-3.8526917
949	110	-3.8545625
941	59	-3.855311
306	613	-3.8558173
401	559	-3.8558214
249	639	-3.8579462
887	80	-3.8580797
252	582	-3.8582058
312	33	-3.8602767
403	589	-3.8606484
215	626	-3.8607945
631	34	-3.8609066
442	670	-3.8663695
949	53	-3.8670259
375	488	-3.8692524
633	42	-3.8699322
423	628	-3.8713427
591	34	-3.8726487
706	54	-3.8741097
533	28	-3.8747537
839	71	-3.8750212
824	70	-3.8752954
934	102	-3.8753352
209	620	-3.8763125
406	58	-3.8765736
362	528	-3.8820984
674	44	-3.8821213
263	63	-3.8824852
426	659	-3.8846767
342	463	-3.8848026
383	546	-3.8871505
926	93	-3.887764
146	148	-3.8878648
292	654	-3.8888748
353	493	-3.8891623
627	49	-3.8923504
512	48	-3.8925376
284	542	-3.8945663
436	477	-3.8945749
59	42	-3.8958979
416	562	-3.896016
260	638	-3.896053
379	651	-3.8962882
470	27	-3.896393
346	465	-3.9001687
287	32	-3.901392
98	31	-3.9051273
611	47	-3.905485
536	43	-3.906628
459	643	-3.9108586
352	512	-3.9131398
862	94	-3.9140563
251	644	-3.9145527
427	53	-3.914988
43	51	-3.9166088
201	604	-3.9167645
317	590	-3.9192195
608	32	-3.9195223
326	442	-3.9218671
343	356	-3.922311
300	588	-3.9226902
772	55	-3.9229894
421	492	-3.9236083
763	55	-3.9260118
915	67	-3.926238
306	3	-3.927608
950	71	-3.9315324
352	307	-3.932381
582	39	-3.932613
347	671	-3.9343793
443	53	-3.9352329
51	31	-3.9359362
807	72	-3.9361048
377	552	-3.9385915
255	638	-3.9389184
110	145	-3.9395187
290	671	-3.9411478
298	671	-3.9422603
254	64	-3.9429185
236	564	-3.9435165
859	85	-3.943767
393	469	-3.946267
477	26	-3.9498456
413	613	-3.9499133
950	60	-3.9503858
704	50	-3.9508493
787	55	-3.951771
209	581	-3.9522684
367	291	-3.9528656
941	64	-3.9534678
409	593	-3.954333
515	51	-3.9561539
67	36	-3.957072
32	129	-3.9575934
463	52	-3.957631
470	678	-3.9577515
672	35	-3.9591377
411	493	-3.959683
300	3	-3.9597728
378	501	-3.9606295
767	56	-3.9617646
488	7	-3.9620728
246	587	-3.9621952
848	50	-3.9638577
536	48	-3.9639833
234	553	-3.9642985
400	32	-3.9647427
610	10	-3.966076
391	481	-3.9688718
258	136	-3.969653
950	41	-3.9699848
410	36	-3.973292
381	506	-3.9751143
644	63	-3.9761434
269	53	-3.9762726
449	668	-3.9771163
463	650	-3.9790432
385	651	-3.9795835
325	607	-3.9800503
366	287	-3.980229
321	437	-3.9812315
835	46	-3.9839015
244	582	-3.9857006
314	441	-3.9868705
405	29	-3.9878974
406	558	-3.9880846
827	83	-3.9890282
392	53	-3.990571
930	94	-3.9917872
788	65	-3.991877
765	7	-3.9928756
221	609	-3.9949336
447	606	-3.99508
378	530	-3.9957712
623	50	-3.9976084
249	630	-3.998545
833	86	-3.9987447
759	54	-4.0027122
259	648	-4.0047317
327	53	-4.004741
695	46	-4.005452
612	30	-4.0086207
643	50	-4.0101194
413	621	-4.011332
316	538	-4.012285
716	27	-4.013032
284	65	-4.0134025
565	32	-4.015474
345	301	-4.0158634
897	91	-4.020632
377	671	-4.0207467
392	28	-4.0215087
148	137	-4.0220127
125	617	-4.022646
325	1	-4.0232267
352	59	-4.02342
292	9	-4.0246506
325	65	-4.024662
386	655	-4.0250206
675	52	-4.025051
296	530	-4.0251055
866	30	-4.0276055
259	47	-4.0287566
308	658	-4.0289965
514	26	-4.0299726
234	570	-4.030429
321	36	-4.030557
304	581	-4.03059
852	88	-4.0307565
941	52	-4.0320864
299	558	-4.0346584
308	585	-4.0348916
82	31	-4.035348
824	25	-4.0362024
180	573	-4.0423536
295	67	-4.043875
136	648	-4.044051
349	658	-4.0444713
245	571	-4.0446153
543	47	-4.0469003
557	29	-4.047122
394	465	-4.048472
328	653	-4.049699
455	628	-4.0505834
381	533	-4.052647
246	593	-4.0542793
639	43	-4.0546503
295	33	-4.0554967
312	531	-4.057106
762	68	-4.059915
530	48	-4.06104
423	566	-4.06113
458	48	-4.061222
306	68	-4.063017
193	590	-4.0636864
374	366	-4.065222
335	27	-4.0675583
368	487	-4.0690875
56	45	-4.070258
308	7	-4.0714593
354	473	-4.071909
370	491	-4.0727124
433	591	-4.0750356
94	33	-4.075348
140	211	-4.075548
579	43	-4.0763173
823	46	-4.0788217
769	6	-4.0795264
368	536	-4.0821567
379	591	-4.082474
880	59	-4.0833635
357	521	-4.084628
273	54	-4.085495
32	55	-4.0855284
385	566	-4.0856133
415	556	-4.0879726
297	133	-4.088152
713	55	-4.0885777
321	633	-4.0894094
348	362	-4.0898232
397	523	-4.090267
345	667	-4.0904984
338	624	-4.092981
202	566	-4.0945153
26	412	-4.0967813
272	148	-4.098061
455	634	-4.0996466
394	547	-4.100439
78	29	-4.100953
794	22	-4.1034994
816	46	-4.1066394
181	584	-4.107721
303	24	-4.1085153
476	672	-4.1110125
348	313	-4.1126533
355	654	-4.1129985
599	34	-4.1134667
265	47	-4.11361
449	618	-4.1142936
173	577	-4.116964
431	584	-4.117814
266	654	-4.118863
688	31	-4.120603
244	660	-4.121344
669	38	-4.122497
327	649	-4.123555
442	598	-4.12367
302	7	-4.123969
296	656	-4.124599
870	78	-4.1254334
405	484	-4.1278605
368	303	-4.1304483
874	29	-4.132308
243	567	-4.134059
549	29	-4.134137
172	582	-4.134238
286	7	-4.13487
186	586	-4.135824
302	609	-4.13629
347	476	-4.1365676
453	28	-4.137553
290	550	-4.1380615
947	57	-4.138428
347	306	-4.1384435
378	656	-4.140902
414	617	-4.1422024
149	559	-4.142957
377	369	-4.145146
245	608	-4.1464
353	30	-4.149469
339	668	-4.1510754
240	612	-4.1512494
464	681	-4.1535254
891	62	-4.156963
373	61	-4.15731
252	577	-4.158208
366	671	-4.1614437
338	663	-4.163722
809	60	-4.1673613
541	28	-4.16754
858	54	-4.16772
413	637	-4.1690564
368	654	-4.1692457
417	633	-4.170311
470	8	-4.17093
313	37	-4.1716404
147	141	-4.173961
254	586	-4.175096
276	653	-4.1759787
618	10	-4.176212
317	627	-4.176746
382	671	-4.1770716
489	27	-4.1773477
349	290	-4.178051
445	490	-4.178097
372	495	-4.1786103
883	78	-4.178764
205	575	-4.1830792
580	28	-4.1844573
936	68	-4.184754
224	566	-4.185312
385	588	-4.185862
946	105	-4.187829
554	51	-4.189506
761	9	-4.193358
398	54	-4.195325
398	546	-4.196545
933	98	-4.197158
387	511	-4.1973486
321	66	-4.1998515
838	67	-4.200056
780	38	-4.202327
832	67	-4.203076
202	572	-4.2033424
476	52	-4.2040544
411	604	-4.2064514
429	664	-4.2088366
406	409	-4.211138
399	538	-4.2111807
75	32	-4.211943
406	465	-4.2138467
248	581	-4.2139425
302	132	-4.21551
656	30	-4.215751
102	30	-4.2160378
377	497	-4.219999
478	8	-4.2201824
284	29	-4.220466
462	646	-4.2213354
387	548	-4.2214074
576	27	-4.2226577
388	648	-4.2226596
347	357	-4.223077
844	73	-4.224653
753	62	-4.22466
228	592	-4.2248764
237	541	-4.2256436
666	30	-4.2259803
659	52	-4.226208
768	74	-4.22637
28	397	-4.227063
670	61	-4.2289443
255	655	-4.229517
302	572	-4.230479
33	389	-4.230593
370	367	-4.2312856
305	671	-4.231314
796	67	-4.2317843
323	646	-4.2320447
884	60	-4.233125
312	661	-4.233611
421	621	-4.234622
265	639	-4.234859
386	572	-4.2348714
632	46	-4.235354
309	36	-4.2362614
773	18	-4.23627
307	123	-4.2373
623	55	-4.2381635
203	612	-4.2396235
244	555	-4.240463
726	28	-4.2406063
622	32	-4.241043
214	646	-4.2411814
749	54	-4.2418323
438	666	-4.245351
395	485	-4.245768
232	566	-4.2461686
53	129	-4.247023
635	33	-4.247533
185	573	-4.248003
211	627	-4.2485185
346	366	-4.248651
909	42	-4.2489424
26	404	-4.249258
376	603	-4.2495685
364	603	-4.250716
236	600	-4.25076
680	16	-4.2515154
373	370	-4.253909
397	583	-4.2540317
405	550	-4.255058
299	666	-4.2554307
86	27	-4.256047
815	83	-4.256661
277	46	-4.2586155
50	397	-4.2588396
32	27	-4.2609234
302	36	-4.2620845
403	595	-4.262195
252	47	-4.262392
827	45	-4.2633467
619	59	-4.2635293
371	591	-4.2644086
459	638	-4.264743
151	132	-4.2668324
365	591	-4.2669535
671	48	-4.2670655
493	50	-4.267405
879	31	-4.2703466
948	120	-4.271118
917	93	-4.2727833
142	147	-4.2731457
311	670	-4.273365
357	281	-4.2741485
349	492	-4.274594
315	542	-4.2746763
309	371	-4.2749605
123	624	-4.2755103
266	528	-4.2772303
254	135	-4.2775464
371	672	-4.279599
244	600	-4.2829375
368	479	-4.286317
379	542	-4.28872
334	662	-4.2888
911	93	-4.2891536
26	40	-4.289355
950	49	-4.2917304
841	48	-4.2923436
345	295	-4.294246
155	141	-4.296457
734	60	-4.297297
390	443	-4.2989707
603	55	-4.300364
647	28	-4.3020234
391	591	-4.3031473
346	662	-4.306357
138	207	-4.3114605
307	617	-4.311525
704	45	-4.3122334
205	569	-4.312761
352	366	-4.3133597
888	84	-4.3135366
186	553	-4.3167157
748	26	-4.316893
268	156	-4.3177576
315	668	-4.3185735
79	34	-4.3190093
236	575	-4.3195324
718	41	-4.319663
446	8	-4.321999
791	57	-4.323794
398	471	-4.324247
340	631	-4.3254857
206	652	-4.326982
751	70	-4.3275857
411	650	-4.327825
474	677	-4.3294973
414	417	-4.3307905
839	87	-4.331022
280	652	-4.33117
655	41	-4.332474
671	16	-4.333415
380	555	-4.3336573
402	51	-4.334732
245	620	-4.336117
762	13	-4.3371663
751	9	-4.337739
84	37	-4.3381176
653	49	-4.339271
501	51	-4.33963
566	28	-4.339744
911	66	-4.339926
34	21	-4.3409348
335	671	-4.341374
256	58	-4.3437166
849	25	-4.3445034
578	53	-4.3457913
374	28	-4.348031
261	56	-4.348173
802	20	-4.348811
804	46	-4.3494053
327	446	-4.3513317
710	59	-4.3516364
139	645	-4.35221
300	582	-4.3543124
810	24	-4.354615
853	79	-4.355208
328	32	-4.3552923
736	31	-4.3566036
250	635	-4.358053
768	15	-4.358864
357	312	-4.3627653
222	559	-4.363663
206	556	-4.3652177
526	26	-4.3656235
892	80	-4.3658457
680	40	-4.365909
631	29	-4.3659215
297	38	-4.3672853
124	5	-4.369219
240	571	-4.369785
852	52	-4.3699584
356	369	-4.370272
100	145	-4.3722024
605	10	-4.3727064
292	660	-4.3738465
506	26	-4.374054
311	536	-4.3754354
298	592	-4.375649
676	34	-4.376135
198	571	-4.3763075
322	650	-4.377668
756	25	-4.377847
239	589	-4.378826
525	51	-4.3795214
607	40	-4.3795753
250	659	-4.3798256
474	7	-4.3831196
45	21	-4.3852725
359	653	-4.386656
168	575	-4.3871236
704	62	-4.389458
819	59	-4.392007
250	573	-4.392189
330	1	-4.392373
360	475	-4.393111
366	366	-4.3972945
372	552	-4.397299
322	441	-4.398472
345	625	-4.400593
533	51	-4.400922
248	626	-4.400967
280	532	-4.4011173
236	592	-4.4027467
313	5	-4.4033256
34	422	-4.4034076
351	672	-4.403494
469	56	-4.4039917
826	65	-4.404167
296	561	-4.405416
384	562	-4.405752
298	9	-4.4078937
684	30	-4.408499
270	658	-4.4088497
165	578	-4.4088697
333	666	-4.409516
345	637	-4.412015
140	649	-4.4125905
102	141	-4.4127026
809	48	-4.4127297
498	25	-4.4128013
383	658	-4.4139132
422	470	-4.4151525
392	642	-4.4171615
363	486	-4.4182835
312	653	-4.418571
216	586	-4.418761
284	671	-4.4195905
168	583	-4.4197288
401	28	-4.4203963
147	133	-4.4204426
294	670	-4.420772
138	132	-4.4217095
913	87	-4.42186
199	600	-4.423145
872	74	-4.4233346
256	643	-4.4248953
242	617	-4.4273787
286	653	-4.428443
322	603	-4.4292197
329	659	-4.4296703
195	596	-4.430997
633	59	-4.432894
232	593	-4.4335637
106	144	-4.433749
766	39	-4.4338818
279	65	-4.4348426
790	12	-4.435522
38	22	-4.435556
303	576	-4.4370217
346	641	-4.4383073
46	29	-4.4384713
690	35	-4.4404387
466	25	-4.4409747
736	24	-4.441249
276	70	-4.44309
815	26	-4.4435925
390	473	-4.4444327
680	31	-4.4447412
901	89	-4.444964
414	642	-4.445572
339	355	-4.446779
84	23	-4.4468575
343	305	-4.4472046
308	119	-4.4477954
298	662	-4.4481306
134	131	-4.4483576
783	23	-4.4491386
155	649	-4.4511733
143	559	-4.4514017
411	552	-4.4550524
284	70	-4.4588466
691	49	-4.460975
364	28	-4.46123
416	492	-4.4613667
797	13	-4.4617476
827	61	-4.461838
181	530	-4.4627256
758	33	-4.463722
738	58	-4.464552
947	95	-4.465119
943	100	-4.4671445
336	32	-4.467282
361	671	-4.468104
342	475	-4.469103
618	28	-4.4696026
395	657	-4.46961
848	78	-4.471838
313	586	-4.4720163
318	372	-4.472112
901	66	-4.4725437
214	630	-4.472841
437	662	-4.4733424
831	58	-4.4749207
186	548	-4.4753733
523	8	-4.475658
476	681	-4.476546
848	72	-4.4767413
378	491	-4.4767466
365	585	-4.477699
317	67	-4.477918
210	631	-4.478443
190	587	-4.4813495
142	136	-4.484774
660	29	-4.486595
347	645	-4.4886427
213	568	-4.4908047
192	562	-4.4911876
176	572	-4.4917727
692	27	-4.4926767
162	650	-4.4935856
380	667	-4.4987664
248	604	-4.5005937
402	411	-4.5024347
742	56	-4.502783
227	553	-4.503792
699	45	-4.5061107
894	88	-4.506841
915	116	-4.5072
390	485	-4.508379
644	33	-4.508971
360	370	-4.5112524
716	45	-4.511583
259	64	-4.5115914
467	658	-4.5116954
757	7	-4.511762
541	51	-4.514075
363	607	-4.5148096
385	505	-4.5153623
367	362	-4.515487
300	598	-4.5155373
774	35	-4.517283
312	68	-4.517822
368	542	-4.517857
675	38	-4.5188503
781	53	-4.520996
256	631	-4.5211744
424	624	-4.5223727
466	6	-4.523574
254	43	-4.528857
902	39	-4.5302253
399	604	-4.5307045
558	35	-4.5314755
482	7	-4.5336685
321	669	-4.5346327
400	649	-4.534893
302	653	-4.535864
139	128	-4.536603
714	50	-4.5421104
349	508	-4.542676
453	676	-4.543963
306	621	-4.544444
321	369	-4.5469527
844	88	-4.5473013
109	29	-4.547505
409	497	-4.5510445
412	598	-4.5532193
535	8	-4.553991
446	599	-4.5546308
378	60	-4.555282
403	488	-4.556913
316	546	-4.557247
879	98	-4.557829
622	8	-4.5585046
614	11	-4.5590496
293	666	-4.5592055
144	130	-4.5606327
280	540	-4.5607314
209	567	-4.5609384
684	17	-4.5613847
403	605	-4.5626693
252	600	-4.5647445
31	375	-4.5655494
459	681	-4.5657387
371	598	-4.5658875
214	635	-4.5664463
350	469	-4.5671606
496	3	-4.5678997
366	483	-4.5693994
299	129	-4.5697775
371	363	-4.5701647
73	36	-4.571695
307	662	-4.572001
744	23	-4.573039
312	366	-4.573732
226	570	-4.573877
238	660	-4.576681
919	43	-4.577125
305	370	-4.5776157
906	106	-4.5786505
647	59	-4.580346
151	580	-4.5816
273	144	-4.582962
54	125	-4.5839186
54	404	-4.5840507
663	53	-4.585386
645	14	-4.586379
383	12	-4.58641
318	5	-4.586858
939	103	-4.5870953
399	591	-4.5882745
755	53	-4.589045
720	57	-4.589659
135	211	-4.5896745
214	581	-4.590214
380	567	-4.5909595
401	465	-4.591004
856	71	-4.5922527
154	519	-4.5942464
674	60	-4.594274
289	528	-4.594327
419	617	-4.595876
309	554	-4.595879
156	582	-4.5971007
388	61	-4.5982475
474	668	-4.6017957
708	38	-4.601907
264	68	-4.602261
550	55	-4.60249
306	133	-4.602693
210	577	-4.6027884
185	531	-4.603238
852	73	-4.6040554
614	52	-4.6042314
702	33	-4.6072536
36	54	-4.6077137
856	25	-4.60787
442	665	-4.608825
324	353	-4.6096005
130	133	-4.610525
466	663	-4.6105375
240	581	-4.6110353
784	39	-4.613042
370	30	-4.613969
349	666	-4.6153054
309	666	-4.6157403
934	93	-4.615922
369	299	-4.616041
344	309	-4.617369
676	17	-4.6176057
55	29	-4.618497
315	445	-4.6185703
632	11	-4.6187034
210	639	-4.621979
313	657	-4.624749
540	7	-4.6255465
390	671	-4.626484
874	52	-4.627028
322	656	-4.62709
698	53	-4.627137
352	361	-4.6283326
270	639	-4.629923
771	23	-4.6304307
356	658	-4.630709
155	524	-4.6316905
399	481	-4.631926
922	89	-4.6325274
444	28	-4.6333685
263	649	-4.6336713
214	555	-4.6364503
787	9	-4.636961
937	57	-4.6398807
528	7	-4.6408687
696	29	-4.6417
151	647	-4.642645
283	33	-4.642651
271	530	-4.6431546
953	114	-4.643531
393	440	-4.645017
300	21	-4.645605
480	671	-4.645741
307	654	-4.6460624
363	363	-4.6471653
118	5	-4.647827
243	559	-4.64961
94	139	-4.649688
342	29	-4.649724
836	63	-4.649875
198	549	-4.650619
150	144	-4.6508684
340	359	-4.653785
202	198	-4.654343
384	666	-4.6547685
169	588	-4.6559076
888	75	-4.658457
385	576	-4.658753
310	543	-4.6591387
380	372	-4.660547
797	43	-4.6610785
814	60	-4.6613536
858	93	-4.663632
260	140	-4.66369
47	411	-4.6646166
862	28	-4.666144
471	2	-4.666489
130	5	-4.6668086
164	582	-4.6675925
717	53	-4.6693177
488	2	-4.6694417
854	92	-4.6695986
283	546	-4.6697373
367	370	-4.669855
860	73	-4.6711087
194	550	-4.6715913
148	129	-4.6729894
307	40	-4.675482
153	560	-4.675835
57	130	-4.676009
294	41	-4.6769867
462	8	-4.680648
743	60	-4.6819096
757	70	-4.6831384
918	88	-4.683397
190	549	-4.6838837
352	477	-4.684295
194	572	-4.6844897
630	62	-4.686562
550	7	-4.687157
374	668	-4.6890063
97	148	-4.6892858
948	101	-4.690601
653	14	-4.6907296
193	652	-4.690934
870	28	-4.691356
173	398	-4.691929
927	46	-4.6926284
26	48	-4.693832
395	603	-4.6943154
28	130	-4.6950154
44	25	-4.696038
413	629	-4.6969357
344	314	-4.698946
655	54	-4.6990614
122	620	-4.6995273
510	24	-4.700721
611	41	-4.705103
951	67	-4.7051525
430	574	-4.7055817
80	25	-4.707606
402	609	-4.708663
80	38	-4.708881
141	653	-4.708924
570	56	-4.7091794
259	132	-4.710798
652	60	-4.7117143
344	479	-4.7118516
232	542	-4.711894
269	145	-4.712013
182	547	-4.712561
288	658	-4.7155213
304	364	-4.71638
316	364	-4.71653
473	55	-4.718355
262	52	-4.7191014
427	498	-4.720185
888	102	-4.721875
640	28	-4.7243385
898	38	-4.7247057
554	26	-4.7260914
880	75	-4.726798
475	663	-4.7274704
280	69	-4.7282615
298	267	-4.728809
743	31	-4.7300677
414	625	-4.7307873
136	7	-4.7311616
478	676	-4.7314935
651	30	-4.732691
942	94	-4.7330055
317	585	-4.733736
395	595	-4.7337956
29	387	-4.7346606
333	619	-4.7347803
408	402	-4.735076
750	13	-4.7352495
732	28	-4.7355385
309	624	-4.7366905
176	584	-4.7371144
28	56	-4.73812
797	54	-4.738563
664	38	-4.7393193
449	612	-4.7398067
359	366	-4.740388
27	134	-4.7406445
114	144	-4.740919
511	52	-4.741328
775	52	-4.7415853
218	570	-4.742011
125	611	-4.742763
950	106	-4.7445383
319	597	-4.7448425
876	76	-4.745492
230	571	-4.7476444
126	621	-4.747915
753	46	-4.748617
828	23	-4.7498484
804	14	-4.750042
31	68	-4.751031
347	488	-4.75171
931	47	-4.75201
678	55	-4.7527456
502	3	-4.752921
172	573	-4.754581
64	41	-4.7551303
404	403	-4.7561073
778	21	-4.7569203
372	485	-4.7572327
500	7	-4.7593307
143	151	-4.7604785
351	651	-4.763357
193	193	-4.76482
338	57	-4.7652235
332	34	-4.7660904
226	587	-4.766542
342	352	-4.7688313
843	69	-4.770185
703	57	-4.7706423
756	11	-4.771151
663	60	-4.773938
700	27	-4.774347
718	49	-4.77448
292	25	-4.7758203
909	89	-4.7762866
60	46	-4.776899
399	59	-4.779298
203	618	-4.7815166
31	59	-4.7816777
348	501	-4.781878
409	395	-4.782946
670	29	-4.7850566
35	132	-4.7851806
35	650	-4.7854376
147	152	-4.7862477
380	600	-4.786671
346	353	-4.7875896
486	48	-4.788186
391	489	-4.7916417
811	55	-4.791893
456	8	-4.791904
938	99	-4.7919345
373	585	-4.7919445
609	59	-4.7920036
231	655	-4.7937026
397	489	-4.794699
329	671	-4.7951097
186	543	-4.795308
432	473	-4.7953396
320	529	-4.7997036
386	672	-4.799723
365	667	-4.8004494
342	364	-4.8015003
864	74	-4.8016233
133	651	-4.803971
351	316	-4.8060317
299	578	-4.806916
708	46	-4.80945
922	73	-4.810314
26	31	-4.811696
407	603	-4.8121
293	134	-4.813698
312	9	-4.815609
884	74	-4.8159375
185	558	-4.818865
819	11	-4.8195567
202	551	-4.821219
243	596	-4.8231244
278	671	-4.8241897
159	647	-4.8249683
349	29	-4.825848
314	435	-4.8265667
49	51	-4.828133
91	27	-4.828805
304	359	-4.829618
409	617	-4.8303237
137	641	-4.830516
68	4	-4.834617
414	509	-4.8347034
99	136	-4.835055
135	204	-4.8350735
344	633	-4.8353844
146	556	-4.8364534
389	666	-4.837007
340	313	-4.837385
322	9	-4.8377457
245	563	-4.839385
494	7	-4.840292
131	147	-4.840903
393	460	-4.8410096
349	369	-4.841026
341	33	-4.841824
709	42	-4.8424077
409	609	-4.8438306
829	54	-4.8454576
196	198	-4.8455486
895	84	-4.8476872
441	493	-4.848306
619	46	-4.8486195
254	660	-4.8506074
335	311	-4.8508897
210	644	-4.855449
664	16	-4.855991
272	157	-4.8566775
831	47	-4.8574653
64	26	-4.858316
447	481	-4.8590803
807	56	-4.8595176
89	23	-4.860518
250	608	-4.861169
472	673	-4.863404
433	579	-4.863495
761	72	-4.863535
316	660	-4.86434
823	58	-4.8644686
129	652	-4.8647795
639	53	-4.8652415
182	534	-4.866367
299	68	-4.8664904
338	467	-4.866539
298	566	-4.86674
561	26	-4.867623
554	8	-4.86983
210	572	-4.870382
845	26	-4.873974
747	8	-4.8751197
31	383	-4.877304
820	85	-4.8781796
291	554	-4.8782716
385	583	-4.8785167
106	139	-4.8788443
447	54	-4.880458
324	361	-4.8809233
370	667	-4.881858
388	439	-4.8839307
670	55	-4.8841624
323	532	-4.885094
607	28	-4.88619
244	613	-4.8862247
952	56	-4.8880715
322	536	-4.8882165
794	9	-4.888706
268	150	-4.8894095
328	666	-4.891306
429	3	-4.8919506
264	524	-4.892398
365	577	-4.892409
288	667	-4.893162
139	560	-4.894106
270	49	-4.895865
126	9	-4.8977137
295	21	-4.899309
948	45	-4.900417
267	534	-4.900678
157	559	-4.901757
856	76	-4.902657
351	662	-4.903841
410	464	-4.9046493
274	672	-4.905275
292	70	-4.9065003
335	360	-4.90816
275	151	-4.9098077
763	46	-4.9113603
260	633	-4.9124017
624	46	-4.914257
137	136	-4.9145894
48	128	-4.9158244
403	613	-4.915862
42	5	-4.9162188
29	138	-4.917062
320	661	-4.917408
156	137	-4.9182844
197	105	-4.918922
446	671	-4.9192615
441	661	-4.920023
376	373	-4.9221883
507	5	-4.9244747
506	1	-4.9247417
103	148	-4.9257526
144	212	-4.927908
450	7	-4.928344
336	352	-4.929252
600	10	-4.9299498
249	622	-4.930697
720	28	-4.9310718
369	62	-4.9311366
591	56	-4.9312553
252	60	-4.9313364
125	205	-4.932197
193	201	-4.93291
390	431	-4.933001
262	135	-4.93345
351	516	-4.933935
447	3	-4.934354
170	523	-4.934895
372	570	-4.935574
915	42	-4.936059
335	1	-4.936921
425	663	-4.9376335
419	627	-4.9387197
323	445	-4.9391656
402	531	-4.940567
266	660	-4.9416018
409	406	-4.9419594
796	79	-4.942897
199	652	-4.943796
518	24	-4.943875
771	79	-4.94398
191	197	-4.9440346
429	568	-4.9470315
29	63	-4.9476943
222	585	-4.9488916
459	633	-4.9496083
402	601	-4.9497676
253	596	-4.9502583
299	603	-4.9502816
177	588	-4.9504037
909	114	-4.9505672
437	27	-4.9506674
32	379	-4.950721
319	543	-4.9535384
197	119	-4.9545407
432	56	-4.955429
140	556	-4.956617
300	562	-4.9569335
764	17	-4.957728
153	528	-4.957946
397	27	-4.9583917
754	66	-4.959965
469	668	-4.960018
627	33	-4.960101
871	58	-4.960908
828	87	-4.9619684
901	81	-4.96242
186	535	-4.962844
193	210	-4.962952
868	73	-4.963906
274	50	-4.9640517
792	53	-4.964106
406	493	-4.96441
197	111	-4.9644556
151	151	-4.965516
887	33	-4.966097
350	627	-4.9666524
953	52	-4.969149
325	670	-4.9704585
428	7	-4.9708257
954	40	-4.9709415
918	71	-4.9712367
478	2	-4.971821
143	143	-4.9728246
851	69	-4.9772882
304	666	-4.9774413
938	72	-4.9776745
514	1	-4.9779167
332	13	-4.9782643
709	63	-4.9784584
687	13	-4.9791536
83	4	-4.979286
734	44	-4.981133
767	21	-4.9821806
428	668	-4.982203
318	665	-4.983755
726	61	-4.984426
381	585	-4.9845734
936	52	-4.984869
10	148	-4.985402
493	26	-4.9880033
143	646	-4.9884605
340	308	-4.9885793
138	148	-4.990893
519	1	-4.9912
346	33	-4.9912567
328	351	-4.9923396
158	528	-4.992803
649	11	-4.993154
549	2	-4.993454
328	610	-4.9935446
407	597	-4.9961123
23	43	-4.9963565
793	42	-4.9967356
746	57	-4.9970937
319	446	-4.9973445
113	30	-4.9984426
387	11	-5.000244
948	91	-5.0006557
364	535	-5.000715
38	414	-5.0030203
55	5	-5.00364
309	581	-5.004437
800	10	-5.0053735
422	559	-5.005525
537	52	-5.00687
355	671	-5.009856
274	657	-5.0098624
74	25	-5.009905
295	651	-5.0099874
302	12	-5.0100994
293	558	-5.0113454
285	529	-5.0120525
314	374	-5.012336
463	642	-5.013562
210	553	-5.0150332
280	7	-5.0155306
751	35	-5.0155425
378	12	-5.0167856
317	672	-5.018292
417	622	-5.018717
44	132	-5.0205827
405	396	-5.020845
704	29	-5.021423
369	587	-5.0222607
209	635	-5.02237
114	4	-5.0239434
162	523	-5.024273
319	653	-5.0245514
634	63	-5.031092
419	27	-5.0314097
592	8	-5.0323915
8	115	-5.0335116
40	393	-5.0361657
411	391	-5.0362315
393	599	-5.0366106
214	575	-5.037133
480	680	-5.038177
62	4	-5.039209
516	8	-5.0392427
354	284	-5.0402336
497	52	-5.0406613
502	24	-5.0416703
37	5	-5.042405
261	642	-5.042451
382	662	-5.0440555
910	80	-5.0443788
583	25	-5.04559
96	144	-5.045709
710	52	-5.046862
304	20	-5.0471067
890	36	-5.0488796
153	0	-5.052148
382	427	-5.052974
418	421	-5.0533547
439	3	-5.0543227
638	12	-5.054632
411	57	-5.0582767
302	268	-5.05854
355	354	-5.0586185
219	656	-5.0593314
255	139	-5.0595074
207	671	-5.0601654
775	39	-5.0606694
152	584	-5.0613003
126	556	-5.061507
402	522	-5.062307
70	23	-5.063658
945	50	-5.0642624
124	560	-5.06463
75	4	-5.0652995
425	27	-5.065762
365	311	-5.065963
340	326	-5.0665307
379	487	-5.06732
320	365	-5.0673575
504	8	-5.0679216
328	11	-5.067926
545	52	-5.068115
735	55	-5.068121
375	362	-5.068741
145	652	-5.070063
906	67	-5.072854
239	597	-5.072918
162	531	-5.073081
713	41	-5.073654
625	63	-5.075146
358	471	-5.0781436
4	61	-5.0794888
628	42	-5.079523
358	668	-5.0798435
160	584	-5.0799236
307	11	-5.0813217
23	409	-5.082098
165	647	-5.0831275
155	133	-5.083699
161	579	-5.0855317
805	80	-5.0858593
746	64	-5.0869956
173	590	-5.0898423
152	652	-5.0926585
248	568	-5.092923
802	50	-5.093245
7	120	-5.0937
142	206	-5.094273
308	129	-5.0945787
53	50	-5.095648
317	9	-5.0960326
269	160	-5.098673
376	568	-5.0990396
565	56	-5.1010833
383	501	-5.1014476
510	2	-5.1039023
712	29	-5.1081934
66	8	-5.1083436
643	55	-5.108688
928	89	-5.1094007
132	9	-5.1105313
341	627	-5.114323
371	651	-5.114706
365	539	-5.115839
276	530	-5.116386
121	652	-5.117516
194	214	-5.1177583
78	21	-5.120593
454	681	-5.120988
277	649	-5.124248
58	134	-5.1257806
569	9	-5.1266503
364	373	-5.127243
127	146	-5.1274004
441	476	-5.127721
287	42	-5.1288176
455	623	-5.129168
434	587	-5.1295366
455	4	-5.130255
166	530	-5.131215
356	362	-5.1312723
722	42	-5.131991
337	620	-5.1327667
169	397	-5.132892
141	124	-5.133702
263	657	-5.134492
409	623	-5.1395073
177	400	-5.140168
844	52	-5.141017
142	7	-5.1412725
388	640	-5.142054
198	202	-5.14222
828	50	-5.1422477
315	526	-5.142491
105	167	-5.1428337
409	548	-5.143529
697	35	-5.1450796
325	357	-5.1453824
370	475	-5.1472178
205	622	-5.1484423
189	192	-5.148612
322	433	-5.1486263
660	14	-5.1494303
72	8	-5.1497493
374	658	-5.1498337
778	5	-5.151633
451	2	-5.151688
364	13	-5.151819
848	89	-5.1526527
350	354	-5.152742
378	365	-5.1528573
178	391	-5.153088
415	657	-5.153097
155	578	-5.154042
59	138	-5.1541057
761	50	-5.1556215
887	63	-5.1558967
947	76	-5.156817
363	480	-5.1569567
398	409	-5.1571856
952	119	-5.1572814
847	67	-5.1574235
417	57	-5.1583858
65	141	-5.158536
176	395	-5.1592784
842	23	-5.1593723
30	22	-5.1609125
419	496	-5.16108
252	627	-5.16165
294	13	-5.1628346
135	559	-5.1634474
415	550	-5.1640754
267	650	-5.164178
440	594	-5.165132
905	87	-5.1654615
529	52	-5.1679235
145	126	-5.168661
239	552	-5.1687007
363	358	-5.1705794
308	367	-5.172564
256	590	-5.1730676
412	421	-5.173582
259	144	-5.1739945
288	22	-5.1742153
35	58	-5.174863
933	73	-5.1768236
455	487	-5.1793623
206	196	-5.1801147
290	650	-5.180119
209	648	-5.180694
33	4	-5.18123
298	574	-5.181811
166	522	-5.182056
20	114	-5.183449
361	598	-5.1837044
562	53	-5.184168
182	526	-5.1846995
356	647	-5.184953
187	590	-5.18544
690	61	-5.1871686
191	205	-5.1911387
412	413	-5.1912117
373	577	-5.192445
736	7	-5.1952596
381	376	-5.1956587
272	526	-5.196193
236	582	-5.197179
159	151	-5.197289
378	27	-5.197441
388	660	-5.1985865
281	656	-5.198834
132	137	-5.1994057
949	37	-5.2011323
950	33	-5.201564
758	17	-5.2024493
232	576	-5.20409
181	554	-5.2046666
311	547	-5.2070246
391	515	-5.207408
185	652	-5.2077804
465	14	-5.2095895
99	27	-5.2096066
431	496	-5.2113867
302	123	-5.211776
531	4	-5.2137575
193	566	-5.214405
385	453	-5.2146506
762	37	-5.215619
115	25	-5.216153
321	641	-5.2174916
319	352	-5.218349
425	57	-5.219702
234	658	-5.2201524
484	3	-5.2203083
434	3	-5.220738
302	567	-5.2218795
347	317	-5.2219143
182	542	-5.2224793
293	2	-5.223827
684	25	-5.2239122
815	9	-5.22416
124	628	-5.2257466
150	576	-5.226736
248	612	-5.2273364
273	650	-5.22797
342	330	-5.228324
200	116	-5.2320623
615	40	-5.232333
129	559	-5.2324486
459	2	-5.233529
808	20	-5.233632
378	663	-5.2336783
346	629	-5.2361875
337	12	-5.2375407
23	51	-5.2375765
318	356	-5.2377796
165	586	-5.2384543
357	373	-5.2394967
614	26	-5.2396646
215	671	-5.239883
334	356	-5.240881
108	604	-5.2410083
255	131	-5.241587
865	58	-5.2416887
262	72	-5.241908
330	615	-5.2419496
264	635	-5.2427163
160	519	-5.2429547
558	10	-5.243784
308	21	-5.244205
323	349	-5.2446322
104	26	-5.246392
277	535	-5.2503724
370	373	-5.251597
631	20	-5.2516465
623	28	-5.2545395
732	22	-5.2553177
432	8	-5.2553873
861	24	-5.2562065
641	59	-5.2569127
182	588	-5.2576423
959	66	-5.257693
448	27	-5.258399
692	54	-5.2585983
325	368	-5.2611
359	604	-5.2613955
318	434	-5.2621455
248	599	-5.263418
234	546	-5.263505
119	23	-5.2637696
424	8	-5.264112
676	29	-5.2690153
352	520	-5.269927
117	29	-5.272643
12	152	-5.2734947
313	359	-5.275723
172	394	-5.276392
396	432	-5.2764144
122	608	-5.2768426
197	194	-5.2782855
287	11	-5.27846
90	138	-5.278532
824	54	-5.279325
545	26	-5.279467
196	115	-5.2795033
281	668	-5.2803726
376	483	-5.2808733
51	410	-5.281641
110	140	-5.283002
93	166	-5.28342
317	360	-5.283966
174	524	-5.284394
294	266	-5.284627
164	574	-5.284882
218	662	-5.2850776
338	363	-5.285315
26	417	-5.2871113
37	128	-5.2914987
139	203	-5.292875
47	5	-5.2931123
464	56	-5.2938843
836	50	-5.294313
313	649	-5.2945786
284	660	-5.2948647
129	616	-5.295689
381	572	-5.2961364
94	151	-5.297206
186	527	-5.2973714
815	56	-5.2985506
384	423	-5.2991548
324	660	-5.3003206
370	566	-5.300863
398	600	-5.3015866
155	512	-5.303134
207	626	-5.3047543
259	656	-5.3053823
122	614	-5.307244
142	574	-5.307986
90	36	-5.308125
409	27	-5.308261
308	577	-5.308397
615	45	-5.3093553
188	539	-5.3093853
450	490	-5.309612
412	646	-5.309992
147	648	-5.310406
273	534	-5.3105974
127	625	-5.3109674
523	2	-5.311021
545	6	-5.313235
374	562	-5.315379
306	573	-5.315514
283	286	-5.3166485
359	356	-5.316845
158	652	-5.317403
742	44	-5.3193383
270	671	-5.319683
465	2	-5.32169
297	570	-5.3220744
233	597	-5.3227043
177	528	-5.3234386
139	144	-5.3235555
723	53	-5.3240366
537	26	-5.3249707
512	7	-5.325027
292	138	-5.325121
744	11	-5.326602
120	9	-5.3274236
250	42	-5.32797
322	373	-5.3287997
461	26	-5.3296022
340	336	-5.330229
25	36	-5.3313003
390	466	-5.3325357
819	49	-5.3335495
399	658	-5.3336515
44	415	-5.3342514
953	109	-5.3345947
95	28	-5.3356223
276	147	-5.3363695
367	356	-5.3365717
341	300	-5.3379617
943	42	-5.338231
400	400	-5.3384113
191	594	-5.3392816
611	35	-5.3420353
170	528	-5.342732
819	54	-5.3441515
370	295	-5.344839
389	409	-5.3464727
387	449	-5.3493624
393	668	-5.349502
258	68	-5.3503714
820	20	-5.3509727
258	42	-5.3528366
740	27	-5.3570294
395	519	-5.357274
54	396	-5.3583984
947	124	-5.35961
152	128	-5.3609414
520	5	-5.361968
893	76	-5.3624163
269	45	-5.362512
6	103	-5.362826
717	31	-5.363823
147	579	-5.365538
323	5	-5.3672066
247	616	-5.3672214
151	523	-5.3679743
271	73	-5.367994
127	607	-5.3690295
441	8	-5.3695703
126	135	-5.3696203
49	133	-5.370792
409	460	-5.370798
16	120	-5.370805
473	24	-5.373493
189	209	-5.3740892
330	66	-5.3748713
326	432	-5.3767424
426	557	-5.3775954
320	637	-5.3781204
68	40	-5.3782115
181	559	-5.3786454
79	5	-5.3788295
186	562	-5.3795114
771	51	-5.379649
809	14	-5.381612
25	400	-5.382089
199	608	-5.382818
708	27	-5.382839
103	603	-5.3839493
445	595	-5.386269
142	580	-5.3877635
6	33	-5.3889446
368	471	-5.3890924
355	643	-5.39188
4	53	-5.392019
206	550	-5.394203
954	45	-5.395737
361	665	-5.3991103
457	14	-5.399768
739	53	-5.4005594
369	582	-5.400665
345	370	-5.4041114
596	11	-5.4042892
132	569	-5.404663
376	574	-5.405404
127	211	-5.4056215
144	570	-5.4060283
638	67	-5.406509
211	672	-5.406853
380	560	-5.4071593
28	117	-5.407274
263	531	-5.4084177
396	640	-5.4093547
228	575	-5.411775
91	4	-5.4118567
87	5	-5.4122796
725	57	-5.412756
142	642	-5.413295
943	73	-5.41402
281	42	-5.414223
923	44	-5.4142704
438	497	-5.414582
414	465	-5.4148736
795	50	-5.415352
642	11	-5.4162183
740	22	-5.4163313
909	84	-5.4180107
377	582	-5.4185553
283	4	-5.418663
516	18	-5.4187284
376	556	-5.422999
354	666	-5.424169
406	414	-5.4262643
173	639	-5.4266157
147	5	-5.4282675
276	667	-5.4285583
323	665	-5.428604
397	413	-5.4289274
757	47	-5.430797
435	494	-5.4315786
658	57	-5.4321327
334	307	-5.433938
584	3	-5.434212
156	532	-5.43486
352	635	-5.4352584
576	3	-5.436752
329	356	-5.437009
134	3	-5.4401426
700	49	-5.441018
152	515	-5.441056
739	62	-5.4410963
48	393	-5.4413543
386	401	-5.443089
950	26	-5.4431434
749	45	-5.4433556
181	521	-5.444937
588	10	-5.4454126
387	592	-5.445478
335	524	-5.4460974
341	368	-5.4484415
146	9	-5.44867
140	140	-5.4495664
816	14	-5.4514537
403	518	-5.452376
883	99	-5.453186
906	81	-5.4532847
253	604	-5.4548187
782	49	-5.4556947
148	0	-5.456256
750	5	-5.456458
423	497	-5.456667
159	140	-5.4570403
401	406	-5.4573445
94	22	-5.4581313
251	138	-5.45846
751	17	-5.458879
574	9	-5.4592505
414	497	-5.462618
5	65	-5.462895
341	13	-5.463319
136	637	-5.463964
173	403	-5.464287
351	646	-5.464407
471	662	-5.46497
958	119	-5.4654922
99	4	-5.465645
897	80	-5.4656644
401	393	-5.4659414
316	348	-5.4684286
169	650	-5.4699535
339	319	-5.4702363
340	1	-5.470372
363	658	-5.4703836
368	550	-5.4714584
403	620	-5.47262
855	67	-5.4731145
294	130	-5.473506
21	413	-5.474169
129	204	-5.475152
256	672	-5.4759893
415	505	-5.476138
606	6	-5.4762363
378	451	-5.477026
323	337	-5.477104
103	135	-5.4786305
204	118	-5.479268
342	622	-5.4801474
606	36	-5.4806566
155	150	-5.481148
317	551	-5.4813323
220	581	-5.481714
942	47	-5.482284
741	7	-5.484032
484	24	-5.4846215
407	641	-5.485305
172	568	-5.487087
635	28	-5.488299
339	26	-5.4883094
336	315	-5.49017
223	555	-5.491106
361	313	-5.4911313
353	372	-5.49155
553	1	-5.4931054
451	480	-5.493346
41	126	-5.4936886
699	62	-5.495745
427	11	-5.496308
55	400	-5.496797
330	361	-5.497262
454	618	-5.4982295
317	632	-5.499793
959	72	-5.502974
273	661	-5.5032463
76	39	-5.5048447
175	520	-5.508486
206	642	-5.5089455
41	387	-5.5091643
190	213	-5.509225
242	664	-5.509575
229	547	-5.509894
724	22	-5.511532
314	24	-5.5115576
662	64	-5.511935
291	19	-5.511946
107	367	-5.512114
152	556	-5.5122385
293	37	-5.512365
41	55	-5.5124593
339	349	-5.513085
232	587	-5.513322
387	380	-5.514364
525	15	-5.514647
562	9	-5.515272
104	4	-5.5153947
203	670	-5.516358
300	136	-5.516933
467	649	-5.517126
66	21	-5.518632
30	308	-5.5193663
183	390	-5.519683
254	70	-5.520124
589	25	-5.5205126
283	275	-5.521532
298	14	-5.5221243
123	145	-5.522457
36	392	-5.5227704
426	469	-5.522816
308	650	-5.5240145
384	405	-5.527263
394	436	-5.528888
296	137	-5.529992
138	568	-5.5301156
31	351	-5.5304112
95	5	-5.530826
519	52	-5.531028
129	129	-5.531627
694	17	-5.5347595
370	359	-5.534999
453	614	-5.5372167
269	629	-5.5380497
931	120	-5.5387244
343	318	-5.5388885
492	1	-5.5399876
751	50	-5.5403447
54	133	-5.5412717
105	33	-5.5416975
28	124	-5.5423436
248	556	-5.542515
163	560	-5.54377
143	0	-5.5453396
689	17	-5.5468106
282	154	-5.5481687
372	602	-5.549119
86	19	-5.549956
651	53	-5.5509505
218	553	-5.5510235
666	63	-5.5513544
787	50	-5.5532327
95	135	-5.553716
377	377	-5.5543513
191	217	-5.55686
163	400	-5.5579967
894	65	-5.5583057
120	559	-5.5586977
412	403	-5.558815
376	475	-5.5603423
113	148	-5.5603647
223	655	-5.5606284
316	19	-5.561909
167	571	-5.5626965
132	647	-5.562908
470	17	-5.564146
841	64	-5.565037
28	146	-5.5662813
381	368	-5.566294
382	467	-5.566339
382	26	-5.566491
255	667	-5.5668
179	652	-5.566852
954	31	-5.5669346
389	477	-5.5674095
422	12	-5.5684566
279	545	-5.568782
443	4	-5.5694795
194	545	-5.570328
185	520	-5.570429
206	630	-5.5710335
140	11	-5.5721602
85	139	-5.5726337
64	137	-5.5729265
345	484	-5.5729446
619	41	-5.5734706
125	603	-5.574428
279	660	-5.5750265
333	369	-5.575881
190	544	-5.5764623
900	108	-5.576625
718	5	-5.576728
729	31	-5.576843
628	10	-5.5768914
169	402	-5.5797634
614	18	-5.583235
51	4	-5.5835505
328	336	-5.58427
271	667	-5.5849395
256	581	-5.585105
251	663	-5.5852714
181	538	-5.5856276
466	18	-5.585849
164	590	-5.5859113
266	643	-5.585925
339	304	-5.586622
488	15	-5.5876536
732	5	-5.5880084
399	596	-5.5887227
320	18	-5.5901976
688	57	-5.5911894
160	575	-5.5924654
419	507	-5.5941415
112	603	-5.5942383
512	17	-5.5952773
386	469	-5.5955315
158	0	-5.5956497
219	670	-5.595771
550	25	-5.5966144
361	587	-5.5966296
6	111	-5.5968256
284	665	-5.597574
91	155	-5.597627
23	67	-5.6006308
112	22	-5.602974
677	13	-5.603776
835	54	-5.6039114
284	21	-5.6045074
420	664	-5.60554
290	14	-5.606131
743	52	-5.606144
174	509	-5.6074376
354	467	-5.6077347
21	55	-5.6099844
527	3	-5.610513
823	10	-5.610936
406	392	-5.6110554
193	112	-5.6112976
398	608	-5.612101
372	557	-5.6124
824	86	-5.614162
270	141	-5.6143622
41	19	-5.614751
306	374	-5.615394
789	41	-5.616401
397	389	-5.6180086
22	32	-5.618182
185	600	-5.6186757
929	72	-5.618953
436	9	-5.619044
154	574	-5.620189
160	512	-5.620265
165	526	-5.620501
755	21	-5.6207347
389	454	-5.622846
337	367	-5.6240153
408	531	-5.6250257
332	350	-5.6252894
22	300	-5.62541
260	671	-5.625701
150	570	-5.625732
100	543	-5.6260004
328	18	-5.62641
865	78	-5.6271167
284	550	-5.627358
334	9	-5.6279855
283	25	-5.6292048
535	1	-5.6294
539	2	-5.6296406
647	67	-5.629865
218	576	-5.6315417
256	599	-5.632596
486	54	-5.6326823
109	4	-5.6329327
839	20	-5.6337605
287	274	-5.633926
768	47	-5.637143
117	147	-5.6418734
404	638	-5.64194
265	132	-5.6425824
422	553	-5.6430373
2	116	-5.6441255
403	669	-5.644675
143	553	-5.6457634
29	5	-5.6460576
368	12	-5.6486077
720	62	-5.649086
666	57	-5.6491256
886	29	-5.64978
188	668	-5.6498127
268	664	-5.649887
513	21	-5.650263
115	8	-5.65072
258	128	-5.651551
360	278	-5.6522374
178	594	-5.6526012
765	51	-5.6526732
938	92	-5.6531563
680	26	-5.6531835
573	24	-5.6532097
7	97	-5.6532683
572	2	-5.6538515
186	516	-5.6540537
736	19	-5.654931
236	327	-5.655188
381	496	-5.656219
351	641	-5.656255
238	666	-5.6579714
131	624	-5.658281
401	527	-5.658371
208	114	-5.6607046
234	671	-5.6608353
366	595	-5.6609483
8	124	-5.6613283
49	20	-5.6615257
240	671	-5.662531
119	316	-5.6650953
389	384	-5.6652613
953	63	-5.666096
21	404	-5.667867
409	633	-5.668311
584	8	-5.6688724
887	71	-5.670195
312	20	-5.671142
199	671	-5.6713777
522	23	-5.6742578
469	653	-5.6750083
19	50	-5.675851
837	58	-5.6762986
449	602	-5.6763773
300	363	-5.6783633
264	630	-5.6790953
389	25	-5.679715
195	218	-5.6798134
422	4	-5.6802607
274	140	-5.6811643
266	142	-5.682386
357	662	-5.6825953
891	72	-5.6827955
959	60	-5.6830726
160	394	-5.6831
899	85	-5.6831264
693	32	-5.683522
513	13	-5.683614
19	44	-5.6838164
381	577	-5.684044
409	417	-5.684903
728	24	-5.6864367
300	528	-5.6866436
390	413	-5.686858
380	439	-5.6882815
193	118	-5.688566
670	12	-5.6886764
189	532	-5.6887355
396	444	-5.690077
907	38	-5.6902347
157	516	-5.690989
759	22	-5.6911
3	121	-5.692215
295	249	-5.693386
380	380	-5.69472
754	73	-5.6962523
954	72	-5.6963677
146	575	-5.696543
323	599	-5.696873
370	308	-5.6969438
569	25	-5.6978016
779	79	-5.6979094
266	672	-5.698691
392	661	-5.698721
508	9	-5.698856
858	21	-5.699714
813	50	-5.702694
482	17	-5.702869
286	15	-5.7035136
222	571	-5.7042475
391	12	-5.705056
353	0	-5.705682
400	485	-5.708026
57	142	-5.7091866
460	55	-5.7093906
738	45	-5.7106495
696	13	-5.710931
134	200	-5.7117047
268	522	-5.712159
863	70	-5.71226
319	524	-5.7125254
389	404	-5.7130475
459	627	-5.714178
189	565	-5.714832
10	101	-5.716079
370	288	-5.7161264
308	361	-5.7162127
721	46	-5.7167525
155	644	-5.7168584
792	5	-5.7178187
914	73	-5.717997
164	518	-5.7190194
314	582	-5.7197227
121	604	-5.7205195
153	508	-5.721419
8	144	-5.721476
897	105	-5.721665
348	634	-5.723038
210	656	-5.723273
364	573	-5.7251606
5	57	-5.7256083
334	18	-5.725873
201	112	-5.726216
416	412	-5.7276087
580	2	-5.728103
816	22	-5.7283998
623	42	-5.7288013
521	18	-5.730365
57	49	-5.733501
108	25	-5.7344456
288	255	-5.7345514
258	661	-5.734733
5	49	-5.734937
7	107	-5.7350264
384	639	-5.73522
916	84	-5.7352805
450	15	-5.735757
179	387	-5.7360864
318	649	-5.7361736
31	357	-5.7361794
258	53	-5.7362294
208	192	-5.7364016
407	522	-5.736615
139	4	-5.736748
748	20	-5.7373753
1	67	-5.738657
132	556	-5.739107
348	622	-5.7392745
208	109	-5.740594
6	45	-5.741673
366	663	-5.7427006
165	396	-5.7429276
478	667	-5.7435026
161	507	-5.7441673
132	207	-5.7449417
408	501	-5.745574
195	206	-5.7466855
297	585	-5.7467017
382	459	-5.746707
135	145	-5.747759
347	15	-5.7478065
21	419	-5.747934
203	202	-5.7487035
393	388	-5.74874
386	445	-5.7489085
568	3	-5.749123
199	101	-5.7505364
283	149	-5.7510824
20	119	-5.7516356
404	497	-5.7521605
356	639	-5.753198
304	527	-5.7532344
120	312	-5.7538176
413	501	-5.7539334
166	507	-5.755111
382	399	-5.7579722
803	7	-5.7580175
957	112	-5.7588143
189	651	-5.7613006
954	105	-5.762919
369	574	-5.7629786
365	649	-5.764137
12	117	-5.764952
323	13	-5.764969
165	642	-5.7659826
277	641	-5.7668867
784	5	-5.7669764
252	614	-5.7688866
698	58	-5.7690077
368	26	-5.770138
393	408	-5.770856
682	12	-5.771263
381	431	-5.771614
590	18	-5.772027
840	54	-5.772206
367	376	-5.7735624
96	596	-5.77358
327	347	-5.7739716
425	562	-5.7743936
262	43	-5.7744007
131	23	-5.7749753
951	75	-5.7750053
735	64	-5.776008
274	176	-5.776922
655	26	-5.778528
368	604	-5.7788186
408	613	-5.7791615
25	357	-5.7795916
22	7	-5.7798195
388	459	-5.780731
169	641	-5.781178
955	122	-5.781813
179	600	-5.781941
1	107	-5.7820415
499	0	-5.78217
122	632	-5.7822156
263	536	-5.7827864
871	70	-5.7828665
462	17	-5.7832413
949	87	-5.7835455
93	147	-5.7841406
543	1	-5.7846313
179	207	-5.785228
310	375	-5.785449
251	618	-5.789767
251	132	-5.791414
140	417	-5.792095
135	127	-5.792182
740	12	-5.792264
612	6	-5.7928796
811	10	-5.793478
959	78	-5.7938623
474	659	-5.7948036
131	609	-5.796998
58	25	-5.7974343
813	19	-5.798775
334	319	-5.799657
22	39	-5.799779
22	47	-5.800355
104	639	-5.801547
382	648	-5.8026614
285	649	-5.803574
244	672	-5.803695
21	398	-5.8037004
397	405	-5.8037577
163	405	-5.803911
183	208	-5.804139
287	141	-5.8046117
380	616	-5.8048096
194	108	-5.8056393
850	21	-5.8068533
123	201	-5.8078313
364	611	-5.8089395
196	190	-5.81103
273	172	-5.8111186
835	21	-5.8135424
746	42	-5.8138957
117	416	-5.8143024
60	8	-5.814601
178	546	-5.81514
327	603	-5.8170633
198	541	-5.817345
865	99	-5.81795
556	17	-5.8179564
410	508	-5.818271
11	121	-5.8245564
407	10	-5.824681
136	555	-5.825488
388	427	-5.8256083
32	8	-5.8271356
747	69	-5.8286076
345	0	-5.828643
240	544	-5.829125
255	145	-5.829279
190	570	-5.8299317
137	572	-5.831298
373	12	-5.8316083
252	671	-5.8317237
263	145	-5.832142
370	380	-5.83256
876	60	-5.8328238
186	594	-5.832893
126	22	-5.833443
618	63	-5.833607
355	62	-5.8336554
266	74	-5.8343377
393	402	-5.8357525
116	13	-5.8365245
382	443	-5.8366213
799	47	-5.8373256
227	670	-5.8377733
373	376	-5.838257
728	7	-5.838357
266	136	-5.839409
193	600	-5.8405404
315	353	-5.840993
273	44	-5.8415055
111	607	-5.8425317
169	519	-5.8430967
712	3	-5.8440332
285	279	-5.8447328
743	19	-5.844835
189	602	-5.8450813
954	25	-5.8455567
145	673	-5.84591
226	579	-5.8466845
130	620	-5.847439
485	10	-5.848087
318	13	-5.848331
529	17	-5.848345
289	133	-5.848685
387	497	-5.849382
169	565	-5.8493843
133	643	-5.849964
951	123	-5.8501315
922	84	-5.8503017
356	27	-5.8504667
359	592	-5.8511972
320	70	-5.8513737
728	19	-5.8525786
357	599	-5.854842
477	14	-5.855347
107	149	-5.8553514
111	369	-5.8574953
159	132	-5.8576174
20	124	-5.859197
293	527	-5.8595576
364	566	-5.8608494
688	26	-5.8609753
16	115	-5.8611474
456	25	-5.8617005
458	18	-5.862582
330	332	-5.8636274
298	607	-5.8644714
760	4	-5.864777
117	320	-5.8650784
406	505	-5.8660607
108	135	-5.8664484
395	11	-5.866774
953	36	-5.867236
148	644	-5.8688345
332	365	-5.8694773
168	393	-5.871457
397	397	-5.8726597
168	511	-5.8735976
124	13	-5.873604
201	121	-5.8752284
276	9	-5.875337
25	373	-5.8771143
912	39	-5.8774796
35	66	-5.87763
115	652	-5.877681
293	569	-5.878345
614	60	-5.87866
11	108	-5.879006
389	398	-5.8798175
433	570	-5.879996
391	448	-5.8805094
154	564	-5.880544
663	26	-5.8808384
408	514	-5.8814154
222	577	-5.8815126
109	332	-5.88211
668	25	-5.8821445
250	667	-5.884062
425	1	-5.885695
762	42	-5.8868756
951	96	-5.8885922
416	513	-5.8886757
223	671	-5.8889785
455	56	-5.889251
238	331	-5.8893194
282	142	-5.8895683
302	614	-5.8903894
46	54	-5.890494
248	46	-5.890874
6	69	-5.8911185
525	20	-5.8929567
100	23	-5.8959017
597	25	-5.896424
850	13	-5.896457
475	655	-5.8972535
142	566	-5.897965
488	23	-5.8983765
397	461	-5.8989997
107	372	-5.899674
125	570	-5.900646
305	298	-5.9008207
110	8	-5.9014616
665	12	-5.9025297
268	633	-5.902818
277	143	-5.9032216
533	18	-5.9038167
565	24	-5.904128
5	29	-5.9069505
281	528	-5.908106
50	27	-5.9081984
332	609	-5.90875
287	553	-5.908938
50	124	-5.9094157
351	631	-5.9097586
152	493	-5.9099984
429	26	-5.9101048
820	15	-5.910146
46	650	-5.911077
741	48	-5.9117823
128	648	-5.9119225
172	505	-5.9128385
557	2	-5.9133606
627	38	-5.9144254
301	368	-5.9160237
275	180	-5.916047
156	129	-5.916274
107	608	-5.9170446
865	25	-5.918009
101	168	-5.9184146
204	546	-5.918569
350	524	-5.9188633
201	623	-5.9195957
521	13	-5.9204845
373	664	-5.9205737
449	11	-5.9232388
389	506	-5.9240713
55	137	-5.9248347
245	667	-5.925584
97	167	-5.9263763
762	76	-5.9267335
451	608	-5.927557
329	327	-5.928007
268	172	-5.928503
203	193	-5.9285283
328	371	-5.9286537
399	615	-5.9286833
181	671	-5.9288344
234	665	-5.929571
361	648	-5.9310308
277	526	-5.9310794
400	642	-5.933777
121	308	-5.9342175
172	532	-5.9349008
339	674	-5.936843
96	37	-5.937739
575	56	-5.9379635
222	660	-5.9382157
178	533	-5.938914
508	16	-5.939617
121	591	-5.9397
280	267	-5.939996
296	364	-5.9406457
631	15	-5.941054
125	595	-5.9410925
100	599	-5.9413447
133	573	-5.941493
385	410	-5.9430976
129	572	-5.9434066
359	577	-5.944179
154	569	-5.945555
361	532	-5.9457903
267	668	-5.946094
703	66	-5.946622
402	492	-5.946959
301	264	-5.947606
86	155	-5.9477963
281	648	-5.9479256
168	592	-5.948235
596	18	-5.9483113
159	398	-5.948869
959	123	-5.9495673
530	25	-5.9500384
15	124	-5.950268
61	22	-5.9509034
279	150	-5.952476
539	11	-5.952718
825	20	-5.9527893
918	80	-5.9540253
154	145	-5.9540935
165	534	-5.9545426
716	37	-5.9557486
181	509	-5.956896
412	398	-5.956982
639	38	-5.9573016
254	347	-5.9573627
623	12	-5.957913
325	450	-5.958479
127	591	-5.959451
127	200	-5.959498
182	563	-5.9596434
652	37	-5.9599905
129	673	-5.9605355
332	314	-5.96105
384	383	-5.9616857
306	566	-5.9618444
324	17	-5.962582
150	563	-5.965629
441	674	-5.966172
421	58	-5.96637
128	139	-5.968337
378	465	-5.968792
435	674	-5.9689403
445	14	-5.9696198
356	316	-5.970254
480	54	-5.9708366
329	438	-5.9717197
397	497	-5.972259
297	525	-5.9724007
367	283	-5.9724364
345	26	-5.972713
202	540	-5.972792
330	344	-5.9736133
286	146	-5.9736524
101	34	-5.9741397
173	652	-5.974359
355	572	-5.975316
389	435	-5.976297
386	489	-5.977374
322	673	-5.9799347
329	319	-5.9807043
80	138	-5.980961
390	595	-5.9815664
149	529	-5.9818935
320	346	-5.982034
6	287	-5.9825096
316	636	-5.9827623
313	13	-5.982783
345	619	-5.984494
549	11	-5.984745
926	85	-5.9852057
706	34	-5.9855814
228	660	-5.9880023
84	8	-5.9885077
180	517	-5.9891086
952	100	-5.9899755
264	182	-5.9907427
789	0	-5.991835
113	37	-5.9922066
297	263	-5.9923215
344	335	-5.9933724
877	72	-5.993572
745	4	-5.994951
384	473	-5.9954734
125	131	-5.995941
193	664	-5.996728
401	415	-5.9981914
500	14	-5.998393
657	11	-5.99871
