x_coord	y_coord	score
853	574	-0.068390846
857	570	-0.10393107
850	582	-0.24293876
851	578	-0.24493566
858	566	-0.32873395
848	586	-0.3312426
861	561	-0.35449362
44	636	-0.36244357
737	206	-0.45082283
740	213	-0.45948914
732	190	-0.4996313
748	233	-0.525203
736	201	-0.527615
857	575	-0.53497744
40	634	-0.5639207
928	414	-0.5755769
59	644	-0.5758065
790	523	-0.5763737
751	239	-0.6033458
733	198	-0.6106349
744	217	-0.6151638
48	638	-0.6211028
929	410	-0.63497984
752	243	-0.65575933
782	310	-0.6559144
747	229	-0.67244506
52	641	-0.68991613
823	451	-0.7313758
839	407	-0.7331683
818	453	-0.74290156
853	569	-0.74651223
788	527	-0.75313765
823	446	-0.759758
783	314	-0.764644
814	463	-0.7739818
778	63	-0.78722084
730	186	-0.79182005
697	75	-0.7922408
849	391	-0.7993828
889	292	-0.8016354
861	569	-0.8058992
62	648	-0.8072664
780	306	-0.81008995
56	640	-0.81380916
700	88	-0.81743586
741	209	-0.81819
783	534	-0.8206756
734	194	-0.8326616
860	556	-0.8396937
846	590	-0.84141475
855	579	-0.8438468
857	562	-0.8452887
927	418	-0.8526664
835	423	-0.856843
862	565	-0.85798705
841	403	-0.8587716
713	129	-0.86327064
887	296	-0.86384964
825	442	-0.8664738
747	223	-0.86975473
713	135	-0.87472975
787	532	-0.87699926
35	632	-0.8867767
747	237	-0.88698983
694	70	-0.8873594
726	184	-0.9037812
701	93	-0.9223701
784	318	-0.9299611
698	82	-0.93413126
837	418	-0.93494797
54	645	-0.94113624
73	652	-0.9457828
811	469	-0.9506669
33	621	-0.95679545
31	625	-0.9578589
785	523	-0.9658797
817	457	-0.98328495
807	476	-0.99163806
847	395	-0.9924209
838	411	-0.99348485
772	38	-0.99824107
36	636	-1.0008984
802	521	-1.0066209
49	634	-1.0101702
69	648	-1.0103961
753	247	-1.0150629
743	221	-1.0179888
827	438	-1.0184743
736	210	-1.0200329
694	65	-1.0396047
702	98	-1.0416594
850	387	-1.0428259
777	301	-1.0500698
885	300	-1.0517572
737	197	-1.0634341
778	58	-1.0687597
726	176	-1.0691986
704	102	-1.0693915
745	213	-1.0764008
45	632	-1.0824282
845	399	-1.0824751
53	637	-1.091665
36	624	-1.1012512
709	127	-1.1093287
884	304	-1.1096506
740	218	-1.1117616
864	605	-1.1156237
784	528	-1.1157112
891	287	-1.1185061
930	406	-1.1357523
772	44	-1.1369747
748	242	-1.1371609
846	580	-1.1381253
698	71	-1.1382958
65	644	-1.1418977
782	302	-1.142829
803	353	-1.1491024
733	204	-1.155941
785	323	-1.1563139
39	630	-1.1606961
804	517	-1.1618767
864	558	-1.1660026
865	562	-1.1720134
77	653	-1.1727039
752	235	-1.1753511
27	623	-1.1774954
895	269	-1.1867287
34	628	-1.189879
781	538	-1.1899841
844	433	-1.1963897
843	393	-1.1966928
848	574	-1.2004803
727	180	-1.2008864
780	68	-1.203977
710	123	-1.2082794
792	559	-1.2101735
885	508	-1.218361
835	428	-1.220105
807	481	-1.226216
835	414	-1.2338492
31	631	-1.2356751
893	281	-1.2414836
848	446	-1.2459297
716	138	-1.2520182
819	449	-1.2526395
708	119	-1.2636036
810	473	-1.2707144
720	156	-1.2714671
771	34	-1.2724333
776	54	-1.2738283
822	455	-1.2760943
794	522	-1.2770631
780	298	-1.2795122
920	201	-1.2852503
61	640	-1.2856524
815	467	-1.2871796
790	571	-1.292185
854	565	-1.2968426
897	265	-1.2990923
757	249	-1.3016381
828	434	-1.3032333
704	108	-1.3033024
710	132	-1.3033155
851	380	-1.3042729
777	309	-1.3067728
847	442	-1.3100116
730	195	-1.3154981
740	203	-1.3213475
781	544	-1.3216815
864	597	-1.3238134
775	294	-1.3289934
798	523	-1.3291373
845	437	-1.3296636
927	423	-1.3336225
788	519	-1.3337001
693	61	-1.3388098
42	640	-1.3420013
839	422	-1.3485047
839	427	-1.3517083
74	648	-1.3579372
693	74	-1.3653445
882	308	-1.3693063
813	459	-1.379411
786	539	-1.3809333
41	625	-1.3810812
724	172	-1.3812605
860	611	-1.3856579
827	447	-1.3952507
841	397	-1.3968858
728	191	-1.397937
28	628	-1.3981123
852	448	-1.3986478
925	411	-1.4024781
697	91	-1.403124
756	254	-1.4066217
893	273	-1.4077978
779	313	-1.4085081
744	226	-1.4104229
840	432	-1.419028
854	583	-1.4217509
863	553	-1.4271337
776	46	-1.4272482
732	182	-1.4304969
862	601	-1.4325657
923	424	-1.4372537
804	485	-1.4405257
790	563	-1.4420321
700	78	-1.4452568
807	470	-1.4465805
32	635	-1.4492793
802	489	-1.4512938
756	244	-1.4546695
750	226	-1.4549154
845	389	-1.4555773
776	305	-1.4572018
50	646	-1.4600898
707	115	-1.4639373
714	125	-1.4686356
847	384	-1.4776701
884	503	-1.4870999
736	189	-1.4923375
924	568	-1.4972718
848	594	-1.4978778
892	277	-1.4979022
29	619	-1.4980209
837	402	-1.5032622
802	481	-1.5044461
929	618	-1.5068221
774	50	-1.5107454
755	240	-1.5127293
722	160	-1.5141453
787	315	-1.5156984
793	526	-1.5161823
788	319	-1.5183228
846	403	-1.5231959
919	197	-1.5236864
694	78	-1.5267056
804	357	-1.5317463
811	477	-1.5435535
808	518	-1.5510621
801	349	-1.5521317
833	419	-1.5532852
47	642	-1.5570997
685	35	-1.5634911
852	587	-1.5694209
704	90	-1.5697303
908	459	-1.5724678
789	325	-1.5726715
810	465	-1.5728297
698	66	-1.5743836
926	407	-1.5750028
57	648	-1.5761586
887	288	-1.5763997
814	454	-1.5849634
896	352	-1.5871172
920	192	-1.5886952
835	408	-1.5904657
791	567	-1.5979184
690	67	-1.5985023
845	449	-1.5989863
791	530	-1.6002679
797	345	-1.6004844
696	86	-1.6018862
780	74	-1.6023889
786	311	-1.6052552
886	512	-1.6071776
702	84	-1.6079022
724	164	-1.6079348
713	141	-1.6132008
44	628	-1.6181319
899	261	-1.6242071
832	431	-1.6246476
843	429	-1.6293803
922	205	-1.6355141
840	415	-1.6366662
774	290	-1.6445551
780	548	-1.6457138
780	317	-1.6464835
705	95	-1.6472465
790	535	-1.6506392
883	295	-1.6512563
821	441	-1.6538746
779	293	-1.6581564
919	434	-1.667055
924	415	-1.6672091
725	188	-1.6742439
760	255	-1.6755718
774	298	-1.6808969
888	303	-1.6827676
823	436	-1.6962236
851	396	-1.6987888
853	390	-1.6999819
819	461	-1.7001237
843	408	-1.703067
726	168	-1.7043247
858	607	-1.7080582
804	473	-1.7108918
925	575	-1.7138164
797	350	-1.7146198
802	513	-1.7167706
923	196	-1.7214324
803	525	-1.7296793
794	555	-1.7299234
774	59	-1.7344729
836	433	-1.7385329
929	402	-1.7415323
864	301	-1.7430689
831	427	-1.7467557
23	624	-1.7468249
762	266	-1.7469242
923	419	-1.7473123
70	644	-1.7475636
54	633	-1.7480088
751	230	-1.7490551
907	546	-1.7497026
782	64	-1.749703
719	152	-1.7500505
883	312	-1.7503903
785	307	-1.7512819
828	451	-1.751917
779	532	-1.760126
844	585	-1.7608415
37	620	-1.7635919
707	105	-1.7691073
830	442	-1.7736323
889	509	-1.7742214
57	636	-1.7791831
749	246	-1.7835088
865	568	-1.7879602
865	297	-1.7912989
908	453	-1.7931749
918	206	-1.7951056
815	450	-1.7979305
700	103	-1.8014764
931	614	-1.8043265
812	173	-1.8049089
839	436	-1.8086809
777	536	-1.8094461
917	439	-1.816189
805	361	-1.8193976
723	179	-1.8281925
881	301	-1.8324212
784	295	-1.8325466
783	652	-1.8329465
898	356	-1.8436629
803	477	-1.8457975
794	340	-1.8503003
866	292	-1.8505491
925	182	-1.8539541
889	283	-1.8612202
888	504	-1.8625581
814	504	-1.8631757
827	430	-1.8641058
781	524	-1.8682796
736	215	-1.8713257
929	624	-1.8746711
792	329	-1.8750975
806	522	-1.8780633
799	527	-1.8788605
784	327	-1.8815193
24	619	-1.8973671
906	537	-1.8983539
886	498	-1.899676
703	112	-1.8997489
74	656	-1.8999901
849	400	-1.9011998
718	142	-1.9013879
851	591	-1.9024758
926	427	-1.9123981
861	574	-1.9128267
922	431	-1.9175595
715	149	-1.9184115
698	97	-1.9184355
893	291	-1.9185102
923	188	-1.9192564
730	175	-1.9208627
717	133	-1.9209032
807	514	-1.9215766
708	110	-1.922024
843	441	-1.9236983
832	436	-1.9288079
894	262	-1.9308425
720	148	-1.9308707
856	558	-1.9319186
752	251	-1.9348714
929	630	-1.9387381
706	124	-1.9400947
835	653	-1.9403483
849	570	-1.9493195
793	335	-1.9502127
769	561	-1.9509821
716	157	-1.952518
808	368	-1.9532869
894	348	-1.9543717
714	145	-1.9551363
765	583	-1.9555148
786	569	-1.9582293
917	559	-1.9683466
730	201	-1.9684224
924	200	-1.972681
818	445	-1.9783732
744	232	-1.9800453
882	319	-1.9820921
856	615	-1.9822273
777	553	-1.9828029
879	311	-1.9829395
851	443	-1.9858242
891	513	-1.9866593
762	271	-1.987309
781	321	-1.987392
896	276	-1.9890498
787	286	-1.9913054
855	451	-1.9948703
689	63	-1.9965578
775	286	-1.997136
926	579	-1.9981073
874	311	-2.00046
782	290	-2.0017507
834	467	-2.0031354
748	219	-2.0068953
820	185	-2.0075467
892	266	-2.008499
841	453	-2.010831
762	261	-2.0109324
815	473	-2.011255
882	511	-2.0117745
890	299	-2.0125024
814	514	-2.0145273
932	413	-2.0147488
878	315	-2.0158257
931	417	-2.0225945
853	384	-2.0239768
908	551	-2.037085
66	652	-2.0403092
916	448	-2.042463
849	438	-2.0462437
719	205	-2.0469189
784	575	-2.0470355
48	629	-2.049029
766	274	-2.0501218
927	613	-2.0563931
757	258	-2.0564704
81	654	-2.058329
922	561	-2.0591323
32	616	-2.063338
78	649	-2.0674622
916	200	-2.0686338
740	224	-2.069472
902	532	-2.070223
851	257	-2.0711668
838	465	-2.0746071
897	257	-2.0751715
895	519	-2.0753102
848	434	-2.0765493
884	291	-2.078229
697	62	-2.081274
906	463	-2.0858703
735	185	-2.0865026
799	517	-2.0876744
777	542	-2.0877604
865	305	-2.0884748
691	136	-2.0908775
927	571	-2.0924127
720	168	-2.099323
874	319	-2.1039965
784	73	-2.1058095
28	634	-2.1074066
28	615	-2.1081777
776	41	-2.108953
693	82	-2.109555
832	411	-2.1099734
859	552	-2.1147645
799	355	-2.1190987
805	373	-2.1221957
916	443	-2.1243317
847	379	-2.1257675
770	48	-2.1280441
919	142	-2.1284409
793	653	-2.1307106
925	564	-2.1323023
772	55	-2.132755
896	524	-2.1370015
844	445	-2.1381795
851	375	-2.1406856
878	304	-2.145318
689	37	-2.152976
892	295	-2.153814
789	575	-2.15409
852	616	-2.1569128
878	320	-2.1569307
896	530	-2.1590562
762	590	-2.1592631
926	654	-2.160808
934	617	-2.1627958
35	640	-2.1725717
804	366	-2.1731496
926	621	-2.1743112
807	354	-2.1748614
806	463	-2.175972
842	419	-2.177084
744	206	-2.179328
776	67	-2.1813722
816	183	-2.182043
843	424	-2.1887286
912	452	-2.1890998
695	148	-2.1893828
786	282	-2.1928504
888	516	-2.1953108
790	93	-2.195332
718	162	-2.1967301
773	302	-2.1996
813	177	-2.2013175
792	322	-2.2025924
868	300	-2.2026432
732	208	-2.2046893
812	167	-2.205328
916	555	-2.2097194
865	593	-2.2109592
916	563	-2.2112374
677	85	-2.213687
814	509	-2.214851
775	584	-2.2164853
785	299	-2.2178204
681	34	-2.2179089
895	285	-2.2209296
688	43	-2.221132
897	196	-2.222198
880	496	-2.223484
711	116	-2.2245603
929	606	-2.2251594
43	644	-2.225372
788	331	-2.2257724
782	579	-2.2317705
841	448	-2.2333636
849	451	-2.2334754
704	118	-2.2365234
788	272	-2.2374418
720	173	-2.2382708
771	578	-2.2407458
766	269	-2.2445714
903	544	-2.246198
834	462	-2.2465372
802	533	-2.2468174
890	500	-2.2487402
791	97	-2.2532895
837	625	-2.2534266
812	520	-2.2588735
788	653	-2.260802
789	556	-2.2614803
718	199	-2.2626853
853	261	-2.2640803
769	41	-2.2656903
831	415	-2.2716403
767	579	-2.2723012
775	558	-2.273294
881	506	-2.2774363
875	307	-2.277643
823	459	-2.2795699
758	262	-2.2824159
920	567	-2.28511
823	431	-2.2851276
811	482	-2.2863414
791	89	-2.2878542
827	455	-2.288112
766	588	-2.2892435
722	183	-2.295103
902	538	-2.3005548
934	609	-2.3040726
726	158	-2.3054645
691	57	-2.3070982
714	153	-2.3074265
787	268	-2.310177
701	74	-2.3135977
926	178	-2.3137915
773	588	-2.315552
790	101	-2.3158274
855	376	-2.3173013
932	621	-2.319114
769	567	-2.31943
837	630	-2.3205903
808	358	-2.3250062
804	509	-2.3256729
922	572	-2.3269386
866	287	-2.3283658
886	309	-2.328492
927	599	-2.3290577
871	334	-2.331643
881	323	-2.3333209
799	536	-2.3337462
873	315	-2.3337655
809	460	-2.3340127
920	128	-2.3364153
24	629	-2.3370442
695	138	-2.3387892
888	494	-2.3415706
926	627	-2.3427165
809	170	-2.3434038
709	137	-2.3443954
830	463	-2.3513303
878	514	-2.3546944
881	500	-2.3557343
916	193	-2.3588176
854	610	-2.3597627
875	268	-2.359954
819	189	-2.3601432
774	592	-2.360439
837	163	-2.3616257
874	486	-2.3646753
830	469	-2.3666196
831	651	-2.368737
692	125	-2.3727162
707	99	-2.3750155
778	528	-2.3754423
923	435	-2.3758886
898	272	-2.3771324
921	209	-2.377474
19	623	-2.3775468
819	180	-2.3777878
927	583	-2.3813798
856	447	-2.3822367
768	37	-2.3868008
786	291	-2.3871377
777	562	-2.3875778
915	435	-2.3876443
810	524	-2.3899117
875	323	-2.3948996
689	71	-2.3953848
926	587	-2.3962786
866	348	-2.3981285
700	109	-2.3986483
741	199	-2.3991046
900	199	-2.400678
919	148	-2.402433
930	610	-2.4026093
671	58	-2.4042861
883	515	-2.4110394
911	456	-2.4132028
933	409	-2.4147358
848	627	-2.4156492
782	285	-2.4170823
926	204	-2.421092
693	89	-2.4216921
920	442	-2.4240272
902	550	-2.4265418
807	488	-2.428148
797	337	-2.4311256
729	171	-2.4311795
900	360	-2.4315906
896	203	-2.431989
42	621	-2.4339125
864	589	-2.4349403
844	598	-2.4359539
839	392	-2.436063
771	293	-2.4380991
776	34	-2.4418511
890	350	-2.4420161
775	570	-2.4437544
775	314	-2.4474366
777	71	-2.4511979
794	564	-2.4515986
778	289	-2.4518359
688	133	-2.4522836
770	582	-2.4541163
843	385	-2.4558632
798	341	-2.4580843
852	623	-2.458516
809	372	-2.4594958
918	430	-2.4595675
809	164	-2.4609718
860	548	-2.4633296
744	240	-2.463378
781	552	-2.4634035
847	407	-2.4646742
840	612	-2.469488
78	657	-2.4696403
867	552	-2.4744847
927	431	-2.4758425
870	320	-2.4800587
833	176	-2.4810638
787	278	-2.4826035
847	430	-2.4827201
779	583	-2.4828725
918	188	-2.4836257
690	77	-2.487001
767	33	-2.4907346
876	263	-2.4909422
778	587	-2.4919963
889	269	-2.492703
897	536	-2.4928348
870	346	-2.495755
66	640	-2.4959004
713	120	-2.4969208
912	549	-2.502672
789	337	-2.502773
786	564	-2.5048723
858	602	-2.5100431
773	63	-2.5113316
738	193	-2.5138347
784	547	-2.515135
671	64	-2.5156825
812	181	-2.5213718
831	407	-2.523413
938	607	-2.52587
691	121	-2.5262644
890	520	-2.5304441
853	253	-2.5317225
919	133	-2.5320187
694	142	-2.5324209
796	560	-2.5324433
789	105	-2.5329204
932	603	-2.533512
773	599	-2.533843
779	51	-2.5340474
909	540	-2.5341063
900	528	-2.5352972
24	613	-2.535702
829	178	-2.538663
799	478	-2.5391045
784	78	-2.5396652
930	593	-2.5468125
782	59	-2.547756
793	344	-2.5504673
927	170	-2.55164
891	345	-2.5547533
869	304	-2.5571647
927	162	-2.5604503
849	598	-2.5614228
727	198	-2.5617046
878	522	-2.562421
861	306	-2.5632653
864	309	-2.5674427
874	345	-2.5675874
885	549	-2.5682304
798	541	-2.5685015
825	463	-2.5691419
871	340	-2.5702753
872	326	-2.5740893
922	585	-2.5744555
780	79	-2.5748756
706	130	-2.5751693
925	403	-2.5752742
692	132	-2.5761664
761	251	-2.5761757
741	229	-2.5765226
806	350	-2.5771966
802	469	-2.5779243
873	491	-2.5782087
837	455	-2.5828996
737	221	-2.5832138
921	412	-2.5832558
916	453	-2.5837238
874	272	-2.5957494
800	474	-2.5961297
882	327	-2.597713
779	653	-2.597978
678	89	-2.59929
845	454	-2.6061506
874	303	-2.6063707
921	184	-2.6066053
925	192	-2.6067896
799	484	-2.6071703
796	332	-2.6095655
751	222	-2.6105864
671	70	-2.6129835
809	158	-2.6131995
826	467	-2.6140122
904	458	-2.615047
785	543	-2.6186564
806	242	-2.6231043
873	569	-2.6231441
798	531	-2.6253116
925	617	-2.625932
850	83	-2.628175
824	189	-2.6300511
841	608	-2.630362
878	492	-2.6332362
685	40	-2.6355133
809	176	-2.6362314
933	403	-2.63639
894	357	-2.6434226
53	649	-2.6435754
859	580	-2.6443856
935	613	-2.6454003
812	161	-2.6466918
936	444	-2.6471224
927	186	-2.6471612
784	271	-2.6500309
918	653	-2.6530237
837	649	-2.6539023
810	456	-2.654439
790	109	-2.6580937
890	490	-2.658433
901	353	-2.6585832
837	158	-2.6586027
893	497	-2.6590679
825	193	-2.6614366
765	218	-2.6624694
868	565	-2.6632361
926	106	-2.663963
677	35	-2.6646042
787	560	-2.664636
878	509	-2.6662865
926	124	-2.6685085
689	129	-2.6695223
861	594	-2.6720932
874	330	-2.6729057
771	572	-2.6741867
804	493	-2.6754532
889	274	-2.6787286
922	578	-2.6830032
695	55	-2.683237
837	616	-2.6852033
833	453	-2.6856542
918	212	-2.6870515
788	86	-2.6895092
77	645	-2.6899943
877	300	-2.690251
792	551	-2.6917286
824	489	-2.69238
855	442	-2.6935549
655	85	-2.6937323
883	493	-2.6939654
888	279	-2.6946774
786	303	-2.6976683
775	548	-2.6993139
753	257	-2.6999264
808	510	-2.7006857
837	169	-2.7037988
802	344	-2.7046335
841	637	-2.7049356
899	192	-2.7056592
772	564	-2.7060363
723	151	-2.7063217
814	227	-2.706696
841	629	-2.708033
807	238	-2.7087784
764	278	-2.7095969
925	605	-2.7097034
925	208	-2.71166
876	341	-2.7117574
835	634	-2.7145197
919	426	-2.7162957
865	585	-2.71758
758	267	-2.719005
849	100	-2.7206674
914	204	-2.7217798
927	448	-2.7221696
927	254	-2.7256515
852	93	-2.727626
930	634	-2.7288055
687	125	-2.730353
906	469	-2.7309184
885	519	-2.73113
809	233	-2.7312245
926	158	-2.7321105
874	337	-2.73337
842	463	-2.735732
821	465	-2.7366357
46	624	-2.7375433
816	518	-2.7376032
913	608	-2.7377973
850	404	-2.7413328
870	312	-2.7413578
745	245	-2.7419808
928	567	-2.743735
782	571	-2.744423
764	569	-2.7444637
680	38	-2.7449293
859	598	-2.7455447
880	518	-2.746972
901	256	-2.7475455
718	211	-2.750327
911	448	-2.7512057
926	166	-2.7513025
778	578	-2.751696
885	284	-2.7517629
848	619	-2.7524614
902	524	-2.7533593
903	262	-2.7563972
829	423	-2.7566667
847	253	-2.756895
815	187	-2.758171
816	233	-2.75904
675	81	-2.759964
868	556	-2.7606742
892	526	-2.7615035
850	612	-2.7629898
820	193	-2.764396
743	236	-2.764488
839	444	-2.7654085
852	79	-2.7654307
817	440	-2.7670417
771	595	-2.7673035
920	447	-2.7673924
926	609	-2.76932
687	55	-2.770616
774	282	-2.771067
833	629	-2.771525
841	653	-2.7734342
864	352	-2.7748432
878	336	-2.776007
878	326	-2.776199
893	258	-2.7764413
901	266	-2.7789652
912	557	-2.782496
831	446	-2.78271
920	137	-2.783223
899	521	-2.783791
833	403	-2.7845519
809	364	-2.7861204
816	499	-2.7882066
772	306	-2.7905033
907	449	-2.7912602
798	653	-2.7923088
929	456	-2.7927861
826	483	-2.7932947
58	632	-2.7941453
919	153	-2.794463
837	638	-2.7955282
679	79	-2.7984133
790	283	-2.7985582
724	192	-2.8013878
706	169	-2.803594
862	294	-2.8051815
793	288	-2.8057308
715	206	-2.8075845
868	308	-2.8080852
795	326	-2.8085635
73	641	-2.809037
53	629	-2.8098066
692	117	-2.8105555
878	503	-2.8119996
929	638	-2.8155763
879	296	-2.8160203
830	458	-2.8189762
20	618	-2.819295
808	376	-2.820157
825	426	-2.8203065
917	551	-2.8207932
789	113	-2.8208792
885	322	-2.820963
865	573	-2.8215156
36	615	-2.8227515
796	38	-2.8231833
717	128	-2.8242383
792	517	-2.8282733
922	408	-2.828503
902	462	-2.8291936
903	466	-2.8296576
938	440	-2.8312159
854	265	-2.8312337
886	523	-2.8314323
790	540	-2.8315897
850	566	-2.8329608
808	505	-2.8331094
716	169	-2.8331475
925	174	-2.834577
782	519	-2.835816
825	198	-2.836169
894	207	-2.8397079
874	257	-2.8423147
811	224	-2.8429708
869	330	-2.8471868
804	529	-2.8479347
896	515	-2.8480833
809	151	-2.8490765
771	287	-2.8491268
785	69	-2.8491595
798	58	-2.8510835
819	469	-2.8519669
770	297	-2.8535485
841	588	-2.8548827
930	586	-2.8581948
764	254	-2.8605165
802	461	-2.8608294
687	47	-2.8610392
872	265	-2.8649821
773	651	-2.8655756
925	102	-2.8662517
852	87	-2.8666418
700	115	-2.8683937
766	264	-2.8697927
861	298	-2.8709161
777	523	-2.8716245
876	276	-2.872196
801	360	-2.8722384
769	553	-2.872709
833	182	-2.8738842
853	269	-2.8772151
931	398	-2.878498
696	101	-2.879798
929	461	-2.8804848
688	32	-2.88601
805	458	-2.8869145
873	482	-2.8876152
926	595	-2.8884058
714	161	-2.888901
897	280	-2.8893306
821	197	-2.8928752
929	576	-2.8955624
884	345	-2.8975525
722	144	-2.8987858
20	627	-2.8994021
670	54	-2.899579
779	574	-2.9012063
687	117	-2.9018533
865	344	-2.9021657
924	129	-2.9024408
844	576	-2.9033372
715	173	-2.907941
835	439	-2.9094424
903	454	-2.9129195
837	450	-2.9136984
916	145	-2.9142897
917	183	-2.9172537
837	396	-2.9175146
838	459	-2.9187067
46	647	-2.9216216
837	174	-2.9243057
860	351	-2.9257424
878	348	-2.9301913
916	568	-2.9302177
893	505	-2.930926
865	579	-2.933353
39	643	-2.9344518
798	556	-2.9345434
795	34	-2.9348936
909	614	-2.9365425
924	591	-2.936586
899	546	-2.9375503
811	239	-2.937615
827	475	-2.9377096
867	336	-2.9416711
855	370	-2.9422112
860	449	-2.9433796
818	176	-2.9459496
921	596	-2.9476244
932	627	-2.947664
898	485	-2.951068
926	215	-2.9523587
706	163	-2.954859
835	621	-2.9558022
922	652	-2.9572706
768	575	-2.9585848
761	275	-2.959314
864	332	-2.960418
70	655	-2.9612105
887	553	-2.9613638
818	505	-2.9624975
801	546	-2.9629076
697	106	-2.9642663
761	586	-2.9644458
856	380	-2.9676514
715	190	-2.9676769
885	316	-2.9683745
781	55	-2.9689376
667	59	-2.9702327
760	74	-2.9705734
776	318	-2.971007
928	452	-2.9717767
841	117	-2.9719512
927	260	-2.9733775
829	152	-2.9739769
696	152	-2.9747171
754	261	-2.9751034
885	557	-2.977988
773	554	-2.978311
880	340	-2.979967
668	46	-2.980333
690	140	-2.9824026
811	451	-2.9864116
795	534	-2.987177
869	296	-2.9886367
749	215	-2.99118
787	81	-2.9936302
690	212	-2.993661
686	59	-2.994435
810	228	-2.9980834
873	78	-2.9994473
922	213	-2.9999125
863	284	-3.0006266
796	119	-3.0019772
795	123	-3.0025663
868	599	-3.0027335
930	580	-3.0028913
770	30	-3.0040421
875	495	-3.0041587
785	263	-3.0051196
847	425	-3.0071309
853	561	-3.0075436
892	211	-3.0080526
872	299	-3.0093238
770	283	-3.011322
829	173	-3.0118036
860	616	-3.013141
826	181	-3.015681
791	316	-3.016557
842	592	-3.0169685
926	118	-3.0172374
855	592	-3.0174823
803	504	-3.018398
913	189	-3.0191028
871	74	-3.0191255
26	608	-3.01996
927	530	-3.0200422
765	593	-3.0200875
914	545	-3.0213223
851	369	-3.0218098
865	548	-3.0227373
720	136	-3.0242217
862	289	-3.0273745
798	52	-3.0279717
920	416	-3.0294647
915	596	-3.0296578
847	110	-3.0298324
890	340	-3.0306823
756	60	-3.031328
922	243	-3.031343
748	250	-3.0324485
757	591	-3.0352762
912	604	-3.0356011
922	177	-3.035957
728	162	-3.0374095
906	531	-3.0374522
809	215	-3.0375202
833	647	-3.0387251
870	288	-3.041043
715	165	-3.041085
843	633	-3.0412428
835	154	-3.0419095
869	570	-3.0448456
927	650	-3.0456464
862	544	-3.0461237
926	633	-3.0481899
687	137	-3.0492492
837	179	-3.0511916
915	209	-3.0549386
869	561	-3.056518
694	94	-3.0575273
797	42	-3.0579398
812	155	-3.0613365
919	216	-3.0630574
849	106	-3.0630622
879	344	-3.0651538
877	499	-3.0657747
913	196	-3.0661063
796	127	-3.0677354
919	649	-3.069168
16	619	-3.069778
719	177	-3.069832
898	540	-3.0709112
927	154	-3.072995
721	187	-3.073667
847	76	-3.0741832
880	292	-3.074606
931	598	-3.0751033
856	387	-3.0765765
804	252	-3.0768275
686	66	-3.0774927
729	205	-3.0783355
82	650	-3.0784838
882	335	-3.0791154
796	547	-3.079695
760	246	-3.0821388
898	552	-3.0823603
919	420	-3.0842035
793	349	-3.0842395
683	44	-3.0848665
778	593	-3.085647
853	437	-3.0865893
859	355	-3.0885632
927	219	-3.088962
898	253	-3.090275
788	296	-3.090368
717	195	-3.09064
690	85	-3.0918367
778	283	-3.0920475
929	444	-3.0950358
937	603	-3.0958297
816	172	-3.0964768
679	42	-3.096653
912	460	-3.0974567
791	83	-3.0975358
779	557	-3.0977194
840	584	-3.0984027
710	171	-3.100063
702	122	-3.100844
931	422	-3.1022341
711	148	-3.1046228
879	330	-3.1052155
800	465	-3.1094368
825	185	-3.109782
818	201	-3.111006
814	526	-3.112623
770	591	-3.11281
873	349	-3.1144538
808	246	-3.1156538
814	446	-3.1162539
894	551	-3.1170702
864	340	-3.1173332
864	357	-3.1174805
841	617	-3.1198711
84	657	-3.1208198
799	62	-3.120925
784	332	-3.1227257
825	471	-3.123881
794	103	-3.1248434
923	624	-3.12679
926	250	-3.127992
869	316	-3.1284564
897	481	-3.1293807
793	293	-3.1303062
62	636	-3.1316679
733	178	-3.1318927
789	264	-3.1330185
819	435	-3.1348176
833	170	-3.1374128
921	451	-3.1378925
926	98	-3.139999
692	34	-3.1411588
787	90	-3.1420977
840	388	-3.1438081
832	473	-3.1461725
818	512	-3.147676
752	45	-3.1485214
849	263	-3.148627
899	469	-3.1488125
689	81	-3.1495352
750	41	-3.150371
814	424	-3.1523676
766	282	-3.153609
794	111	-3.153665
934	438	-3.1542125
766	564	-3.1542335
925	110	-3.154901
789	545	-3.1568377
898	473	-3.1577346
844	412	-3.159005
922	123	-3.159799
924	557	-3.1617846
782	280	-3.161812
754	56	-3.1655078
897	489	-3.1683922
800	550	-3.1688719
828	487	-3.1691682
756	68	-3.1700385
843	380	-3.1700554
773	310	-3.1714625
879	260	-3.1760046
920	592	-3.1767619
857	586	-3.1773727
815	479	-3.1802182
724	206	-3.1813238
780	325	-3.1836305
855	394	-3.183861
817	196	-3.1845186
737	228	-3.1851578
894	342	-3.1866057
904	554	-3.1872528
696	120	-3.187751
788	77	-3.188971
878	484	-3.1896913
763	206	-3.1916819
696	134	-3.1923053
675	66	-3.1939652
845	116	-3.1944268
922	248	-3.194902
691	52	-3.1958523
689	113	-3.196409
711	107	-3.1983914
927	436	-3.1987169
922	145	-3.1990528
807	255	-3.2012017
878	219	-3.2021701
908	556	-3.2022824
906	653	-3.2041645
801	371	-3.2041936
833	160	-3.2042923
857	35	-3.2060852
776	566	-3.206431
783	275	-3.2065752
775	575	-3.206814
804	377	-3.2075903
691	147	-3.2094605
710	157	-3.2108483
768	290	-3.2114604
929	469	-3.211728
792	274	-3.2118187
846	602	-3.2121704
820	388	-3.214355
893	485	-3.2147717
841	49	-3.215813
885	339	-3.2181458
853	97	-3.2188082
770	275	-3.2194793
921	628	-3.2248144
882	287	-3.225904
874	583	-3.226605
692	47	-3.2282002
875	579	-3.2284236
828	412	-3.2292027
934	448	-3.2296472
846	375	-3.230891
710	102	-3.231358
896	361	-3.232528
709	142	-3.2330215
890	261	-3.233689
829	162	-3.235456
704	159	-3.23547
837	643	-3.2355325
702	70	-3.2395022
930	426	-3.2395089
820	498	-3.2412875
726	202	-3.2427194
696	110	-3.24335
849	90	-3.2437942
875	565	-3.2451267
695	156	-3.2464166
820	399	-3.246886
821	427	-3.246896
816	192	-3.2518353
783	267	-3.2539675
675	73	-3.2594154
870	536	-3.2596524
822	395	-3.2599106
661	85	-3.2599642
871	276	-3.260266
786	97	-3.2603781
868	353	-3.2621093
926	399	-3.2650123
811	211	-3.265811
878	213	-3.2667418
882	349	-3.2667964
685	51	-3.2672732
903	510	-3.2684646
828	419	-3.2689154
717	215	-3.2695282
851	431	-3.2704816
761	594	-3.2730489
797	48	-3.2737439
663	61	-3.2742243
824	479	-3.27529
807	453	-3.2760665
795	115	-3.2765582
928	465	-3.2766504
843	625	-3.2766705
832	656	-3.277306
861	347	-3.2774603
924	114	-3.2775962
791	172	-3.2782419
667	50	-3.2782826
800	134	-3.279308
893	534	-3.2803736
811	219	-3.2806478
913	613	-3.2826834
737	129	-3.2880175
842	604	-3.2881706
666	55	-3.2887793
910	464	-3.2892148
886	545	-3.290435
707	174	-3.2913194
898	209	-3.2931955
850	606	-3.2931993
926	525	-3.2932847
712	111	-3.2941024
841	468	-3.2943559
856	620	-3.294585
924	149	-3.2946234
872	253	-3.295011
776	75	-3.295683
758	64	-3.2961824
915	457	-3.2973561
769	52	-3.2995114
846	103	-3.300091
794	282	-3.3001282
829	157	-3.3003056
754	266	-3.3012624
915	149	-3.3041885
922	254	-3.3057225
752	52	-3.3060696
918	157	-3.3063152
912	444	-3.3063803
740	233	-3.3064826
920	602	-3.307729
762	579	-3.3077667
871	292	-3.308351
812	420	-3.309494
713	200	-3.3097832
893	557	-3.3125184
932	453	-3.3125541
850	250	-3.3151464
924	141	-3.3162105
732	213	-3.3183932
895	511	-3.322039
790	117	-3.322226
61	652	-3.3226128
808	528	-3.3229246
698	58	-3.3235257
829	168	-3.3239157
681	84	-3.3240752
769	301	-3.3244672
867	283	-3.3255718
901	188	-3.3258402
795	354	-3.3267617
847	86	-3.3282385
919	575	-3.3308926
845	249	-3.3319426
863	52	-3.3340201
883	331	-3.3340569
830	632	-3.3368049
697	125	-3.339765
847	623	-3.3399634
769	601	-3.340021
778	348	-3.342301
915	425	-3.3468828
780	270	-3.347052
827	148	-3.347383
931	539	-3.3476822
670	42	-3.3488672
820	228	-3.3500319
933	631	-3.3508832
797	292	-3.351212
770	270	-3.3513577
852	595	-3.3514683
848	95	-3.3529465
764	214	-3.3534045
898	410	-3.3537927
926	264	-3.354907
767	45	-3.3551912
702	155	-3.3560486
770	60	-3.356353
800	387	-3.356847
882	524	-3.3575447
764	222	-3.3583968
854	605	-3.3586266
67	610	-3.3609624
885	276	-3.361505
922	614	-3.3637793
878	569	-3.363928
875	539	-3.3640683
850	73	-3.366984
809	146	-3.3674228
870	542	-3.36749
912	562	-3.3682725
789	167	-3.369153
815	223	-3.3693092
872	283	-3.3700864
925	94	-3.3702087
821	232	-3.3704362
767	286	-3.3717117
903	520	-3.3717551
916	603	-3.3723338
794	94	-3.3737257
902	505	-3.3741126
936	398	-3.375142
880	488	-3.3751776
870	522	-3.375321
868	324	-3.3756673
928	535	-3.376983
747	209	-3.3770375
675	54	-3.3782382
847	259	-3.378767
768	252	-3.379677
859	453	-3.3797617
923	155	-3.381165
794	538	-3.3826919
874	523	-3.383307
915	217	-3.3839748
790	341	-3.3841996
852	628	-3.3858228
918	179	-3.3869765
923	169	-3.387542
695	114	-3.3887784
924	439	-3.389673
803	454	-3.3901014
31	612	-3.3915734
860	302	-3.3930519
855	356	-3.3938081
825	177	-3.3941514
673	77	-3.394505
852	425	-3.395055
818	430	-3.3956358
723	199	-3.3967197
795	107	-3.3970122
820	493	-3.3990045
815	213	-3.4006188
804	499	-3.4010863
849	271	-3.4013827
819	392	-3.4017916
803	537	-3.40506
799	492	-3.406717
691	216	-3.4068267
695	211	-3.4084494
884	280	-3.4086144
927	224	-3.4091299
799	76	-3.409727
767	294	-3.410021
871	497	-3.4107294
765	651	-3.4117253
22	609	-3.4123836
751	59	-3.413404
894	254	-3.415094
927	268	-3.415586
894	501	-3.4171445
900	183	-3.4185576
846	614	-3.4192343
860	49	-3.420707
918	587	-3.4210114
922	219	-3.421066
703	127	-3.4219165
916	139	-3.4225512
891	354	-3.4229326
748	349	-3.424524
765	258	-3.4253983
846	82	-3.4277868
842	457	-3.4280908
673	162	-3.428267
940	445	-3.4287567
758	272	-3.428929
841	642	-3.4297147
32	37	-3.4298742
714	185	-3.4306712
788	579	-3.4320025
899	349	-3.4321487
919	484	-3.4323912
894	492	-3.433384
856	39	-3.4355528
706	86	-3.4365852
880	264	-3.4379551
802	542	-3.4382577
15	624	-3.438337
711	167	-3.4389114
803	139	-3.440344
938	599	-3.440479
853	401	-3.4406304
85	618	-3.4468832
865	501	-3.4478405
815	237	-3.4492636
690	109	-3.450052
837	149	-3.4503613
848	411	-3.4512115
813	374	-3.4525423
820	516	-3.4530015
841	60	-3.4532626
894	199	-3.4540384
800	457	-3.4553952
818	403	-3.456261
869	70	-3.4575152
759	241	-3.4603503
841	55	-3.4605975
663	35	-3.4611444
679	93	-3.4643543
840	124	-3.4652138
17	615	-3.4662302
793	278	-3.466477
827	492	-3.4672515
899	456	-3.467418
865	313	-3.4678268
85	653	-3.4682436
790	312	-3.4684582
695	129	-3.4696121
921	618	-3.4730096
906	410	-3.4736333
777	597	-3.4752886
779	344	-3.4767816
740	239	-3.480044
869	583	-3.4801614
806	211	-3.4809997
785	257	-3.482084
926	244	-3.4834793
855	83	-3.4841971
852	454	-3.4845626
913	600	-3.484621
858	543	-3.4899485
724	211	-3.4910965
900	365	-3.4924848
864	280	-3.4953244
708	92	-3.4955976
865	609	-3.4973712
904	174	-3.4977882
936	434	-3.4980183
829	197	-3.4983613
778	353	-3.4986367
910	416	-3.4987664
802	57	-3.5011292
704	80	-3.5017319
853	102	-3.501771
906	500	-3.5020893
811	185	-3.5037396
812	357	-3.5054102
902	514	-3.5074108
904	356	-3.509032
855	554	-3.5091314
841	43	-3.5091486
864	327	-3.5091603
782	83	-3.510246
833	165	-3.5113747
827	202	-3.5133557
705	134	-3.5137382
864	451	-3.5139875
878	527	-3.51417
792	40	-3.5157263
904	473	-3.5161402
890	307	-3.516238
835	445	-3.5165808
938	449	-3.5165896
655	90	-3.5177872
710	162	-3.5183809
860	310	-3.52156
874	295	-3.5255322
762	80	-3.5255942
681	48	-3.5256119
895	544	-3.5257695
751	37	-3.5258641
691	152	-3.5261197
936	406	-3.5271606
871	82	-3.5276592
686	121	-3.5281823
796	481	-3.5283997
888	265	-3.52891
785	336	-3.5289636
833	642	-3.5292544
912	185	-3.529537
793	544	-3.5300326
756	236	-3.5302083
777	266	-3.5317311
922	262	-3.5341413
762	285	-3.5348814
777	322	-3.5360124
909	607	-3.5366144
900	205	-3.537519
795	297	-3.5375268
820	213	-3.5379114
684	134	-3.5391266
880	271	-3.5394886
890	550	-3.5399914
831	147	-3.5407114
759	363	-3.5423794
807	200	-3.545786
812	500	-3.5459352
813	197	-3.546127
872	573	-3.547117
927	658	-3.547412
828	188	-3.547917
875	517	-3.549611
821	173	-3.5503418
885	541	-3.5504918
12	621	-3.5510986
923	134	-3.5517066
793	44	-3.5526638
667	66	-3.552907
771	279	-3.5537765
805	76	-3.5553248
711	175	-3.5554583
916	129	-3.5564413
658	82	-3.557426
820	483	-3.5576894
891	204	-3.5580184
930	642	-3.5584571
749	254	-3.558892
897	345	-3.5611217
861	540	-3.5611362
807	446	-3.561632
815	412	-3.562687
871	269	-3.563405
668	38	-3.565501
673	34	-3.565666
853	365	-3.5656724
876	532	-3.5661633
50	625	-3.5665517
911	200	-3.5668454
906	525	-3.567004
886	489	-3.5684443
807	496	-3.5694919
859	590	-3.5706944
825	213	-3.5710025
845	99	-3.5717
799	70	-3.5718317
896	187	-3.5731053
754	40	-3.5738049
795	99	-3.575377
748	48	-3.575537
679	70	-3.5784276
781	566	-3.5792627
763	34	-3.581829
799	124	-3.5823972
931	551	-3.5837796
841	111	-3.5841906
917	489	-3.5845058
895	214	-3.5851083
801	338	-3.5872426
851	408	-3.5874774
791	269	-3.5888093
697	48	-3.5894833
730	167	-3.5899312
674	88	-3.5900848
841	647	-3.5916085
814	416	-3.5930448
832	485	-3.5930727
846	71	-3.5933902
829	184	-3.5940711
928	440	-3.5955184
882	552	-3.5965672
799	130	-3.596576
914	431	-3.5981934
785	111	-3.5983713
822	475	-3.5984182
834	399	-3.5994854
841	580	-3.6016376
784	555	-3.6034663
798	488	-3.606034
889	486	-3.6072636
842	128	-3.6110706
748	54	-3.6113398
869	547	-3.6123877
840	600	-3.6127443
903	169	-3.6141388
12	613	-3.6167839
830	380	-3.6170862
923	163	-3.617183
862	56	-3.6178024
849	631	-3.6181128
786	116	-3.618383
846	608	-3.6194937
850	421	-3.621945
670	74	-3.6223762
814	242	-3.6225257
764	291	-3.6276278
804	135	-3.627783
922	455	-3.6284335
859	45	-3.6288986
821	209	-3.6294758
926	90	-3.630051
846	123	-3.6309762
672	48	-3.631095
664	47	-3.6316457
710	152	-3.6322427
744	262	-3.6365633
866	496	-3.6368406
829	192	-3.638183
922	107	-3.638216
786	102	-3.6399832
691	223	-3.6414495
831	477	-3.642207
906	516	-3.6423051
678	97	-3.6423943
885	271	-3.6444006
893	540	-3.644424
651	84	-3.6445348
927	560	-3.646199
737	244	-3.6470094
938	402	-3.6490195
843	66	-3.649392
942	438	-3.6501663
882	567	-3.6503618
662	57	-3.6508245
689	105	-3.6513405
926	231	-3.651503
823	151	-3.6535635
843	255	-3.656726
717	122	-3.6569428
903	180	-3.6576545
726	218	-3.6577096
912	653	-3.6579468
770	557	-3.6587863
761	210	-3.6604786
689	91	-3.6612172
693	207	-3.6620624
916	591	-3.6621537
804	258	-3.6624472
699	146	-3.662564
703	166	-3.6626966
756	50	-3.662871
882	217	-3.665528
817	205	-3.6658971
912	439	-3.666645
803	131	-3.6668103
869	492	-3.667071
737	236	-3.6692443
682	88	-3.669342
836	471	-3.6694946
850	65	-3.6708724
788	163	-3.6711063
35	646	-3.6714408
860	359	-3.6715
808	207	-3.677568
910	193	-3.6780088
938	616	-3.679554
807	223	-3.6810033
760	69	-3.681049
865	392	-3.6812146
80	661	-3.682409
890	215	-3.6840088
793	58	-3.6840522
805	652	-3.684169
860	339	-3.6844547
23	633	-3.6845076
847	60	-3.684687
606	152	-3.6849492
892	336	-3.685901
845	652	-3.6869576
918	220	-3.6876087
825	172	-3.6884665
684	31	-3.6899512
924	444	-3.690293
855	599	-3.690325
713	194	-3.6910603
813	428	-3.691102
927	240	-3.693718
797	66	-3.6947508
697	33	-3.6964571
919	643	-3.6977465
891	530	-3.6979804
17	610	-3.6982005
827	208	-3.7009053
923	238	-3.7014754
933	457	-3.7024841
930	167	-3.7030458
852	109	-3.7039073
757	359	-3.7052047
888	527	-3.7065609
835	186	-3.7087505
885	127	-3.7094004
882	546	-3.7105289
899	477	-3.7109747
779	128	-3.711133
848	267	-3.7120657
31	639	-3.7120662
835	143	-3.7140174
741	243	-3.7141817
861	445	-3.7143712
817	396	-3.7146125
692	42	-3.7161274
805	144	-3.716374
875	280	-3.7173688
688	144	-3.7180016
869	65	-3.718244
748	34	-3.7184134
889	208	-3.7192495
826	144	-3.7204819
878	256	-3.720899
821	502	-3.721288
856	549	-3.7214131
792	178	-3.7215617
873	501	-3.722663
804	450	-3.723784
777	334	-3.7254882
701	162	-3.7266214
765	312	-3.7277262
923	258	-3.729227
855	90	-3.7306387
929	522	-3.7308543
790	157	-3.7312922
682	64	-3.7313373
917	609	-3.7321253
685	130	-3.7336812
825	156	-3.7341511
718	184	-3.735246
874	478	-3.7361803
777	279	-3.7367773
720	191	-3.7379777
918	581	-3.7383363
818	168	-3.7384338
661	65	-3.7408414
756	76	-3.7413578
801	496	-3.7433267
784	583	-3.7451947
935	624	-3.7472658
772	253	-3.7473075
874	510	-3.7479932
869	453	-3.7492073
897	495	-3.749459
874	353	-3.749775
846	461	-3.7500954
870	579	-3.750537
784	87	-3.7505503
863	60	-3.7521484
757	206	-3.7523632
796	135	-3.7528431
902	252	-3.7545178
854	405	-3.7551367
922	159	-3.7563062
836	198	-3.7574522
886	326	-3.7585137
808	492	-3.7586043
782	561	-3.7589989
827	406	-3.7591681
821	133	-3.7599723
829	402	-3.7604344
863	318	-3.7613003
706	153	-3.762834
841	103	-3.7637084
899	502	-3.7639866
890	471	-3.7652469
856	352	-3.7655203
849	115	-3.7655597
927	197	-3.7660828
870	386	-3.7665524
798	470	-3.7668152
815	218	-3.7676318
753	361	-3.768974
794	570	-3.7697146
741	128	-3.7700555
882	400	-3.770254
788	549	-3.7709005
745	257	-3.7709935
789	308	-3.7720935
727	237	-3.7734578
780	45	-3.7738688
909	620	-3.7764647
832	638	-3.7765214
693	104	-3.7769296
927	375	-3.77714
855	433	-3.7774663
853	36	-3.779772
793	387	-3.7802198
836	483	-3.7803757
859	441	-3.780426
799	391	-3.7814412
75	660	-3.7819343
927	235	-3.7838924
845	466	-3.78432
821	224	-3.785055
822	217	-3.7853875
864	362	-3.7857895
855	361	-3.786594
790	34	-3.786804
861	335	-3.7872565
824	496	-3.7874808
851	602	-3.7875311
68	23	-3.7908506
769	653	-3.7920456
912	593	-3.7921002
843	77	-3.792829
822	202	-3.793153
906	418	-3.7940507
815	400	-3.7989593
812	341	-3.799126
700	150	-3.7993886
736	181	-3.7994199
675	44	-3.7995124
908	445	-3.8003695
776	183	-3.8007634
82	665	-3.8020573
875	506	-3.8052108
768	113	-3.8052595
806	161	-3.8061771
906	220	-3.8069403
814	352	-3.8072987
894	475	-3.809977
896	366	-3.8110068
915	154	-3.8141046
934	595	-3.815241
703	172	-3.8155508
868	399	-3.8174045
903	448	-3.818263
833	190	-3.8192887
831	491	-3.8217638
913	541	-3.8219833
806	173	-3.8220518
894	193	-3.8225968
780	649	-3.8226185
748	62	-3.8238013
701	202	-3.823966
796	275	-3.826638
789	346	-3.8275812
938	593	-3.8280783
848	635	-3.8281906
930	159	-3.8291125
909	489	-3.8301747
908	561	-3.8313506
917	617	-3.8316643
803	383	-3.8323493
741	61	-3.834746
817	245	-3.8354597
905	257	-3.8355002
921	461	-3.835681
936	454	-3.8357453
800	95	-3.83622
871	261	-3.8372152
728	209	-3.8373668
639	108	-3.8382978
787	173	-3.8385718
874	388	-3.8402898
687	101	-3.8412886
840	622	-3.8434
852	46	-3.8435724
921	469	-3.8470752
41	617	-3.8475685
779	274	-3.8479898
864	388	-3.848453
798	90	-3.8487847
811	256	-3.8496714
803	61	-3.8505712
902	213	-3.850618
663	78	-3.8508167
813	496	-3.851849
902	408	-3.8519986
890	482	-3.852362
912	567	-3.8531814
856	77	-3.8538642
806	167	-3.8539028
764	574	-3.8539915
654	94	-3.8547075
765	40	-3.8581693
857	366	-3.8586817
713	180	-3.8591359
764	89	-3.8595169
808	251	-3.8604293
893	410	-3.86095
707	186	-3.8628397
756	44	-3.8629537
899	509	-3.8634002
761	302	-3.86362
727	222	-3.8638399
776	271	-3.8652036
870	528	-3.8656514
768	56	-3.867123
680	75	-3.8682296
927	474	-3.8690252
787	40	-3.8692894
862	504	-3.8693614
755	365	-3.8701982
859	372	-3.870922
788	260	-3.8718643
810	652	-3.8719587
933	583	-3.8722854
89	665	-3.872374
923	223	-3.8739357
929	175	-3.8744256
764	297	-3.8746703
736	125	-3.8746827
889	559	-3.875024
845	643	-3.8757792
921	404	-3.8777654
859	343	-3.877993
838	120	-3.8780987
838	139	-3.8785486
911	421	-3.8786948
922	553	-3.8795772
811	487	-3.8798814
797	359	-3.88061
764	76	-3.8811157
686	78	-3.8815017
766	97	-3.8820107
789	300	-3.8823183
847	371	-3.8842788
878	225	-3.885267
808	180	-3.8859053
813	246	-3.88677
789	374	-3.8868408
707	67	-3.8870697
784	648	-3.8873014
851	359	-3.8874755
768	103	-3.8876452
693	38	-3.8884733
850	415	-3.8887053
855	43	-3.8905706
864	48	-3.892045
765	559	-3.8921182
699	141	-3.8949802
822	146	-3.8965878
610	150	-3.8966172
765	331	-3.8982
860	40	-3.8987284
750	345	-3.9000063
736	133	-3.9002354
792	649	-3.9003813
845	92	-3.9021647
902	195	-3.9026794
839	153	-3.902716
652	80	-3.9041295
802	66	-3.9047604
737	253	-3.9054005
789	121	-3.906835
769	256	-3.9074469
912	617	-3.9075506
778	187	-3.9081087
881	210	-3.9081724
898	558	-3.9097266
878	354	-3.910634
775	531	-3.9112308
925	460	-3.913595
898	461	-3.9157984
677	101	-3.9160564
689	208	-3.918083
835	194	-3.9183877
861	314	-3.9186137
860	331	-3.920205
796	514	-3.9205978
770	265	-3.9215117
781	335	-3.9216692
81	646	-3.9225364
863	44	-3.9233487
767	597	-3.9241905
915	224	-3.9244425
909	510	-3.924592
931	531	-3.9246585
761	217	-3.9260006
784	167	-3.9301915
870	488	-3.930204
677	50	-3.9309762
752	353	-3.9309936
695	222	-3.9314828
94	665	-3.931952
693	98	-3.9319727
764	84	-3.932822
915	494	-3.933359
867	76	-3.9338357
774	276	-3.9340155
699	158	-3.9346418
776	648	-3.9349785
745	129	-3.9355283
706	76	-3.936224
711	205	-3.9366329
926	646	-3.9379196
762	202	-3.9404266
922	99	-3.9411247
89	655	-3.9425066
767	317	-3.9428933
926	137	-3.942995
884	267	-3.9434557
839	107	-3.9438303
808	259	-3.9469516
862	512	-3.9476857
894	563	-3.9480238
804	97	-3.9534001
899	179	-3.9553063
801	333	-3.95569
697	206	-3.9559069
804	247	-3.955985
874	249	-3.9562287
11	617	-3.9564252
844	245	-3.9571452
915	135	-3.9576306
941	602	-3.9577084
869	595	-3.9577184
909	626	-3.9584572
685	70	-3.959412
918	625	-3.9606543
825	220	-3.9606693
813	202	-3.9612129
820	236	-3.9614964
926	382	-3.9630146
764	248	-3.9654853
793	52	-3.9660606
699	43	-3.9683354
764	308	-3.9700384
770	635	-3.970059
845	416	-3.9703126
868	504	-3.9710028
11	607	-3.9732707
922	400	-3.974015
840	134	-3.9754353
838	479	-3.9757526
792	164	-3.9761732
813	442	-3.9764798
802	240	-3.9769917
845	50	-3.977376
799	84	-3.9779973
672	84	-3.9790397
85	612	-3.9794855
805	156	-3.980701
886	351	-3.983846
36	33	-3.9838657
881	275	-3.9843981
663	70	-3.9848106
779	134	-3.985647
839	65	-3.985653
605	147	-3.9861517
761	281	-3.9866703
868	449	-3.987037
928	555	-3.9870553
750	260	-3.987755
56	652	-3.9898937
914	399	-3.9902925
675	92	-3.9905226
768	241	-3.9916584
741	256	-3.9936454
931	430	-3.993724
877	573	-3.994099
812	404	-3.995441
701	47	-3.996575
891	545	-3.9966958
939	611	-3.9972053
795	131	-3.9984975
735	249	-3.9988744
736	240	-4.0015316
747	58	-4.002307
774	643	-4.0025826
802	91	-4.002982
778	338	-4.0034285
773	349	-4.0037956
733	130	-4.0039287
768	305	-4.004296
904	414	-4.0070314
806	230	-4.007085
844	46	-4.0072193
876	291	-4.008181
904	165	-4.0084257
882	467	-4.0094595
819	220	-4.010173
889	536	-4.0101953
31	33	-4.0112295
864	322	-4.012834
841	70	-4.0148687
797	374	-4.015175
906	212	-4.0153947
928	211	-4.016371
830	372	-4.0173044
800	80	-4.0184374
798	268	-4.0185018
915	650	-4.0191483
807	72	-4.0200763
797	287	-4.0209994
816	209	-4.021657
890	358	-4.0226283
888	335	-4.023079
907	224	-4.0243897
664	82	-4.024568
867	56	-4.025046
895	470	-4.025386
683	92	-4.0265574
843	85	-4.0271115
919	257	-4.028052
774	603	-4.028111
686	202	-4.030204
818	420	-4.0302734
859	53	-4.031355
818	240	-4.0322523
755	72	-4.0338564
777	358	-4.033903
770	605	-4.034989
736	232	-4.0350056
670	80	-4.035676
769	309	-4.037238
686	87	-4.0385175
886	123	-4.038705
816	491	-4.039517
909	494	-4.0402026
815	484	-4.0404687
770	220	-4.0410204
913	181	-4.04237
894	404	-4.0439377
935	547	-4.0451345
922	660	-4.0454726
812	193	-4.0465517
805	204	-4.0478387
727	214	-4.0488696
70	638	-4.0493903
765	358	-4.0495915
868	61	-4.04978
867	539	-4.0502763
752	64	-4.0509048
690	95	-4.051437
734	224	-4.0526433
857	348	-4.0527377
777	142	-4.0536504
830	143	-4.054514
888	313	-4.054568
868	532	-4.055325
921	610	-4.056308
778	601	-4.0577655
669	164	-4.0593657
826	396	-4.059613
929	394	-4.0596642
918	244	-4.059792
926	662	-4.0607824
812	252	-4.061048
914	583	-4.0613565
846	139	-4.063316
926	641	-4.0644035
823	139	-4.0650268
757	583	-4.065078
663	43	-4.0656676
826	165	-4.0670953
820	488	-4.0674243
801	49	-4.0680413
758	297	-4.069312
840	143	-4.0706964
914	177	-4.070873
837	116	-4.0721817
930	527	-4.0726066
83	624	-4.072727
885	119	-4.0728173
931	435	-4.0730095
747	265	-4.0733943
685	206	-4.073454
870	394	-4.0737233
706	71	-4.0739245
918	407	-4.0744896
773	544	-4.074933
932	464	-4.075344
928	272	-4.0754294
773	330	-4.07552
805	150	-4.0756006
768	648	-4.0758324
870	587	-4.0775824
779	330	-4.078068
805	234	-4.078577
707	180	-4.0788465
794	62	-4.0789313
914	213	-4.0793004
77	665	-4.0793514
804	84	-4.0796156
869	357	-4.079714
676	39	-4.0797424
905	496	-4.0808916
915	485	-4.0815163
830	481	-4.081529
754	34	-4.0817113
795	74	-4.0821037
900	451	-4.0823774
797	184	-4.082989
860	63	-4.0836625
921	173	-4.0842667
797	301	-4.084772
846	420	-4.084999
851	69	-4.085845
785	106	-4.0859385
884	131	-4.086932
873	473	-4.088078
737	265	-4.0896416
849	363	-4.0930433
842	376	-4.0934563
937	620	-4.0934706
906	506	-4.093772
782	588	-4.095116
821	406	-4.0958405
880	557	-4.0979977
710	70	-4.0982423
685	111	-4.098793
62	23	-4.098847
896	182	-4.099162
699	210	-4.100683
875	158	-4.1006846
812	369	-4.1009665
726	146	-4.1017222
805	216	-4.1018047
793	168	-4.102986
701	35	-4.1048856
788	72	-4.105216
664	39	-4.1057224
714	88	-4.1060786
779	37	-4.106218
758	55	-4.1062603
803	71	-4.1070037
799	138	-4.1072855
750	129	-4.1073265
69	606	-4.1079946
917	629	-4.108604
927	482	-4.1100135
800	364	-4.111223
673	156	-4.1112394
745	346	-4.1122966
856	48	-4.1125727
39	612	-4.116739
895	130	-4.116867
922	234	-4.117052
798	110	-4.1170955
785	160	-4.117374
673	168	-4.1193004
71	659	-4.119449
877	208	-4.12067
839	289	-4.1206913
702	65	-4.1210155
808	383	-4.1210666
874	287	-4.12168
805	196	-4.125788
784	93	-4.12698
786	65	-4.1273685
807	140	-4.1280637
798	104	-4.1292763
815	391	-4.1306767
653	102	-4.134675
929	379	-4.1357117
918	547	-4.135964
884	471	-4.13652
828	654	-4.136798
713	210	-4.1372557
774	257	-4.138954
825	228	-4.139196
778	362	-4.140127
818	151	-4.141143
715	265	-4.1412673
707	149	-4.1417713
816	408	-4.1420107
718	219	-4.1425004
774	526	-4.142793
905	351	-4.1445665
848	119	-4.145228
697	218	-4.14526
810	351	-4.146176
875	547	-4.1484737
910	505	-4.149138
770	547	-4.1503634
839	183	-4.15113
901	242	-4.1515746
842	138	-4.1518
943	442	-4.1522083
810	189	-4.152424
832	201	-4.1533012
800	100	-4.154312
772	235	-4.154362
814	362	-4.1546917
882	459	-4.155053
934	579	-4.1554456
918	124	-4.1563115
912	403	-4.156665
911	412	-4.1571217
815	436	-4.157191
910	649	-4.159766
851	61	-4.160315
864	402	-4.160668
903	217	-4.1614485
870	512	-4.161552
659	33	-4.1615605
780	191	-4.165097
743	266	-4.165505
932	543	-4.165512
787	200	-4.16554
816	345	-4.166186
841	167	-4.1666946
815	164	-4.1681848
830	398	-4.168503
785	372	-4.1687374
916	463	-4.1689267
906	253	-4.1717362
889	257	-4.171952
857	305	-4.1741686
764	229	-4.176023
910	408	-4.176281
832	624	-4.17691
856	256	-4.17693
842	480	-4.180275
854	249	-4.1820116
733	218	-4.183336
696	202	-4.183371
779	262	-4.1834974
920	639	-4.1844854
918	252	-4.184882
727	231	-4.1849318
861	36	-4.1852803
938	584	-4.186351
63	632	-4.1868596
909	188	-4.1873174
824	422	-4.1875005
796	475	-4.187597
851	275	-4.188449
849	49	-4.189086
773	354	-4.1896214
848	45	-4.1908674
852	40	-4.190969
885	360	-4.1910515
768	151	-4.1913853
922	229	-4.192017
907	441	-4.192367
892	400	-4.1931534
904	207	-4.193811
790	383	-4.1945586
862	524	-4.1950994
818	652	-4.1952615
880	359	-4.1960955
823	402	-4.1973166
908	216	-4.1978683
857	240	-4.1984267
868	518	-4.1986833
813	150	-4.1991568
861	584	-4.2004614
743	251	-4.2004747
46	619	-4.2004914
829	234	-4.2016153
821	244	-4.203036
847	127	-4.2035065
816	156	-4.2036996
930	563	-4.2039366
708	193	-4.2040854
788	179	-4.2043867
861	365	-4.2043977
865	64	-4.2047796
723	215	-4.205578
862	536	-4.2076364
869	484	-4.208176
869	256	-4.208889
663	51	-4.211975
766	643	-4.2122526
786	33	-4.2122993
891	131	-4.2138767
880	279	-4.2146134
921	477	-4.214977
882	529	-4.2161207
920	115	-4.2192416
766	348	-4.2199197
823	391	-4.220383
793	373	-4.220624
895	250	-4.2209716
667	34	-4.221347
912	144	-4.222118
821	509	-4.2224665
678	63	-4.2225466
907	261	-4.2227616
919	240	-4.2240734
915	419	-4.2249384
931	570	-4.2249823
761	198	-4.224992
872	401	-4.2252817
797	279	-4.2270217
795	271	-4.228433
845	56	-4.228877
803	305	-4.2290287
865	446	-4.2291126
674	61	-4.229798
910	471	-4.2298594
730	226	-4.2352
843	662	-4.235856
873	68	-4.238491
751	357	-4.239343
919	162	-4.239743
838	46	-4.2397957
820	124	-4.2399626
911	208	-4.2399797
846	639	-4.2403607
907	178	-4.240812
833	228	-4.240879
829	212	-4.2411203
884	484	-4.2427683
64	614	-4.2457767
820	142	-4.246322
879	549	-4.2464004
729	255	-4.2464232
881	283	-4.2465515
28	39	-4.2484465
917	471	-4.2484803
907	422	-4.2488565
757	276	-4.248982
800	120	-4.2500153
841	159	-4.2506385
792	126	-4.251576
933	535	-4.2517705
795	319	-4.252654
891	196	-4.254625
916	621	-4.2549186
926	519	-4.258301
863	398	-4.258366
934	588	-4.2586274
770	248	-4.258688
863	408	-4.259156
778	138	-4.2598147
698	38	-4.2627654
647	86	-4.2639318
904	185	-4.264138
853	306	-4.2646804
930	653	-4.265512
902	270	-4.266622
892	331	-4.2670236
71	611	-4.2683444
780	145	-4.2684135
837	609	-4.268502
792	78	-4.2695737
835	222	-4.2696147
845	133	-4.2697444
868	272	-4.270277
831	376	-4.2720723
805	341	-4.2721605
727	154	-4.2722397
812	378	-4.2731586
794	86	-4.274714
741	56	-4.2751575
885	563	-4.2753563
760	289	-4.275472
769	109	-4.2757587
834	137	-4.2758474
937	394	-4.2763133
901	498	-4.277199
816	387	-4.277412
683	56	-4.278257
936	428	-4.27948
710	96	-4.280768
794	70	-4.281158
902	420	-4.283026
844	656	-4.2838116
799	116	-4.284371
766	49	-4.284899
849	136	-4.285274
849	540	-4.2853785
940	432	-4.2854867
892	219	-4.288394
770	321	-4.289278
833	216	-4.2904396
699	54	-4.290974
899	414	-4.2916374
841	147	-4.292756
812	346	-4.2929068
825	161	-4.296596
711	189	-4.296955
771	315	-4.2969856
927	541	-4.297172
875	83	-4.297249
54	624	-4.297871
871	551	-4.298348
649	108	-4.2983937
822	169	-4.2984104
677	164	-4.2996144
891	146	-4.29988
910	657	-4.301247
710	197	-4.301506
786	340	-4.3016768
766	235	-4.3021
773	70	-4.3025417
878	161	-4.303145
761	294	-4.303623
905	491	-4.3037586
752	218	-4.3047023
799	398	-4.304931
827	140	-4.304941
761	39	-4.3052554
913	285	-4.306051
714	253	-4.306221
662	89	-4.3062563
805	387	-4.306989
792	48	-4.307682
865	507	-4.3077316
49	650	-4.3080072
710	75	-4.3083916
881	222	-4.3084846
790	391	-4.308851
687	148	-4.3101244
892	362	-4.312132
907	521	-4.3131557
886	401	-4.314754
772	325	-4.3150997
891	123	-4.31548
872	558	-4.315667
757	132	-4.316911
942	606	-4.317986
723	140	-4.318585
920	268	-4.3192286
685	82	-4.3202124
924	464	-4.320435
768	334	-4.321732
900	562	-4.3237567
893	479	-4.3237576
787	184	-4.323805
884	213	-4.324173
772	647	-4.3243074
705	190	-4.324675
936	412	-4.325507
860	376	-4.32602
739	186	-4.326234
915	645	-4.326272
867	51	-4.326557
702	40	-4.3268127
891	117	-4.3271904
772	345	-4.328188
768	352	-4.3287024
799	257	-4.3290105
850	57	-4.329233
772	226	-4.3302374
838	129	-4.3302517
36	38	-4.332395
866	523	-4.3324776
866	276	-4.3329096
825	233	-4.333405
786	515	-4.3339477
779	122	-4.3344254
749	271	-4.3344502
885	261	-4.335375
698	214	-4.3361144
808	270	-4.3391285
902	652	-4.341869
884	537	-4.3426247
89	650	-4.3443546
931	558	-4.3446093
855	273	-4.345062
921	119	-4.3452473
833	617	-4.3453
888	319	-4.345377
859	59	-4.3454967
807	186	-4.3459544
925	395	-4.345962
856	94	-4.345976
745	201	-4.34623
741	67	-4.34652
879	364	-4.3480854
905	249	-4.348188
702	131	-4.3488235
825	415	-4.350089
886	533	-4.350632
803	126	-4.351655
877	229	-4.3520136
780	182	-4.352252
843	287	-4.3522663
908	566	-4.3539824
851	353	-4.3540215
914	158	-4.3558564
918	261	-4.3571215
903	202	-4.359333
727	259	-4.3598804
882	105	-4.3623443
898	566	-4.363817
675	172	-4.3638287
769	357	-4.364057
88	661	-4.3640876
715	271	-4.364148
883	356	-4.3651557
695	162	-4.365284
875	357	-4.365325
802	262	-4.368312
829	224	-4.368756
875	151	-4.3687677
845	143	-4.368988
791	182	-4.3697815
762	598	-4.3709655
789	256	-4.3715806
703	197	-4.372267
760	59	-4.3727064
911	434	-4.375676
834	234	-4.3765254
855	428	-4.3767715
912	242	-4.3770576
897	241	-4.3771844
790	304	-4.378515
822	384	-4.379108
855	311	-4.3794127
869	390	-4.380281
834	368	-4.3808155
806	68	-4.380849
921	103	-4.3815765
735	257	-4.3822656
812	260	-4.383188
758	82	-4.384438
926	390	-4.3848767
917	411	-4.385015
806	345	-4.3850703
938	280	-4.385319
888	134	-4.3857155
923	483	-4.387655
900	277	-4.38791
912	381	-4.3883924
892	91	-4.3913813
785	120	-4.39187
796	180	-4.3919854
753	270	-4.3921275
922	91	-4.3926425
886	466	-4.3926816
703	147	-4.392923
752	190	-4.3934026
862	518	-4.393573
829	218	-4.3945594
847	285	-4.394675
718	268	-4.3948855
933	637	-4.396813
837	61	-4.398102
727	249	-4.398472
714	71	-4.404734
898	402	-4.4051723
770	230	-4.4054585
916	415	-4.405484
888	235	-4.406293
835	476	-4.4073153
832	75	-4.4075437
889	404	-4.407656
705	48	-4.4076614
817	147	-4.4080296
841	95	-4.4086018
713	67	-4.4091153
878	386	-4.4097137
780	643	-4.4097786
774	249	-4.4103346
942	597	-4.4103537
936	460	-4.410731
911	219	-4.4127874
910	536	-4.413209
806	534	-4.413595
826	136	-4.4141827
896	338	-4.414699
884	207	-4.4161367
790	378	-4.4173026
926	551	-4.4191637
784	37	-4.4194155
913	630	-4.4201865
854	417	-4.4203343
903	160	-4.420602
910	597	-4.42245
751	199	-4.4225597
742	195	-4.423921
877	38	-4.4246044
873	145	-4.424645
927	276	-4.4252214
863	455	-4.425344
815	255	-4.4257245
890	327	-4.4277897
873	468	-4.428341
800	45	-4.4289412
764	30	-4.429272
877	543	-4.4294543
836	133	-4.4305644
912	395	-4.4313283
783	366	-4.4318175
888	475	-4.4322953
768	342	-4.4323125
809	400	-4.4333935
742	167	-4.4338098
894	465	-4.433833
734	174	-4.434923
820	248	-4.435148
727	243	-4.4352846
768	639	-4.436441
919	225	-4.437168
812	206	-4.438293
860	69	-4.4386935
814	432	-4.439688
685	97	-4.4402595
835	488	-4.4408526
763	44	-4.4410486
800	187	-4.4412594
774	134	-4.442044
907	170	-4.4424214
678	31	-4.4427147
766	203	-4.443124
791	130	-4.446323
856	398	-4.4475074
877	561	-4.447542
851	246	-4.44757
797	460	-4.44787
764	240	-4.4488807
897	118	-4.44896
800	142	-4.449011
763	362	-4.449536
837	69	-4.4509087
667	77	-4.451372
872	245	-4.451379
879	44	-4.453116
782	198	-4.453687
680	53	-4.453701
66	657	-4.4554524
694	226	-4.455882
844	107	-4.457815
799	272	-4.4581885
922	383	-4.459119
805	88	-4.459693
849	35	-4.4601603
659	60	-4.4602113
785	152	-4.460508
929	369	-4.461065
930	547	-4.461332
731	230	-4.4614167
800	508	-4.4614196
844	620	-4.4615474
795	174	-4.46247
78	641	-4.463579
926	85	-4.46366
889	323	-4.463904
764	647	-4.4641056
772	240	-4.4642434
855	457	-4.4650598
833	209	-4.4656534
845	571	-4.466452
757	37	-4.4668655
813	145	-4.4674373
876	400	-4.4692316
806	264	-4.4700665
918	398	-4.4715476
931	163	-4.4715858
640	89	-4.4738913
879	537	-4.474318
888	162	-4.476182
816	377	-4.476211
912	389	-4.476378
777	253	-4.476836
810	425	-4.476927
666	86	-4.477349
704	138	-4.4773583
938	578	-4.4782987
764	101	-4.4787774
865	366	-4.480165
900	175	-4.481769
774	263	-4.4830027
791	368	-4.4831853
930	257	-4.483196
65	604	-4.4891806
875	216	-4.4894505
829	388	-4.489905
908	355	-4.4917445
776	326	-4.492013
921	95	-4.4930773
818	161	-4.495057
715	115	-4.496197
795	305	-4.4970107
923	473	-4.4993773
848	457	-4.5008035
853	51	-4.502243
786	156	-4.502472
818	476	-4.502652
708	82	-4.5032496
918	658	-4.504497
799	327	-4.5045652
808	442	-4.5046344
929	284	-4.5046678
860	323	-4.505162
786	127	-4.5053267
900	371	-4.506636
892	127	-4.5069127
784	146	-4.5069733
800	253	-4.507398
816	356	-4.5141397
788	643	-4.5147715
841	38	-4.51562
709	201	-4.5160418
929	181	-4.516531
829	393	-4.516795
841	175	-4.5169764
823	129	-4.5185685
821	155	-4.5189357
732	126	-4.5213404
791	353	-4.521648
864	441	-4.5229297
908	630	-4.524394
864	39	-4.5250053
833	253	-4.525303
922	632	-4.5258136
754	184	-4.5262523
881	542	-4.526673
806	333	-4.527009
877	252	-4.527184
798	383	-4.5274086
909	182	-4.527596
903	236	-4.5285134
770	169	-4.5300736
801	41	-4.5303187
887	177	-4.5308228
875	392	-4.531206
915	500	-4.531521
800	246	-4.531731
918	613	-4.5323524
32	643	-4.5346503
784	181	-4.534692
730	264	-4.5360227
878	582	-4.5361657
848	53	-4.5378222
757	211	-4.538836
828	247	-4.539967
912	587	-4.541048
797	263	-4.5413547
700	137	-4.5414557
836	293	-4.54178
810	337	-4.5438447
770	530	-4.544244
766	209	-4.544947
771	216	-4.5456324
914	537	-4.546201
816	249	-4.546991
753	203	-4.547075
812	530	-4.548394
837	662	-4.5484476
772	138	-4.548861
875	587	-4.549027
774	539	-4.549429
74	636	-4.549511
839	475	-4.5498586
761	652	-4.5514
824	237	-4.551416
864	613	-4.552907
773	113	-4.553012
862	498	-4.553326
761	350	-4.5535026
845	264	-4.5537286
740	52	-4.553944
806	80	-4.5541005
880	472	-4.5545716
879	480	-4.5547385
93	656	-4.554976
770	146	-4.555074
714	76	-4.5556335
675	179	-4.5562024
757	301	-4.556908
936	275	-4.5579863
775	130	-4.5585856
884	366	-4.5600905
895	142	-4.56062
73	23	-4.563047
747	38	-4.565487
876	90	-4.567675
773	535	-4.568165
755	232	-4.5697165
918	236	-4.5697784
739	136	-4.5701857
914	377	-4.570651
782	349	-4.5732703
890	101	-4.573959
99	665	-4.574667
853	239	-4.577204
839	384	-4.5774045
788	44	-4.5776725
907	343	-4.5778565
929	228	-4.577978
796	251	-4.5786705
801	146	-4.5790873
799	32	-4.5797124
781	113	-4.5797253
920	166	-4.58003
796	79	-4.5805163
854	302	-4.580859
701	193	-4.5814943
795	140	-4.582057
843	372	-4.5828714
778	518	-4.5828958
778	84	-4.583894
765	324	-4.5843377
904	657	-4.5848975
901	493	-4.5849037
927	132	-4.585178
726	227	-4.585581
776	118	-4.5857534
733	243	-4.5867467
917	171	-4.587107
876	457	-4.587174
871	134	-4.5876307
769	261	-4.5884223
819	137	-4.589077
926	478	-4.5891757
890	463	-4.591126
686	211	-4.5911407
928	512	-4.5918674
855	422	-4.591997
833	243	-4.5921493
941	590	-4.5925565
820	380	-4.5943046
868	252	-4.5944457
736	261	-4.594796
757	201	-4.595298
784	253	-4.5963345
904	444	-4.596412
825	257	-4.5964518
821	117	-4.5965066
605	157	-4.596607
766	338	-4.5980687
749	205	-4.598597
928	128	-4.598747
40	647	-4.5990076
642	85	-4.5990305
820	256	-4.5991287
858	406	-4.600243
783	142	-4.601212
905	191	-4.6022787
888	167	-4.6027703
705	33	-4.603725
774	634	-4.6040835
878	468	-4.604346
840	484	-4.605317
765	93	-4.6060123
868	266	-4.6062617
782	131	-4.6072583
895	124	-4.6080136
741	190	-4.608332
888	458	-4.6096587
903	481	-4.611025
776	146	-4.611185
773	359	-4.6112657
795	369	-4.6121416
807	192	-4.6127725
733	235	-4.6131244
880	92	-4.613697
840	99	-4.6159225
917	480	-4.616054
740	124	-4.616125
868	361	-4.6162815
935	552	-4.616506
909	601	-4.6173906
662	134	-4.6185765
846	147	-4.6190715
751	31	-4.6190853
899	249	-4.619295
853	349	-4.6212053
914	468	-4.621881
864	68	-4.6229386
667	71	-4.623037
793	160	-4.6238284
853	143	-4.6246586
810	266	-4.626169
857	245	-4.628119
769	64	-4.6306815
901	119	-4.631
878	476	-4.6316977
903	558	-4.6317906
770	99	-4.6318436
793	574	-4.631997
914	626	-4.633654
793	265	-4.6337237
926	77	-4.633804
35	610	-4.636338
830	662	-4.6365757
773	341	-4.6368976
869	508	-4.637056
878	34	-4.637886
911	225	-4.638086
852	557	-4.638196
870	206	-4.63871
866	543	-4.6387196
713	82	-4.6388245
733	136	-4.6389604
916	228	-4.639439
914	660	-4.6394835
929	247	-4.641784
801	107	-4.643644
740	132	-4.645021
874	452	-4.645845
872	591	-4.6464496
824	125	-4.646819
838	656	-4.647433
658	55	-4.648003
886	408	-4.648071
95	661	-4.648889
829	229	-4.6513224
713	249	-4.651409
749	587	-4.6537695
790	474	-4.653807
909	204	-4.655016
911	155	-4.6550527
880	463	-4.6550875
95	669	-4.6569195
782	117	-4.6575584
681	103	-4.6577353
664	74	-4.6579804
944	434	-4.6600313
910	485	-4.66031
886	480	-4.6617336
850	279	-4.66396
687	215	-4.6641665
799	453	-4.66631
760	86	-4.6664014
843	234	-4.6666093
923	379	-4.6699853
878	233	-4.670908
839	596	-4.6721764
57	628	-4.672259
731	260	-4.6747313
919	272	-4.6750474
906	242	-4.675184
685	106	-4.676574
860	390	-4.6769557
878	155	-4.6773233
744	125	-4.677453
901	344	-4.6775556
773	335	-4.6776795
855	409	-4.6781907
908	197	-4.678734
807	433	-4.68106
881	128	-4.687418
883	109	-4.6887064
822	526	-4.688761
805	177	-4.689254
833	238	-4.6898537
656	78	-4.6906323
765	106	-4.692756
933	575	-4.6941276
715	63	-4.6945777
874	396	-4.695781
826	253	-4.6966314
780	33	-4.6967797
867	382	-4.697542
855	106	-4.698544
710	183	-4.6988573
802	191	-4.698872
684	142	-4.699102
19	631	-4.700046
660	38	-4.700108
713	92	-4.70047
833	395	-4.7017856
795	485	-4.702278
843	163	-4.703248
914	385	-4.7035275
721	265	-4.7044187
930	647	-4.704695
759	47	-4.7049265
671	133	-4.7052584
888	48	-4.705369
9	107	-4.7056475
804	102	-4.7065597
889	241	-4.7070622
899	168	-4.707414
840	294	-4.7076297
684	74	-4.7085013
767	81	-4.7092366
757	293	-4.7099395
879	382	-4.709944
942	583	-4.7103963
926	67	-4.711528
920	394	-4.7138867
783	136	-4.715086
690	204	-4.71594
849	464	-4.716377
850	140	-4.718329
778	258	-4.719389
805	109	-4.7194166
777	179	-4.7196946
912	289	-4.719986
865	376	-4.720911
908	404	-4.7230945
866	514	-4.723702
893	322	-4.7240725
762	565	-4.7242484
917	403	-4.72517
844	240	-4.726499
768	213	-4.727011
911	428	-4.729242
915	577	-4.729509
760	221	-4.729576
927	671	-4.729629
773	639	-4.729971
707	52	-4.7306848
97	673	-4.7309093
935	540	-4.7313848
753	275	-4.733886
826	241	-4.734164
915	475	-4.7345448
860	411	-4.7353525
821	252	-4.7354946
56	23	-4.7379103
890	200	-4.738072
84	669	-4.738798
598	150	-4.739348
889	142	-4.741267
893	302	-4.741478
659	93	-4.741488
830	365	-4.74154
739	48	-4.741596
894	134	-4.7417145
882	98	-4.7422657
824	409	-4.7430353
860	417	-4.743751
699	223	-4.7443604
863	384	-4.7459755
106	680	-4.746339
802	199	-4.746403
871	129	-4.7474976
865	72	-4.748421
930	232	-4.7488065
706	63	-4.751877
789	151	-4.7538285
940	453	-4.7543883
888	90	-4.754982
87	622	-4.756419
747	44	-4.7571573
920	465	-4.7574835
889	150	-4.757573
842	81	-4.7580614
876	361	-4.7580857
710	213	-4.7583303
885	113	-4.758342
898	164	-4.759223
802	207	-4.760127
805	119	-4.760157
782	125	-4.7608705
917	284	-4.761052
801	297	-4.761374
833	265	-4.7613792
936	285	-4.761652
863	370	-4.7622867
859	319	-4.7625766
857	315	-4.762905
930	516	-4.763373
925	386	-4.763825
776	80	-4.7663116
660	48	-4.7663627
922	521	-4.7668233
704	177	-4.7672997
903	404	-4.7676673
887	218	-4.7684054
8	620	-4.7700453
845	544	-4.77051
886	203	-4.77067
790	513	-4.7709203
893	394	-4.771126
707	265	-4.7737
861	277	-4.77377
858	523	-4.7738156
759	33	-4.774614
818	351	-4.77464
818	524	-4.774952
767	533	-4.7759013
733	170	-4.776463
772	74	-4.776904
814	653	-4.7792416
31	42	-4.78027
721	132	-4.780489
744	350	-4.781839
710	87	-4.784132
903	424	-4.784826
829	646	-4.785321
834	612	-4.785973
818	415	-4.7860675
817	131	-4.786366
930	265	-4.786961
782	41	-4.7870398
890	253	-4.7872167
830	205	-4.7892213
782	339	-4.7894716
735	269	-4.790415
788	204	-4.7904463
888	181	-4.7905326
883	405	-4.7922792
921	111	-4.79295
788	218	-4.793238
747	197	-4.793513
698	198	-4.793548
767	363	-4.7936635
865	491	-4.7937365
701	61	-4.7939405
809	429	-4.7948165
900	376	-4.7958126
750	124	-4.7970643
43	613	-4.7971168
851	283	-4.7975082
90	672	-4.7975783
732	239	-4.79897
858	437	-4.8002534
856	627	-4.8010545
888	363	-4.8012815
925	637	-4.801428
800	402	-4.802263
913	280	-4.8034887
911	498	-4.8046985
858	73	-4.8050413
757	354	-4.805402
681	60	-4.8058763
703	185	-4.806977
761	356	-4.807421
795	255	-4.807793
748	189	-4.8078356
832	498	-4.808645
901	488	-4.8091116
731	290	-4.8091288
857	252	-4.8102922
741	163	-4.8111935
97	657	-4.811654
783	171	-4.8118105
913	238	-4.8118396
865	35	-4.812865
741	74	-4.8134823
794	377	-4.8143196
859	286	-4.8156905
681	109	-4.8157396
874	380	-4.817589
904	362	-4.817621
854	32	-4.81811
806	92	-4.818463
806	405	-4.818649
940	397	-4.82023
802	322	-4.821332
774	126	-4.822124
812	409	-4.8226805
721	255	-4.822691
753	349	-4.822928
800	378	-4.822953
97	6	-4.824027
839	75	-4.8240643
898	237	-4.825142
841	250	-4.8254366
867	45	-4.8254876
786	196	-4.825824
887	105	-4.8261576
903	225	-4.8273826
651	89	-4.8278203
26	35	-4.8279386
878	286	-4.8289247
881	455	-4.83063
807	132	-4.831682
809	77	-4.831912
854	72	-4.831918
849	144	-4.831969
835	288	-4.8320947
855	60	-4.8329306
825	515	-4.83298
800	37	-4.833235
792	134	-4.835045
768	77	-4.8360014
813	395	-4.836375
846	479	-4.8373375
676	159	-4.837895
883	475	-4.837983
906	228	-4.8383975
837	230	-4.8407645
860	461	-4.8411055
785	344	-4.841232
726	136	-4.841552
838	190	-4.841911
931	171	-4.841935
666	132	-4.842546
760	306	-4.844415
783	358	-4.8445306
821	165	-4.844626
829	628	-4.846087
911	481	-4.8462563
868	480	-4.8465543
709	209	-4.846809
910	524	-4.847645
876	108	-4.8477798
893	106	-4.8489423
897	160	-4.849276
882	257	-4.849293
878	48	-4.8498945
869	86	-4.8520555
18	606	-4.8523498
804	220	-4.853523
741	34	-4.8538637
910	662	-4.854506
871	58	-4.8545337
882	124	-4.8551
788	188	-4.8560085
803	392	-4.8562446
880	368	-4.8587813
924	533	-4.8587885
765	635	-4.8589187
870	241	-4.858963
660	73	-4.859246
899	126	-4.859375
910	514	-4.8596272
887	52	-4.859628
887	58	-4.8608255
756	280	-4.863952
804	268	-4.864448
794	156	-4.864812
944	446	-4.864987
868	404	-4.8652663
860	79	-4.866549
798	195	-4.866815
878	553	-4.867475
744	183	-4.8695574
802	212	-4.869882
766	145	-4.8701134
894	414	-4.8705945
889	158	-4.8710265
927	365	-4.8713593
867	457	-4.8722415
796	188	-4.872941
782	186	-4.873434
831	134	-4.874853
889	411	-4.878246
842	89	-4.878791
839	195	-4.8800015
856	65	-4.881655
754	128	-4.8819413
713	216	-4.882045
887	330	-4.882263
849	131	-4.8825197
66	635	-4.8842835
898	437	-4.88429
894	326	-4.885906
794	393	-4.8859844
862	131	-4.886056
845	42	-4.8863997
12	603	-4.886572
837	587	-4.88659
835	125	-4.8871717
810	415	-4.8872414
879	403	-4.8884354
757	189	-4.8887725
788	387	-4.888783
858	293	-4.8903866
878	372	-4.891399
881	562	-4.891697
865	485	-4.892018
896	90	-4.8927584
857	144	-4.8934746
838	52	-4.8938646
683	115	-4.8940005
888	173	-4.8944855
843	34	-4.895087
872	456	-4.8964634
859	327	-4.896653
750	194	-4.897899
713	99	-4.8980665
879	578	-4.8982315
899	322	-4.8985324
916	248	-4.8990445
880	533	-4.9009233
934	281	-4.9009457
71	632	-4.901061
614	148	-4.90171
905	624	-4.901974
27	638	-4.9021487
815	115	-4.902314
771	131	-4.9024925
112	681	-4.9037704
896	79	-4.904012
915	163	-4.9040484
856	56	-4.90632
895	148	-4.907586
705	43	-4.9081736
907	237	-4.90991
843	154	-4.9100485
858	86	-4.9128456
930	251	-4.9131413
833	248	-4.913367
677	58	-4.9148417
892	84	-4.915163
769	329	-4.9156504
933	566	-4.915781
823	121	-4.916344
863	127	-4.9171066
938	260	-4.917847
790	55	-4.91793
912	132	-4.9182982
882	229	-4.9188323
893	234	-4.918935
754	227	-4.9204626
874	41	-4.9209228
783	388	-4.9212976
908	166	-4.9219856
929	385	-4.922058
815	127	-4.922706
796	464	-4.9227195
909	347	-4.925399
819	411	-4.92673
918	633	-4.926742
887	355	-4.9268937
914	572	-4.926943
772	117	-4.926952
750	185	-4.927062
922	668	-4.929171
828	384	-4.9303026
818	341	-4.9305086
816	371	-4.9309025
902	246	-4.931593
863	273	-4.9334364
913	173	-4.934567
921	387	-4.935073
609	146	-4.935428
844	486	-4.935837
902	567	-4.937308
881	40	-4.9377
927	145	-4.9379478
896	246	-4.938773
11	114	-4.9405403
802	301	-4.941118
869	248	-4.9417353
740	247	-4.9417543
905	477	-4.9420857
892	457	-4.943483
899	216	-4.9446125
908	437	-4.9446464
841	283	-4.945386
792	186	-4.945418
935	557	-4.945422
834	92	-4.9456615
102	668	-4.9463563
921	488	-4.9464645
811	139	-4.946579
860	425	-4.948139
93	648	-4.9485927
747	353	-4.949983
925	468	-4.950879
767	245	-4.9532146
752	180	-4.9540014
93	7	-4.9549747
711	267	-4.9554276
906	661	-4.956679
854	235	-4.957072
836	389	-4.957204
783	353	-4.958242
89	645	-4.958674
902	221	-4.959451
804	113	-4.959487
764	320	-4.960589
640	34	-4.9610047
882	160	-4.9617906
645	90	-4.9634356
880	205	-4.9645853
930	508	-4.9656625
933	393	-4.9656925
802	446	-4.9661694
832	81	-4.966961
744	64	-4.9671607
806	420	-4.967186
910	252	-4.969947
854	545	-4.9700956
893	567	-4.9710684
890	225	-4.9719057
893	242	-4.9721794
914	254	-4.9723425
771	244	-4.973531
893	112	-4.973814
915	232	-4.975249
794	489	-4.975499
753	208	-4.976141
770	89	-4.9761577
703	53	-4.978077
838	591	-4.9783545
786	478	-4.9784408
639	116	-4.9794574
741	171	-4.979459
868	468	-4.9797177
774	608	-4.98023
740	182	-4.981092
797	649	-4.9822636
833	85	-4.982782
768	225	-4.984233
704	143	-4.98593
868	604	-4.987689
886	568	-4.9890695
667	160	-4.989114
834	373	-4.9892044
804	226	-4.990116
929	289	-4.9906616
801	151	-4.991399
833	71	-4.992515
902	156	-4.995175
856	653	-4.9953
761	311	-4.9982505
785	56	-5.0002713
780	88	-5.004893
773	121	-5.005265
16	628	-5.0054326
812	119	-5.006519
942	428	-5.0065923
820	42	-5.008358
877	240	-5.0087647
837	202	-5.01019
913	490	-5.0103755
879	390	-5.0106893
834	494	-5.0123253
822	260	-5.012794
742	159	-5.0130386
786	377	-5.0141025
776	151	-5.0143957
806	413	-5.0144525
705	204	-5.0150814
894	98	-5.015309
763	316	-5.0157356
24	40	-5.016139
839	226	-5.0167236
910	160	-5.0168443
857	268	-5.0175047
749	277	-5.018663
821	520	-5.020537
928	280	-5.0210905
796	144	-5.021532
887	66	-5.022002
860	433	-5.022619
810	387	-5.023519
717	91	-5.025046
738	168	-5.026252
807	62	-5.0278106
756	287	-5.0281367
892	390	-5.028382
908	246	-5.0288253
50	620	-5.029033
764	553	-5.0298643
907	232	-5.0299873
837	41	-5.0310483
897	289	-5.0311775
899	284	-5.031879
706	37	-5.0324073
854	139	-5.0324593
845	158	-5.035083
773	522	-5.0352163
823	268	-5.035433
777	114	-5.035735
764	344	-5.0360546
830	357	-5.037032
906	265	-5.0381565
917	279	-5.039098
816	140	-5.0392213
744	133	-5.0396295
101	660	-5.0405445
842	171	-5.0417705
104	672	-5.042265
655	73	-5.0425167
778	368	-5.042555
114	0	-5.042558
729	129	-5.0433617
911	148	-5.0453277
757	373	-5.0457106
928	113	-5.046707
908	279	-5.0486126
858	135	-5.048696
905	339	-5.048846
829	641	-5.052105
929	207	-5.052205
822	358	-5.0524635
798	241	-5.054751
796	311	-5.0555224
857	262	-5.0564256
883	571	-5.056552
793	478	-5.0571194
931	475	-5.058137
870	476	-5.0581436
896	330	-5.058561
839	236	-5.0594316
860	529	-5.0597258
861	394	-5.061311
815	135	-5.061966
785	384	-5.0626426
853	113	-5.0630255
671	181	-5.063143
784	176	-5.0632796
102	679	-5.063745
875	73	-5.064796
715	259	-5.064911
880	133	-5.0657907
881	253	-5.0670233
647	79	-5.068118
758	127	-5.0707884
938	390	-5.0715294
904	563	-5.072616
30	607	-5.072698
772	105	-5.0735006
806	302	-5.0744205
926	72	-5.074544
899	134	-5.0755596
673	187	-5.07619
787	367	-5.0763006
896	453	-5.076366
762	63	-5.0778294
876	464	-5.078119
901	230	-5.078305
871	139	-5.0785155
817	119	-5.0791802
895	178	-5.0793824
7	613	-5.080401
892	367	-5.0807195
826	368	-5.081903
875	236	-5.082068
850	544	-5.082448
843	260	-5.082926
911	169	-5.0834
657	156	-5.083412
71	6	-5.0849853
938	331	-5.085313
747	93	-5.086361
757	195	-5.086801
768	140	-5.0872016
764	353	-5.0881386
885	397	-5.088453
752	120	-5.088533
764	71	-5.0891547
828	263	-5.089342
938	268	-5.0893817
730	157	-5.0894833
828	271	-5.0895953
897	107	-5.0903544
92	676	-5.0912776
904	347	-5.091425
776	175	-5.0914645
723	233	-5.091606
879	376	-5.093776
884	165	-5.093929
916	391	-5.0943503
755	587	-5.0943923
890	109	-5.0944433
854	147	-5.095094
905	616	-5.0965
845	168	-5.096554
833	129	-5.09675
888	72	-5.097032
695	168	-5.098081
638	103	-5.1007223
898	418	-5.1011777
843	476	-5.101313
912	138	-5.1013227
860	401	-5.101657
79	669	-5.10259
833	259	-5.102918
857	299	-5.104435
824	506	-5.1051035
853	541	-5.1053605
931	155	-5.1065006
927	666	-5.1066055
938	544	-5.107229
772	150	-5.107934
787	48	-5.1084456
757	310	-5.1084948
787	132	-5.1092367
728	124	-5.109608
23	605	-5.109731
824	272	-5.110042
900	115	-5.1101837
778	196	-5.1112676
690	198	-5.111617
875	222	-5.112662
877	146	-5.1133237
734	34	-5.11393
744	270	-5.115074
803	184	-5.116093
727	142	-5.116377
727	267	-5.1164985
889	230	-5.1168547
784	190	-5.118163
842	230	-5.1192665
810	274	-5.119478
928	150	-5.1197553
900	340	-5.119766
849	562	-5.1198764
834	363	-5.1215615
939	548	-5.121653
846	367	-5.1221166
807	127	-5.122159
860	281	-5.1223392
935	416	-5.1230965
891	154	-5.123358
670	89	-5.1255345
775	30	-5.126204
703	209	-5.1263404
782	375	-5.1267023
867	81	-5.127609
683	126	-5.1278257
89	5	-5.129008
909	398	-5.1290746
930	389	-5.12943
647	104	-5.131164
828	637	-5.133058
841	300	-5.1332684
788	147	-5.1334167
791	138	-5.1340914
850	242	-5.1346583
834	65	-5.134743
725	253	-5.134772
747	30	-5.1349874
874	211	-5.1353726
916	640	-5.1359534
871	90	-5.138318
768	85	-5.138385
858	140	-5.138864
828	497	-5.139094
740	271	-5.139657
838	215	-5.139982
878	104	-5.1423683
845	668	-5.142406
659	69	-5.143324
682	138	-5.1433754
884	380	-5.1443734
794	382	-5.1454554
731	247	-5.145537
85	647	-5.145798
768	134	-5.146568
719	261	-5.146707
661	162	-5.14677
874	595	-5.147431
838	357	-5.14768
872	62	-5.1492867
934	562	-5.1493807
783	202	-5.153654
887	197	-5.1538587
897	102	-5.153907
822	653	-5.1542745
702	213	-5.1559205
743	49	-5.1578603
806	326	-5.1594067
891	190	-5.159477
800	236	-5.160315
877	79	-5.1603374
814	383	-5.1606894
890	564	-5.1618
857	99	-5.1619415
869	125	-5.163035
726	263	-5.163362
801	157	-5.16382
793	358	-5.167193
926	486	-5.1673646
931	373	-5.167472
909	666	-5.1675587
736	148	-5.168291
808	85	-5.1688046
922	526	-5.1688924
800	178	-5.1703744
841	666	-5.172101
733	122	-5.1724777
800	318	-5.172847
787	222	-5.174329
852	461	-5.174729
909	528	-5.174898
905	608	-5.1749225
602	151	-5.1756516
811	123	-5.176054
794	30	-5.176635
827	132	-5.178692
782	99	-5.179807
770	157	-5.1798825
842	368	-5.180588
796	456	-5.1808414
850	234	-5.1816645
914	125	-5.1827836
915	258	-5.1828337
866	462	-5.18319
884	43	-5.1834507
808	136	-5.183841
85	6	-5.1842904
875	45	-5.184688
740	260	-5.186813
837	210	-5.1872625
861	465	-5.1883454
896	154	-5.1884384
859	421	-5.191021
770	163	-5.191239
815	366	-5.1942754
727	292	-5.1945705
762	96	-5.194861
914	517	-5.1950855
837	240	-5.1964855
760	648	-5.1967683
803	311	-5.1998463
786	60	-5.2002482
846	567	-5.200979
914	666	-5.205363
931	261	-5.2055016
883	34	-5.2057724
752	133	-5.207059
540	6	-5.2075653
97	650	-5.2100043
662	124	-5.211693
797	315	-5.2121344
885	240	-5.2129073
120	681	-5.213925
845	273	-5.213991
783	49	-5.2142153
851	222	-5.215461
832	269	-5.218447
807	307	-5.2190657
903	437	-5.2190804
788	350	-5.219915
700	169	-5.220087
938	560	-5.220708
910	340	-5.221848
859	383	-5.224107
751	68	-5.224131
888	193	-5.2243266
866	259	-5.225445
691	157	-5.2262187
924	515	-5.226404
654	33	-5.2272706
914	511	-5.227899
860	32	-5.2291784
666	126	-5.2300763
839	576	-5.2301927
40	35	-5.23125
817	259	-5.2312975
787	359	-5.2334113
860	222	-5.233483
917	106	-5.2339354
788	212	-5.234419
64	6	-5.2345653
609	155	-5.234614
849	169	-5.234675
76	6	-5.235994
936	422	-5.237504
931	269	-5.239122
892	75	-5.240084
731	271	-5.2404766
80	620	-5.2404966
736	160	-5.2422323
896	85	-5.243075
822	352	-5.2436104
71	32	-5.244504
705	261	-5.245107
757	218	-5.245587
901	669	-5.246888
854	280	-5.2474623
870	376	-5.2485104
883	388	-5.2495594
903	320	-5.253948
808	96	-5.25462
736	140	-5.2548413
116	680	-5.2550116
812	131	-5.255601
862	228	-5.2558084
720	125	-5.2562466
774	109	-5.2564697
884	91	-5.2566566
872	360	-5.2567797
807	391	-5.2577496
909	174	-5.258672
862	75	-5.258672
723	221	-5.2587843
892	238	-5.259179
710	64	-5.259481
809	113	-5.2595205
107	0	-5.2608476
931	277	-5.262963
753	302	-5.2646337
876	98	-5.2651634
922	537	-5.265447
803	53	-5.2655997
838	369	-5.2657223
930	216	-5.2681184
808	106	-5.2686768
854	215	-5.2702346
922	375	-5.270983
884	392	-5.271613
914	525	-5.2752395
824	249	-5.2770295
862	233	-5.277889
701	217	-5.2789783
787	140	-5.279132
728	150	-5.2794952
774	221	-5.279947
773	143	-5.2802634
847	483	-5.2807345
841	222	-5.2814274
890	96	-5.283534
886	145	-5.2846074
909	284	-5.2857265
825	73	-5.286415
870	464	-5.2867017
938	568	-5.2867923
881	85	-5.2876883
743	179	-5.288226
769	526	-5.28994
775	232	-5.2908077
906	647	-5.291153
795	397	-5.291556
653	110	-5.2915673
885	224	-5.2919874
836	57	-5.292047
758	139	-5.292261
719	251	-5.295321
876	406	-5.295777
919	493	-5.296041
673	97	-5.2971315
737	121	-5.29779
859	664	-5.297996
911	234	-5.2984066
741	140	-5.299478
865	528	-5.299572
891	138	-5.300966
126	681	-5.30141
636	87	-5.3017206
822	376	-5.3028417
101	5	-5.302976
780	168	-5.3038335
943	450	-5.303877
803	399	-5.3043714
866	130	-5.3051667
848	39	-5.305387
688	219	-5.305992
861	237	-5.3060646
58	6	-5.306184
750	112	-5.3068495
917	265	-5.309853
896	653	-5.3098807
833	35	-5.312268
869	144	-5.3124766
596	154	-5.3141947
711	261	-5.3165812
853	133	-5.3172865
903	274	-5.317552
885	462	-5.317871
890	79	-5.3181133
886	100	-5.3182364
909	256	-5.3189707
749	97	-5.31944
889	396	-5.3198137
790	469	-5.3201623
931	293	-5.3206024
719	272	-5.3209124
811	435	-5.3218513
865	255	-5.3223286
770	177	-5.3236074
864	269	-5.323788
838	34	-5.324182
83	673	-5.324648
858	130	-5.3257546
867	372	-5.3265724
855	220	-5.326829
863	437	-5.3272514
708	57	-5.3276477
88	615	-5.327759
829	256	-5.328239
895	370	-5.328273
841	187	-5.3283463
874	554	-5.3293285
892	164	-5.329785
762	394	-5.3313384
789	363	-5.331446
806	58	-5.3319106
761	225	-5.3324413
926	545	-5.332614
942	577	-5.3334565
888	247	-5.3335934
755	377	-5.3343687
803	329	-5.335179
908	572	-5.3353305
858	537	-5.3360095
839	362	-5.336974
782	594	-5.3378215
754	296	-5.338242
749	362	-5.339539
942	401	-5.3397803
801	650	-5.342134
816	123	-5.3425665
917	289	-5.3450413
761	92	-5.3459177
884	49	-5.3460565
884	136	-5.3465466
916	167	-5.3466463
891	67	-5.348622
889	62	-5.3487606
820	271	-5.348851
880	149	-5.349411
916	275	-5.349548
902	400	-5.3504567
755	306	-5.350581
884	375	-5.3510327
896	174	-5.351066
938	253	-5.352004
886	254	-5.3521366
775	655	-5.355028
904	280	-5.3557205
798	323	-5.3558416
893	159	-5.356618
743	278	-5.3570404
742	175	-5.357592
796	235	-5.358086
910	581	-5.3581715
876	52	-5.359046
842	179	-5.359527
807	438	-5.3601484
896	138	-5.360153
869	365	-5.3610463
911	128	-5.362848
934	641	-5.363198
668	136	-5.364648
651	76	-5.3647733
707	255	-5.365054
839	379	-5.3654575
896	294	-5.365701
718	118	-5.366131
757	346	-5.3663416
860	508	-5.366802
917	542	-5.367166
826	374	-5.3698907
747	285	-5.37025
849	159	-5.370384
870	200	-5.371972
839	279	-5.372009
925	81	-5.3721285
754	80	-5.373493
119	0	-5.3736296
717	106	-5.374113
782	157	-5.374427
750	291	-5.3753467
851	653	-5.375522
611	5	-5.375675
881	396	-5.375986
892	183	-5.3769016
81	616	-5.3777633
728	296	-5.378579
52	653	-5.381697
887	185	-5.383231
816	336	-5.3832784
847	357	-5.383611
852	551	-5.3839116
645	109	-5.3842044
853	231	-5.385242
763	390	-5.3857236
923	672	-5.385741
96	677	-5.3861585
856	413	-5.386221
922	548	-5.3886986
907	427	-5.3910794
774	363	-5.391178
736	54	-5.3921547
132	681	-5.3925977
737	177	-5.395751
918	664	-5.396113
885	38	-5.3962326
899	423	-5.396346
11	599	-5.396348
103	664	-5.397708
877	245	-5.3978186
904	666	-5.398586
736	38	-5.3986745
752	373	-5.3996024
859	91	-5.3999176
681	204	-5.399982
833	97	-5.40065
938	627	-5.40066
826	528	-5.401139
737	42	-5.401649
896	398	-5.402968
811	333	-5.4030414
924	271	-5.404043
76	632	-5.4042525
757	651	-5.4045806
845	291	-5.4053836
906	271	-5.4054265
790	481	-5.405525
781	371	-5.408792
929	80	-5.4099555
930	479	-5.410275
920	276	-5.4108415
851	536	-5.4113145
63	608	-5.4114017
746	289	-5.411631
893	229	-5.4122143
913	293	-5.412253
857	336	-5.4143906
658	102	-5.4146585
925	37	-5.415122
862	241	-5.415925
887	76	-5.4166937
904	375	-5.41886
661	154	-5.4208636
872	54	-5.4212017
70	602	-5.4220815
850	124	-5.422623
803	164	-5.4247403
900	443	-5.425328
669	154	-5.425475
834	665	-5.4260097
824	264	-5.426056
857	226	-5.42641
900	656	-5.426835
909	671	-5.4273376
900	335	-5.4298797
858	232	-5.430315
798	283	-5.430438
664	31	-5.4309235
850	468	-5.4320016
764	114	-5.4320745
936	465	-5.433001
853	298	-5.433391
778	606	-5.4340606
880	408	-5.4342256
65	599	-5.434491
898	111	-5.435048
918	533	-5.435606
869	472	-5.4363256
830	620	-5.437129
761	130	-5.437271
698	165	-5.4377675
854	319	-5.438594
929	201	-5.4394197
799	406	-5.439995
767	117	-5.4404225
680	133	-5.440569
733	295	-5.441182
682	119	-5.4415736
875	365	-5.442243
869	210	-5.443364
920	41	-5.4445305
774	188	-5.445694
806	426	-5.446255
781	150	-5.4486713
792	66	-5.4501314
822	641	-5.4502034
949	429	-5.4503145
855	344	-5.4509683
793	152	-5.4515843
911	520	-5.452649
901	326	-5.4544244
873	34	-5.4546885
919	671	-5.45469
842	472	-5.454974
891	176	-5.4554076
769	609	-5.4570637
7	608	-5.457433
905	117	-5.4588485
747	294	-5.45905
844	226	-5.460956
895	167	-5.4622345
743	78	-5.4630985
938	240	-5.4638915
880	249	-5.463905
927	353	-5.4641094
693	30	-5.4642467
860	621	-5.4644804
751	281	-5.4655023
909	274	-5.466101
876	203	-5.4664636
798	200	-5.4666986
765	199	-5.468545
717	98	-5.4696555
842	192	-5.4696927
863	414	-5.470807
691	172	-5.4711695
891	316	-5.471818
914	262	-5.4720798
918	384	-5.4734783
863	481	-5.4750624
745	192	-5.475809
779	201	-5.4768677
860	116	-5.479705
905	485	-5.4800744
917	98	-5.480226
105	7	-5.4816923
606	5	-5.482674
766	61	-5.4832153
776	169	-5.4852653
772	173	-5.485486
919	339	-5.4858284
863	422	-5.4858885
661	168	-5.4866753
867	653	-5.4875
856	463	-5.4879804
769	94	-5.4890323
794	471	-5.489086
929	101	-5.4891405
802	231	-5.489305
881	117	-5.490027
620	5	-5.4906244
780	385	-5.4918227
751	286	-5.4921813
836	206	-5.492897
868	40	-5.4943404
744	53	-5.4951215
949	437	-5.4954286
931	236	-5.4956384
915	672	-5.4960127
772	79	-5.4966908
914	504	-5.4974556
733	143	-5.4983706
796	365	-5.4987826
784	362	-5.4988346
642	105	-5.4990025
782	163	-5.4991603
938	291	-5.499638
838	374	-5.5002584
755	223	-5.500713
725	284	-5.5007205
836	110	-5.5014396
559	5	-5.504251
725	130	-5.5044303
733	275	-5.506325
643	69	-5.506377
870	236	-5.5071826
855	285	-5.5077744
714	103	-5.509996
930	243	-5.5117707
765	549	-5.512078
826	633	-5.5128493
760	571	-5.5136414
11	625	-5.5137687
845	281	-5.51394
801	203	-5.5139556
901	130	-5.5141916
710	271	-5.514405
850	149	-5.5144506
787	208	-5.5145044
798	211	-5.516276
799	307	-5.516506
885	370	-5.517009
834	358	-5.517419
682	200	-5.517549
791	221	-5.5179534
665	156	-5.518319
858	514	-5.519751
933	468	-5.5209303
776	241	-5.521672
866	118	-5.5216837
880	451	-5.5218463
768	121	-5.522116
654	106	-5.5226603
907	433	-5.5232334
737	164	-5.523273
657	51	-5.523441
822	418	-5.524033
800	501	-5.5272055
936	264	-5.527356
837	581	-5.52938
909	49	-5.529388
844	269	-5.5309134
855	662	-5.5311947
837	668	-5.5316916
760	51	-5.5322924
792	252	-5.532783
62	656	-5.536617
851	528	-5.536656
0	97	-5.5373526
885	412	-5.537984
724	280	-5.5381565
682	209	-5.5387797
709	247	-5.5389876
910	476	-5.5397735
918	497	-5.54059
912	247	-5.5408306
859	429	-5.5409765
892	311	-5.5422792
884	55	-5.5431023
817	529	-5.544184
897	448	-5.5444613
939	539	-5.544836
901	618	-5.545842
866	242	-5.54684
926	505	-5.5474267
784	642	-5.548296
836	283	-5.5486417
853	504	-5.548978
879	165	-5.5490165
648	34	-5.550756
839	246	-5.55342
871	149	-5.5550623
911	634	-5.555063
888	85	-5.555714
701	30	-5.5563755
750	169	-5.5582047
753	213	-5.5601106
773	180	-5.560387
678	175	-5.560442
661	118	-5.5604706
849	300	-5.5609746
787	354	-5.5623507
922	86	-5.56358
879	111	-5.5649767
916	114	-5.5676017
937	386	-5.5688615
862	380	-5.5695953
677	106	-5.5697026
837	102	-5.5698943
855	127	-5.5725393
908	360	-5.5729456
26	602	-5.575186
777	640	-5.575851
929	93	-5.575937
852	156	-5.57716
772	212	-5.578303
854	500	-5.578383
680	144	-5.5816855
655	98	-5.584884
671	30	-5.585088
72	665	-5.585821
759	315	-5.5859494
764	139	-5.5860806
917	521	-5.5890026
763	335	-5.589602
931	221	-5.5902724
829	69	-5.5920897
576	5	-5.592307
834	121	-5.5929585
941	393	-5.593786
51	23	-5.594238
825	387	-5.5947495
806	395	-5.5987372
649	100	-5.59901
874	163	-5.5995708
656	47	-5.5996575
669	170	-5.6006026
110	677	-5.6010404
865	134	-5.6011357
838	605	-5.601754
812	109	-5.601791
770	208	-5.6021485
944	668	-5.6025834
763	134	-5.6043653
780	95	-5.605597
671	175	-5.606294
78	23	-5.606514
901	626	-5.6065397
715	55	-5.6068754
899	432	-5.607011
792	143	-5.607895
782	381	-5.608145
101	675	-5.608664
827	267	-5.6090045
772	630	-5.6090083
718	102	-5.6092257
815	40	-5.6093974
567	5	-5.609571
790	61	-5.6097226
776	236	-5.6108975
910	351	-5.611008
769	542	-5.611028
675	152	-5.6113105
925	371	-5.6124916
832	292	-5.616085
919	529	-5.616664
859	126	-5.6169662
939	553	-5.617123
663	94	-5.6207247
746	68	-5.621702
76	618	-5.622251
672	191	-5.622895
687	28	-5.623034
802	172	-5.623829
904	49	-5.625009
67	631	-5.625882
818	360	-5.6266894
912	373	-5.6288023
889	454	-5.629526
910	643	-5.6297274
761	327	-5.630467
847	152	-5.630474
731	115	-5.632143
897	233	-5.6326337
895	298	-5.632702
642	79	-5.6331367
938	245	-5.633221
675	5	-5.633795
833	273	-5.634923
872	372	-5.635638
69	19	-5.6378484
877	129	-5.641788
656	63	-5.6419535
755	124	-5.642655
720	110	-5.642884
657	164	-5.6434155
732	163	-5.6464624
828	76	-5.647348
682	192	-5.647578
724	122	-5.6490865
781	108	-5.64987
747	377	-5.6500773
22	601	-5.6503553
944	524	-5.6512976
904	367	-5.6517186
824	61	-5.651843
35	582	-5.6522098
765	53	-5.653135
808	101	-5.654336
837	298	-5.654356
840	199	-5.654678
906	157	-5.655399
929	190	-5.6558475
825	500	-5.656616
872	407	-5.6581197
917	49	-5.6584783
105	676	-5.6591153
702	57	-5.6593986
803	273	-5.6594768
912	229	-5.659952
642	93	-5.661279
846	277	-5.6631575
747	302	-5.663508
698	227	-5.6649685
823	45	-5.6658173
546	5	-5.6665177
742	45	-5.6681395
795	493	-5.6690054
22	637	-5.6695814
853	524	-5.6720605
82	642	-5.6723776
833	42	-5.678809
8	111	-5.678814
914	271	-5.6790714
834	379	-5.680621
824	69	-5.6813855
757	596	-5.68172
730	133	-5.6831894
766	529	-5.6840243
714	245	-5.6844125
845	558	-5.684826
42	608	-5.685017
804	316	-5.686141
748	181	-5.687692
909	576	-5.687724
899	82	-5.6877704
656	39	-5.6878076
849	289	-5.6893616
935	271	-5.68982
942	571	-5.6901464
141	680	-5.6901765
895	422	-5.691631
761	193	-5.6919847
737	59	-5.692264
880	143	-5.6923766
720	276	-5.6929607
843	540	-5.693427
886	384	-5.6946692
874	232	-5.695668
854	467	-5.695749
797	231	-5.6960034
81	5	-5.6973796
746	342	-5.6976743
817	45	-5.6977124
810	329	-5.697922
920	516	-5.697931
792	259	-5.6982665
797	148	-5.6998453
723	260	-5.701714
929	109	-5.7017546
846	647	-5.701863
846	172	-5.702575
921	285	-5.7043934
910	270	-5.704716
901	106	-5.705695
79	626	-5.7073207
869	444	-5.7100754
942	652	-5.710129
644	44	-5.7101755
761	367	-5.7109017
770	127	-5.711236
895	65	-5.712458
912	531	-5.7127237
866	232	-5.7130156
888	391	-5.714024
884	174	-5.714209
95	2	-5.7153454
863	532	-5.71622
835	78	-5.7165184
852	118	-5.7167683
770	385	-5.717517
709	217	-5.718222
721	115	-5.718379
856	289	-5.7184744
917	118	-5.71946
613	153	-5.7196894
554	5	-5.7208366
760	237	-5.7214813
926	303	-5.72171
846	231	-5.7233763
923	542	-5.724072
848	165	-5.726358
828	124	-5.7268023
737	152	-5.7272015
938	470	-5.727238
819	49	-5.7276993
837	252	-5.733198
826	356	-5.735705
889	372	-5.7357473
785	249	-5.7358513
862	109	-5.737421
850	216	-5.7375293
820	113	-5.737677
863	82	-5.7391043
885	250	-5.7398806
671	93	-5.7399483
640	42	-5.7413893
786	587	-5.7421966
884	180	-5.7437105
737	144	-5.7440414
73	607	-5.7443933
638	123	-5.745051
843	564	-5.7457423
926	41	-5.7461143
831	89	-5.7463536
746	281	-5.748254
838	491	-5.748332
601	5	-5.7486506
845	220	-5.748939
58	623	-5.74908
768	72	-5.7493124
792	644	-5.749596
796	401	-5.750972
864	208	-5.7537746
901	660	-5.754046
848	548	-5.755796
107	668	-5.755831
502	6	-5.7569456
938	638	-5.757845
534	6	-5.7580786
776	192	-5.7586513
673	102	-5.7590346
819	61	-5.759154
705	249	-5.7601957
718	247	-5.760901
860	96	-5.7613587
17	602	-5.7615676
132	0	-5.763398
865	225	-5.7635937
939	457	-5.764179
676	183	-5.7648106
942	264	-5.7656937
853	532	-5.766589
655	59	-5.7671485
872	448	-5.767582
902	150	-5.7682457
136	680	-5.7686696
885	141	-5.7709184
583	5	-5.771406
782	656	-5.7720504
903	110	-5.7721047
660	5	-5.7723174
64	19	-5.77294
717	79	-5.775105
929	121	-5.7760887
912	639	-5.7764506
804	34	-5.7775183
703	5	-5.7786684
807	297	-5.778756
785	392	-5.778928
872	49	-5.7799516
721	75	-5.780015
891	170	-5.780262
811	73	-5.781218
874	94	-5.7821693
717	68	-5.783598
941	619	-5.7836885
762	233	-5.7837086
746	274	-5.7853227
896	388	-5.7859554
764	398	-5.788601
109	5	-5.791017
758	185	-5.7916827
636	79	-5.7916827
841	572	-5.793013
750	106	-5.7937794
903	123	-5.794282
732	252	-5.794356
828	294	-5.7949963
944	593	-5.795732
798	171	-5.796839
750	90	-5.7974973
493	6	-5.7997203
949	443	-5.799755
626	5	-5.7998543
851	310	-5.8003535
886	95	-5.8007884
778	636	-5.8017087
839	86	-5.802484
860	258	-5.8025126
866	237	-5.8025618
926	357	-5.8057327
895	222	-5.808236
862	123	-5.8093977
842	671	-5.8097143
938	336	-5.810021
716	275	-5.8104334
901	331	-5.811297
126	0	-5.8118205
942	614	-5.8121314
864	469	-5.8133726
688	194	-5.8135552
695	186	-5.814675
832	509	-5.8148355
768	389	-5.8160424
743	40	-5.8168654
862	143	-5.8174653
897	228	-5.818287
859	120	-5.8188205
751	76	-5.818864
881	243	-5.8195724
33	29	-5.819779
850	226	-5.8201046
859	533	-5.820439
918	538	-5.8207603
833	117	-5.8229356
845	552	-5.8244176
856	528	-5.824564
53	6	-5.8251576
829	34	-5.825829
869	218	-5.827815
690	176	-5.828622
754	314	-5.828689
598	158	-5.8305006
801	223	-5.8305764
867	91	-5.8312335
934	289	-5.8327427
756	30	-5.8331823
12	110	-5.833568
735	291	-5.836084
21	37	-5.8364396
846	471	-5.836755
896	319	-5.839685
683	22	-5.8414097
145	0	-5.842805
859	105	-5.843512
596	5	-5.8440914
949	620	-5.84677
739	30	-5.847031
905	670	-5.847681
856	340	-5.848523
644	73	-5.848562
780	250	-5.8486276
750	176	-5.8486276
871	44	-5.8493366
615	6	-5.849524
723	245	-5.8506055
630	48	-5.8538575
680	5	-5.8544054
814	264	-5.85469
939	409	-5.8557477
890	55	-5.855959
766	393	-5.856144
814	270	-5.8567777
899	224	-5.856845
832	61	-5.857393
62	628	-5.8585744
716	223	-5.8592043
856	518	-5.8600593
590	5	-5.860643
940	623	-5.8626776
601	155	-5.864271
896	74	-5.8643003
875	133	-5.864938
662	101	-5.8653274
892	59	-5.865428
890	415	-5.8663073
903	309	-5.8693075
869	36	-5.869781
835	303	-5.8707438
938	573	-5.872124
820	645	-5.8723555
789	583	-5.8725777
936	249	-5.872945
68	615	-5.875232
641	112	-5.875509
781	103	-5.877178
915	338	-5.8817377
7	601	-5.8825717
724	240	-5.8828516
699	22	-5.8829784
705	218	-5.883011
750	305	-5.8834305
927	500	-5.883694
670	5	-5.883754
949	566	-5.883868
806	123	-5.8845162
683	147	-5.8846865
949	424	-5.885389
919	37	-5.886424
852	512	-5.887134
695	5	-5.887681
856	110	-5.8879952
918	379	-5.888143
830	352	-5.8882294
7	96	-5.888438
791	396	-5.8885546
763	639	-5.8892484
908	336	-5.890152
880	237	-5.890214
655	5	-5.8908405
768	631	-5.8913426
741	155	-5.8920965
885	157	-5.8928304
634	6	-5.8952603
679	156	-5.8970084
766	545	-5.8971963
74	19	-5.8995123
800	276	-5.901276
835	505	-5.9023886
747	87	-5.9026675
896	375	-5.903097
797	567	-5.9032116
820	346	-5.903279
101	0	-5.904012
949	652	-5.90669
790	197	-5.90693
807	409	-5.9079056
775	245	-5.9083824
856	510	-5.9095025
932	382	-5.9098473
781	598	-5.910527
811	39	-5.910849
756	88	-5.910896
840	304	-5.9113708
942	566	-5.9121423
745	588	-5.9131837
921	280	-5.913321
723	271	-5.913375
764	57	-5.9137483
899	143	-5.91403
795	247	-5.914809
817	110	-5.9150763
802	554	-5.915318
948	433	-5.9154344
10	587	-5.915757
893	418	-5.9158096
647	116	-5.916255
951	447	-5.916535
905	105	-5.9179015
888	41	-5.9180484
33	23	-5.918505
716	59	-5.9186254
865	217	-5.918794
944	424	-5.9191947
722	229	-5.9193234
867	140	-5.919513
0	89	-5.9213977
897	94	-5.922549
864	246	-5.9243817
850	486	-5.924761
765	602	-5.926012
885	232	-5.926112
601	145	-5.9261303
711	256	-5.9265494
953	618	-5.9267063
793	147	-5.9272046
884	615	-5.9273286
872	196	-5.9276595
780	205	-5.9277406
885	170	-5.9281774
844	363	-5.92991
79	637	-5.9307227
899	63	-5.933339
735	46	-5.9337397
811	534	-5.934047
888	379	-5.9365373
886	81	-5.9371367
794	194	-5.937636
915	110	-5.9382095
738	64	-5.9410787
873	228	-5.9411507
750	299	-5.941814
838	91	-5.9428205
860	248	-5.9434533
487	6	-5.9439125
724	288	-5.943949
752	310	-5.9449897
792	578	-5.945173
938	382	-5.9455957
791	215	-5.9468093
786	472	-5.9477596
655	67	-5.9488077
651	71	-5.949816
847	664	-5.950518
770	538	-5.9509544
647	94	-5.95256
641	120	-5.953672
932	504	-5.9540663
855	323	-5.9548597
563	6	-5.9551997
837	275	-5.9573913
66	31	-5.957732
877	115	-5.958083
927	295	-5.958802
649	6	-5.9598074
850	480	-5.9605436
730	139	-5.9617066
727	277	-5.962456
772	184	-5.9631047
922	68	-5.9638357
851	343	-5.963998
745	137	-5.9669466
882	201	-5.9672666
731	147	-5.967475
829	39	-5.968968
6	43	-5.970075
876	142	-5.971035
842	217	-5.971835
749	116	-5.972446
900	91	-5.9737735
803	293	-5.974172
734	118	-5.9761543
898	394	-5.976863
757	120	-5.9776363
852	172	-5.979458
864	264	-5.979667
944	587	-5.980791
518	6	-5.980953
901	648	-5.9816265
949	581	-5.9817567
709	32	-5.9829674
897	668	-5.984159
27	43	-5.984421
909	141	-5.984529
833	384	-5.9865165
915	636	-5.987919
832	277	-5.9882326
901	98	-5.988636
897	315	-5.9896502
644	32	-5.990195
930	331	-5.990686
937	633	-5.990772
775	199	-5.9915223
150	0	-5.993051
798	206	-5.9938393
848	294	-5.99479
689	22	-5.994915
773	83	-5.996958
829	128	-5.997107
665	6	-5.9976525
748	134	-5.9990096
