x_coord	y_coord	score
176	216	-0.691994
202	482	-0.71414304
201	486	-0.75545156
178	212	-0.8101971
174	222	-0.81054175
98	154	-0.83185095
201	478	-0.866276
202	474	-0.9277611
191	244	-0.9554039
99	150	-0.96567404
178	207	-1.0022699
216	394	-1.0169369
97	158	-1.0239003
193	238	-1.0305835
225	70	-1.0368571
205	485	-1.0370247
35	79	-1.0496359
206	472	-1.0522214
226	66	-1.0624806
100	143	-1.0906634
205	477	-1.1018263
172	226	-1.1165045
198	481	-1.1206436
215	399	-1.1253788
188	554	-1.1258566
217	390	-1.1393605
202	490	-1.140247
95	164	-1.1429062
267	148	-1.1843231
218	73	-1.1973593
52	100	-1.1990174
192	553	-1.2015579
188	562	-1.2099042
197	488	-1.2252017
208	180	-1.2390045
217	78	-1.2441301
222	67	-1.2442063
195	233	-1.2533778
128	65	-1.2543342
189	255	-1.2554922
215	404	-1.2570328
206	481	-1.2826592
194	149	-1.2833177
255	215	-1.2844062
35	87	-1.2882606
203	201	-1.2929039
102	147	-1.3141565
126	69	-1.3209506
180	598	-1.3249727
210	445	-1.3304201
190	545	-1.3328646
205	197	-1.3374733
219	397	-1.3490986
45	124	-1.3525969
180	201	-1.3526653
301	75	-1.3554296
35	93	-1.3586495
209	449	-1.3588482
178	220	-1.3589435
193	542	-1.360666
198	510	-1.3666383
190	248	-1.3706061
207	186	-1.3729832
107	215	-1.3815445
191	557	-1.3855654
109	361	-1.3864485
33	97	-1.386581
202	468	-1.3896742
195	227	-1.3953701
94	155	-1.3963381
218	385	-1.3966731
197	138	-1.4006118
197	222	-1.4022384
125	74	-1.4139262
182	594	-1.4196
203	193	-1.4257001
212	441	-1.4274358
189	550	-1.4340439
50	112	-1.4361475
102	139	-1.4372412
208	174	-1.4433783
107	220	-1.4435955
172	218	-1.4437044
193	548	-1.4464802
202	496	-1.451528
39	77	-1.4590003
187	569	-1.4636413
190	539	-1.4659119
268	144	-1.4786278
212	423	-1.487515
53	35	-1.4928635
187	558	-1.4935856
49	116	-1.4940937
222	74	-1.495601
198	504	-1.4970261
184	590	-1.499151
197	146	-1.4995773
95	172	-1.5019461
206	452	-1.5052737
197	133	-1.5070019
196	514	-1.5094832
99	162	-1.5114015
187	251	-1.5116446
47	120	-1.5120265
206	464	-1.5157329
309	40	-1.5190316
268	152	-1.5198038
51	107	-1.5219867
225	62	-1.5300333
106	224	-1.5320245
102	153	-1.5323801
215	409	-1.5377848
193	536	-1.5390656
94	168	-1.5428777
111	191	-1.5437256
196	142	-1.5498779
33	103	-1.5499887
182	190	-1.5563403
220	393	-1.5586618
255	232	-1.5623742
187	261	-1.5664914
43	130	-1.5675533
210	453	-1.5710453
182	196	-1.5743526
302	71	-1.5774587
179	602	-1.5808377
212	431	-1.5849227
107	375	-1.5866582
56	99	-1.5869272
198	492	-1.5879244
214	81	-1.5983278
202	206	-1.5988566
267	140	-1.6001854
172	232	-1.6028093
207	191	-1.6028379
196	545	-1.6051403
202	502	-1.6053938
208	468	-1.6076016
229	69	-1.6076137
207	442	-1.6104167
198	475	-1.6138759
101	157	-1.623801
108	210	-1.624127
229	60	-1.6243775
93	160	-1.6279625
109	369	-1.6328405
85	209	-1.6329905
215	85	-1.635115
91	180	-1.6383559
176	227	-1.6407261
206	489	-1.6411822
191	234	-1.6451705
207	456	-1.6472336
192	561	-1.6501765
213	419	-1.6549846
255	225	-1.6563163
196	539	-1.6565025
218	68	-1.6608703
211	427	-1.6704209
111	357	-1.6715935
183	586	-1.6731075
205	448	-1.6797316
308	36	-1.6798068
130	61	-1.6810327
193	158	-1.6828443
178	312	-1.686446
219	403	-1.6906668
198	499	-1.6949553
191	565	-1.6954628
196	551	-1.696628
184	599	-1.7074425
49	41	-1.7087452
211	437	-1.7099396
257	208	-1.7105707
212	415	-1.7136943
35	74	-1.7159351
307	71	-1.7178619
210	462	-1.7236212
221	388	-1.7250804
195	242	-1.7266968
217	381	-1.7270204
187	245	-1.7294468
307	44	-1.730179
191	570	-1.7308666
97	146	-1.7317232
103	135	-1.7367011
224	355	-1.7367905
50	123	-1.7500397
174	211	-1.7523158
178	619	-1.7528149
105	381	-1.7539135
184	186	-1.7546885
116	415	-1.7549119
192	153	-1.7566507
113	187	-1.7584898
53	96	-1.7640513
230	64	-1.7645738
192	230	-1.7682971
178	197	-1.7714847
170	238	-1.7720107
204	460	-1.7736032
108	204	-1.7739501
183	572	-1.7759597
89	190	-1.7760587
207	433	-1.7787218
194	520	-1.7857429
313	38	-1.7859079
189	240	-1.7870167
54	104	-1.788283
180	606	-1.7891415
225	78	-1.7915549
137	34	-1.792621
92	175	-1.7981042
213	391	-1.7988021
105	229	-1.8021456
304	40	-1.8040271
199	471	-1.8048437
201	134	-1.8058082
185	256	-1.8066084
299	79	-1.8080255
81	217	-1.8095055
183	578	-1.816284
242	327	-1.8164334
122	77	-1.8220959
49	34	-1.8234227
39	72	-1.8247356
53	40	-1.8283315
89	355	-1.828767
111	196	-1.8291003
201	464	-1.8292142
189	574	-1.8304797
227	74	-1.8305616
176	203	-1.8309273
185	565	-1.8369278
195	556	-1.8377837
190	533	-1.8385442
225	361	-1.8397125
211	406	-1.840583
88	351	-1.8406068
221	79	-1.8410635
187	542	-1.8465767
33	83	-1.8467721
212	396	-1.8478571
211	457	-1.849293
190	165	-1.8503295
216	413	-1.8526152
267	156	-1.8552617
315	34	-1.8563833
35	168	-1.8568358
215	426	-1.8570806
111	351	-1.8613955
255	237	-1.861929
175	649	-1.8623887
192	252	-1.8624843
84	213	-1.8642602
190	173	-1.866037
161	35	-1.868021
110	365	-1.8703573
115	180	-1.8714288
301	46	-1.8725107
214	387	-1.8726872
233	374	-1.8738545
210	474	-1.8745621
90	186	-1.8754516
226	336	-1.8790021
199	217	-1.8837602
198	535	-1.884958
221	382	-1.8851802
35	160	-1.8868073
187	585	-1.8884517
118	411	-1.890414
279	98	-1.8925004
271	149	-1.8931582
95	151	-1.8961184
210	170	-1.8994231
229	343	-1.9048446
229	54	-1.9055489
179	316	-1.9060271
178	611	-1.9064357
187	593	-1.9078656
186	179	-1.908842
86	205	-1.9103333
180	623	-1.9150461
216	422	-1.9156653
213	448	-1.919697
205	493	-1.9244546
202	508	-1.9257524
214	74	-1.9287074
49	103	-1.9288071
180	615	-1.9294875
309	48	-1.9299366
129	72	-1.9349792
301	67	-1.9388487
276	124	-1.9420573
39	82	-1.9427286
201	210	-1.9471066
88	198	-1.9526216
194	247	-1.9528826
104	131	-1.9533734
218	82	-1.9588004
211	411	-1.9603766
256	221	-1.9617698
105	144	-1.9621028
218	364	-1.9627028
264	189	-1.9677942
226	351	-1.9706126
211	400	-1.9711977
215	377	-1.9723086
176	625	-1.9727886
164	259	-1.9814559
201	221	-1.9829882
195	484	-1.9846296
111	183	-1.9848844
173	635	-1.9852715
206	437	-1.9859928
277	120	-1.9914521
52	119	-1.9925842
170	650	-1.9930962
215	436	-1.9944389
184	582	-1.9949975
198	518	-1.9952856
198	150	-1.9970949
89	347	-1.9995573
201	128	-1.9995834
257	34	-2.0001256
104	386	-2.0103781
306	75	-2.0117555
110	200	-2.012052
89	34	-2.0148895
276	152	-2.0174968
88	359	-2.0217392
306	67	-2.0223873
210	80	-2.0229325
194	532	-2.0246515
183	603	-2.0270727
193	145	-2.0270915
216	440	-2.027256
87	194	-2.0308444
210	86	-2.031995
179	193	-2.0371692
203	188	-2.0401618
182	205	-2.0416274
219	140	-2.0435457
266	160	-2.0440907
219	360	-2.0444877
226	328	-2.0476525
209	420	-2.0497365
215	371	-2.051706
207	428	-2.0541923
181	309	-2.0549424
33	108	-2.0572882
193	137	-2.0599964
254	211	-2.061979
288	95	-2.062923
199	542	-2.0669503
224	346	-2.0682268
209	484	-2.0731335
175	631	-2.074993
259	213	-2.075131
123	66	-2.0756478
130	56	-2.0785992
239	44	-2.0832798
225	342	-2.0840816
298	72	-2.085114
76	34	-2.085832
47	109	-2.086784
202	456	-2.0897412
209	478	-2.0934865
43	74	-2.0960412
229	355	-2.0988107
116	166	-2.0989757
217	417	-2.1006455
91	171	-2.101422
115	175	-2.1026042
98	167	-2.1063695
49	53	-2.1107986
198	524	-2.1111507
208	424	-2.115478
221	377	-2.1171079
212	466	-2.1184952
278	116	-2.1213474
95	178	-2.1255338
199	226	-2.1265936
275	100	-2.1268163
53	115	-2.1279404
261	146	-2.1284409
109	379	-2.1285336
168	244	-2.1285882
227	365	-2.1285963
307	32	-2.1303408
272	154	-2.131663
190	578	-2.131798
196	154	-2.1348746
224	58	-2.1367602
82	221	-2.1369908
311	33	-2.1372154
41	68	-2.1378284
242	332	-2.1387455
221	63	-2.1411061
107	194	-2.1430275
57	95	-2.1470773
196	129	-2.1476662
213	89	-2.15046
194	162	-2.1509576
241	40	-2.1522841
228	347	-2.1526139
188	589	-2.1578095
219	408	-2.1599345
300	37	-2.162336
179	650	-2.1623373
229	371	-2.1624687
79	213	-2.1666164
207	46	-2.1671789
214	452	-2.1672144
215	444	-2.1701586
115	419	-2.178912
180	589	-2.17939
221	134	-2.1802504
105	150	-2.1830199
300	42	-2.1832623
80	33	-2.1833265
108	384	-2.185687
264	199	-2.1890829
186	191	-2.1917975
222	83	-2.1945763
88	343	-2.195953
186	265	-2.2018344
272	169	-2.2018988
119	404	-2.2030594
216	432	-2.2031302
115	170	-2.2063136
54	92	-2.206675
89	202	-2.2071679
156	440	-2.2092898
268	136	-2.2094162
188	151	-2.211274
220	356	-2.211421
206	497	-2.2120187
74	38	-2.2139363
251	236	-2.2159216
186	174	-2.2178102
91	165	-2.2189212
193	223	-2.2201686
122	71	-2.2203457
224	107	-2.2206376
281	122	-2.2212625
198	230	-2.2217598
293	93	-2.2245226
206	88	-2.2259593
304	35	-2.2268693
263	205	-2.230857
219	373	-2.231581
192	141	-2.2316358
320	34	-2.2324142
194	526	-2.2344956
105	390	-2.2346036
278	148	-2.237669
294	79	-2.2439542
195	507	-2.244033
119	80	-2.2460809
162	263	-2.2460856
150	481	-2.249636
43	79	-2.2508702
223	367	-2.2508855
201	140	-2.253737
232	379	-2.2567377
274	106	-2.2577286
47	57	-2.2605166
210	488	-2.2611065
181	215	-2.2630389
230	50	-2.2632911
184	561	-2.2664318
131	68	-2.2672935
224	385	-2.267715
264	177	-2.2699513
188	169	-2.2707741
272	145	-2.2711327
103	127	-2.2711718
227	83	-2.2720335
177	636	-2.2737942
274	96	-2.2738178
258	229	-2.2750711
85	218	-2.2766197
203	124	-2.2768407
204	182	-2.277868
313	43	-2.2781627
81	225	-2.2805529
175	615	-2.2843406
114	162	-2.2857082
49	47	-2.287096
264	165	-2.2898862
215	144	-2.2910903
194	649	-2.2920623
243	34	-2.297056
201	513	-2.3005168
278	156	-2.3011856
85	201	-2.3027277
47	128	-2.3039875
202	214	-2.3062308
184	555	-2.3079698
94	34	-2.3079772
143	504	-2.3082826
211	184	-2.3085535
278	104	-2.310461
307	63	-2.3115082
126	78	-2.3139987
244	336	-2.3148859
106	138	-2.3198385
227	376	-2.3207889
176	607	-2.3217385
251	216	-2.3223493
147	75	-2.3237405
43	135	-2.3253837
192	512	-2.3260827
49	97	-2.3279278
105	371	-2.328494
257	201	-2.3285785
194	573	-2.3287098
175	315	-2.3287973
242	342	-2.3309677
77	221	-2.3325276
297	83	-2.3327255
174	621	-2.3334384
32	90	-2.337842
295	87	-2.3387988
280	126	-2.340627
223	372	-2.3423574
230	77	-2.3426566
268	164	-2.3463078
268	173	-2.3466742
202	451	-2.3483338
151	69	-2.3524003
148	487	-2.3526459
267	132	-2.3528397
195	564	-2.3535066
292	98	-2.3543272
263	154	-2.35456
184	200	-2.3562546
245	38	-2.3596497
237	39	-2.3602457
251	231	-2.3648057
125	392	-2.3676429
209	492	-2.3694577
193	132	-2.369687
188	597	-2.3719182
72	44	-2.3734748
305	49	-2.37353
209	91	-2.3744955
266	193	-2.3746161
219	368	-2.379844
199	548	-2.3801134
182	610	-2.3812668
237	48	-2.38165
186	547	-2.3816528
116	423	-2.3820522
261	35	-2.3830674
287	99	-2.38426
52	44	-2.3894756
111	213	-2.391471
116	649	-2.3917058
203	441	-2.3940272
198	125	-2.3960998
287	139	-2.3981164
259	166	-2.3983784
274	111	-2.399865
191	582	-2.400611
80	209	-2.4011824
221	111	-2.4021482
196	560	-2.4024582
190	522	-2.4027581
296	96	-2.4027615
111	207	-2.4043977
198	530	-2.4044719
244	322	-2.4048126
256	38	-2.4063318
309	54	-2.4066877
315	50	-2.4074068
131	46	-2.4095318
265	34	-2.4120684
232	57	-2.4129791
103	216	-2.413151
233	53	-2.4151068
219	146	-2.4198263
259	150	-2.4209478
221	352	-2.4221592
178	593	-2.4223535
169	229	-2.42302
253	207	-2.4235015
195	478	-2.424341
271	141	-2.4253483
182	210	-2.4255245
229	360	-2.425625
252	240	-2.4266083
197	237	-2.4283226
227	332	-2.4291348
112	167	-2.429902
110	223	-2.4301288
275	162	-2.4308038
288	135	-2.4317098
54	111	-2.4326458
215	149	-2.4354935
264	184	-2.4355752
232	368	-2.4380577
259	234	-2.4390635
104	211	-2.4393008
133	35	-2.440529
166	255	-2.4405425
179	224	-2.440803
253	35	-2.4408867
208	166	-2.442132
160	441	-2.4440293
263	138	-2.4493406
114	427	-2.4500933
261	209	-2.4525974
85	33	-2.4526467
256	187	-2.4526935
223	138	-2.4530373
233	42	-2.4562662
45	115	-2.4589531
214	93	-2.459601
274	117	-2.4596286
44	65	-2.459679
250	250	-2.4605365
125	62	-2.460815
35	69	-2.463255
276	132	-2.4645064
270	159	-2.46507
176	599	-2.46672
85	356	-2.467719
180	631	-2.4679825
239	35	-2.469635
280	138	-2.4717069
50	93	-2.471787
175	603	-2.4742198
300	32	-2.474249
185	551	-2.4748392
34	164	-2.474977
261	162	-2.4750118
177	308	-2.4754639
102	394	-2.476122
115	192	-2.4793284
225	89	-2.48097
274	128	-2.482318
221	129	-2.4823456
268	187	-2.4826343
231	73	-2.4842987
116	407	-2.48496
195	569	-2.4855826
229	44	-2.4867728
290	77	-2.4875486
244	43	-2.489006
284	144	-2.489578
188	157	-2.4907904
268	179	-2.4933786
178	320	-2.4983778
276	144	-2.5032146
205	130	-2.505387
213	383	-2.5064344
233	342	-2.5065348
120	400	-2.5085733
100	132	-2.509718
251	224	-2.5163467
166	240	-2.516407
141	35	-2.5178263
103	221	-2.517953
191	260	-2.518454
208	416	-2.5199194
198	207	-2.5216236
205	177	-2.5234017
106	122	-2.5236266
297	91	-2.5273316
209	195	-2.5304313
265	212	-2.531815
185	270	-2.5318682
174	311	-2.5334947
98	138	-2.535289
43	355	-2.5354245
91	195	-2.5382652
192	586	-2.5390935
225	94	-2.5401778
272	134	-2.5402203
295	75	-2.5402753
268	201	-2.540425
234	332	-2.54449
307	58	-2.5456007
45	350	-2.5456593
107	188	-2.5470767
234	383	-2.5479114
214	365	-2.5487099
248	260	-2.550062
215	456	-2.558112
168	234	-2.55825
109	227	-2.5594478
259	218	-2.5603487
300	50	-2.5605216
115	157	-2.560907
225	324	-2.5612593
214	69	-2.566986
183	619	-2.5680702
35	173	-2.5696042
76	217	-2.5739055
206	204	-2.574055
195	218	-2.5740838
278	94	-2.5742931
126	387	-2.5752745
206	95	-2.5755143
112	347	-2.5771267
302	63	-2.5789154
241	346	-2.5799422
266	208	-2.5825098
195	496	-2.5829444
231	364	-2.583166
224	391	-2.5840788
210	38	-2.584113
262	169	-2.5847623
206	503	-2.5849545
123	81	-2.5862312
158	427	-2.5865834
278	110	-2.5871937
185	278	-2.5886192
88	364	-2.590451
183	252	-2.5933888
45	156	-2.5941248
260	179	-2.5964093
35	402	-2.5987837
101	34	-2.601354
46	61	-2.6082318
166	248	-2.6086981
35	155	-2.6089532
148	475	-2.6096036
107	134	-2.6125145
229	39	-2.6135428
215	138	-2.6147363
202	520	-2.6149943
314	55	-2.6173081
189	147	-2.6181629
283	148	-2.6197243
270	197	-2.6212173
115	78	-2.6223483
233	336	-2.6249
234	346	-2.6276398
259	224	-2.6277952
103	233	-2.6294143
200	198	-2.6294801
111	178	-2.6321194
197	213	-2.6329823
221	87	-2.6340299
193	256	-2.6346276
233	354	-2.6355975
256	242	-2.6362913
106	199	-2.6366556
45	69	-2.637039
89	210	-2.637473
230	329	-2.6382515
209	34	-2.6383796
217	64	-2.6386492
272	175	-2.6397438
94	183	-2.6403344
222	123	-2.6439884
214	460	-2.6442864
128	383	-2.645463
282	154	-2.6463509
102	225	-2.6463978
283	87	-2.648769
225	42	-2.6489577
181	304	-2.6497464
171	214	-2.65252
318	38	-2.6537437
270	100	-2.6545422
183	262	-2.6601057
280	131	-2.6617064
213	97	-2.6624753
282	118	-2.6639442
314	30	-2.6649415
310	68	-2.665905
189	161	-2.6683376
39	137	-2.6689703
208	200	-2.6693685
190	178	-2.670202
120	312	-2.6705353
182	568	-2.6724467
147	493	-2.6734147
193	490	-2.6737902
187	236	-2.6780264
87	182	-2.6801572
233	47	-2.6819983
107	126	-2.6831844
267	169	-2.6839583
188	282	-2.686978
274	138	-2.6887126
162	437	-2.6903305
225	103	-2.6917949
234	35	-2.6919243
182	627	-2.6932247
230	87	-2.6935518
225	53	-2.694052
158	433	-2.697498
166	35	-2.698406
283	134	-2.698721
201	538	-2.6988232
173	640	-2.6989903
151	74	-2.7018712
154	444	-2.7019463
246	328	-2.7030582
225	133	-2.7036052
78	228	-2.7038083
259	142	-2.7051826
238	52	-2.705288
207	83	-2.7053783
105	207	-2.7110662
223	398	-2.7131267
284	80	-2.7134318
55	122	-2.7137918
147	502	-2.7144034
103	377	-2.7145264
228	381	-2.7146933
39	131	-2.7210104
131	52	-2.7214563
136	38	-2.72205
283	97	-2.722524
258	154	-2.7259653
151	64	-2.727043
252	39	-2.7278874
35	394	-2.7302642
200	552	-2.7318442
220	412	-2.7320116
116	184	-2.7328422
235	328	-2.7357607
229	325	-2.73616
186	611	-2.738163
43	145	-2.7385068
191	592	-2.7387903
182	182	-2.7392154
290	83	-2.7400072
194	579	-2.7412078
107	118	-2.7420695
215	361	-2.7428567
112	650	-2.7445934
45	40	-2.7461398
39	64	-2.7511916
207	51	-2.752231
274	158	-2.752638
111	171	-2.753934
41	123	-2.7545445
231	81	-2.7549152
57	33	-2.7568674
297	68	-2.7574618
310	74	-2.758696
291	89	-2.758892
211	177	-2.7592103
235	350	-2.760415
190	528	-2.760464
260	188	-2.7606735
245	345	-2.7612562
184	248	-2.7626104
246	340	-2.763505
49	154	-2.76406
111	219	-2.7650275
119	418	-2.7660758
270	191	-2.7687593
43	150	-2.76931
115	150	-2.7703602
105	363	-2.7735965
188	187	-2.7748468
259	158	-2.7751582
253	285	-2.7771318
279	89	-2.7778728
221	95	-2.7795184
249	256	-2.7810419
240	323	-2.7815778
185	607	-2.7826755
248	41	-2.7846832
43	119	-2.7849298
89	339	-2.7849574
45	52	-2.7881067
213	111	-2.7892332
263	217	-2.7923946
184	283	-2.7939131
222	338	-2.7942488
245	318	-2.7951877
203	431	-2.800332
111	373	-2.8013055
260	173	-2.802769
210	496	-2.8028972
181	257	-2.8062708
210	162	-2.8068583
197	159	-2.806982
110	121	-2.8079977
145	508	-2.8100953
222	143	-2.8101397
174	236	-2.811592
130	126	-2.8122215
263	233	-2.8123124
135	428	-2.81419
122	395	-2.8146114
288	143	-2.8162405
280	143	-2.8163366
282	106	-2.8167152
291	102	-2.816872
89	39	-2.8169065
213	471	-2.8169537
253	258	-2.818486
292	72	-2.8197587
146	79	-2.820155
276	168	-2.8209949
247	33	-2.8224294
46	100	-2.8260584
111	442	-2.8270319
270	110	-2.827855
236	339	-2.8283775
215	154	-2.8284075
237	373	-2.8299003
108	232	-2.8302078
226	48	-2.8302636
146	482	-2.8303864
257	191	-2.8316476
287	131	-2.8329954
190	264	-2.8332713
185	615	-2.836883
183	649	-2.8389094
177	641	-2.842288
112	416	-2.8424983
258	183	-2.8465762
60	100	-2.847558
247	264	-2.8476348
113	432	-2.8488994
208	42	-2.8491492
51	650	-2.8491771
56	88	-2.8494656
252	246	-2.850574
39	158	-2.850808
248	244	-2.8522115
118	84	-2.8527977
228	386	-2.8539217
223	119	-2.8543508
60	290	-2.8553946
281	113	-2.8579504
241	49	-2.858871
217	90	-2.8600864
230	339	-2.8637407
101	398	-2.86429
244	261	-2.8662033
83	258	-2.868342
241	316	-2.8716173
130	76	-2.8722422
240	338	-2.8733315
187	536	-2.874815
63	293	-2.8749566
229	93	-2.875495
275	172	-2.8761384
125	398	-2.8767512
59	296	-2.878162
211	115	-2.8876605
287	112	-2.8879585
80	232	-2.8893669
247	237	-2.8897412
187	274	-2.8908606
219	425	-2.892844
209	124	-2.894638
242	350	-2.8966086
125	606	-2.8967628
187	602	-2.8969228
35	132	-2.897289
93	189	-2.897634
34	398	-2.8976836
43	58	-2.9020116
181	277	-2.9041252
250	274	-2.9058547
113	203	-2.9061334
311	62	-2.910016
158	32	-2.914127
58	302	-2.9149163
173	206	-2.9171615
173	611	-2.9172707
270	205	-2.9207191
120	650	-2.9217696
271	182	-2.9224777
206	510	-2.923847
217	449	-2.9238787
245	257	-2.9254925
103	161	-2.9258032
237	56	-2.9298682
147	68	-2.9300478
299	28	-2.9302227
151	472	-2.9367673
263	225	-2.9370115
91	258	-2.9374917
76	42	-2.9377537
99	171	-2.9383235
228	320	-2.9388123
70	332	-2.9393408
112	436	-2.941573
286	76	-2.9432178
282	162	-2.946326
82	372	-2.949377
39	143	-2.9494338
205	209	-2.9502466
130	94	-2.950715
212	481	-2.9511638
194	167	-2.951867
132	130	-2.9518778
52	31	-2.9520178
110	163	-2.9526765
321	30	-2.9547708
178	189	-2.9555588
236	378	-2.9556315
211	189	-2.9558897
141	514	-2.9600954
46	44	-2.9606876
159	39	-2.9632032
222	329	-2.9646473
180	583	-2.9653723
282	101	-2.9656358
45	344	-2.9662993
45	359	-2.967057
43	160	-2.967668
84	360	-2.967768
105	156	-2.96859
226	129	-2.9697714
259	136	-2.970349
285	126	-2.9705667
109	450	-2.97122
123	384	-2.9713595
110	115	-2.9716682
282	93	-2.9716766
119	162	-2.971861
106	114	-2.9758906
45	35	-2.976194
207	412	-2.9783394
112	324	-2.9787853
108	130	-2.9793184
216	355	-2.9802513
35	139	-2.9809053
297	47	-2.98177
143	76	-2.9828305
254	262	-2.9841664
187	183	-2.9846985
287	88	-2.985731
269	128	-2.988262
233	68	-2.9886022
121	391	-2.9897053
177	324	-2.989978
142	84	-2.9907005
154	436	-2.9909093
215	107	-2.9920301
113	411	-2.9933257
234	361	-2.9941652
101	389	-2.9942715
182	273	-2.9956079
204	173	-2.99607
44	139	-2.996973
176	337	-2.997049
317	44	-2.997835
107	182	-2.9994407
187	650	-3.0039477
213	477	-3.0043125
237	31	-3.004858
199	203	-3.0053666
224	38	-3.005586
271	124	-3.005637
118	75	-3.008903
146	498	-3.0090241
55	401	-3.0096183
39	153	-3.015514
202	120	-3.0176182
119	172	-3.0179145
130	555	-3.0185084
217	96	-3.0190477
134	553	-3.0194552
114	199	-3.0203493
214	158	-3.0212705
103	239	-3.0218363
224	114	-3.021855
85	224	-3.0243275
254	251	-3.0249274
270	105	-3.0256908
124	402	-3.0262995
116	313	-3.026728
115	321	-3.0273187
44	452	-3.0284045
199	460	-3.028555
305	79	-3.0289936
116	401	-3.029862
206	78	-3.030882
169	223	-3.0323212
249	287	-3.0337472
183	314	-3.0345082
39	88	-3.0346823
72	33	-3.037172
30	100	-3.037646
122	85	-3.0377948
185	241	-3.037897
301	54	-3.038919
117	430	-3.039857
220	115	-3.0406587
51	89	-3.0417879
52	50	-3.0434167
161	267	-3.0440445
262	237	-3.0449889
209	119	-3.0457675
63	362	-3.0460758
213	485	-3.048919
35	408	-3.0489519
53	126	-3.051936
220	59	-3.0522406
303	29	-3.052369
246	251	-3.0532277
172	242	-3.0547876
81	205	-3.0554762
35	145	-3.0556011
82	241	-3.0561478
38	163	-3.0579772
121	610	-3.0583742
220	150	-3.0608275
162	253	-3.0665786
324	33	-3.0667408
172	626	-3.067759
252	220	-3.06972
211	45	-3.0713165
96	142	-3.0713298
199	194	-3.0716453
258	197	-3.0724776
139	502	-3.0726156
48	66	-3.0739846
193	126	-3.0748954
121	414	-3.0756385
202	525	-3.0762792
62	286	-3.0765731
223	405	-3.077968
301	85	-3.0795853
194	502	-3.0797472
201	147	-3.0819728
113	362	-3.0838606
57	118	-3.0849006
38	649	-3.0860357
121	408	-3.086534
71	321	-3.0879226
175	328	-3.0879629
119	149	-3.0882773
136	46	-3.088621
230	34	-3.0894032
217	112	-3.0898201
226	316	-3.0917323
112	525	-3.093946
209	98	-3.0957165
127	82	-3.0970163
84	197	-3.0979044
87	257	-3.0985425
102	123	-3.1001925
76	210	-3.1004698
287	122	-3.101625
83	364	-3.1028776
191	516	-3.1033146
128	600	-3.1034112
130	32	-3.1040962
32	112	-3.1069312
55	649	-3.109923
102	165	-3.1110158
202	445	-3.1110513
244	273	-3.1117527
216	134	-3.1120577
47	354	-3.1134534
210	75	-3.1141467
275	178	-3.1150386
104	203	-3.1166437
240	263	-3.117562
262	195	-3.117585
234	61	-3.118704
116	523	-3.1200836
98	224	-3.120122
279	165	-3.1202931
300	95	-3.1246593
94	243	-3.124743
177	231	-3.1260066
117	436	-3.1260765
154	457	-3.127456
182	267	-3.1278377
84	250	-3.1281257
283	158	-3.1286075
264	229	-3.1305492
158	264	-3.1310492
192	596	-3.1321204
237	343	-3.133129
287	147	-3.1356328
74	243	-3.1363888
298	64	-3.1394334
85	348	-3.1397514
47	340	-3.1402783
174	319	-3.1422215
255	289	-3.1432452
186	622	-3.1449718
276	86	-3.1465745
52	319	-3.1481497
159	260	-3.148268
119	426	-3.1490533
92	199	-3.150017
290	68	-3.1509023
204	137	-3.1512094
48	440	-3.1529253
42	650	-3.153313
154	428	-3.1537771
202	533	-3.1540968
262	221	-3.156295
228	97	-3.1578076
133	64	-3.158927
84	262	-3.1593473
105	397	-3.1595225
88	214	-3.1609788
202	80	-3.1623971
178	645	-3.1630347
113	333	-3.163193
190	226	-3.1634154
62	300	-3.16399
115	440	-3.1644442
209	158	-3.1647563
68	336	-3.1648755
212	101	-3.1661007
150	459	-3.1669276
242	250	-3.1681871
57	107	-3.1683462
113	339	-3.169839
208	403	-3.170116
162	429	-3.1741464
107	355	-3.17496
220	421	-3.1807778
189	268	-3.1810875
132	39	-3.1819472
152	477	-3.1827304
39	59	-3.1827948
140	401	-3.1838763
117	144	-3.1849396
101	245	-3.186908
314	66	-3.1870716
141	321	-3.189021
132	433	-3.1895585
112	154	-3.1911054
257	246	-3.1912532
209	500	-3.1915534
90	206	-3.1918268
140	39	-3.1922421
221	44	-3.1932666
241	258	-3.1989627
74	48	-3.1995325
182	635	-3.2001863
199	557	-3.201482
254	272	-3.2028973
86	187	-3.205746
111	159	-3.2063193
150	78	-3.2066886
236	367	-3.208659
189	135	-3.209369
98	248	-3.209752
58	307	-3.2114656
104	81	-3.2121813
189	617	-3.212469
89	263	-3.2129555
142	405	-3.2149258
80	237	-3.215177
84	352	-3.2186306
126	58	-3.219469
48	323	-3.2208712
301	59	-3.2218347
35	413	-3.2219486
165	266	-3.2227023
165	650	-3.2246761
34	180	-3.2274647
180	281	-3.228104
262	31	-3.2287984
41	351	-3.230752
232	387	-3.2322624
114	83	-3.2331028
272	186	-3.2331393
151	467	-3.2342658
132	84	-3.2348795
141	411	-3.236596
265	126	-3.2372394
208	102	-3.2386603
159	423	-3.238814
131	560	-3.2391973
153	60	-3.2395072
145	392	-3.2420971
139	427	-3.2450511
287	105	-3.2452528
220	348	-3.247599
244	287	-3.2480402
275	91	-3.248243
189	286	-3.2495575
82	378	-3.2504694
119	316	-3.252781
253	202	-3.2528143
144	490	-3.2530036
63	371	-3.2553496
185	307	-3.2570984
116	326	-3.2578907
243	241	-3.2586274
152	485	-3.258682
294	52	-3.2588134
205	514	-3.2616966
125	380	-3.2627578
194	172	-3.2628992
131	429	-3.2634683
105	35	-3.2642696
118	154	-3.2642875
252	188	-3.2644446
286	151	-3.26455
257	256	-3.2669137
137	84	-3.2680657
205	421	-3.2687762
92	335	-3.2694175
89	161	-3.269733
113	146	-3.2697828
249	278	-3.271079
226	310	-3.2719405
249	270	-3.273938
295	101	-3.274267
280	84	-3.2754824
138	406	-3.275837
198	467	-3.277428
127	48	-3.278337
167	262	-3.278399
110	561	-3.2790298
103	192	-3.280135
135	133	-3.282079
253	277	-3.2824068
114	529	-3.284648
128	377	-3.2848947
141	80	-3.2867467
112	422	-3.286801
109	388	-3.2879276
221	416	-3.288785
286	84	-3.2900138
131	122	-3.2905183
138	530	-3.292894
79	38	-3.2954104
175	341	-3.2960045
181	298	-3.2968745
287	117	-3.2977712
57	397	-3.2980387
46	333	-3.2982209
95	259	-3.2991776
129	391	-3.2995048
29	109	-3.2999694
268	96	-3.299982
195	472	-3.3006341
174	644	-3.3014371
203	91	-3.3019233
215	38	-3.3038404
84	228	-3.3039868
313	71	-3.304352
130	102	-3.3044417
202	545	-3.3060296
209	110	-3.306513
200	283	-3.3069346
194	643	-3.307684
141	72	-3.3077335
143	494	-3.3081656
35	150	-3.3083763
147	471	-3.3092928
113	92	-3.3104217
195	583	-3.3128471
50	436	-3.315761
87	172	-3.3163195
264	143	-3.3173912
260	243	-3.31954
63	377	-3.3210359
258	250	-3.3219194
111	329	-3.321933
250	212	-3.3228402
171	385	-3.323412
46	94	-3.3237898
207	114	-3.3240845
149	463	-3.3246064
234	84	-3.3249042
108	537	-3.3250227
238	331	-3.3262362
246	314	-3.3294034
270	116	-3.330558
247	223	-3.3306696
39	148	-3.3318923
111	125	-3.3333733
249	45	-3.3343425
220	429	-3.3369927
163	433	-3.3379247
109	148	-3.3390503
42	347	-3.3427503
137	76	-3.3429573
106	109	-3.343541
136	432	-3.3451042
114	519	-3.345753
94	251	-3.345937
134	90	-3.347045
223	333	-3.3471527
47	73	-3.3500626
47	649	-3.3508477
95	239	-3.3518407
64	282	-3.354333
84	236	-3.3548532
106	95	-3.3554099
90	157	-3.3562791
59	91	-3.3562896
135	503	-3.3564372
293	48	-3.3566096
36	488	-3.357472
70	170	-3.3582604
114	354	-3.3592384
158	419	-3.359347
118	308	-3.3601155
207	63	-3.3612483
263	133	-3.3620899
223	147	-3.3677042
44	83	-3.36851
220	40	-3.369315
211	106	-3.369453
248	227	-3.3709593
296	40	-3.3743286
75	247	-3.3749106
45	105	-3.3774946
217	130	-3.3778172
284	71	-3.3795502
289	64	-3.3805754
110	446	-3.3810174
219	120	-3.381549
46	448	-3.382286
249	208	-3.3825598
47	133	-3.383027
216	100	-3.3842688
233	324	-3.3845727
140	31	-3.3863308
264	242	-3.3868241
230	131	-3.3883057
250	318	-3.3884318
177	303	-3.3888474
190	610	-3.3896625
255	43	-3.3911915
114	210	-3.3919654
139	551	-3.3929393
131	98	-3.3954399
260	39	-3.3974822
174	199	-3.3982544
186	164	-3.4000726
104	367	-3.4006696
78	242	-3.402054
135	557	-3.4024343
244	246	-3.4048707
111	133	-3.4054031
93	331	-3.4055202
103	117	-3.4064677
289	127	-3.409859
124	480	-3.4105709
75	403	-3.4120939
126	213	-3.4125152
158	44	-3.4135313
207	407	-3.4136395
100	229	-3.4163768
212	374	-3.4167802
140	507	-3.4177985
315	60	-3.418387
162	271	-3.4186308
190	278	-3.4190192
117	188	-3.4199584
256	177	-3.421331
245	48	-3.42176
130	108	-3.4223356
289	50	-3.4226408
211	370	-3.4229019
252	281	-3.4230218
221	54	-3.4230626
310	29	-3.4252763
237	356	-3.4269097
173	332	-3.427259
291	132	-3.4304729
101	404	-3.4311755
219	105	-3.431253
72	317	-3.4323752
81	245	-3.433243
35	492	-3.433371
141	396	-3.433782
88	370	-3.4342217
141	498	-3.4346037
302	89	-3.4375582
44	48	-3.438254
43	339	-3.4397821
114	88	-3.4411073
209	129	-3.4412837
99	220	-3.441711
238	94	-3.4419482
77	206	-3.4426103
269	211	-3.4439538
182	175	-3.4472697
108	649	-3.4481473
70	326	-3.4492726
171	630	-3.4498062
135	549	-3.4501393
188	143	-3.45036
66	348	-3.4506953
90	453	-3.451747
226	124	-3.4540026
99	241	-3.454548
54	315	-3.4558353
171	316	-3.4560752
209	393	-3.4566596
246	349	-3.457462
182	643	-3.458845
290	108	-3.4598665
204	425	-3.460687
119	606	-3.4621809
112	533	-3.4626143
188	300	-3.4639604
52	324	-3.4644976
94	263	-3.4647238
167	382	-3.465347
83	382	-3.4668672
195	122	-3.4673042
108	543	-3.468806
43	363	-3.4688964
221	343	-3.4697874
251	291	-3.4713883
184	399	-3.4732842
110	110	-3.473966
163	40	-3.4740949
234	76	-3.4745567
242	53	-3.474702
132	443	-3.4749434
96	228	-3.4752445
154	462	-3.4757762
140	90	-3.4762428
109	521	-3.476352
89	251	-3.4774463
238	274	-3.4781706
131	80	-3.4787183
44	329	-3.481528
98	175	-3.481682
218	125	-3.4829674
109	142	-3.483735
69	47	-3.4842474
207	56	-3.4845326
112	230	-3.4853318
134	649	-3.4857535
134	57	-3.4870267
118	396	-3.48777
172	336	-3.4878714
188	231	-3.4893415
102	249	-3.490405
140	45	-3.4904878
238	102	-3.4905746
179	185	-3.4906116
47	149	-3.4918158
129	596	-3.4923027
108	454	-3.4930136
71	313	-3.4940836
229	390	-3.4943278
229	135	-3.4950192
119	178	-3.4951932
118	518	-3.4953792
59	650	-3.495833
190	647	-3.498603
110	429	-3.498821
125	611	-3.4988968
199	189	-3.4990666
108	434	-3.4995902
241	354	-3.5002904
132	114	-3.501437
104	359	-3.5053422
46	88	-3.505396
233	95	-3.5054913
211	379	-3.505503
198	246	-3.506109
133	73	-3.5064962
180	575	-3.5070527
202	436	-3.507197
163	244	-3.507539
210	154	-3.508041
106	236	-3.5083933
39	167	-3.508558
53	85	-3.508608
291	113	-3.510648
309	78	-3.516081
54	309	-3.5166943
162	31	-3.516966
88	177	-3.517852
257	170	-3.5186272
241	30	-3.5186613
126	556	-3.5189822
204	218	-3.5192015
204	74	-3.5194955
130	88	-3.5209756
165	425	-3.522284
33	38	-3.5233808
184	170	-3.5235338
156	36	-3.5237427
130	458	-3.523857
142	317	-3.5242789
147	83	-3.5260408
113	140	-3.5276747
208	70	-3.5321865
159	650	-3.533591
112	312	-3.5345387
155	424	-3.5349154
57	84	-3.5368838
50	60	-3.5376508
275	183	-3.5382628
84	368	-3.5403118
269	33	-3.5403311
74	539	-3.5421364
114	34	-3.5422997
93	38	-3.5430844
137	412	-3.544157
206	37	-3.544516
254	31	-3.5446477
92	352	-3.5451858
40	127	-3.547434
124	649	-3.5486662
76	233	-3.5487432
108	168	-3.5496123
203	84	-3.550244
134	545	-3.5507581
283	166	-3.5513864
118	528	-3.5542572
53	156	-3.554663
83	37	-3.5550382
170	34	-3.5576127
114	645	-3.5585418
302	23	-3.5589128
96	255	-3.559369
110	137	-3.5605628
170	210	-3.5613809
48	318	-3.5628045
122	90	-3.5645058
216	464	-3.5645318
88	333	-3.5657394
123	222	-3.5660672
117	331	-3.566423
224	99	-3.5666792
206	519	-3.5685725
135	42	-3.5714552
74	225	-3.5722215
161	277	-3.572949
155	71	-3.5745194
299	99	-3.5746982
127	129	-3.576436
181	564	-3.576439
192	481	-3.579097
37	390	-3.579248
134	529	-3.579692
182	244	-3.5798087
214	34	-3.5800946
115	610	-3.5812256
245	268	-3.5812464
129	577	-3.581339
127	209	-3.582465
37	481	-3.5840943
251	265	-3.584917
70	178	-3.5854654
142	68	-3.5862784
244	94	-3.586402
154	450	-3.5873919
187	195	-3.5876298
93	247	-3.5885668
262	129	-3.5888164
93	442	-3.588976
64	367	-3.5890393
215	116	-3.5923815
148	61	-3.592721
71	264	-3.5948684
98	127	-3.5959976
269	120	-3.5965118
36	586	-3.5973485
213	120	-3.5980728
48	328	-3.600013
122	140	-3.6005993
141	525	-3.6012075
181	639	-3.601852
93	147	-3.602592
183	393	-3.6025963
111	80	-3.6036265
258	260	-3.6037984
134	31	-3.6049025
74	259	-3.6050959
80	44	-3.605244
129	604	-3.6054537
200	155	-3.6060019
280	169	-3.6075656
92	344	-3.6099405
263	636	-3.610231
241	270	-3.6103516
83	266	-3.6116872
237	335	-3.611951
96	267	-3.6125364
196	251	-3.6131902
200	234	-3.6132476
40	55	-3.6148193
104	91	-3.6153343
146	135	-3.616379
55	513	-3.6184285
169	377	-3.6184433
256	266	-3.6197104
229	102	-3.620009
180	401	-3.6211762
112	557	-3.6225183
97	37	-3.6232014
202	115	-3.6233585
175	194	-3.6245902
118	508	-3.6246307
40	450	-3.6252012
210	504	-3.627154
213	166	-3.6275444
126	125	-3.6281638
223	34	-3.6284432
175	76	-3.6285312
195	589	-3.6293292
247	283	-3.6309118
130	650	-3.6311526
182	319	-3.6315434
134	439	-3.6321275
189	606	-3.6326323
102	113	-3.6339543
126	86	-3.634911
67	341	-3.6378894
247	232	-3.6401887
155	48	-3.641061
238	75	-3.643229
268	223	-3.6441016
179	330	-3.6460924
67	285	-3.6461623
58	113	-3.6470375
105	47	-3.6473517
90	241	-3.648518
238	83	-3.648712
108	439	-3.6507444
71	256	-3.650966
103	43	-3.6510735
219	435	-3.6520793
164	236	-3.6527555
279	80	-3.6531897
294	44	-3.6534433
238	60	-3.6536503
158	445	-3.6536527
166	476	-3.6544888
128	592	-3.6561236
104	39	-3.6561923
136	129	-3.6566546
68	539	-3.6568565
110	96	-3.6588945
186	628	-3.6590993
114	622	-3.6605983
106	101	-3.6606426
198	572	-3.660699
168	71	-3.6619275
73	214	-3.6641672
50	431	-3.6643035
60	217	-3.6643956
228	106	-3.6648297
91	267	-3.6648865
53	416	-3.6655924
213	65	-3.6658955
196	282	-3.667454
125	217	-3.6693432
231	127	-3.6697407
76	322	-3.6707566
188	290	-3.671645
119	68	-3.6722543
264	38	-3.6725411
66	374	-3.6753283
179	261	-3.6758623
213	491	-3.6767325
92	327	-3.6769655
191	600	-3.6788716
203	62	-3.6788857
210	388	-3.6802607
39	94	-3.681573
191	219	-3.683541
130	584	-3.6845024
45	457	-3.6853344
188	641	-3.6856086
100	236	-3.6870615
141	313	-3.6871293
124	485	-3.6880088
186	645	-3.6904411
100	85	-3.690944
150	57	-3.6910288
258	30	-3.6938086
206	107	-3.6940286
72	182	-3.6940393
120	168	-3.6941116
120	433	-3.69658
213	173	-3.6966329
52	333	-3.6967564
245	279	-3.6977963
136	80	-3.6984282
181	323	-3.701527
210	30	-3.703868
121	305	-3.703879
121	145	-3.7051644
186	311	-3.7063437
120	321	-3.7067842
30	94	-3.708475
138	94	-3.7092533
130	549	-3.7096663
88	168	-3.7103813
44	324	-3.7108922
101	383	-3.7125404
108	323	-3.7128315
145	513	-3.713016
135	523	-3.713833
181	286	-3.7140715
114	222	-3.7150319
245	291	-3.7166367
41	333	-3.7179666
169	639	-3.7182035
192	283	-3.718594
157	269	-3.7193995
281	76	-3.721355
191	486	-3.7223005
200	561	-3.7228103
100	212	-3.7234237
129	205	-3.7244463
144	32	-3.726107
213	126	-3.727727
172	324	-3.728176
176	345	-3.7308216
47	78	-3.7323773
77	399	-3.7339263
162	285	-3.7348704
162	174	-3.7350159
61	384	-3.7354589
145	400	-3.737202
122	555	-3.7372985
130	118	-3.7386887
129	36	-3.739466
128	395	-3.7410483
211	150	-3.7411985
62	88	-3.7418373
142	325	-3.7426558
160	504	-3.7427158
35	63	-3.7427433
108	556	-3.7438114
205	99	-3.7450416
202	96	-3.7464027
296	33	-3.7479594
188	295	-3.7486126
115	561	-3.7488
136	400	-3.749045
150	322	-3.7495718
105	85	-3.7525423
227	394	-3.752651
65	289	-3.7536745
141	307	-3.75414
82	388	-3.7551796
43	110	-3.7561102
182	294	-3.7566094
72	235	-3.7570474
151	306	-3.7584157
273	200	-3.7593591
105	534	-3.7602334
198	163	-3.7658975
31	172	-3.767115
168	219	-3.767173
101	206	-3.7674103
82	254	-3.7675223
35	330	-3.76913
123	600	-3.7691717
94	235	-3.7696357
230	314	-3.7702634
129	588	-3.7706225
217	351	-3.7709472
248	219	-3.7714162
144	552	-3.7718544
246	52	-3.7721848
190	621	-3.7722275
58	312	-3.7732055
47	144	-3.774138
158	256	-3.7763505
257	284	-3.777353
193	639	-3.7786481
234	91	-3.7801504
48	347	-3.780538
170	643	-3.7816114
112	539	-3.781692
199	241	-3.7818053
36	100	-3.7818356
66	166	-3.7818875
107	160	-3.7825334
55	292	-3.7835107
271	92	-3.7835526
139	418	-3.7845366
144	474	-3.7845886
163	281	-3.7856176
245	353	-3.7859094
58	390	-3.7859917
236	65	-3.786356
224	151	-3.7864544
117	444	-3.7876308
129	42	-3.787661
251	314	-3.7882388
166	430	-3.7885327
120	387	-3.7888865
137	333	-3.7891407
112	545	-3.7896187
76	238	-3.7897766
205	169	-3.790531
79	259	-3.7940125
216	60	-3.7941365
41	343	-3.794271
84	344	-3.794618
111	565	-3.794664
74	330	-3.7963536
73	309	-3.7997794
33	184	-3.7999942
199	565	-3.8000813
198	287	-3.8001425
149	506	-3.8033652
33	33	-3.8039708
56	509	-3.8041453
129	462	-3.80422
129	440	-3.8056846
325	29	-3.80859
208	397	-3.808902
211	140	-3.8101466
154	262	-3.8102407
64	154	-3.8115296
122	622	-3.8117971
54	81	-3.8133268
247	215	-3.8141549
202	151	-3.8155541
33	119	-3.8161619
133	461	-3.816433
32	405	-3.8164582
70	198	-3.8179855
268	233	-3.8188334
114	101	-3.8194566
180	336	-3.820106
237	315	-3.8201294
66	358	-3.820344
93	450	-3.822042
171	617	-3.822414
227	110	-3.8224666
110	105	-3.822875
127	561	-3.822907
85	340	-3.8253214
99	252	-3.8257513
46	435	-3.8279054
190	401	-3.8279805
100	79	-3.8290472
140	392	-3.8303685
118	89	-3.830614
153	432	-3.8309305
35	418	-3.8309767
205	142	-3.8320975
223	320	-3.83393
222	50	-3.8346188
142	529	-3.8352516
111	319	-3.835603
138	544	-3.83633
117	513	-3.836745
139	134	-3.8367617
108	174	-3.8373008
103	187	-3.8388855
160	71	-3.8402526
241	142	-3.840876
52	646	-3.8409479
61	78	-3.8412995
219	36	-3.842497
98	216	-3.842544
89	443	-3.844456
170	310	-3.8445137
52	56	-3.8445442
169	356	-3.844657
164	442	-3.8449314
38	399	-3.8468668
105	76	-3.8479671
306	83	-3.8489633
145	478	-3.8492153
90	478	-3.8494084
204	541	-3.8502755
227	304	-3.8520982
266	238	-3.852406
91	152	-3.852831
196	200	-3.8530698
230	308	-3.8531275
224	409	-3.8536477
179	340	-3.8540528
105	105	-3.854164
85	244	-3.854306
146	396	-3.8556323
114	216	-3.8556657
50	70	-3.8569462
177	297	-3.8583198
102	196	-3.8584323
206	524	-3.8586304
41	367	-3.858658
219	155	-3.859945
125	476	-3.8601804
135	541	-3.860406
194	210	-3.8607285
137	395	-3.8612895
241	57	-3.8619347
185	287	-3.8637695
205	33	-3.8643494
131	134	-3.8651464
136	499	-3.8654666
122	132	-3.865663
109	528	-3.8661075
53	405	-3.86701
54	304	-3.8677874
146	404	-3.8683493
85	454	-3.8685517
60	121	-3.8690562
75	263	-3.8690667
235	80	-3.869151
167	387	-3.8700461
60	281	-3.8703127
155	66	-3.870828
203	549	-3.87122
122	429	-3.8717058
145	306	-3.8728914
291	123	-3.8731825
304	96	-3.8733976
151	490	-3.8754117
119	94	-3.8754504
127	53	-3.8758502
189	625	-3.8766053
75	326	-3.8766584
164	503	-3.8769634
125	489	-3.8772552
104	544	-3.8797872
294	129	-3.8806982
102	466	-3.8812346
73	252	-3.8814204
160	184	-3.8816245
318	53	-3.8847215
76	390	-3.8859627
301	105	-3.8861628
59	402	-3.8871608
184	150	-3.8877702
173	307	-3.8885176
84	191	-3.889804
232	123	-3.8908896
201	178	-3.8921108
220	439	-3.894096
268	215	-3.8942986
189	353	-3.8949325
56	323	-3.8949585
35	127	-3.8955972
71	248	-3.8956895
54	642	-3.8963559
154	369	-3.8973973
322	39	-3.8977766
89	219	-3.8992333
151	441	-3.8998778
180	396	-3.9001997
200	76	-3.9005864
108	393	-3.9010184
196	295	-3.9031928
69	535	-3.9037287
50	444	-3.9038725
120	422	-3.9056878
243	235	-3.9078536
31	78	-3.9084318
125	595	-3.9090812
75	395	-3.9099119
85	232	-3.9103723
187	139	-3.910483
73	303	-3.9112022
171	340	-3.9120865
193	214	-3.9121933
102	96	-3.915917
156	205	-3.9174273
89	245	-3.9179924
134	95	-3.9181511
266	112	-3.9189038
191	494	-3.9190314
54	487	-3.9191844
122	493	-3.919202
77	317	-3.9196794
99	408	-3.9199772
187	357	-3.9201193
191	476	-3.9208584
87	459	-3.922392
248	334	-3.9251132
78	538	-3.9251556
115	350	-3.9259083
153	33	-3.9259217
42	164	-3.925972
294	65	-3.9262626
127	221	-3.9300778
238	251	-3.930918
35	236	-3.9312143
100	470	-3.9318707
108	549	-3.9322383
154	77	-3.9330485
203	111	-3.9340112
223	313	-3.9343152
57	319	-3.936435
159	75	-3.9370086
128	444	-3.9375186
65	297	-3.938873
140	431	-3.9391263
124	94	-3.9395173
273	194	-3.939547
218	453	-3.939564
34	334	-3.9399748
267	651	-3.9400394
237	320	-3.9402368
86	240	-3.9417706
128	432	-3.9425278
90	447	-3.9432924
106	560	-3.9437425
214	42	-3.9455254
129	609	-3.9456725
56	77	-3.9457767
34	650	-3.9465342
183	385	-3.9469895
125	34	-3.9471111
80	310	-3.9481957
256	280	-3.949712
29	104	-3.950233
179	579	-3.9525192
179	253	-3.9534783
202	69	-3.9543521
140	491	-3.9560585
240	312	-3.9563463
219	443	-3.956819
132	449	-3.9571552
173	71	-3.958014
76	407	-3.958813
191	629	-3.959532
81	305	-3.9599025
79	201	-3.9606674
252	180	-3.9610794
197	576	-3.961513
118	533	-3.9616163
113	404	-3.9622302
237	69	-3.9622324
307	23	-3.9626439
68	280	-3.9631639
52	424	-3.9638162
39	222	-3.9650524
51	339	-3.9665427
122	300	-3.9676323
185	403	-3.968024
207	134	-3.9681175
99	478	-3.9681497
172	393	-3.968308
79	383	-3.9685853
268	228	-3.9691133
39	216	-3.9693015
138	324	-3.9708474
133	579	-3.9711864
177	278	-3.9723735
113	452	-3.9725971
111	343	-3.973315
116	556	-3.9735935
136	424	-3.9737291
137	442	-3.974897
235	128	-3.9754572
156	475	-3.9754584
111	48	-3.9756012
116	336	-3.9761276
70	186	-3.9776218
160	449	-3.9795165
188	632	-3.980211
110	87	-3.9809153
67	329	-3.9810073
233	318	-3.9811556
298	24	-3.9814415
106	164	-3.983441
64	381	-3.9841166
35	582	-3.9859452
189	637	-3.990557
135	533	-3.9907396
250	49	-3.9907522
113	74	-3.9915807
291	138	-3.9917529
132	425	-3.9934666
263	250	-3.9937296
119	221	-3.9951298
169	362	-3.9957662
187	391	-3.995995
178	271	-3.9961226
73	230	-3.9963753
145	109	-3.9965382
119	598	-3.996584
79	267	-3.9966614
218	459	-3.9969282
257	275	-3.9971023
238	88	-3.9980025
90	43	-3.9980593
59	465	-3.9981394
39	329	-3.9981754
131	374	-3.9985309
186	532	-3.9985342
220	101	-3.9987185
108	153	-3.9993618
89	271	-4.000798
215	162	-4.001032
287	155	-4.002202
93	348	-4.0024614
112	626	-4.0034714
70	192	-4.006292
43	91	-4.006647
166	421	-4.00976
160	248	-4.010936
61	96	-4.0109735
44	444	-4.0119348
85	41	-4.013772
93	203	-4.0148764
175	81	-4.0164404
112	129	-4.0166073
145	322	-4.0177784
71	271	-4.0179267
200	174	-4.017944
52	507	-4.019006
171	78	-4.0204735
72	406	-4.0206356
114	108	-4.020738
238	107	-4.020891
90	236	-4.0222535
54	296	-4.023541
39	576	-4.024862
44	319	-4.025825
80	249	-4.026389
254	198	-4.026429
129	452	-4.0266886
150	392	-4.0267954
227	400	-4.028765
134	457	-4.0287724
266	106	-4.0288343
317	27	-4.029259
48	453	-4.0304356
319	48	-4.0317016
69	305	-4.031919
58	125	-4.032476
72	219	-4.033442
171	352	-4.034157
42	98	-4.0355635
141	547	-4.036083
241	122	-4.036221
105	525	-4.0389137
132	599	-4.0395136
30	116	-4.040005
157	515	-4.041153
32	42	-4.0414658
192	614	-4.0416913
253	184	-4.0425386
77	425	-4.043669
60	380	-4.0446334
35	324	-4.045547
146	460	-4.0461416
38	354	-4.046428
203	225	-4.0473185
152	339	-4.047516
162	46	-4.047742
145	91	-4.0478153
105	246	-4.047922
109	425	-4.048083
165	480	-4.048799
110	644	-4.04883
54	152	-4.0490465
112	44	-4.0502715
155	466	-4.050822
40	325	-4.051882
283	66	-4.052031
55	632	-4.054182
234	132	-4.054674
151	135	-4.0546956
134	125	-4.0548635
248	324	-4.054938
221	325	-4.055653
157	279	-4.056037
109	91	-4.056966
111	458	-4.0570836
251	193	-4.05715
120	614	-4.057326
32	176	-4.057734
184	155	-4.057867
126	225	-4.0579424
164	70	-4.0588427
37	350	-4.060058
138	495	-4.061956
146	388	-4.0622206
123	376	-4.062343
115	305	-4.062373
182	219	-4.0629454
117	392	-4.0631385
164	62	-4.06381
155	480	-4.063989
115	96	-4.0642953
43	646	-4.0644774
227	120	-4.0655828
67	78	-4.0660944
71	240	-4.0674167
158	52	-4.0700655
130	573	-4.070274
205	528	-4.070761
95	271	-4.0710773
126	292	-4.0712595
117	139	-4.07138
205	536	-4.0718784
279	173	-4.07235
167	373	-4.072725
40	358	-4.0730734
101	200	-4.073996
70	40	-4.0744786
241	130	-4.074537
163	77	-4.075063
95	437	-4.078246
111	553	-4.081596
69	215	-4.0818057
67	265	-4.082229
131	380	-4.0828395
135	508	-4.0831304
115	39	-4.08496
190	129	-4.086465
64	215	-4.088512
239	278	-4.0886397
122	294	-4.0892143
120	225	-4.090565
266	30	-4.090961
228	139	-4.0918384
276	76	-4.0920153
150	116	-4.0923085
200	291	-4.093107
64	270	-4.0936136
205	400	-4.094168
239	360	-4.0942416
167	76	-4.0945797
119	646	-4.0952606
252	295	-4.0953565
34	423	-4.095648
35	308	-4.095697
232	99	-4.096055
136	193	-4.096996
95	194	-4.0970163
177	586	-4.0972233
35	575	-4.097565
145	314	-4.099137
106	444	-4.099186
245	29	-4.099508
70	346	-4.1012425
132	197	-4.1036406
244	295	-4.1044536
172	600	-4.1049805
151	266	-4.105122
104	554	-4.1056657
200	185	-4.106316
123	560	-4.107848
65	352	-4.108386
183	237	-4.1086164
97	232	-4.1094074
60	394	-4.1096897
115	536	-4.1096983
180	144	-4.1128283
121	136	-4.1136346
142	481	-4.114428
201	170	-4.1157727
145	524	-4.1172485
104	538	-4.1181264
104	650	-4.118413
181	135	-4.1187015
174	35	-4.1193233
204	562	-4.119502
146	87	-4.1198077
76	313	-4.1204967
58	285	-4.1210575
137	71	-4.1211953
126	98	-4.1212482
76	534	-4.1217957
53	428	-4.1219068
322	26	-4.1224465
159	508	-4.122731
180	249	-4.1230354
169	634	-4.123126
55	638	-4.124851
157	285	-4.1249003
32	272	-4.1254635
154	53	-4.1258006
40	379	-4.1273994
121	488	-4.1277213
285	52	-4.1278462
41	51	-4.1283445
85	375	-4.1289325
191	508	-4.1290507
240	244	-4.130251
126	428	-4.1318307
43	463	-4.1319866
218	340	-4.1320333
172	606	-4.132672
77	497	-4.133292
186	520	-4.1349316
71	514	-4.135948
139	107	-4.137363
178	181	-4.1374598
98	262	-4.1387067
43	577	-4.142429
259	635	-4.1428547
102	108	-4.1429615
120	524	-4.1438975
210	512	-4.1439133
180	228	-4.1445117
241	231	-4.1449013
154	334	-4.145135
83	271	-4.1453757
233	30	-4.145792
255	316	-4.1466255
165	493	-4.1481957
39	403	-4.149587
151	650	-4.1509404
100	482	-4.1536255
54	412	-4.153891
196	310	-4.1550198
191	327	-4.155683
256	161	-4.1558604
62	306	-4.15598
169	251	-4.1590543
220	198	-4.1596646
68	318	-4.1596727
56	43	-4.159881
237	259	-4.1603923
193	607	-4.161068
272	88	-4.1611423
51	131	-4.1622887
170	328	-4.1636286
120	327	-4.1646795
198	119	-4.165737
67	323	-4.1673474
113	368	-4.167702
167	393	-4.1682625
125	144	-4.168565
217	45	-4.1686635
198	81	-4.1696396
113	226	-4.1697345
55	393	-4.169818
72	338	-4.170627
85	442	-4.1717215
255	151	-4.1737313
80	263	-4.1746445
59	363	-4.1760893
46	31	-4.176374
141	329	-4.176635
210	364	-4.176878
118	621	-4.1774745
212	135	-4.1793165
50	351	-4.1813183
39	583	-4.1834455
166	226	-4.1860423
122	531	-4.18637
274	190	-4.186486
125	406	-4.1865273
204	282	-4.1869946
34	496	-4.187695
33	210	-4.1888885
171	401	-4.190224
203	57	-4.1918607
47	304	-4.192252
123	128	-4.1927395
194	177	-4.1936827
67	364	-4.1940727
137	517	-4.1948223
65	534	-4.1956453
125	460	-4.1960793
68	567	-4.1963973
122	100	-4.196517
51	355	-4.1968317
165	231	-4.1972756
71	419	-4.1974754
256	293	-4.198069
96	131	-4.1981454
39	172	-4.1987267
177	285	-4.2001896
171	439	-4.2015986
204	417	-4.2018337
239	288	-4.2022357
169	38	-4.202697
165	417	-4.203147
154	524	-4.20433
141	103	-4.204779
303	100	-4.2056127
145	116	-4.206353
121	437	-4.2067566
154	420	-4.2077007
249	56	-4.2082944
149	399	-4.2088127
77	30	-4.211264
110	308	-4.211334
161	289	-4.2113476
51	400	-4.2133145
263	122	-4.2140827
116	206	-4.214105
145	592	-4.2142873
139	539	-4.214352
210	520	-4.2148495
313	26	-4.21539
78	530	-4.215924
185	638	-4.216067
35	590	-4.2169633
81	357	-4.2175193
61	117	-4.217969
242	106	-4.218475
297	106	-4.2197914
244	228	-4.222018
174	397	-4.2220383
96	275	-4.2238526
41	212	-4.224539
149	271	-4.2249527
123	309	-4.226336
77	417	-4.2287188
186	527	-4.2288175
114	397	-4.229041
94	479	-4.229242
189	335	-4.229289
192	633	-4.2295465
314	75	-4.23065
115	605	-4.2314076
280	72	-4.233211
148	338	-4.2332406
39	485	-4.2333446
249	75	-4.233514
104	462	-4.233831
34	484	-4.2345324
141	555	-4.234583
122	59	-4.2345915
40	387	-4.2349744
68	531	-4.2351437
175	48	-4.2356167
173	357	-4.235861
168	337	-4.2368045
54	329	-4.237503
133	105	-4.2377076
41	455	-4.237973
85	478	-4.2380223
96	41	-4.2381697
179	80	-4.2383947
93	340	-4.238711
295	114	-4.238917
51	512	-4.2392526
131	386	-4.2394285
131	569	-4.240151
99	536	-4.240822
145	64	-4.241509
145	129	-4.2415347
90	224	-4.2425957
258	270	-4.2430086
166	270	-4.2430787
59	373	-4.243746
98	604	-4.2439575
265	246	-4.244494
248	95	-4.244525
52	64	-4.2446795
207	151	-4.2446966
109	419	-4.246205
249	203	-4.2467694
239	239	-4.248054
140	423	-4.2487516
33	226	-4.248883
156	373	-4.2499323
273	208	-4.250651
110	336	-4.25076
226	144	-4.2513433
119	34	-4.253137
110	33	-4.2541003
157	62	-4.254392
236	269	-4.254827
191	347	-4.2552633
156	379	-4.2563
198	650	-4.2568207
83	450	-4.2570896
68	202	-4.258403
71	542	-4.259014
39	395	-4.2590237
57	38	-4.260224
104	401	-4.2610836
256	147	-4.2614493
128	112	-4.261469
294	135	-4.2616463
189	304	-4.261834
139	521	-4.262251
203	558	-4.262691
153	345	-4.263003
54	435	-4.2637067
200	88	-4.264883
49	427	-4.2655997
185	134	-4.266294
126	551	-4.269889
55	73	-4.2705355
102	102	-4.2706313
104	452	-4.270853
37	121	-4.2708797
79	375	-4.271409
261	651	-4.2722335
78	302	-4.272953
115	358	-4.27358
178	265	-4.2737393
145	384	-4.2739835
166	436	-4.274286
50	82	-4.274522
139	99	-4.2746167
160	334	-4.2748804
183	327	-4.2751427
98	122	-4.2754264
209	146	-4.2754755
135	416	-4.275499
125	204	-4.275549
67	370	-4.2759705
212	358	-4.277806
150	52	-4.2788105
289	45	-4.279974
191	652	-4.2805023
31	167	-4.2808
105	351	-4.2810965
165	488	-4.281169
265	99	-4.28147
59	74	-4.2817764
65	199	-4.28191
73	53	-4.2826133
242	101	-4.282655
184	301	-4.2853456
34	387	-4.2862716
135	50	-4.2869606
150	109	-4.2872195
114	113	-4.2876697
56	517	-4.2890058
94	446	-4.289072
160	189	-4.289274
243	358	-4.28998
291	118	-4.290953
208	261	-4.290968
106	645	-4.291192
99	90	-4.2932
35	340	-4.2943068
50	307	-4.2946997
199	439	-4.2948556
310	82	-4.2949767
108	415	-4.295161
150	453	-4.297977
191	272	-4.2980185
71	425	-4.2981625
49	160	-4.2991247
96	87	-4.299723
180	171	-4.3008575
134	101	-4.3009477
193	287	-4.300952
31	401	-4.3012743
65	205	-4.3022146
204	404	-4.3028407
236	145	-4.30418
149	428	-4.3042226
199	92	-4.304465
40	373	-4.3045692
122	124	-4.3051376
109	462	-4.305523
237	98	-4.3055835
140	130	-4.306547
116	543	-4.3073664
206	155	-4.3077946
94	308	-4.3086147
98	114	-4.310232
170	320	-4.310447
267	219	-4.313548
204	103	-4.313702
175	402	-4.3138046
251	71	-4.315353
97	412	-4.3181343
146	380	-4.3187923
89	649	-4.319495
137	462	-4.319544
73	429	-4.3203716
173	348	-4.3207197
62	388	-4.3207207
244	310	-4.321482
169	258	-4.3215218
180	153	-4.3218374
89	474	-4.3224597
187	315	-4.3228664
193	315	-4.324255
238	115	-4.3243403
135	562	-4.3249874
136	337	-4.3253927
93	231	-4.325818
70	260	-4.3267517
241	300	-4.327387
94	454	-4.3275404
157	252	-4.3277264
53	439	-4.327815
151	316	-4.328283
67	273	-4.3284354
68	293	-4.3286166
43	217	-4.329241
290	54	-4.329382
90	462	-4.329923
124	411	-4.329931
118	302	-4.3301983
51	74	-4.330386
143	486	-4.3309617
107	327	-4.331026
103	169	-4.331224
106	458	-4.3318906
142	95	-4.3320622
87	329	-4.332301
91	568	-4.333471
100	256	-4.333568
54	420	-4.335922
135	513	-4.3364906
99	193	-4.3379054
294	28	-4.3380995
74	267	-4.3385735
92	358	-4.339652
130	564	-4.341296
202	229	-4.3413205
134	110	-4.342005
181	558	-4.342215
145	586	-4.3425307
36	477	-4.3430147
32	391	-4.3440714
60	489	-4.345281
128	401	-4.3463945
142	650	-4.3470836
168	63	-4.3497195
100	567	-4.350093
126	133	-4.3504047
37	105	-4.3505025
209	516	-4.3510437
246	102	-4.35128
153	353	-4.351574
51	344	-4.352487
90	483	-4.352501
156	363	-4.353202
314	85	-4.353227
61	83	-4.3533726
191	182	-4.353433
319	23	-4.3538895
143	520	-4.354365
118	296	-4.3549056
120	63	-4.3550067
76	255	-4.355033
158	458	-4.3557034
56	462	-4.356222
127	581	-4.3565493
71	166	-4.356985
63	345	-4.357479
48	508	-4.3585896
106	178	-4.3588715
111	611	-4.3589315
86	446	-4.359166
298	110	-4.359332
211	50	-4.3598595
204	553	-4.359967
39	337	-4.3610573
169	473	-4.3631063
91	607	-4.3641176
185	146	-4.3643436
113	515	-4.3644733
31	161	-4.3649344
201	569	-4.3655543
114	549	-4.3685946
61	358	-4.369111
218	159	-4.369473
65	333	-4.370189
266	117	-4.371224
133	608	-4.3717427
34	222	-4.3739305
101	373	-4.3751626
48	362	-4.3751793
149	551	-4.3752537
130	544	-4.375461
92	274	-4.375522
150	371	-4.376673
48	137	-4.376995
174	595	-4.3775177
173	435	-4.377881
106	428	-4.378244
154	321	-4.3796988
234	391	-4.3801556
59	634	-4.3801837
153	272	-4.3803506
151	301	-4.3811016
96	484	-4.381253
206	213	-4.3817887
80	515	-4.383748
71	283	-4.384192
119	559	-4.38422
124	578	-4.3861074
192	299	-4.3866825
144	266	-4.386701
112	637	-4.3867903
124	615	-4.3871083
128	479	-4.3871274
152	381	-4.387542
133	201	-4.387629
182	165	-4.388361
98	474	-4.3886075
261	274	-4.388655
138	438	-4.388738
132	465	-4.3889623
68	309	-4.3895884
99	608	-4.3896074
184	539	-4.389797
143	138	-4.390218
173	389	-4.3911567
116	71	-4.392131
63	266	-4.392185
292	60	-4.393043
255	157	-4.3940954
71	342	-4.394355
193	618	-4.3947763
35	53	-4.396148
65	466	-4.3965816
100	296	-4.3970194
57	377	-4.397694
117	196	-4.3992805
250	30	-4.3993373
56	216	-4.3994713
143	428	-4.3995094
99	118	-4.4002986
206	546	-4.400839
192	320	-4.400957
74	546	-4.4017916
117	625	-4.40225
80	361	-4.4024906
111	466	-4.402769
196	593	-4.4033933
269	241	-4.404022
72	174	-4.4059405
159	465	-4.4059925
126	106	-4.40651
172	381	-4.4065166
34	188	-4.408857
158	273	-4.410611
67	449	-4.410987
183	333	-4.4110746
149	310	-4.4112854
41	467	-4.4116297
56	408	-4.411733
91	458	-4.4133024
228	300	-4.413464
121	497	-4.4142804
180	347	-4.4155927
66	82	-4.4163804
241	97	-4.417869
245	58	-4.4179006
51	639	-4.41941
66	543	-4.419484
59	368	-4.419907
58	646	-4.422018
141	533	-4.4230547
93	323	-4.423173
200	428	-4.424652
77	430	-4.424886
168	369	-4.4260206
199	448	-4.4260435
295	125	-4.4261804
167	400	-4.4263334
233	103	-4.4268336
235	300	-4.427199
209	384	-4.427477
161	512	-4.428462
257	297	-4.4286594
172	344	-4.4293795
120	441	-4.4294395
158	201	-4.429573
55	577	-4.430513
197	638	-4.4308853
196	463	-4.4319563
123	425	-4.433123
172	420	-4.433446
49	311	-4.434189
136	623	-4.43457
189	80	-4.4348536
103	548	-4.434962
118	602	-4.435482
165	275	-4.435663
256	312	-4.437376
65	303	-4.4394693
81	526	-4.439843
178	292	-4.440111
149	276	-4.440289
59	213	-4.4403877
52	491	-4.4404116
118	102	-4.440977
248	187	-4.4412265
243	126	-4.4414997
114	507	-4.4418993
250	199	-4.441958
62	453	-4.442646
188	513	-4.442919
83	460	-4.444282
122	501	-4.4444838
55	466	-4.445082
75	512	-4.4452524
86	484	-4.4458737
146	318	-4.446394
76	413	-4.4471507
38	346	-4.447577
233	137	-4.4496055
192	294	-4.4500594
191	339	-4.4504066
213	193	-4.4505515
114	448	-4.451269
85	465	-4.451357
126	456	-4.4523797
229	147	-4.4528193
169	82	-4.4528627
230	143	-4.453063
106	250	-4.4539933
103	51	-4.4544873
128	201	-4.454769
145	36	-4.455154
59	628	-4.4555387
102	562	-4.4560122
153	44	-4.4565983
153	516	-4.456945
61	568	-4.457399
60	272	-4.4589205
149	367	-4.460911
250	310	-4.461451
51	148	-4.464337
217	468	-4.464594
35	58	-4.4646254
52	516	-4.464657
89	437	-4.464849
158	368	-4.465703
33	240	-4.4657416
88	493	-4.4662457
93	433	-4.4665904
221	189	-4.466619
93	475	-4.467011
125	625	-4.4678974
155	649	-4.4679675
321	43	-4.468777
111	248	-4.468797
237	123	-4.4688773
96	611	-4.468967
98	182	-4.4692254
110	621	-4.4693594
211	508	-4.4701176
34	356	-4.471398
39	491	-4.47289
68	156	-4.473174
46	430	-4.4732223
185	160	-4.473408
97	31	-4.47423
81	314	-4.4752793
106	565	-4.475735
114	136	-4.475796
55	227	-4.4766393
126	139	-4.4776945
142	543	-4.479114
66	89	-4.480115
62	311	-4.4802895
36	448	-4.480386
77	490	-4.4813595
174	44	-4.481762
54	482	-4.482201
205	160	-4.4823346
104	529	-4.482366
206	532	-4.4826865
137	328	-4.4827456
145	548	-4.483105
126	120	-4.4831867
204	165	-4.483698
184	353	-4.4839864
61	221	-4.4841924
196	300	-4.4846387
168	443	-4.48517
171	202	-4.485417
247	87	-4.4855785
125	470	-4.4857836
96	566	-4.4874387
311	22	-4.4894953
286	161	-4.489761
213	131	-4.4899745
155	40	-4.4904346
130	370	-4.4907537
84	570	-4.49091
132	593	-4.4909596
62	349	-4.491728
64	538	-4.491892
183	341	-4.49216
43	168	-4.4925585
197	278	-4.493587
95	505	-4.493821
272	222	-4.4948535
307	87	-4.4954925
110	237	-4.4958835
75	334	-4.495945
246	651	-4.496565
255	165	-4.497047
195	204	-4.4974184
210	525	-4.4992657
134	361	-4.4994855
35	598	-4.4997697
39	383	-4.5000577
134	537	-4.500329
147	529	-4.5005093
51	300	-4.5005817
44	439	-4.5006175
206	365	-4.5025706
181	552	-4.5031123
98	306	-4.503201
261	257	-4.50515
143	262	-4.5060863
260	294	-4.5066247
125	589	-4.508589
201	422	-4.5092454
149	128	-4.510174
142	415	-4.5113716
185	374	-4.5116596
35	303	-4.5117307
125	44	-4.51227
31	73	-4.5127516
121	594	-4.512797
220	203	-4.5131683
253	300	-4.513936
187	343	-4.5144653
42	573	-4.514571
153	258	-4.5166216
259	288	-4.5172873
44	642	-4.5180516
146	467	-4.5190535
203	254	-4.519102
97	82	-4.51928
144	310	-4.5198107
97	94	-4.520768
96	501	-4.520987
97	562	-4.521017
195	195	-4.5213795
133	206	-4.521382
133	453	-4.522246
223	306	-4.522424
274	80	-4.523292
61	600	-4.524399
150	525	-4.5255866
105	448	-4.526157
214	180	-4.526158
128	466	-4.5265408
137	66	-4.526561
247	177	-4.527723
68	547	-4.5283318
184	337	-4.5295396
78	197	-4.529932
179	148	-4.529981
188	395	-4.530055
183	78	-4.53072
324	22	-4.531334
95	535	-4.534131
121	229	-4.5343704
101	413	-4.535408
192	311	-4.5367765
198	580	-4.536782
156	484	-4.5381064
124	313	-4.5383244
73	531	-4.538641
169	613	-4.539122
252	53	-4.5392084
78	620	-4.5396843
246	72	-4.5397816
65	445	-4.5398417
181	140	-4.539885
43	223	-4.540342
227	406	-4.540602
137	311	-4.5408
49	420	-4.5408726
157	520	-4.5418563
142	387	-4.542675
64	461	-4.5429606
148	333	-4.5430927
145	104	-4.54378
252	59	-4.54431
120	158	-4.5443273
178	176	-4.5446267
137	580	-4.544762
70	351	-4.545136
81	398	-4.5452147
98	392	-4.545849
70	561	-4.546616
183	543	-4.547057
104	324	-4.5475
174	190	-4.55037
72	209	-4.5506644
150	497	-4.550872
66	219	-4.5533757
92	143	-4.553505
51	291	-4.5549927
77	306	-4.5554113
126	530	-4.556581
140	111	-4.55824
90	603	-4.558429
108	332	-4.5591063
85	303	-4.5591607
63	73	-4.5593166
166	484	-4.5594397
60	225	-4.5597095
85	650	-4.5597777
132	612	-4.5601096
186	204	-4.5609674
187	386	-4.561044
156	57	-4.562315
151	349	-4.5624137
241	292	-4.563003
269	284	-4.563052
54	288	-4.564433
142	333	-4.564804
88	325	-4.564983
121	477	-4.565395
81	194	-4.566982
222	194	-4.5670114
40	320	-4.5676603
210	543	-4.568183
238	382	-4.5683384
228	115	-4.5689616
158	453	-4.5696816
110	408	-4.569856
93	211	-4.571129
306	92	-4.5715866
86	164	-4.5718484
70	244	-4.5724554
105	55	-4.572616
92	216	-4.572727
37	211	-4.5730696
279	180	-4.5740023
82	394	-4.5741625
146	326	-4.574209
87	488	-4.5757647
120	484	-4.57604
112	382	-4.5765915
78	379	-4.5765934
68	576	-4.577314
100	556	-4.5774946
123	55	-4.577612
122	105	-4.578101
69	36	-4.5781364
35	318	-4.578326
190	192	-4.578467
100	40	-4.580687
107	241	-4.5833845
161	338	-4.58398
77	525	-4.5845375
146	125	-4.5848336
140	475	-4.5848837
132	365	-4.585363
159	67	-4.586274
223	424	-4.586784
33	46	-4.5870404
233	304	-4.587981
121	618	-4.588685
79	404	-4.5889406
258	132	-4.5891047
40	587	-4.589109
72	279	-4.590724
116	615	-4.5907974
113	118	-4.5928264
274	204	-4.5933595
97	429	-4.5940127
192	405	-4.5942917
181	405	-4.595097
154	209	-4.5953217
237	296	-4.595407
110	630	-4.595973
35	607	-4.5968328
161	500	-4.5974135
325	8	-4.597829
123	150	-4.5990415
248	294	-4.5996065
203	410	-4.599657
134	586	-4.6003213
130	308	-4.6005044
194	603	-4.6009893
153	552	-4.601326
161	474	-4.602601
134	404	-4.602767
149	512	-4.602895
155	305	-4.6034784
134	321	-4.6039367
133	392	-4.6049137
80	320	-4.6050134
41	102	-4.6050296
112	391	-4.605189
145	408	-4.6052375
234	117	-4.6059027
100	302	-4.6065125
132	187	-4.6068287
40	476	-4.607101
131	507	-4.6088696
66	209	-4.6098533
185	421	-4.6098795
161	240	-4.6101093
94	222	-4.6102943
117	451	-4.6109257
85	566	-4.6110334
260	278	-4.611105
71	433	-4.61185
236	264	-4.6120696
69	525	-4.612738
111	400	-4.612837
97	47	-4.612936
175	186	-4.6136518
220	465	-4.6137314
59	514	-4.6139026
153	504	-4.614041
67	441	-4.614108
65	277	-4.6144953
186	127	-4.614558
49	643	-4.6149316
199	433	-4.6154456
177	72	-4.61569
95	312	-4.6159286
176	240	-4.616591
68	429	-4.6174784
142	303	-4.6184435
118	217	-4.620006
55	47	-4.620838
155	488	-4.620852
96	468	-4.620878
103	181	-4.621208
85	514	-4.621314
181	418	-4.6214414
189	430	-4.621757
84	615	-4.622023
31	409	-4.622156
89	467	-4.6224265
122	549	-4.623991
33	268	-4.6249633
47	227	-4.62497
138	316	-4.6265564
127	448	-4.626752
50	449	-4.6267643
34	259	-4.627238
98	495	-4.6272545
267	637	-4.6272554
269	289	-4.627914
118	503	-4.6279864
140	613	-4.6287975
63	92	-4.629286
71	410	-4.629465
123	208	-4.630053
129	216	-4.630577
188	199	-4.63203
82	532	-4.6325183
241	307	-4.6326275
246	107	-4.6330833
240	111	-4.633168
169	333	-4.633373
203	286	-4.6335716
120	381	-4.634101
185	82	-4.635001
133	355	-4.637159
161	380	-4.6377463
192	331	-4.638755
167	646	-4.641024
131	502	-4.6423707
54	389	-4.642457
89	374	-4.6426764
150	377	-4.6428056
100	269	-4.6434813
157	291	-4.6438427
115	47	-4.6444335
152	203	-4.6450815
108	348	-4.6454163
151	328	-4.6465054
63	649	-4.646759
126	585	-4.6486936
152	543	-4.649161
313	79	-4.6505394
149	120	-4.6515875
57	385	-4.6522856
179	571	-4.6529346
70	300	-4.653069
89	228	-4.6537313
198	455	-4.658914
78	271	-4.660613
72	415	-4.6616626
127	436	-4.661793
260	309	-4.66204
137	609	-4.663253
130	531	-4.666643
127	197	-4.666957
170	622	-4.6675987
246	23	-4.668303
139	126	-4.669111
131	333	-4.6691284
161	481	-4.66995
104	437	-4.670046
106	467	-4.6712103
263	287	-4.6713223
165	472	-4.671664
237	141	-4.672062
128	484	-4.672143
160	179	-4.67231
182	389	-4.673393
202	278	-4.673746
195	291	-4.6744175
195	599	-4.6753354
138	458	-4.6754403
175	590	-4.6759195
136	185	-4.675981
148	353	-4.676075
161	362	-4.676807
238	304	-4.677593
63	550	-4.6789107
216	170	-4.679514
46	512	-4.679998
241	148	-4.680135
103	604	-4.6803775
225	413	-4.6814895
48	461	-4.6817703
153	278	-4.6826406
158	79	-4.6830907
124	465	-4.6833987
150	445	-4.6839466
134	137	-4.685465
240	66	-4.6871824
110	52	-4.688058
103	253	-4.6881866
82	539	-4.68955
302	109	-4.689605
157	415	-4.689782
230	397	-4.689806
190	504	-4.690061
94	492	-4.6901317
151	82	-4.6902843
206	375	-4.6908064
121	626	-4.690821
144	578	-4.690863
252	322	-4.691238
203	50	-4.692622
217	56	-4.6944556
59	457	-4.695198
133	519	-4.695709
81	297	-4.696014
59	576	-4.6961093
79	566	-4.696817
186	407	-4.696963
109	75	-4.69916
104	521	-4.699889
235	277	-4.700661
162	420	-4.700882
208	359	-4.70092
193	429	-4.701026
240	138	-4.7025204
130	138	-4.7033925
154	215	-4.703556
71	550	-4.704013
146	413	-4.704813
42	43	-4.7055078
92	564	-4.705756
64	338	-4.706154
179	392	-4.7065916
33	480	-4.7069664
62	65	-4.708036
86	379	-4.709011
56	492	-4.7093854
115	641	-4.7095404
40	226	-4.7096434
61	605	-4.709776
151	124	-4.710158
245	299	-4.71089
149	360	-4.7112217
171	150	-4.711278
59	642	-4.7113094
178	32	-4.7113247
252	96	-4.7119107
297	60	-4.711942
107	59	-4.7128625
256	47	-4.7163873
58	624	-4.716756
236	255	-4.7167935
102	308	-4.7171206
195	611	-4.7171607
191	499	-4.7173386
151	388	-4.7173586
193	624	-4.7173843
55	582	-4.7192545
174	300	-4.7195253
272	227	-4.719878
141	588	-4.720919
54	69	-4.7211986
77	542	-4.7216115
147	456	-4.722665
97	186	-4.722952
264	95	-4.722983
139	559	-4.7256975
86	605	-4.725886
150	437	-4.725978
68	51	-4.72614
207	371	-4.7266774
164	497	-4.727238
160	487	-4.727317
202	46	-4.727957
33	351	-4.7284408
257	302	-4.72866
88	611	-4.7287197
198	358	-4.729876
216	474	-4.7310286
130	324	-4.7313275
70	162	-4.733176
185	429	-4.7332764
178	235	-4.733731
156	338	-4.733954
131	193	-4.7349267
97	285	-4.735473
95	570	-4.7357264
200	296	-4.7365294
237	387	-4.736588
272	214	-4.73681
61	106	-4.7370057
139	487	-4.7376285
61	315	-4.738127
234	312	-4.740043
157	392	-4.74079
80	367	-4.740993
121	468	-4.7418294
276	71	-4.742304
125	619	-4.7428412
146	649	-4.745278
109	315	-4.746606
169	424	-4.747366
35	115	-4.7477694
165	378	-4.747985
67	629	-4.748273
76	178	-4.748627
120	182	-4.748631
241	91	-4.749315
102	174	-4.749524
232	107	-4.749705
40	445	-4.7514434
184	381	-4.7520013
226	31	-4.7530026
152	364	-4.753341
39	304	-4.754007
206	257	-4.7541404
132	625	-4.754352
241	215	-4.7547235
210	23	-4.7553205
250	106	-4.7562075
959	656	-4.7565694
131	210	-4.758022
201	107	-4.7582273
134	575	-4.7586293
305	104	-4.7594833
102	475	-4.759748
147	139	-4.760506
283	172	-4.7605186
70	226	-4.7625704
58	327	-4.7630754
211	55	-4.7644696
55	221	-4.7654076
166	287	-4.765504
171	247	-4.7661114
273	651	-4.766996
68	625	-4.7670674
82	487	-4.7674084
321	6	-4.7674866
210	205	-4.7675405
70	554	-4.7676253
192	186	-4.7681046
100	540	-4.7681227
81	455	-4.768436
67	59	-4.769192
81	29	-4.769731
252	333	-4.769918
131	222	-4.771302
131	525	-4.7715163
226	155	-4.7718325
91	367	-4.7740126
188	330	-4.774434
210	285	-4.7746196
117	43	-4.774791
139	115	-4.775387
214	495	-4.776024
198	181	-4.776213
100	291	-4.7766223
179	157	-4.7774425
32	123	-4.778124
67	378	-4.778212
126	546	-4.778704
46	366	-4.7793684
208	539	-4.780474
155	471	-4.7814994
39	645	-4.7825427
78	580	-4.7837143
243	69	-4.7851906
109	634	-4.7856984
94	137	-4.7860374
61	449	-4.787986
245	120	-4.7886605
149	433	-4.7888303
149	93	-4.789165
116	635	-4.78933
244	65	-4.790376
39	414	-4.7908497
168	448	-4.79306
163	507	-4.7933292
55	381	-4.793447
107	641	-4.7935452
136	198	-4.793823
241	284	-4.794138
150	403	-4.7945805
213	499	-4.795232
133	603	-4.7954016
52	217	-4.7960763
182	521	-4.7961144
104	298	-4.7962523
108	517	-4.7965007
256	651	-4.7972403
148	346	-4.797635
67	650	-4.7981653
195	630	-4.798167
125	304	-4.7987
195	190	-4.7988963
34	230	-4.7989726
32	135	-4.7992425
61	209	-4.8002014
61	398	-4.8004375
160	59	-4.8008904
117	496	-4.802804
242	116	-4.802943
164	81	-4.803343
39	238	-4.803567
57	505	-4.803767
34	344	-4.8048506
169	347	-4.8060875
131	398	-4.8062744
89	277	-4.8069057
163	446	-4.807108
145	299	-4.8075266
48	295	-4.8078313
78	626	-4.808337
200	100	-4.8086433
67	43	-4.808669
118	491	-4.8097234
51	583	-4.809964
98	98	-4.8105383
251	63	-4.8107677
294	23	-4.8111825
81	464	-4.8117228
129	228	-4.811805
271	236	-4.8122773
96	513	-4.812392
188	490	-4.8125625
145	273	-4.8131456
58	452	-4.813909
237	135	-4.8160567
66	563	-4.8167953
163	385	-4.8168855
273	32	-4.817019
135	633	-4.817121
138	482	-4.8184395
248	79	-4.81852
288	59	-4.8190374
84	308	-4.819061
84	620	-4.8218417
195	94	-4.8225274
175	440	-4.823269
43	582	-4.8246584
170	146	-4.82558
175	384	-4.8259315
35	500	-4.8263474
78	615	-4.8272696
52	396	-4.8274593
125	574	-4.8278623
81	347	-4.8293614
92	470	-4.8297276
59	268	-4.829777
263	281	-4.82994
117	213	-4.83066
65	457	-4.831829
218	32	-4.832203
245	305	-4.833007
72	569	-4.833014
255	308	-4.833018
172	408	-4.833897
163	392	-4.8353295
181	410	-4.8354163
47	465	-4.8358397
184	233	-4.8366594
81	324	-4.83732
193	391	-4.8374395
224	419	-4.839908
40	460	-4.8415504
66	160	-4.8416343
115	460	-4.842
94	91	-4.842657
255	636	-4.84301
185	347	-4.843516
56	65	-4.8445673
107	569	-4.846131
86	470	-4.8463025
262	632	-4.847858
70	289	-4.847976
58	469	-4.848037
82	511	-4.850014
47	222	-4.850708
57	616	-4.851024
145	47	-4.8519564
193	385	-4.852093
197	646	-4.852296
90	306	-4.852324
253	174	-4.8528256
53	502	-4.85434
259	44	-4.856104
150	261	-4.8562922
239	79	-4.8563538
56	573	-4.8565226
92	487	-4.8568707
45	213	-4.857192
118	552	-4.8574796
143	420	-4.8577356
136	614	-4.8579664
72	400	-4.859846
99	417	-4.859958
156	511	-4.8607187
173	284	-4.860796
149	105	-4.8615475
67	571	-4.8620925
242	73	-4.8625073
133	420	-4.8630757
259	640	-4.864081
122	507	-4.8656006
46	537	-4.866343
144	258	-4.866737
164	185	-4.866937
160	197	-4.8670425
148	544	-4.867572
103	409	-4.8677635
52	635	-4.868016
64	578	-4.869216
59	564	-4.869732
35	296	-4.870118
191	359	-4.870327
209	529	-4.871254
158	525	-4.87179
193	307	-4.8718543
29	120	-4.8723993
116	565	-4.8726354
169	306	-4.873208
122	214	-4.87323
124	110	-4.8737373
212	199	-4.8741765
138	54	-4.8744025
56	233	-4.874592
145	556	-4.874657
41	114	-4.8747044
47	516	-4.8747234
216	176	-4.8748116
33	205	-4.876408
102	644	-4.877595
134	377	-4.8776717
221	209	-4.8777275
250	329	-4.878397
294	109	-4.8785095
203	246	-4.87866
113	618	-4.878786
36	594	-4.879583
261	301	-4.8798814
260	264	-4.8799157
76	421	-4.880165
174	653	-4.880883
35	218	-4.880994
36	602	-4.8816986
40	440	-4.882601
53	213	-4.8826876
124	443	-4.8829856
152	529	-4.8834724
169	603	-4.883697
166	468	-4.883894
234	273	-4.8842854
141	463	-4.885403
35	452	-4.8862886
294	141	-4.8865557
250	342	-4.887294
169	433	-4.8884125
49	415	-4.889132
50	486	-4.8894672
126	373	-4.889925
189	85	-4.890538
212	353	-4.8907037
117	456	-4.8913145
73	526	-4.891546
167	283	-4.8925514
99	379	-4.8933134
41	480	-4.8951755
139	273	-4.8952904
147	280	-4.8953395
49	531	-4.8954268
297	55	-4.896791
35	646	-4.8969855
76	166	-4.898687
259	126	-4.900005
135	307	-4.900915
243	134	-4.901168
97	209	-4.901961
34	366	-4.9022727
126	299	-4.9024825
47	576	-4.9037566
38	495	-4.904908
83	522	-4.9061556
157	384	-4.9070926
134	119	-4.907452
47	548	-4.9077916
86	538	-4.9083724
193	267	-4.908635
37	177	-4.9097967
192	397	-4.910209
149	48	-4.9104185
263	27	-4.910841
197	85	-4.9123645
127	91	-4.9131494
243	85	-4.9137363
203	262	-4.9137964
30	86	-4.915057
53	362	-4.9176297
170	198	-4.918009
61	592	-4.918168
125	288	-4.9187527
116	229	-4.918968
234	112	-4.919279
46	424	-4.9199405
285	62	-4.9207797
74	299	-4.921186
159	342	-4.9216013
268	89	-4.921793
117	464	-4.922322
65	437	-4.92248
68	511	-4.9239216
147	517	-4.923987
206	390	-4.9243546
56	129	-4.924937
57	569	-4.924959
107	607	-4.9252157
100	551	-4.9260254
134	371	-4.9271703
197	255	-4.927453
123	419	-4.9278126
83	402	-4.9299474
144	560	-4.930251
88	571	-4.9304323
146	569	-4.9305506
33	382	-4.9305925
161	356	-4.9311233
98	401	-4.9319444
76	516	-4.9322367
167	31	-4.9323072
84	335	-4.9330235
67	195	-4.933281
61	276	-4.9333477
157	212	-4.9334955
215	186	-4.9337
58	154	-4.9337735
82	578	-4.933921
959	651	-4.934127
97	198	-4.9345126
210	535	-4.934913
312	6	-4.935786
149	34	-4.9360805
38	572	-4.9361
102	287	-4.936144
152	357	-4.936275
141	608	-4.9364257
143	339	-4.9374733
75	386	-4.9399676
74	563	-4.9412827
138	304	-4.9426384
205	566	-4.9436765
98	203	-4.943961
175	475	-4.9445167
55	627	-4.94463
184	514	-4.944682
45	370	-4.9451485
202	573	-4.9461226
250	350	-4.946194
300	114	-4.9463854
255	143	-4.946613
206	29	-4.9472227
197	314	-4.947528
39	309	-4.9476204
260	98	-4.9478745
119	108	-4.9486732
98	598	-4.949602
121	333	-4.9504237
101	532	-4.9507475
138	138	-4.950774
272	232	-4.951161
130	539	-4.951639
183	358	-4.95268
39	362	-4.953208
41	436	-4.9532175
158	244	-4.9535995
139	264	-4.954378
115	629	-4.9548717
167	629	-4.9551654
51	498	-4.9562197
181	423	-4.9566226
49	404	-4.9566293
92	363	-4.957095
72	509	-4.958334
78	191	-4.9583573
151	282	-4.959436
160	375	-4.959839
116	345	-4.9610014
306	19	-4.9610524
297	121	-4.961349
177	350	-4.961808
128	614	-4.961877
125	496	-4.9628844
315	21	-4.964061
96	554	-4.9646654
94	521	-4.9651146
167	67	-4.965553
151	521	-4.9661775
271	28	-4.9663005
183	130	-4.9664764
105	405	-4.9676924
175	146	-4.968448
244	362	-4.9691706
152	131	-4.970392
60	70	-4.9704847
202	250	-4.971979
97	396	-4.972541
301	19	-4.9731236
221	450	-4.97339
252	305	-4.9746933
171	416	-4.9756303
173	430	-4.976149
157	297	-4.976276
182	548	-4.977178
99	544	-4.9772444
329	6	-4.9775753
139	49	-4.9785714
131	312	-4.979133
84	45	-4.9796534
98	386	-4.9804425
161	347	-4.9817643
136	490	-4.982005
69	232	-4.9827843
163	402	-4.98287
175	423	-4.982904
105	341	-4.9842105
113	377	-4.9845505
78	486	-4.984566
33	192	-4.984773
110	303	-4.984774
63	596	-4.984805
97	526	-4.98604
84	491	-4.98647
33	276	-4.987342
122	583	-4.9878864
131	515	-4.9879265
51	575	-4.990997
112	511	-4.991053
171	156	-4.9915905
61	509	-4.9920063
80	493	-4.992094
166	173	-4.9924054
122	175	-4.992656
117	132	-4.9937487
222	158	-4.995005
119	209	-4.9953074
69	55	-4.995905
242	61	-4.9973965
173	62	-4.9974003
86	579	-4.9974923
124	452	-4.997827
123	50	-4.997936
245	76	-4.998054
167	314	-4.998173
131	303	-4.9989767
65	225	-5.000082
207	550	-5.0009565
98	109	-5.0010476
207	559	-5.0015764
143	596	-5.0036836
106	309	-5.004662
92	615	-5.005528
113	497	-5.0058994
173	40	-5.007896
32	327	-5.0079374
61	485	-5.0081277
195	262	-5.0082316
195	401	-5.0083323
153	547	-5.0094743
86	508	-5.0096354
88	619	-5.0099792
65	471	-5.0106444
32	215	-5.0121365
278	186	-5.0126224
176	417	-5.0142508
186	320	-5.014259
237	160	-5.014639
326	18	-5.015651
94	602	-5.016184
67	551	-5.018476
32	66	-5.0193233
69	222	-5.0200214
99	571	-5.0201187
146	342	-5.0206175
86	526	-5.020672
279	68	-5.0218997
90	645	-5.024372
118	577	-5.024527
189	323	-5.02538
187	477	-5.026533
135	341	-5.027476
129	488	-5.027557
157	401	-5.0278935
128	622	-5.028178
206	355	-5.0285234
64	170	-5.0287805
145	58	-5.0291095
109	253	-5.0291233
32	264	-5.0307903
96	326	-5.031001
150	86	-5.0310035
327	25	-5.0312247
31	54	-5.031333
127	503	-5.0316553
242	650	-5.032904
184	433	-5.0330257
134	409	-5.033051
250	67	-5.0333333
58	348	-5.0338025
57	333	-5.03396
53	520	-5.0358963
96	337	-5.036651
77	159	-5.0371704
32	50	-5.037501
102	442	-5.0376596
93	650	-5.038385
173	376	-5.038558
247	191	-5.038791
262	108	-5.039405
59	237	-5.0403953
66	633	-5.0404134
98	434	-5.04099
64	626	-5.0411935
211	61	-5.041473
58	609	-5.041685
161	296	-5.041746
149	591	-5.042203
160	493	-5.043045
51	409	-5.0432057
97	488	-5.043272
246	181	-5.0453143
198	586	-5.046438
48	234	-5.047298
86	562	-5.0473633
202	238	-5.047414
69	463	-5.0476046
223	178	-5.0479107
153	539	-5.0479407
151	293	-5.0489264
204	396	-5.0497203
86	497	-5.050429
198	444	-5.050817
176	151	-5.0511317
119	537	-5.051972
35	246	-5.0524797
149	297	-5.053571
66	259	-5.053877
37	110	-5.05513
61	353	-5.0558963
293	37	-5.056122
262	102	-5.0561757
237	309	-5.057474
133	329	-5.0575304
111	606	-5.0578866
71	442	-5.059161
262	305	-5.059581
121	462	-5.0598617
159	28	-5.0604377
156	186	-5.0604377
121	448	-5.0606875
32	489	-5.0607944
167	324	-5.0626087
185	369	-5.063272
147	564	-5.063305
106	637	-5.0639176
46	308	-5.064619
133	276	-5.065792
163	170	-5.0660415
115	599	-5.066081
240	365	-5.0667624
77	570	-5.067747
177	356	-5.069582
235	289	-5.0697675
145	376	-5.070425
52	144	-5.070846
150	424	-5.070857
97	441	-5.0717645
52	168	-5.072855
55	372	-5.0737104
165	354	-5.0745044
100	612	-5.074557
180	161	-5.0750647
183	535	-5.0758944
172	444	-5.0760407
959	662	-5.0783863
207	265	-5.0786395
67	423	-5.07902
32	142	-5.08008
78	607	-5.0801373
141	471	-5.0808
98	425	-5.081051
54	238	-5.0816813
93	427	-5.081827
34	377	-5.0823717
73	189	-5.0824127
142	119	-5.082683
160	469	-5.084154
95	101	-5.0846868
292	147	-5.085566
204	274	-5.086738
189	375	-5.0868683
74	619	-5.087108
224	204	-5.0877934
31	131	-5.0878854
298	128	-5.0886874
49	504	-5.088839
66	63	-5.0892687
120	589	-5.092031
170	469	-5.093859
95	302	-5.0943036
59	205	-5.0943246
123	324	-5.09517
249	346	-5.0957713
47	638	-5.096014
164	335	-5.0965524
217	190	-5.096684
161	517	-5.0970354
218	335	-5.097401
63	574	-5.097551
46	520	-5.097743
206	22	-5.0983644
158	301	-5.099162
243	221	-5.1015935
287	165	-5.102931
164	57	-5.1046686
31	156	-5.1051726
30	181	-5.106026
214	22	-5.1070657
104	31	-5.1075425
166	616	-5.1084557
185	413	-5.108874
132	338	-5.108994
85	322	-5.110183
104	432	-5.11026
165	640	-5.1110334
127	568	-5.1112533
165	635	-5.111541
136	346	-5.113706
31	395	-5.1155453
196	274	-5.1155934
128	473	-5.1169863
230	403	-5.118083
68	32	-5.1191726
35	444	-5.119655
62	546	-5.120453
261	333	-5.1208353
122	473	-5.1209393
42	488	-5.121627
61	321	-5.122161
195	459	-5.124308
98	279	-5.1245284
43	303	-5.124747
95	517	-5.1248903
173	364	-5.125347
94	497	-5.125348
114	299	-5.125472
44	377	-5.125569
134	351	-5.1268916
131	646	-5.128205
284	48	-5.1283464
135	570	-5.1284304
107	411	-5.128993
59	229	-5.1290274
46	300	-5.129247
173	296	-5.129401
100	649	-5.1302137
41	33	-5.1306643
75	344	-5.131029
96	539	-5.1313148
57	602	-5.1321583
41	391	-5.1322017
227	165	-5.1334105
67	515	-5.1335
62	158	-5.133527
265	22	-5.133725
217	345	-5.1339874
102	600	-5.1343184
267	251	-5.1343794
245	207	-5.135256
94	97	-5.13563
267	278	-5.136967
39	409	-5.137589
98	51	-5.1376247
164	413	-5.13785
156	388	-5.138099
135	384	-5.1411457
140	179	-5.1427417
264	293	-5.143679
55	588	-5.143858
146	540	-5.144247
164	50	-5.1442533
145	330	-5.1442704
75	434	-5.146141
113	387	-5.1463404
77	649	-5.147722
112	569	-5.148259
115	468	-5.1483645
256	139	-5.148692
100	325	-5.1487937
208	563	-5.1495748
190	33	-5.1503224
263	42	-5.1509733
170	593	-5.1517243
129	328	-5.1521554
74	558	-5.152963
218	310	-5.1531987
179	386	-5.154715
120	233	-5.1554737
55	367	-5.1559973
183	440	-5.156456
157	352	-5.159217
334	6	-5.160902
290	41	-5.161798
241	225	-5.161884
128	189	-5.162729
41	472	-5.164086
256	52	-5.164312
135	641	-5.16502
93	316	-5.1662693
226	161	-5.1664257
192	343	-5.1687765
177	85	-5.169076
213	515	-5.1692944
297	132	-5.16985
114	493	-5.170196
271	218	-5.1704683
35	313	-5.1706886
146	582	-5.1714063
77	183	-5.171723
104	471	-5.1720843
126	540	-5.1731396
146	533	-5.174096
45	315	-5.1754837
63	235	-5.1761456
101	265	-5.1771073
59	620	-5.1771507
146	53	-5.1775355
144	424	-5.1776
182	653	-5.1778936
147	417	-5.177918
87	287	-5.177974
86	298	-5.17828
172	67	-5.178321
54	443	-5.1783543
42	400	-5.1787844
193	374	-5.179973
129	143	-5.180563
204	290	-5.1807528
46	163	-5.1812525
155	592	-5.181746
145	99	-5.1818366
230	151	-5.1824174
80	414	-5.182988
53	530	-5.1832595
129	234	-5.183622
272	292	-5.185278
178	245	-5.1853657
98	508	-5.186578
249	91	-5.1872525
168	608	-5.187523
224	199	-5.1892667
141	600	-5.189279
104	347	-5.189948
237	283	-5.1901784
204	361	-5.190283
143	537	-5.191866
59	581	-5.1926723
141	269	-5.1928177
35	255	-5.194718
167	341	-5.195218
89	432	-5.195579
93	278	-5.196779
216	52	-5.198308
311	88	-5.198495
238	27	-5.2000737
166	44	-5.2004685
152	139	-5.200936
57	479	-5.201053
88	30	-5.2012167
264	640	-5.2013297
142	381	-5.20284
91	599	-5.2029676
321	19	-5.203883
204	311	-5.2039757
228	200	-5.204462
155	326	-5.20498
68	236	-5.2054963
281	54	-5.206683
87	501	-5.206894
64	530	-5.209265
134	566	-5.2096343
175	289	-5.2102265
146	372	-5.211335
216	201	-5.211564
163	66	-5.211663
84	474	-5.2118835
92	508	-5.2122374
123	535	-5.212447
117	341	-5.215292
43	234	-5.215299
237	247	-5.215362
196	89	-5.2157445
173	412	-5.216077
194	324	-5.216217
114	501	-5.2162666
307	6	-5.216809
76	501	-5.2171288
156	348	-5.2177224
71	296	-5.2177296
149	560	-5.218729
229	169	-5.2187433
247	357	-5.218749
119	237	-5.2210155
68	453	-5.221924
52	135	-5.2226925
32	196	-5.222839
158	411	-5.2252836
106	304	-5.2254863
87	600	-5.225808
79	611	-5.2270117
120	563	-5.227455
93	560	-5.2280626
94	531	-5.228916
127	424	-5.229009
93	525	-5.229062
87	534	-5.2298737
70	446	-5.2302914
177	433	-5.2305026
39	47	-5.230516
153	395	-5.231597
216	480	-5.2317457
218	328	-5.23256
103	328	-5.2325783
132	637	-5.233325
62	442	-5.233604
123	527	-5.233619
185	111	-5.2336235
121	457	-5.233763
199	112	-5.233898
141	441	-5.2351036
161	204	-5.2352386
129	278	-5.2362447
246	366	-5.2367206
31	414	-5.2368417
168	183	-5.236857
140	577	-5.2372475
162	523	-5.237412
221	184	-5.2374415
31	331	-5.2379127
118	547	-5.2382526
113	234	-5.2385607
125	230	-5.2386255
62	554	-5.2387843
117	480	-5.238999
152	556	-5.240408
187	484	-5.241029
190	368	-5.242028
195	653	-5.2422066
69	206	-5.242257
63	475	-5.24313
142	459	-5.2435274
179	131	-5.244772
61	32	-5.245645
158	322	-5.246846
101	75	-5.246959
87	518	-5.247257
180	414	-5.2473874
221	174	-5.248952
164	397	-5.2494054
197	625	-5.249828
63	588	-5.2498875
41	39	-5.2500753
198	642	-5.2504463
135	280	-5.2507157
268	37	-5.2512555
142	566	-5.2538624
165	291	-5.254306
83	183	-5.255043
254	68	-5.255791
79	630	-5.2561245
252	102	-5.2563863
65	385	-5.256628
35	506	-5.25693
171	372	-5.2569923
169	59	-5.2570744
130	288	-5.2574334
162	647	-5.2575016
31	234	-5.25851
188	382	-5.25867
79	451	-5.2591915
185	362	-5.2598834
44	633	-5.260386
141	581	-5.260404
98	522	-5.261287
136	466	-5.2614856
207	253	-5.262413
273	288	-5.2631207
120	191	-5.263752
197	306	-5.265116
188	75	-5.2654133
99	105	-5.265864
150	535	-5.2661276
120	541	-5.2669206
168	412	-5.266972
106	337	-5.2675285
63	636	-5.2678485
116	485	-5.2685366
193	78	-5.2685957
206	380	-5.2686
54	160	-5.2694006
224	428	-5.269665
153	112	-5.270107
111	577	-5.2705464
182	126	-5.2708025
915	670	-5.270827
930	670	-5.270995
216	8	-5.2719345
81	469	-5.2730465
116	595	-5.273479
73	195	-5.273486
144	573	-5.273725
312	92	-5.273922
249	298	-5.2743063
84	609	-5.274571
166	319	-5.2749333
75	202	-5.2754054
252	88	-5.2778697
132	413	-5.277959
64	229	-5.278535
55	497	-5.279445
32	587	-5.2800274
147	442	-5.280295
139	592	-5.280505
263	270	-5.2818995
141	297	-5.2820125
187	92	-5.2858043
79	410	-5.286053
251	651	-5.2860775
81	291	-5.28618
233	295	-5.286205
153	312	-5.2864323
182	33	-5.2896247
90	638	-5.289732
318	84	-5.290156
94	621	-5.2901607
190	472	-5.2902913
75	629	-5.2913117
189	438	-5.2914553
74	625	-5.2916174
92	514	-5.2918043
54	453	-5.29182
49	494	-5.2920184
193	424	-5.2925553
136	446	-5.292583
221	456	-5.294372
76	508	-5.295341
70	620	-5.295378
296	19	-5.2961655
135	141	-5.296362
138	605	-5.2964244
154	231	-5.297595
85	574	-5.2978354
247	62	-5.2981877
169	87	-5.2988524
38	300	-5.299136
114	51	-5.3002205
124	564	-5.301063
150	101	-5.301927
251	22	-5.302793
39	292	-5.3029594
139	278	-5.3038044
317	7	-5.3045344
51	228	-5.3046494
111	37	-5.304812
149	407	-5.3066998
70	580	-5.3069053
226	175	-5.306932
247	124	-5.3075624
136	389	-5.3078036
283	58	-5.3078394
151	287	-5.3080997
157	501	-5.3084064
129	405	-5.3090105
55	61	-5.3096857
159	330	-5.3107643
93	465	-5.3111134
289	33	-5.3117304
117	202	-5.3120656
208	278	-5.3128533
111	242	-5.3130155
36	465	-5.3135915
102	260	-5.3140273
122	637	-5.314261
131	28	-5.3162937
165	156	-5.3173723
263	261	-5.3186235
164	450	-5.318859
76	550	-5.31892
43	229	-5.3203597
74	494	-5.3213863
328	32	-5.3230004
282	177	-5.3240447
125	329	-5.3245597
100	312	-5.32456
197	617	-5.3245754
41	551	-5.324696
196	115	-5.324935
56	473	-5.3250747
101	449	-5.3270097
66	313	-5.32798
81	341	-5.3283987
146	357	-5.3296437
153	104	-5.3298254
85	275	-5.330112
155	29	-5.3301706
65	48	-5.331424
76	340	-5.3315797
190	22	-5.331741
106	319	-5.3317924
55	282	-5.3326087
138	584	-5.3328485
96	343	-5.33363
246	211	-5.3347945
104	71	-5.3356404
79	187	-5.3361864
63	325	-5.336475
194	82	-5.337738
124	633	-5.3394136
52	377	-5.339947
103	570	-5.340551
187	425	-5.3408904
204	41	-5.3414006
81	477	-5.3422585
103	609	-5.342476
135	628	-5.3428125
138	648	-5.343727
43	562	-5.3438215
42	547	-5.345096
169	93	-5.34518
52	232	-5.3473067
56	352	-5.3474183
93	30	-5.348533
78	521	-5.348722
76	576	-5.3489556
244	188	-5.349607
78	371	-5.349927
155	317	-5.3501534
57	521	-5.35182
43	296	-5.3518796
256	58	-5.3525076
69	355	-5.3532014
64	101	-5.3536777
189	363	-5.353982
222	446	-5.3540916
52	463	-5.355181
111	57	-5.3554873
258	71	-5.3556604
136	600	-5.356051
158	173	-5.35704
256	321	-5.357566
31	306	-5.3576164
75	274	-5.358622
43	240	-5.358626
81	562	-5.3599153
233	261	-5.360089
128	366	-5.3602743
230	189	-5.361415
223	170	-5.3616414
79	275	-5.363577
168	279	-5.363619
79	48	-5.364896
176	406	-5.365181
247	196	-5.3659368
66	558	-5.365984
43	208	-5.3662453
51	206	-5.366398
137	454	-5.366624
277	193	-5.3667264
64	488	-5.366754
289	28	-5.3668613
85	436	-5.3670225
140	570	-5.3673916
151	38	-5.367966
81	573	-5.3689137
53	348	-5.369502
82	445	-5.370144
165	363	-5.3705463
958	666	-5.3707576
67	637	-5.3722677
182	510	-5.373725
196	98	-5.374613
244	112	-5.3748055
158	359	-5.3749685
82	624	-5.375061
162	351	-5.3754234
223	436	-5.375959
64	430	-5.3761177
63	630	-5.377114
95	78	-5.377419
36	456	-5.3777647
104	293	-5.378072
237	149	-5.3784695
85	645	-5.379921
166	309	-5.380941
218	166	-5.3811326
256	632	-5.383074
100	274	-5.3839064
161	326	-5.385302
245	98	-5.3858666
107	627	-5.386655
163	93	-5.3878493
57	359	-5.388431
161	371	-5.3887196
135	590	-5.388815
58	597	-5.390708
251	338	-5.3907776
330	10	-5.392553
50	535	-5.394105
190	95	-5.395063
153	119	-5.3960605
60	613	-5.3963666
184	6	-5.3969593
83	331	-5.39734
286	169	-5.398114
130	360	-5.398685
101	364	-5.399809
170	477	-5.3999333
229	296	-5.4002914
43	569	-5.4004045
209	210	-5.4012914
44	172	-5.4013305
142	185	-5.401412
240	370	-5.4035625
158	396	-5.4036984
255	62	-5.4037437
185	123	-5.4040527
254	75	-5.404379
127	149	-5.404629
65	642	-5.404913
154	108	-5.405849
178	167	-5.4065437
140	5	-5.4071198
252	8	-5.4078918
201	34	-5.4087934
62	561	-5.410321
155	136	-5.410329
160	83	-5.410448
41	316	-5.4106526
39	233	-5.411805
276	197	-5.4121904
168	599	-5.4132247
211	234	-5.413509
63	513	-5.41358
43	637	-5.4140453
138	189	-5.4145036
121	203	-5.4148006
196	634	-5.415381
239	23	-5.416489
173	279	-5.4179735
317	70	-5.4184694
208	273	-5.419726
252	160	-5.419948
66	150	-5.4200263
96	462	-5.420204
319	58	-5.420346
89	283	-5.4209266
72	154	-5.421125
54	623	-5.4211993
118	571	-5.42176
82	482	-5.4224715
171	47	-5.422791
57	529	-5.423443
125	6	-5.424906
64	69	-5.4250464
39	564	-5.4251213
215	210	-5.4255404
194	468	-5.4272404
132	620	-5.427818
46	412	-5.4280195
82	287	-5.428134
56	29	-5.4292645
59	586	-5.430605
130	296	-5.4309464
175	268	-5.431653
61	61	-5.431891
67	507	-5.43246
194	23	-5.432595
34	251	-5.4336314
249	110	-5.4336977
73	29	-5.4342365
198	22	-5.4351444
133	317	-5.435375
81	418	-5.435685
99	453	-5.4360604
47	239	-5.436859
77	174	-5.436962
37	370	-5.43728
165	511	-5.438071
278	651	-5.4381857
71	649	-5.438583
79	459	-5.438898
156	531	-5.440426
125	415	-5.4408
163	343	-5.441017
59	445	-5.441317
52	571	-5.4425817
190	211	-5.4438844
72	391	-5.4454885
33	200	-5.445566
71	573	-5.4458823
197	362	-5.4467797
217	206	-5.447236
100	369	-5.447316
203	270	-5.4479403
122	114	-5.4481835
91	503	-5.4484453
199	629	-5.449153
89	425	-5.4505444
148	595	-5.4506135
196	621	-5.4515486
137	356	-5.4521675
101	492	-5.4531217
290	152	-5.453328
55	340	-5.454
128	238	-5.45416
194	369	-5.454712
121	512	-5.45497
123	317	-5.4560065
54	448	-5.456185
43	508	-5.457262
91	574	-5.4574494
264	254	-5.4575453
91	536	-5.457626
143	42	-5.457651
278	64	-5.458929
152	509	-5.459079
179	36	-5.4590826
36	611	-5.4591937
196	318	-5.459749
253	169	-5.459979
160	389	-5.4600115
959	646	-5.4604316
202	23	-5.4604764
129	184	-5.4605274
108	257	-5.46072
50	601	-5.4613776
104	480	-5.462737
223	300	-5.463671
249	99	-5.463805
173	31	-5.4648905
301	6	-5.465255
72	58	-5.467058
67	72	-5.4677114
100	57	-5.4685645
75	170	-5.468594
201	401	-5.4687786
119	640	-5.4701605
51	631	-5.470518
78	294	-5.4715805
200	65	-5.4737906
181	444	-5.474107
81	283	-5.4741735
181	84	-5.4742885
97	332	-5.4744453
176	172	-5.4747543
140	259	-5.4756594
222	8	-5.476752
248	302	-5.4776115
257	6	-5.478501
169	465	-5.4794393
48	216	-5.480298
212	214	-5.482506
167	215	-5.482587
121	186	-5.4827013
198	346	-5.483009
99	504	-5.483235
169	267	-5.4833083
153	253	-5.4837213
173	52	-5.4843445
97	421	-5.484958
137	478	-5.4860225
131	469	-5.487554
110	298	-5.487968
92	556	-5.488433
117	384	-5.489799
263	297	-5.490832
220	472	-5.4909053
201	577	-5.491606
42	494	-5.4918604
50	164	-5.491963
42	431	-5.4921656
245	138	-5.492251
107	42	-5.492325
208	555	-5.492709
264	88	-5.4939103
185	88	-5.4940777
123	161	-5.4953756
269	247	-5.4954906
84	556	-5.4959097
100	438	-5.496292
182	530	-5.497039
55	208	-5.4981484
225	190	-5.498344
138	120	-5.4985714
72	437	-5.499493
138	450	-5.499972
289	23	-5.5019503
219	650	-5.5021553
87	79	-5.502348
134	300	-5.505702
136	61	-5.505835
32	280	-5.50655
114	122	-5.5065904
198	104	-5.5077825
89	302	-5.5088096
31	493	-5.5090094
32	578	-5.509376
144	611	-5.5107083
118	128	-5.5113864
218	23	-5.512333
126	523	-5.514112
71	628	-5.5151834
318	63	-5.5155106
165	85	-5.5160193
155	248	-5.520321
195	420	-5.52222
47	527	-5.5222816
242	26	-5.522729
74	613	-5.524324
100	500	-5.524903
109	507	-5.5249267
197	606	-5.525047
162	455	-5.5251656
113	30	-5.5265217
86	158	-5.527463
170	289	-5.527715
51	589	-5.5291557
166	623	-5.530725
46	552	-5.530801
145	349	-5.533253
142	52	-5.5337424
116	247	-5.533897
64	113	-5.5342026
89	321	-5.5342426
267	26	-5.5348415
213	528	-5.535928
170	302	-5.536213
55	53	-5.5362535
176	258	-5.5363955
24	118	-5.5367403
124	200	-5.539566
78	480	-5.539933
175	262	-5.541309
181	375	-5.5414724
102	427	-5.5418377
179	381	-5.5431376
62	479	-5.543152
231	193	-5.5433664
265	5	-5.544336
53	617	-5.5457587
271	22	-5.547216
162	193	-5.547314
240	377	-5.5475655
169	142	-5.5478663
202	307	-5.549006
68	407	-5.54967
186	417	-5.5497513
259	315	-5.552395
257	95	-5.552923
144	142	-5.553572
931	663	-5.553577
201	8	-5.55391
197	6	-5.554131
93	287	-5.5552416
137	619	-5.5559797
73	489	-5.556787
70	81	-5.5567927
101	637	-5.5579667
96	297	-5.5579977
45	403	-5.5583735
217	195	-5.558406
93	83	-5.560193
85	293	-5.5605774
165	602	-5.560848
81	648	-5.562379
57	278	-5.56471
157	239	-5.5649858
261	23	-5.565182
45	469	-5.565528
68	416	-5.565811
126	321	-5.565958
102	496	-5.566967
46	572	-5.5692925
124	38	-5.5693135
59	495	-5.569508
80	353	-5.5701737
107	612	-5.5716577
186	23	-5.574302
234	23	-5.5752945
104	630	-5.5753894
31	339	-5.5759516
186	227	-5.576169
90	578	-5.5770607
202	30	-5.5774856
146	284	-5.577593
37	549	-5.5776234
55	594	-5.5786796
74	605	-5.578961
87	595	-5.5792027
48	490	-5.5801587
267	41	-5.5809517
132	347	-5.5824604
910	670	-5.5840254
55	458	-5.5847955
200	273	-5.5850506
139	340	-5.5857625
130	633	-5.5857654
69	403	-5.5861754
137	28	-5.587035
198	353	-5.587535
79	328	-5.5885086
51	547	-5.589178
55	606	-5.5901427
71	450	-5.5909185
112	256	-5.590946
141	623	-5.5914783
115	67	-5.591876
84	169	-5.592265
100	461	-5.592604
70	632	-5.5934067
262	118	-5.593584
175	155	-5.5937247
166	408	-5.595188
145	5	-5.596065
66	621	-5.5971713
83	279	-5.597648
65	526	-5.5983005
101	283	-5.5988665
310	18	-5.6007495
51	223	-5.600788
79	603	-5.601213
222	460	-5.6025515
62	202	-5.6034193
32	321	-5.60389
36	271	-5.603996
68	646	-5.604174
160	235	-5.6046762
141	435	-5.6048694
216	488	-5.6052403
192	413	-5.6056733
55	534	-5.605768
180	75	-5.6062036
173	57	-5.606603
96	549	-5.6067095
107	513	-5.6077595
133	214	-5.6089354
41	420	-5.60905
230	160	-5.6095457
173	6	-5.6097994
178	472	-5.6099777
181	430	-5.610453
175	482	-5.610477
164	359	-5.611754
210	8	-5.6127076
110	615	-5.612867
31	301	-5.612997
37	183	-5.6135726
189	6	-5.6137323
43	291	-5.614967
84	179	-5.615454
82	407	-5.616497
201	266	-5.6167936
62	617	-5.6169443
66	240	-5.6175623
42	529	-5.622996
258	66	-5.62377
61	341	-5.6238747
89	522	-5.624143
29	191	-5.6241813
191	196	-5.6244254
240	208	-5.625024
193	352	-5.6262894
65	119	-5.6266418
168	6	-5.6267476
55	565	-5.6279984
224	23	-5.6297126
145	293	-5.6298666
146	363	-5.633265
89	47	-5.6334033
315	89	-5.6345487
109	573	-5.6357737
141	345	-5.636304
136	6	-5.636311
96	616	-5.636341
26	112	-5.637389
194	356	-5.6385493
128	356	-5.6385574
75	554	-5.6388636
167	151	-5.6389394
105	314	-5.639395
246	130	-5.6397676
155	493	-5.640115
45	416	-5.6401644
123	155	-5.6413445
317	17	-5.6415243
88	310	-5.6417627
95	106	-5.64282
236	164	-5.64331
124	367	-5.643382
118	241	-5.6440244
150	207	-5.644087
96	59	-5.6454587
66	174	-5.6459036
61	535	-5.646368
123	645	-5.6464806
127	508	-5.646903
83	629	-5.6473346
69	458	-5.6477666
73	158	-5.6498637
102	456	-5.6502438
47	408	-5.6506157
52	385	-5.6508994
919	669	-5.651623
184	487	-5.651877
79	546	-5.652029
174	182	-5.652166
164	178	-5.652387
74	522	-5.653101
133	496	-5.653103
138	350	-5.65589
190	123	-5.656786
94	112	-5.6591206
274	65	-5.659904
161	416	-5.6612997
98	575	-5.662002
56	425	-5.662017
158	405	-5.6620507
120	6	-5.662856
266	633	-5.6637406
39	207	-5.664822
301	118	-5.666078
50	481	-5.6669583
140	467	-5.667246
35	360	-5.6682663
47	584	-5.668711
122	519	-5.6696153
62	329	-5.6697593
203	368	-5.6702986
271	636	-5.670299
166	330	-5.6704617
104	417	-5.671023
188	222	-5.6713643
141	63	-5.671641
35	473	-5.671755
169	136	-5.673176
123	569	-5.67328
54	610	-5.67448
33	371	-5.6748815
154	242	-5.675273
50	543	-5.675357
153	596	-5.676536
126	333	-5.677759
87	383	-5.6806183
73	292	-5.6813087
50	457	-5.681886
202	357	-5.682497
121	46	-5.6843777
147	154	-5.684831
156	191	-5.6851964
43	427	-5.685657
89	112	-5.6874433
154	404	-5.688588
90	498	-5.689671
93	414	-5.6901255
35	520	-5.690156
94	596	-5.6914964
96	647	-5.691594
63	256	-5.6916585
205	385	-5.6916604
167	299	-5.6920967
326	13	-5.6933513
168	506	-5.693391
214	511	-5.6938148
104	333	-5.694469
153	400	-5.6951933
154	224	-5.6956973
326	37	-5.69611
80	507	-5.6963925
298	136	-5.696415
72	518	-5.696967
70	88	-5.6982174
193	364	-5.698221
130	6	-5.6984286
161	103	-5.6992917
50	287	-5.699446
60	406	-5.701837
44	484	-5.7020597
308	97	-5.7022066
140	58	-5.7025285
149	256	-5.7029276
135	181	-5.7047534
31	149	-5.7048187
234	186	-5.705867
254	326	-5.708639
273	283	-5.7088213
236	650	-5.7088933
257	22	-5.7098093
95	404	-5.710222
63	582	-5.7103376
214	503	-5.712675
77	463	-5.71385
320	10	-5.714462
82	499	-5.714692
78	587	-5.7154894
135	272	-5.715531
168	53	-5.715675
169	481	-5.7160244
162	228	-5.7162833
134	145	-5.71688
282	28	-5.7183414
230	174	-5.718588
120	630	-5.7187667
121	120	-5.7193027
208	217	-5.719976
67	255	-5.7207136
47	564	-5.7214303
42	536	-5.722047
152	5	-5.7233987
217	484	-5.7238126
153	91	-5.7265377
438	671	-5.7266684
232	178	-5.7266865
273	240	-5.7275352
233	148	-5.7281733
193	8	-5.728451
101	486	-5.729038
180	8	-5.7298346
250	84	-5.73023
191	91	-5.7305064
221	162	-5.731932
58	264	-5.732568
117	581	-5.7328806
126	193	-5.7332125
34	571	-5.7349153
106	422	-5.7361555
219	213	-5.7367907
160	635	-5.739653
162	88	-5.739763
46	542	-5.7401223
65	602	-5.740163
132	482	-5.7414722
276	29	-5.741534
126	284	-5.7421956
31	317	-5.7434816
237	235	-5.7438874
69	616	-5.744001
260	628	-5.744731
161	639	-5.745137
50	551	-5.748286
162	366	-5.748296
53	478	-5.748761
281	33	-5.749366
151	212	-5.7494016
47	209	-5.74958
192	381	-5.750772
74	484	-5.751846
80	422	-5.7522664
163	6	-5.7534895
206	249	-5.7535424
135	596	-5.7553344
68	521	-5.7555094
131	343	-5.7555223
85	542	-5.756273
118	112	-5.7571945
190	28	-5.757988
172	254	-5.7589817
154	412	-5.7596264
61	55	-5.759991
130	511	-5.7603664
176	427	-5.7610993
126	30	-5.761552
201	583	-5.762483
300	124	-5.7652216
111	70	-5.765548
93	5	-5.76632
84	504	-5.7665105
191	207	-5.7666492
166	524	-5.766969
51	597	-5.767372
197	270	-5.7690787
153	416	-5.769183
61	151	-5.7697196
154	127	-5.7699785
159	208	-5.770192
192	433	-5.7704782
168	404	-5.770804
258	106	-5.7709894
175	249	-5.7710114
161	108	-5.773071
37	242	-5.773755
234	396	-5.7747235
163	301	-5.7750154
307	13	-5.7751927
103	517	-5.775726
135	486	-5.776278
56	134	-5.7764926
204	233	-5.776651
239	154	-5.776707
115	238	-5.7776427
74	348	-5.7779493
109	470	-5.778489
174	486	-5.7786617
137	23	-5.7788424
144	432	-5.779462
155	535	-5.7812014
90	530	-5.7821946
317	78	-5.7826033
252	154	-5.783258
153	220	-5.783333
51	392	-5.7833567
127	534	-5.7842793
31	311	-5.78603
92	53	-5.78626
211	547	-5.7862926
47	290	-5.7865796
61	334	-5.786843
149	449	-5.7880697
199	72	-5.788473
66	592	-5.788654
114	294	-5.789717
48	634	-5.7898755
256	334	-5.7902703
202	392	-5.7925615
91	298	-5.7927594
276	224	-5.7928615
73	498	-5.793405
131	629	-5.793713
234	250	-5.7938733
126	275	-5.79617
31	583	-5.796604
78	592	-5.797981
152	187	-5.79873
190	409	-5.799055
285	32	-5.799328
118	291	-5.7996187
92	540	-5.802257
31	219	-5.8040895
243	80	-5.8045416
108	603	-5.80668
59	558	-5.807154
83	77	-5.8095946
192	99	-5.8127074
35	427	-5.81383
39	591	-5.815583
81	441	-5.816366
339	6	-5.816586
57	344	-5.817142
199	597	-5.8174334
219	477	-5.8185954
231	285	-5.818741
209	289	-5.8204007
182	22	-5.820971
219	179	-5.822572
146	146	-5.8239174
30	187	-5.824389
113	489	-5.825134
37	34	-5.830434
73	113	-5.831858
264	310	-5.832074
175	274	-5.83219
30	335	-5.8323355
95	543	-5.832537
227	422	-5.832839
110	503	-5.8351083
59	549	-5.835621
190	105	-5.836349
128	492	-5.83636
261	91	-5.8365154
49	523	-5.836801
62	645	-5.8391447
48	373	-5.8398027
174	471	-5.8403115
311	10	-5.840527
148	613	-5.840602
165	611	-5.840652
123	236	-5.841312
173	86	-5.843964
167	500	-5.844295
66	247	-5.844398
262	337	-5.845232
46	558	-5.8454275
49	28	-5.845677
249	140	-5.8461213
92	75	-5.8462167
158	646	-5.8466167
94	637	-5.8476453
163	162	-5.848161
258	76	-5.848288
78	599	-5.8484592
215	223	-5.848864
108	262	-5.849166
63	609	-5.8509674
107	65	-5.851047
202	258	-5.8518257
51	467	-5.8518615
228	410	-5.851968
255	135	-5.853753
114	251	-5.8538976
96	292	-5.854536
154	236	-5.8548226
81	426	-5.8549147
67	93	-5.8578706
79	79	-5.858959
329	21	-5.8595667
101	595	-5.8607183
169	273	-5.8608165
271	84	-5.8608418
322	51	-5.8613515
220	316	-5.861508
83	602	-5.8615904
64	392	-5.863279
186	473	-5.863305
64	125	-5.866967
70	467	-5.867762
271	6	-5.868034
38	424	-5.8680897
32	476	-5.868314
46	399	-5.8685617
166	350	-5.8686337
50	367	-5.8689766
200	303	-5.869315
161	461	-5.869377
245	144	-5.8693886
34	633	-5.870044
62	51	-5.870529
246	200	-5.870566
53	172	-5.870881
130	417	-5.8746133
82	5	-5.87479
60	499	-5.8750753
106	622	-5.8752
154	199	-5.875428
197	425	-5.8776217
140	641	-5.8786244
168	205	-5.8793426
65	482	-5.8799353
427	672	-5.881121
128	315	-5.8819976
91	88	-5.883265
43	524	-5.883631
102	421	-5.8839126
85	313	-5.883982
47	500	-5.8847504
224	464	-5.8848906
68	67	-5.8858314
77	476	-5.886597
90	633	-5.888346
120	246	-5.889475
195	328	-5.890484
270	640	-5.8912163
258	327	-5.8914676
322	15	-5.8921075
38	545	-5.8929105
139	142	-5.893766
143	277	-5.8943586
115	574	-5.894851
201	364	-5.8951564
177	141	-5.8955774
268	295	-5.8956146
83	173	-5.8957357
77	279	-5.8960137
56	431	-5.896096
196	451	-5.8970113
31	507	-5.897278
147	234	-5.8974643
291	19	-5.8984504
165	520	-5.8996005
56	57	-5.9020877
58	241	-5.9021287
231	279	-5.902159
86	318	-5.9023786
134	292	-5.903288
204	316	-5.9036565
227	8	-5.904331
255	27	-5.9071083
245	19	-5.910704
66	39	-5.911517
39	247	-5.9119744
117	653	-5.91239
184	74	-5.913022
959	670	-5.9139123
138	565	-5.914268
208	351	-5.914517
266	62	-5.9154058
38	263	-5.915876
62	144	-5.916138
249	26	-5.917368
70	359	-5.917726
213	218	-5.918194
230	22	-5.9187913
98	445	-5.919445
77	5	-5.9200654
42	519	-5.9205217
163	631	-5.9211698
130	273	-5.922189
243	373	-5.9222884
228	205	-5.9236703
204	295	-5.925012
37	469	-5.926266
200	601	-5.9266543
283	181	-5.9271054
31	59	-5.928861
42	312	-5.929156
82	22	-5.9311013
252	80	-5.9311414
36	439	-5.931253
170	43	-5.9317617
188	434	-5.932286
151	566	-5.934435
136	474	-5.93537
137	268	-5.9354434
61	518	-5.9358554
40	499	-5.9381456
63	492	-5.9392443
128	337	-5.9397063
122	196	-5.939874
222	30	-5.9405036
159	306	-5.9405937
166	516	-5.941936
183	483	-5.9441233
194	34	-5.944925
71	77	-5.944946
165	464	-5.9451437
266	274	-5.94533
165	305	-5.945504
182	28	-5.94639
137	374	-5.946759
151	97	-5.9473944
959	641	-5.9478865
200	418	-5.949328
309	102	-5.949391
215	507	-5.949543
54	5	-5.9496236
33	468	-5.9496737
162	166	-5.950231
227	194	-5.9506783
46	6	-5.9511642
186	32	-5.9516387
90	294	-5.9533696
147	40	-5.9550953
266	258	-5.955371
62	262	-5.958176
171	193	-5.9593463
111	600	-5.9606056
94	282	-5.9609337
223	442	-5.9609823
202	345	-5.962205
156	542	-5.9626718
54	538	-5.9626875
169	295	-5.962833
48	378	-5.963428
193	118	-5.963564
55	525	-5.9637685
219	224	-5.9638147
175	490	-5.965436
42	541	-5.965635
79	163	-5.9657536
172	587	-5.96639
49	568	-5.966667
229	28	-5.969538
174	177	-5.971774
34	565	-5.9722347
102	355	-5.9738345
88	629	-5.9742355
93	409	-5.9755616
6	181	-5.9771023
163	200	-5.977292
176	68	-5.9793787
78	286	-5.9811945
101	321	-5.981816
137	637	-5.9829106
100	579	-5.983826
214	521	-5.9838495
86	387	-5.985001
66	97	-5.9861593
73	505	-5.986439
185	214	-5.9872336
154	588	-5.9874043
40	640	-5.988691
58	441	-5.988863
36	510	-5.9893284
166	458	-5.989853
168	453	-5.989967
193	440	-5.991673
216	292	-5.9917197
210	238	-5.9922624
66	182	-5.9929085
187	98	-5.9939313
141	377	-5.9951296
74	287	-5.9954777
226	293	-5.9971714
272	75	-5.998126
152	195	-5.9987216
110	483	-5.9989314
70	495	-5.9990144
