x_coord	y_coord	score
282	139	0.6399958
273	151	0.63699067
298	118	0.59219015
261	165	0.5716182
258	169	0.5681845
280	143	0.5673299
93	251	0.56397665
270	154	0.5567776
286	134	0.55209756
276	147	0.52446914
288	130	0.49511644
267	157	0.4882653
294	124	0.4742953
360	38	0.4683517
201	107	0.45288625
97	247	0.42955694
357	42	0.39823648
292	128	0.39017114
199	111	0.38552955
348	53	0.38508168
99	243	0.38494745
256	173	0.37960306
301	115	0.3762636
103	239	0.3742791
351	50	0.36571363
264	161	0.35582384
324	86	0.3458481
105	235	0.33446404
249	181	0.31754974
132	199	0.31235966
175	142	0.30723867
363	34	0.29846737
246	185	0.2917514
91	255	0.28403857
190	122	0.2833492
354	45	0.28015038
178	138	0.27825394
346	57	0.27334425
164	156	0.2693582
196	114	0.24746665
333	74	0.24329987
193	118	0.2419413
209	229	0.22958574
161	160	0.22813848
88	258	0.22618625
306	109	0.19665542
229	204	0.18860856
329	78	0.18344316
213	224	0.17143795
233	200	0.16911909
336	70	0.16741148
157	164	0.16060814
253	177	0.14903381
108	231	0.1441985
203	103	0.13728335
167	152	0.12918153
134	195	0.12790301
223	212	0.12681034
326	82	0.12305239
130	203	0.11474869
171	147	0.10151461
111	227	0.100979835
154	170	0.089054435
151	293	0.084241
164	278	0.048579365
226	208	0.04808107
338	66	0.0468632
242	187	0.031580478
162	282	0.030236572
114	223	0.023963422
237	196	0.02238816
320	88	0.010846764
343	60	0.005047232
150	174	0.0045060515
154	290	-0.004174292
186	126	-0.00757131
302	111	-0.014539272
294	119	-0.015170813
217	220	-0.0216752
206	232	-0.044661045
298	123	-0.050604284
147	178	-0.051306814
366	31	-0.06064406
182	134	-0.068387926
187	255	-0.072243065
310	103	-0.075123906
126	320	-0.08387849
121	326	-0.08514476
281	135	-0.08917862
86	262	-0.08971375
221	216	-0.09193337
206	100	-0.09790102
137	192	-0.11762369
289	125	-0.11913526
101	345	-0.120403945
276	142	-0.12086302
428	90	-0.12720034
93	246	-0.13730353
159	286	-0.14024341
205	236	-0.14473218
182	258	-0.14969707
105	342	-0.15390182
168	276	-0.16664791
197	244	-0.16856787
183	130	-0.1733441
318	92	-0.1949269
253	170	-0.20403537
127	206	-0.21150737
124	211	-0.21350007
88	252	-0.21912716
271	158	-0.23617524
190	250	-0.24742846
305	114	-0.24976657
140	187	-0.2551534
425	93	-0.2627499
142	183	-0.26459736
99	238	-0.26869577
405	117	-0.26955926
432	86	-0.27933034
342	64	-0.2851
116	219	-0.29447567
401	121	-0.29601705
153	166	-0.3006499
347	49	-0.30407274
355	49	-0.30838662
287	138	-0.30842537
269	150	-0.31256402
409	113	-0.31531993
103	244	-0.3172568
84	266	-0.31978852
181	262	-0.32868263
172	270	-0.3295738
97	252	-0.331965
476	30	-0.33648285
434	82	-0.33809313
158	168	-0.33868003
122	322	-0.33871764
120	215	-0.3418245
262	170	-0.3426282
201	240	-0.34741053
398	125	-0.3517574
210	95	-0.35266227
248	177	-0.3543972
157	159	-0.3572209
195	110	-0.35862017
280	148	-0.3598979
278	138	-0.36502272
257	164	-0.3654744
272	146	-0.36844856
350	46	-0.36849844
302	119	-0.37041026
334	198	-0.37313643
239	192	-0.3744163
176	146	-0.37680313
98	348	-0.3862456
194	247	-0.38934168
274	155	-0.38964102
359	33	-0.3915886
265	166	-0.39172077
330	205	-0.40975565
283	131	-0.40983644
314	99	-0.41793677
338	194	-0.42470333
177	266	-0.42509392
356	37	-0.42871386
266	153	-0.43124947
411	109	-0.4335429
352	54	-0.4486266
291	133	-0.4497892
339	61	-0.4531635
297	114	-0.45713285
260	160	-0.45731354
179	143	-0.46346197
353	41	-0.46976942
118	329	-0.4758191
146	182	-0.48036438
472	36	-0.48805144
438	77	-0.49010304
268	162	-0.49015647
214	228	-0.49036187
306	104	-0.50685656
232	196	-0.5102974
277	152	-0.5111432
150	169	-0.5123241
368	159	-0.5158036
160	155	-0.51986116
348	182	-0.52265394
95	242	-0.5355559
345	186	-0.53662026
172	151	-0.5407981
147	296	-0.5455625
108	238	-0.5539198
189	117	-0.554364
326	209	-0.5636933
330	83	-0.5638165
342	189	-0.56788427
371	156	-0.5681298
187	131	-0.5717374
332	69	-0.5731667
170	143	-0.574443
358	46	-0.57841545
186	259	-0.58528435
263	156	-0.58537877
138	196	-0.5856829
352	178	-0.58896947
364	163	-0.5905173
362	167	-0.59138465
245	180	-0.59196115
110	337	-0.59498584
80	270	-0.5963665
191	126	-0.59763074
369	28	-0.6001266
138	309	-0.60257864
310	108	-0.6065315
228	200	-0.60689604
136	200	-0.6102255
192	113	-0.6119379
395	128	-0.6121962
161	165	-0.6211797
331	201	-0.62165713
183	254	-0.623512
463	64	-0.62604547
101	234	-0.6277013
182	139	-0.6278355
114	333	-0.62961864
444	70	-0.63369346
422	96	-0.636024
129	317	-0.6384368
442	74	-0.63845474
317	96	-0.6442275
243	191	-0.64517295
123	207	-0.64582455
367	35	-0.6475645
197	106	-0.6497694
106	227	-0.6501089
361	43	-0.6532018
200	115	-0.6546973
126	202	-0.66200554
178	133	-0.66269803
210	233	-0.6645068
358	170	-0.670037
208	225	-0.6704745
133	191	-0.6706935
364	39	-0.6737876
169	156	-0.67654085
207	104	-0.68158853
136	188	-0.6858665
101	248	-0.69389427
186	121	-0.6977751
285	142	-0.6984838
205	108	-0.69853437
166	160	-0.7001871
333	79	-0.70712614
141	191	-0.7084998
446	66	-0.72178936
355	174	-0.7230214
217	215	-0.72559494
92	259	-0.72732437
143	179	-0.7295593
128	198	-0.732123
343	54	-0.7345564
217	225	-0.7349986
290	121	-0.73640573
202	99	-0.7387889
230	209	-0.7408935
362	30	-0.74457616
166	148	-0.7488316
197	119	-0.74960816
415	106	-0.75420415
95	351	-0.7587692
176	262	-0.75927967
297	127	-0.7604189
191	254	-0.76139456
120	210	-0.76649547
155	285	-0.76681745
174	137	-0.7687691
339	186	-0.7689387
84	257	-0.7722243
254	181	-0.7768274
213	92	-0.7785368
472	31	-0.77958953
347	61	-0.78077734
329	73	-0.7864686
155	294	-0.7899824
250	186	-0.7948647
285	127	-0.8051169
134	312	-0.81319785
186	251	-0.81386924
227	213	-0.8165767
260	174	-0.81809974
158	291	-0.8181078
201	235	-0.82480985
323	91	-0.827978
213	219	-0.8317437
167	282	-0.8330723
405	112	-0.8333591
324	213	-0.8347986
479	27	-0.8360852
146	173	-0.8364561
459	66	-0.83941495
329	197	-0.8469683
173	274	-0.84908867
341	69	-0.84963685
234	204	-0.853562
450	65	-0.855927
476	35	-0.85675716
130	313	-0.8590698
370	32	-0.8614614
250	173	-0.8700107
438	83	-0.8704016
322	81	-0.8709178
131	207	-0.8730474
205	228	-0.8788627
350	58	-0.88003623
130	194	-0.88202876
167	272	-0.88291776
141	306	-0.884567
121	219	-0.88798404
82	261	-0.8902388
89	248	-0.8914286
392	131	-0.9037926
221	221	-0.9044678
401	116	-0.90674084
313	94	-0.9075426
376	151	-0.90969765
325	205	-0.9108861
163	151	-0.9110072
72	373	-0.912236
109	223	-0.9138404
68	377	-0.9149649
420	100	-0.91550773
128	210	-0.9167677
205	96	-0.9171746
203	112	-0.9209854
112	232	-0.9213306
173	265	-0.9238169
333	194	-0.9264463
125	325	-0.930496
106	338	-0.9358417
432	91	-0.9423115
314	207	-0.9466212
115	228	-0.9476329
429	94	-0.94913995
325	77	-0.95176625
91	354	-0.9522946
154	175	-0.9540831
143	302	-0.9566448
470	40	-0.96461046
64	382	-0.9680985
334	65	-0.9760572
335	202	-0.9804168
194	123	-0.9832405
428	85	-0.9854374
117	325	-0.98854184
158	281	-0.99154913
145	186	-0.9961238
326	201	-0.9967376
242	195	-1.0012631
390	135	-1.0012763
163	287	-1.001655
397	120	-1.0043161
238	188	-1.0103546
199	102	-1.0109246
125	316	-1.0212805
340	57	-1.0218716
426	97	-1.0255286
238	200	-1.029904
337	190	-1.0320426
394	124	-1.0363202
466	29	-1.0430224
151	298	-1.0442245
406	121	-1.050092
409	118	-1.0541397
324	197	-1.0545228
134	204	-1.0565256
122	330	-1.0621178
480	31	-1.0643108
320	203	-1.0712315
76	274	-1.0786453
103	230	-1.0793047
337	75	-1.0806174
247	189	-1.0871282
452	60	-1.0950071
95	256	-1.0969826
386	139	-1.0972263
424	89	-1.1005791
224	204	-1.1020008
309	99	-1.1063112
109	341	-1.1091831
219	211	-1.1101236
211	99	-1.1110528
407	108	-1.122064
322	217	-1.1271957
202	244	-1.1272819
468	34	-1.1360424
185	263	-1.1371329
198	248	-1.1424564
257	178	-1.1443293
163	274	-1.1458808
343	182	-1.1466078
353	182	-1.1467079
182	266	-1.1478182
339	198	-1.1503319
391	127	-1.1515337
176	271	-1.1543797
124	216	-1.1545355
379	148	-1.1550996
216	88	-1.1570561
151	179	-1.1591539
75	370	-1.160403
322	208	-1.1692563
375	155	-1.1715384
97	344	-1.1723932
436	87	-1.1748587
80	265	-1.1780066
147	301	-1.1787022
414	112	-1.1789494
350	186	-1.1793054
241	183	-1.183757
259	33	-1.1891054
102	349	-1.1922835
107	242	-1.2048413
328	87	-1.2086799
114	328	-1.2094927
153	161	-1.209658
467	43	-1.2142723
419	104	-1.2159438
470	27	-1.2163373
396	132	-1.2169074
372	160	-1.2171265
399	129	-1.2174934
369	163	-1.2196836
150	289	-1.2226015
403	125	-1.2239654
295	131	-1.236171
133	316	-1.2411777
177	258	-1.2487154
206	240	-1.2573519
301	107	-1.2603688
225	217	-1.2614785
314	104	-1.2616556
195	251	-1.2635412
88	357	-1.2750593
100	341	-1.2751496
343	193	-1.2764305
94	347	-1.2850667
421	92	-1.2853369
464	46	-1.2875059
456	58	-1.293944
382	145	-1.2953746
119	223	-1.2962533
186	136	-1.2985389
441	80	-1.2985537
284	146	-1.2987673
449	69	-1.2997868
209	91	-1.300542
430	81	-1.3008014
433	78	-1.3022794
396	116	-1.3043107
309	112	-1.3046609
85	361	-1.30806
193	243	-1.309165
356	53	-1.3099089
334	206	-1.3105975
346	190	-1.3149723
60	383	-1.31675
212	87	-1.3176813
202	231	-1.3242282
190	258	-1.324383
115	215	-1.3281432
90	263	-1.3332465
106	346	-1.3333025
417	97	-1.3339444
467	60	-1.337377
331	209	-1.3376291
356	179	-1.3386836
411	104	-1.3406777
442	65	-1.3429283
439	71	-1.3444376
99	352	-1.347045
285	32	-1.3474082
457	70	-1.3536619
209	237	-1.3554515
362	172	-1.3578418
137	184	-1.3583225
454	64	-1.3589187
359	175	-1.3604848
234	192	-1.3607603
306	118	-1.3714279
447	62	-1.379801
461	60	-1.3803968
130	321	-1.3827975
182	125	-1.3846362
319	84	-1.3849267
475	26	-1.3986012
112	218	-1.4013027
379	139	-1.4013411
310	209	-1.4049461
415	101	-1.4128941
346	65	-1.4140177
214	96	-1.4181621
447	73	-1.4259667
63	378	-1.427693
462	31	-1.4288566
413	117	-1.4324543
179	129	-1.4326754
137	305	-1.4344237
365	27	-1.4375852
462	50	-1.4389018
320	198	-1.4531438
392	119	-1.4539957
372	152	-1.4540901
364	158	-1.4564624
172	278	-1.4573165
77	366	-1.462224
197	239	-1.4657065
356	78	-1.4667679
331	112	-1.4733554
110	332	-1.4740113
189	246	-1.4782401
328	193	-1.4836353
119	333	-1.485261
466	38	-1.4854223
169	267	-1.4858736
373	29	-1.4877491
391	139	-1.498247
366	168	-1.502244
400	112	-1.5097872
81	362	-1.5113146
75	278	-1.5115786
330	187	-1.5157768
372	24	-1.5209794
321	95	-1.5215579
263	32	-1.523986
410	123	-1.5305952
387	131	-1.5321615
209	221	-1.5350344
483	26	-1.5371069
84	271	-1.5394924
367	154	-1.5434211
359	164	-1.5519538
58	388	-1.5527077
121	318	-1.5577363
302	124	-1.5642236
281	31	-1.5666519
446	77	-1.5671195
463	56	-1.579716
381	135	-1.580233
81	274	-1.5812846
299	82	-1.586504
165	164	-1.588345
424	101	-1.5894305
373	148	-1.5914237
297	86	-1.5917096
298	110	-1.5927178
318	100	-1.5952454
390	123	-1.5973885
347	178	-1.6009281
73	377	-1.6020448
459	55	-1.6062754
475	39	-1.6078591
394	136	-1.6083844
92	358	-1.6185799
146	292	-1.6233917
354	169	-1.6268587
227	110	-1.6269602
114	338	-1.641701
217	83	-1.6483865
230	106	-1.6486725
377	143	-1.6494565
146	305	-1.6508157
380	152	-1.6532776
184	224	-1.6599547
318	209	-1.6606771
142	310	-1.6626048
143	297	-1.6664125
133	308	-1.6757168
142	195	-1.6773723
355	82	-1.6775812
465	25	-1.6918995
221	207	-1.6961281
76	374	-1.7068446
293	115	-1.715608
315	89	-1.717194
318	219	-1.7216564
379	157	-1.7221264
139	313	-1.7309992
160	277	-1.7381766
448	58	-1.7384583
159	172	-1.7387542
351	173	-1.740902
126	312	-1.7412252
386	144	-1.7513347
357	183	-1.7527956
453	68	-1.7529185
139	180	-1.7559628
180	270	-1.7645146
399	136	-1.7664007
88	267	-1.7693428
259	39	-1.7722418
142	175	-1.7769034
122	203	-1.7775652
292	137	-1.7806153
330	116	-1.7818605
336	30	-1.7865118
278	156	-1.7894235
418	111	-1.792233
430	98	-1.7952148
96	355	-1.7991914
329	213	-1.8011484
307	141	-1.8024567
264	279	-1.8040602
319	57	-1.8055319
439	90	-1.8057765
361	179	-1.8103142
255	35	-1.8139673
76	268	-1.8229243
471	44	-1.8237615
82	366	-1.8326781
435	74	-1.8343549
319	213	-1.8358444
296	90	-1.8468678
407	127	-1.856873
62	387	-1.8598573
262	36	-1.86215
444	84	-1.8654302
359	50	-1.8671422
353	189	-1.8680606
335	185	-1.8708626
386	127	-1.8709573
255	41	-1.8712949
417	115	-1.8844017
422	107	-1.8966217
484	30	-1.9016064
468	47	-1.9091598
414	122	-1.9177744
215	124	-1.9212296
313	223	-1.9236369
215	232	-1.9256362
403	130	-1.9261919
118	321	-1.9269435
68	372	-1.9288057
213	128	-1.9304339
463	35	-1.931254
90	350	-1.9358257
376	22	-1.9427136
303	81	-1.9503378
173	155	-1.9549968
365	177	-1.9565687
282	152	-1.9583845
312	213	-1.9630382
246	194	-1.9734347
149	165	-1.9745523
463	41	-1.9761045
396	111	-1.9781029
452	55	-1.9784908
305	145	-1.9796358
297	157	-1.9835387
454	73	-1.9856324
251	43	-1.9869132
150	183	-1.9891802
342	30	-1.9913932
310	72	-1.9994012
83	356	-2.0083208
177	150	-2.0111012
459	47	-2.0123599
112	237	-2.0155878
375	138	-2.026736
260	200	-2.035478
369	149	-2.0454645
371	167	-2.0464513
267	33	-2.0523684
355	57	-2.0532951
400	106	-2.0539048
79	371	-2.0584297
335	109	-2.0678816
219	122	-2.067982
359	75	-2.078049
162	169	-2.0784109
68	383	-2.0803242
189	262	-2.083248
275	159	-2.083988
383	149	-2.0840533
357	188	-2.0896947
433	95	-2.0897284
349	42	-2.093042
180	147	-2.094297
362	47	-2.098523
54	389	-2.1042275
218	79	-2.1103692
354	86	-2.110882
392	114	-2.1153882
250	39	-2.1156228
290	141	-2.1213615
184	229	-2.1307306
170	138	-2.1348622
428	103	-2.1365921
277	29	-2.1395397
251	190	-2.141567
306	75	-2.1444862
223	114	-2.14926
360	160	-2.15499
458	51	-2.1559362
367	173	-2.1582227
371	144	-2.1633646
302	86	-2.1668868
185	220	-2.169111
99	318	-2.1693435
317	63	-2.1701968
395	141	-2.1716397
71	369	-2.175221
253	165	-2.1846478
87	353	-2.1856103
335	34	-2.1924453
213	236	-2.1926088
447	81	-2.1937966
89	362	-2.1942086
139	301	-2.1964352
469	54	-2.2015016
377	31	-2.2033172
234	105	-2.2039413
191	132	-2.203964
487	27	-2.2057345
316	202	-2.2072854
371	36	-2.2096992
450	76	-2.210018
97	322	-2.214792
381	130	-2.2163424
116	211	-2.219481
268	277	-2.220238
481	35	-2.22432
145	169	-2.2275436
368	23	-2.2351835
478	23	-2.2428184
341	74	-2.2436395
93	323	-2.248375
484	22	-2.249308
350	64	-2.2497013
146	190	-2.250688
443	61	-2.2530246
311	227	-2.2541587
132	187	-2.267297
247	47	-2.269905
415	93	-2.2775013
390	143	-2.2791817
472	48	-2.2806466
301	128	-2.280918
305	100	-2.285953
213	82	-2.288082
327	217	-2.2887118
388	149	-2.3021584
337	80	-2.3066683
366	43	-2.307722
178	254	-2.3110774
360	79	-2.3115838
377	134	-2.3209646
323	221	-2.3210683
221	226	-2.3251336
307	212	-2.3267915
266	29	-2.329942
340	202	-2.3313453
165	144	-2.339897
314	109	-2.3403795
344	197	-2.3425467
128	215	-2.3497458
120	227	-2.35205
301	148	-2.3522403
260	44	-2.3551533
491	29	-2.357396
270	166	-2.3599577
95	237	-2.3672369
384	153	-2.3715389
74	282	-2.372548
466	51	-2.375989
226	105	-2.3802176
386	121	-2.3812463
286	122	-2.381633
363	74	-2.3851142
438	67	-2.3863497
302	77	-2.3863912
476	43	-2.3901982
461	27	-2.392112
56	384	-2.3947766
102	337	-2.397579
325	117	-2.3990142
227	115	-2.4015439
105	334	-2.401803
406	104	-2.407165
119	206	-2.4096732
271	32	-2.4107637
103	316	-2.4121547
161	131	-2.413225
337	104	-2.4161625
172	261	-2.416487
266	171	-2.418634
180	231	-2.4220977
258	204	-2.4242113
222	118	-2.4261982
83	253	-2.427165
253	208	-2.427608
132	211	-2.4280963
376	161	-2.432844
443	88	-2.438527
331	42	-2.4437833
353	61	-2.4479167
118	337	-2.4488442
354	33	-2.4501872
221	75	-2.4547994
313	217	-2.460142
453	51	-2.4614282
126	329	-2.4676695
472	23	-2.4683125
363	69	-2.4685588
255	185	-2.4693909
371	139	-2.470116
261	196	-2.471269
429	77	-2.4752038
420	88	-2.4831161
77	361	-2.4831574
218	229	-2.483329
295	94	-2.486025
332	31	-2.486765
346	45	-2.4890275
129	309	-2.4900637
105	153	-2.4938538
247	42	-2.4967005
80	278	-2.5013156
297	149	-2.5020828
224	122	-2.5054994
361	184	-2.505551
330	108	-2.5075026
336	38	-2.5092273
487	33	-2.5105972
311	140	-2.5125084
171	283	-2.5133514
182	250	-2.516917
346	32	-2.5175538
231	102	-2.5198896
334	84	-2.5223618
148	33	-2.5235078
64	374	-2.5239458
289	33	-2.5342274
120	179	-2.5346253
321	227	-2.539226
195	127	-2.5408416
410	100	-2.541846
282	27	-2.549797
176	232	-2.5519683
163	125	-2.5538745
345	70	-2.5568457
377	26	-2.558544
226	221	-2.5585768
308	205	-2.5603864
141	199	-2.5605347
204	92	-2.5635097
338	182	-2.566232
86	331	-2.5676296
194	257	-2.5684407
162	292	-2.5691767
126	178	-2.5713174
462	69	-2.5755565
174	132	-2.5770938
180	225	-2.580179
272	28	-2.5808358
299	153	-2.5848405
243	45	-2.5859363
159	135	-2.587076
83	370	-2.5877125
423	85	-2.589442
327	92	-2.5896962
222	80	-2.590051
335	210	-2.590382
258	182	-2.5934498
288	29	-2.5934618
113	342	-2.594023
125	136	-2.5961468
308	216	-2.59838
252	214	-2.5987465
321	194	-2.601795
127	126	-2.6024811
299	144	-2.6080556
168	286	-2.6104004
355	165	-2.6124327
319	223	-2.6128774
457	31	-2.612994
296	162	-2.6141682
191	109	-2.6201444
217	93	-2.620937
235	208	-2.6248066
310	116	-2.6248174
301	140	-2.6304853
382	125	-2.6331854
243	199	-2.6354742
277	134	-2.6387806
155	34	-2.6419272
355	91	-2.6428664
177	275	-2.645363
151	284	-2.6454177
137	317	-2.6459491
90	243	-2.647477
306	149	-2.6620476
458	43	-2.663568
260	29	-2.6660953
183	144	-2.6752844
302	211	-2.6788163
274	268	-2.678922
344	26	-2.679691
275	33	-2.6819649
86	365	-2.6825314
444	57	-2.6886392
213	214	-2.6916654
66	388	-2.6941168
129	326	-2.6954718
479	40	-2.6963317
310	64	-2.6971064
225	73	-2.6972427
304	207	-2.6997073
156	154	-2.70005
244	176	-2.7061355
273	163	-2.7128391
223	109	-2.7158034
231	111	-2.717426
302	103	-2.7176342
212	103	-2.7179022
231	214	-2.7196267
347	194	-2.7233171
350	87	-2.7247882
159	295	-2.7259052
341	105	-2.730713
412	96	-2.7320077
349	91	-2.7383046
175	236	-2.7401567
339	206	-2.7436812
251	34	-2.7442977
238	205	-2.7473116
103	353	-2.7517152
120	251	-2.7554758
235	47	-2.7559516
363	152	-2.756631
328	50	-2.7569864
110	345	-2.7594888
106	247	-2.7603166
437	94	-2.760876
151	303	-2.7642858
134	320	-2.7651799
276	264	-2.7690973
116	233	-2.7704115
57	392	-2.7723434
203	142	-2.7753327
454	47	-2.777963
159	33	-2.7782693
130	122	-2.781281
188	112	-2.7829492
101	253	-2.7843173
265	49	-2.785176
128	172	-2.7883677
176	349	-2.7902355
302	230	-2.7906785
335	114	-2.793523
177	228	-2.7963696
308	95	-2.8063164
355	74	-2.8064327
292	98	-2.8129926
185	116	-2.814883
83	438	-2.8150642
404	134	-2.8170931
122	313	-2.8208
422	112	-2.822473
356	70	-2.823007
131	52	-2.824609
123	199	-2.8297517
387	39	-2.8328502
375	165	-2.8343756
256	45	-2.83541
434	70	-2.8354106
213	329	-2.838169
359	83	-2.8461473
351	37	-2.8471856
265	149	-2.8492472
314	68	-2.8509629
245	51	-2.851095
493	25	-2.8549883
254	31	-2.8550167
170	161	-2.8562355
133	183	-2.8581614
73	365	-2.858595
296	135	-2.8648524
272	141	-2.8669798
288	145	-2.8690348
94	319	-2.8698578
333	214	-2.8710134
59	379	-2.8711226
340	34	-2.8720436
310	220	-2.872472
220	89	-2.8736846
358	29	-2.8749378
295	81	-2.8749774
92	464	-2.8769076
310	144	-2.8795645
299	132	-2.8812113
256	190	-2.8813763
389	32	-2.8816009
269	273	-2.8817196
203	248	-2.8821769
85	488	-2.885755
111	241	-2.887121
261	179	-2.8917224
327	113	-2.8917325
301	90	-2.896932
223	67	-2.8990483
354	65	-2.899435
314	230	-2.9017127
305	137	-2.903421
130	176	-2.9064271
371	20	-2.9089782
140	227	-2.9097905
335	60	-2.910396
100	357	-2.9116917
130	168	-2.913001
128	55	-2.9135842
352	193	-2.9139183
327	222	-2.9151473
201	95	-2.916773
221	85	-2.9193273
122	183	-2.9203253
199	252	-2.9217167
125	220	-2.9235003
207	87	-2.924935
235	101	-2.9271202
247	214	-2.9277065
298	32	-2.9310024
129	190	-2.9324384
121	421	-2.9326572
124	247	-2.9352326
460	38	-2.9447765
164	269	-2.9477088
71	279	-2.949739
117	420	-2.9501138
260	192	-2.9524486
207	128	-2.953754
92	516	-2.9539664
279	130	-2.9549935
91	327	-2.9555612
342	50	-2.958519
447	54	-2.9632828
172	115	-2.9639227
130	48	-2.975146
186	267	-2.9758632
309	68	-2.9771318
149	187	-2.9775012
263	41	-2.978467
214	78	-2.9786549
53	393	-2.9798062
228	172	-2.9805472
155	180	-2.9808974
241	49	-2.9823964
88	323	-2.9828284
265	198	-2.9836273
423	80	-2.9836802
333	105	-2.9841397
135	208	-2.985947
164	33	-2.9896843
237	184	-2.9909263
182	120	-2.9957078
312	203	-2.9977396
228	195	-3.0002286
252	194	-3.0013826
135	179	-3.0014262
321	61	-3.0022004
136	229	-3.0022604
375	35	-3.004537
165	121	-3.004568
313	113	-3.0051672
489	23	-3.0061152
310	91	-3.006332
207	244	-3.0078375
97	233	-3.0095775
306	123	-3.0110505
369	40	-3.0125167
315	59	-3.0131474
388	117	-3.0172255
122	175	-3.0173323
143	32	-3.0175288
85	249	-3.021233
332	46	-3.021325
356	161	-3.0224042
213	254	-3.023091
130	421	-3.0234175
242	41	-3.024671
292	88	-3.0255659
416	89	-3.026777
318	105	-3.027178
197	146	-3.0276575
303	152	-3.0295048
328	68	-3.0313408
357	62	-3.0356429
72	381	-3.0361311
228	123	-3.038275
375	18	-3.040048
128	231	-3.0418692
230	234	-3.045112
256	159	-3.0480533
158	139	-3.048326
211	241	-3.0500355
190	282	-3.0519245
159	150	-3.0519366
210	107	-3.0525393
79	357	-3.0550504
158	176	-3.055131
173	257	-3.0563393
73	271	-3.0596282
249	169	-3.0619571
198	124	-3.0642517
176	114	-3.065351
147	38	-3.0677035
289	117	-3.068219
252	47	-3.068388
185	247	-3.0685928
350	95	-3.0725706
168	263	-3.0748107
275	182	-3.0758893
351	83	-3.0783036
236	230	-3.0792298
278	25	-3.0794058
86	441	-3.079592
431	73	-3.0831957
318	67	-3.0844953
279	178	-3.0846148
381	30	-3.0871904
219	71	-3.0907078
155	299	-3.0914638
90	458	-3.0915263
339	110	-3.092711
298	78	-3.0933633
311	76	-3.0939877
329	120	-3.1028295
294	111	-3.1049068
268	145	-3.1063411
115	140	-3.108222
237	32	-3.117304
264	175	-3.1173074
113	301	-3.1178298
256	198	-3.1208491
334	118	-3.1248956
96	606	-3.1264462
331	218	-3.1267672
108	367	-3.1276596
125	422	-3.1282184
132	56	-3.1284428
249	210	-3.1299257
103	372	-3.1312478
215	100	-3.133447
142	223	-3.1343381
109	154	-3.1362066
170	305	-3.1362271
207	141	-3.1371224
227	176	-3.1379588
321	53	-3.138824
151	36	-3.1416347
132	227	-3.141641
218	128	-3.1430867
264	45	-3.1442945
156	132	-3.144439
229	218	-3.1505053
123	224	-3.1535792
329	34	-3.1561687
198	98	-3.1589794
309	136	-3.1622581
142	293	-3.1623828
201	120	-3.1636548
104	157	-3.16514
180	169	-3.1661701
155	136	-3.16704
262	152	-3.1674135
301	225	-3.168595
246	37	-3.1701956
107	314	-3.173753
209	327	-3.1741233
61	391	-3.174138
394	145	-3.17493
265	55	-3.1830204
330	38	-3.1854181
136	224	-3.1861103
326	189	-3.1868088
123	334	-3.1868114
317	133	-3.1900854
352	79	-3.1902294
308	224	-3.1902442
96	360	-3.1910906
161	261	-3.192336
259	155	-3.192689
254	202	-3.1939542
371	172	-3.1951551
209	332	-3.1971276
490	3	-3.1974847
118	185	-3.198749
122	355	-3.2004046
239	53	-3.2009358
105	271	-3.2038162
136	32	-3.2048838
369	62	-3.2054956
199	141	-3.2094815
70	283	-3.210562
103	363	-3.2114124
132	304	-3.2180624
127	51	-3.2190006
261	48	-3.2193005
418	119	-3.2202497
141	171	-3.2215009
259	208	-3.222717
127	351	-3.2274075
211	132	-3.228239
111	266	-3.2291641
164	134	-3.2334087
204	224	-3.233912
323	121	-3.2368
93	363	-3.237648
231	55	-3.237711
316	226	-3.2416627
238	43	-3.242334
402	102	-3.2425766
132	232	-3.2427826
155	39	-3.2443943
134	46	-3.2449694
487	19	-3.24502
221	251	-3.2479079
273	272	-3.2481117
162	147	-3.2499924
322	99	-3.2504127
188	225	-3.2508256
113	324	-3.254932
227	101	-3.2581499
172	355	-3.261041
358	87	-3.261772
81	486	-3.262021
211	258	-3.2646525
364	78	-3.2672853
326	54	-3.2695067
336	43	-3.2718914
214	120	-3.2746263
316	197	-3.2778971
282	35	-3.2808306
360	155	-3.2819386
118	303	-3.282718
299	74	-3.2843752
181	235	-3.2859774
238	27	-3.2861264
427	72	-3.2881024
50	390	-3.2911816
126	47	-3.2938573
102	226	-3.29502
364	51	-3.2995691
315	137	-3.2996557
154	280	-3.3001065
134	175	-3.3009343
131	237	-3.3019273
138	176	-3.3052316
367	68	-3.3055532
367	47	-3.3059857
77	262	-3.3093333
396	31	-3.3131735
427	28	-3.313553
181	221	-3.3139415
229	119	-3.3139956
196	235	-3.3173816
147	309	-3.3259416
207	136	-3.3276267
340	101	-3.3280272
234	95	-3.3284392
82	352	-3.3288517
113	422	-3.3346796
345	101	-3.3353817
216	74	-3.3362372
111	308	-3.3366456
230	47	-3.3369646
380	23	-3.3370094
234	235	-3.3390062
186	141	-3.3393342
349	68	-3.3393466
99	373	-3.3414323
494	2	-3.3426483
161	37	-3.3428886
113	144	-3.3445787
321	115	-3.3461177
128	60	-3.3468997
343	177	-3.347745
344	36	-3.3486779
293	159	-3.3502276
105	308	-3.3505738
219	112	-3.3506074
304	71	-3.3508537
135	50	-3.3521557
80	256	-3.3553667
143	39	-3.3574862
109	304	-3.35784
400	140	-3.3605528
119	295	-3.3618836
290	164	-3.3633642
277	116	-3.3635209
348	28	-3.3655837
139	203	-3.366587
327	46	-3.3669481
345	93	-3.3693156
317	128	-3.37021
391	38	-3.3707821
72	275	-3.3719006
365	148	-3.375078
110	327	-3.3758276
152	157	-3.3765328
479	12	-3.3791652
124	171	-3.379615
193	105	-3.3807213
385	44	-3.3850734
273	191	-3.38716
294	30	-3.3879158
250	198	-3.3880117
82	482	-3.388953
121	359	-3.3934329
176	300	-3.394841
96	315	-3.3950353
188	286	-3.3957005
204	116	-3.3964212
131	118	-3.4007282
96	340	-3.4011428
266	37	-3.4048836
291	92	-3.4050486
123	140	-3.4070828
132	398	-3.4070868
339	27	-3.41178
485	8	-3.4122512
305	132	-3.4124641
93	343	-3.4145606
361	26	-3.415058
230	239	-3.4155009
238	106	-3.416045
303	157	-3.4170024
307	228	-3.4174252
162	138	-3.4181607
325	72	-3.4185538
180	112	-3.4207876
168	349	-3.423263
230	222	-3.4246948
165	257	-3.4265907
169	258	-3.4281366
101	367	-3.428686
325	226	-3.4294906
264	190	-3.430702
114	153	-3.4307554
90	490	-3.4313335
272	242	-3.4315279
229	59	-3.4327593
272	276	-3.4328823
274	137	-3.4347198
90	650	-3.4365814
94	169	-3.4373279
360	54	-3.4378114
232	122	-3.4389627
240	179	-3.4400992
308	27	-3.440959
230	98	-3.4427319
363	63	-3.443409
182	100	-3.4448242
385	157	-3.444903
308	79	-3.4449964
180	341	-3.445089
225	63	-3.4479473
234	187	-3.4501843
165	130	-3.451551
117	357	-3.453447
129	181	-3.4563859
117	317	-3.4571438
108	219	-3.4576805
290	104	-3.45857
194	143	-3.4595652
331	183	-3.4601257
82	444	-3.4621775
247	75	-3.4623501
105	359	-3.4631622
124	54	-3.463759
235	109	-3.4645376
264	202	-3.4651403
127	227	-3.4679003
268	192	-3.4706187
124	239	-3.4719126
133	171	-3.4732664
178	124	-3.4733038
190	161	-3.474654
105	222	-3.4755406
304	219	-3.476276
460	73	-3.4765265
115	306	-3.4769144
281	126	-3.47714
211	123	-3.4776273
349	169	-3.4811256
124	232	-3.482336
319	231	-3.4833293
97	282	-3.4845235
328	30	-3.4864426
309	127	-3.4865832
96	260	-3.4867926
72	361	-3.4874458
92	608	-3.4875014
154	142	-3.4893057
223	200	-3.489692
112	365	-3.4900265
381	161	-3.4915042
381	46	-3.4931023
269	196	-3.4949908
172	233	-3.4958305
302	30	-3.4970412
256	212	-3.4983895
202	146	-3.5005574
115	416	-3.5009077
203	130	-3.5036485
263	273	-3.5043955
269	51	-3.5084648
146	42	-3.5096302
166	140	-3.5118911
229	75	-3.5143373
156	43	-3.5174322
155	49	-3.5178468
325	96	-3.518112
321	131	-3.518145
209	83	-3.5198948
348	23	-3.5199492
217	332	-3.5202665
233	51	-3.5211294
274	186	-3.521138
379	19	-3.5219517
111	359	-3.523503
260	187	-3.5240643
385	33	-3.5246997
170	33	-3.525729
102	321	-3.5268517
139	47	-3.5272565
32	412	-3.5294898
77	378	-3.5308619
320	77	-3.5315776
72	349	-3.531956
90	520	-3.532613
279	160	-3.5361533
325	38	-3.5381138
249	218	-3.5396514
303	215	-3.540288
217	116	-3.5410883
323	127	-3.5411088
132	126	-3.5412872
166	168	-3.5413444
332	88	-3.5420218
246	172	-3.5422542
226	235	-3.543491
486	2	-3.5448055
480	19	-3.5465395
217	253	-3.5468106
186	216	-3.5470898
273	23	-3.548536
124	123	-3.5490205
194	154	-3.5497932
126	243	-3.5511765
190	153	-3.5520334
136	42	-3.5530045
96	326	-3.5534234
86	448	-3.555412
178	154	-3.5558817
193	147	-3.557237
125	308	-3.5583005
86	349	-3.5588462
393	34	-3.5598228
125	195	-3.5618987
80	375	-3.5630891
60	375	-3.565117
121	300	-3.5654125
203	137	-3.5658793
181	274	-3.566108
296	99	-3.5682275
159	127	-3.5684216
128	396	-3.572011
280	174	-3.5741358
209	253	-3.5743942
190	266	-3.5761113
225	83	-3.5769544
132	405	-3.578008
121	255	-3.5798016
166	290	-3.5802085
136	119	-3.5831485
221	235	-3.5858061
89	486	-3.586201
307	153	-3.5864985
186	98	-3.5872574
247	33	-3.5880268
229	226	-3.58817
119	141	-3.5938685
283	243	-3.5945656
131	43	-3.5946918
358	66	-3.5958111
217	239	-3.596385
330	64	-3.596473
130	163	-3.5981274
335	100	-3.5985
473	52	-3.5989609
73	385	-3.599237
135	300	-3.6005437
377	129	-3.60274
84	434	-3.6057537
241	23	-3.6075282
238	302	-3.608661
339	53	-3.6090097
435	64	-3.6094415
493	19	-3.6096618
215	210	-3.6100895
365	182	-3.6123743
300	136	-3.612638
377	14	-3.6130092
249	71	-3.6149714
84	335	-3.6161723
120	136	-3.6168292
237	119	-3.6190953
317	116	-3.6192672
310	231	-3.6193745
480	8	-3.619451
286	150	-3.6228905
498	3	-3.623219
404	96	-3.6233358
277	111	-3.623587
168	357	-3.623603
222	126	-3.624307
380	34	-3.6273673
313	132	-3.627896
367	140	-3.629776
346	97	-3.630817
114	263	-3.6311202
268	245	-3.6330607
323	111	-3.6347
233	61	-3.6364572
35	227	-3.6381433
38	107	-3.6390607
124	290	-3.639306
130	241	-3.6402192
360	59	-3.6407578
369	178	-3.6408036
247	224	-3.6420145
139	296	-3.6421413
76	437	-3.6441302
336	56	-3.6447587
127	235	-3.6487303
106	330	-3.6496918
178	353	-3.6497595
97	610	-3.6512532
162	42	-3.6524374
234	29	-3.6536076
453	41	-3.655192
208	111	-3.6560767
326	42	-3.6608298
482	15	-3.6615622
249	53	-3.6643987
306	87	-3.6646044
283	156	-3.6653154
312	23	-3.6664746
141	51	-3.6684167
89	319	-3.6707745
89	346	-3.673077
119	55	-3.675147
150	41	-3.6759562
115	297	-3.6759605
126	418	-3.6768138
329	104	-3.6768732
124	108	-3.677428
456	35	-3.6781251
346	174	-3.6837418
182	165	-3.6847699
190	96	-3.6871407
439	62	-3.6896977
284	110	-3.6904182
226	240	-3.691273
132	31	-3.6927552
166	185	-3.6937497
320	46	-3.6986604
116	181	-3.6992686
123	127	-3.7002308
188	242	-3.7006702
85	327	-3.7011027
73	354	-3.7023935
123	296	-3.704309
237	170	-3.7044332
426	108	-3.7044559
109	270	-3.70614
483	39	-3.708192
314	85	-3.7085092
128	305	-3.708792
87	437	-3.7111363
121	351	-3.7113113
120	51	-3.712285
294	152	-3.7156858
354	157	-3.716167
455	77	-3.7179015
412	127	-3.7181914
179	173	-3.7188349
88	626	-3.7202158
277	21	-3.7221408
243	226	-3.7224648
32	648	-3.7233272
178	345	-3.7233818
112	118	-3.7246916
145	226	-3.7283268
92	331	-3.7286355
138	168	-3.7288055
85	275	-3.7291934
90	366	-3.7342615
175	128	-3.7361724
159	46	-3.73903
171	119	-3.7405107
95	513	-3.7419062
192	239	-3.7432458
86	651	-3.7436342
120	243	-3.743916
164	117	-3.7456598
494	14	-3.747949
159	185	-3.7482
88	604	-3.7500072
486	14	-3.75063
307	83	-3.7534156
152	31	-3.7550244
233	43	-3.7554054
116	363	-3.756947
476	9	-3.7581208
145	288	-3.7585268
122	343	-3.7618165
359	151	-3.7619011
475	20	-3.762171
149	160	-3.7668335
194	284	-3.7673845
335	26	-3.7677786
225	57	-3.770336
476	15	-3.772552
176	284	-3.7755113
231	175	-3.7767863
166	37	-3.7780898
237	87	-3.7782598
299	233	-3.7800708
79	282	-3.7803943
159	273	-3.781605
172	301	-3.7816083
146	49	-3.7818534
147	265	-3.7839797
300	220	-3.784472
34	57	-3.7845376
102	278	-3.7848358
324	58	-3.7854302
228	230	-3.7864017
192	92	-3.7864697
199	274	-3.7869468
135	123	-3.787484
375	40	-3.7895446
189	219	-3.789847
144	371	-3.7904744
381	13	-3.7917233
107	149	-3.7919214
39	198	-3.7932875
221	61	-3.7933028
184	271	-3.7939928
98	364	-3.7945187
216	68	-3.7946565
363	82	-3.795213
145	163	-3.7956805
99	229	-3.7961204
71	287	-3.800062
84	297	-3.8004222
352	71	-3.8010156
94	460	-3.8013904
299	208	-3.804688
248	22	-3.8065856
260	278	-3.8072393
262	52	-3.807267
113	149	-3.8091273
213	245	-3.8101544
297	106	-3.8102968
234	224	-3.8117523
456	27	-3.8131976
381	51	-3.8135536
33	625	-3.8140485
91	512	-3.8157203
449	50	-3.8175318
230	191	-3.817717
166	193	-3.8179119
300	160	-3.8185353
107	371	-3.821367
117	189	-3.8217583
124	59	-3.8225486
311	60	-3.8227708
134	420	-3.823058
156	189	-3.823218
229	70	-3.8251472
345	106	-3.825489
257	49	-3.8272398
386	29	-3.8272512
121	414	-3.8274827
203	253	-3.828547
379	39	-3.829453
175	118	-3.8299918
163	173	-3.8320286
141	270	-3.833787
370	44	-3.8355103
127	31	-3.8380127
283	114	-3.8386445
195	101	-3.8399787
139	162	-3.843725
222	230	-3.8437808
190	137	-3.8443506
141	219	-3.8452544
434	99	-3.845791
180	161	-3.8472562
356	192	-3.8484392
311	120	-3.848745
125	302	-3.84968
72	488	-3.8501725
307	23	-3.8512673
129	223	-3.8512785
287	167	-3.85209
263	248	-3.852524
203	88	-3.8543673
250	204	-3.8553343
177	296	-3.8557234
117	254	-3.8571978
234	90	-3.860414
140	43	-3.8615983
197	137	-3.8618438
88	272	-3.8629866
270	269	-3.8633962
212	324	-3.8650684
94	649	-3.8654742
269	25	-3.8672295
33	408	-3.868646
232	168	-3.8689432
130	65	-3.8689952
282	106	-3.8702583
275	177	-3.8713236
163	49	-3.871477
332	51	-3.87194
170	254	-3.872621
314	73	-3.8737195
191	278	-3.8752503
299	95	-3.877427
139	38	-3.8803232
115	409	-3.8810737
172	347	-3.8813903
78	384	-3.8816338
118	47	-3.8821678
122	338	-3.8825557
232	115	-3.8834612
279	184	-3.883755
52	385	-3.884985
292	148	-3.8858685
408	95	-3.8862865
76	444	-3.8880024
273	246	-3.8893752
78	353	-3.8901129
181	104	-3.8905988
85	458	-3.8926413
114	320	-3.8942208
177	109	-3.894549
99	512	-3.894564
111	418	-3.8948371
169	236	-3.8968644
122	103	-3.8972032
271	183	-3.897229
222	239	-3.8980474
188	292	-3.898488
87	369	-3.9008374
117	341	-3.9018443
182	284	-3.9024966
271	265	-3.9033518
185	233	-3.9037704
229	64	-3.9094985
233	72	-3.9097261
351	164	-3.911681
120	309	-3.9126344
125	251	-3.9129376
278	260	-3.9131262
288	100	-3.9163055
325	107	-3.9168503
131	349	-3.9173238
326	124	-3.918591
67	368	-3.9186392
226	78	-3.9190257
219	65	-3.920851
176	279	-3.9213428
125	63	-3.9232423
115	207	-3.924456
193	261	-3.924481
234	240	-3.9270093
174	159	-3.9274304
324	185	-3.928051
133	324	-3.9292958
168	116	-3.9295454
213	262	-3.930068
90	442	-3.932438
173	111	-3.9330657
201	257	-3.933184
137	172	-3.936589
342	96	-3.9377549
241	222	-3.9378512
116	398	-3.9383423
298	229	-3.9386601
241	37	-3.9391665
349	198	-3.9410665
78	450	-3.9441128
149	272	-3.945338
385	10	-3.9456625
157	263	-3.9463842
235	57	-3.9469843
189	145	-3.947361
86	483	-3.9473763
243	55	-3.9499168
270	188	-3.9526417
285	118	-3.9551158
38	224	-3.955536
272	36	-3.9556634
162	318	-3.956205
451	80	-3.9575238
296	212	-3.9577687
499	13	-3.959436
284	102	-3.962864
361	189	-3.9635425
228	52	-3.965366
162	265	-3.9666388
93	283	-3.970638
317	123	-3.9717758
425	76	-3.9725976
490	15	-3.9738464
90	482	-3.9763103
233	86	-3.9764962
178	33	-3.9767947
482	4	-3.9772372
383	40	-3.9802573
369	51	-3.9808662
190	274	-3.9811704
295	145	-3.981372
128	355	-3.982843
232	229	-3.9842567
112	212	-3.9847157
386	24	-3.985288
490	8	-3.9869854
192	288	-3.9870603
199	133	-3.9890888
136	54	-3.9929578
33	631	-3.9942641
120	238	-3.9948678
196	150	-3.9955273
279	244	-3.99572
92	288	-3.9959383
290	112	-3.996178
277	121	-3.997855
136	234	-3.998342
193	88	-3.9993963
110	355	-3.999754
211	137	-4.0017633
106	319	-4.0027456
348	75	-4.002874
174	32	-4.0046377
341	79	-4.0050535
225	227	-4.006381
80	435	-4.00643
114	111	-4.0068336
495	8	-4.0070915
151	47	-4.007194
286	229	-4.008961
120	291	-4.010377
174	253	-4.011179
263	26	-4.012067
32	635	-4.0125775
176	224	-4.0134263
351	119	-4.0135965
124	394	-4.013814
63	370	-4.0138493
339	116	-4.0167413
116	58	-4.017544
349	100	-4.0189776
120	396	-4.0191383
244	204	-4.0225067
126	184	-4.022892
74	433	-4.0238113
267	251	-4.0241895
82	449	-4.0252643
378	10	-4.026381
257	146	-4.028632
179	117	-4.0301147
121	188	-4.031032
388	154	-4.033341
240	115	-4.033758
134	167	-4.033865
130	70	-4.0350685
390	28	-4.037697
107	350	-4.0387015
213	334	-4.0404534
88	454	-4.0421968
131	417	-4.0430293
477	47	-4.043198
225	47	-4.0484543
33	416	-4.049241
76	486	-4.049389
88	466	-4.0497923
471	58	-4.0500674
339	178	-4.0519795
111	413	-4.053564
115	353	-4.053879
126	337	-4.0539923
127	119	-4.0549097
381	121	-4.05498
191	270	-4.0567317
46	122	-4.0569944
187	102	-4.057891
169	165	-4.062304
217	327	-4.0630493
291	84	-4.063382
168	300	-4.0635386
100	557	-4.0637007
242	214	-4.0647774
126	102	-4.066278
173	229	-4.066576
34	108	-4.0684037
473	12	-4.06923
295	140	-4.069947
208	217	-4.0700207
145	269	-4.072684
107	265	-4.0728707
170	249	-4.0731425
367	73	-4.074413
223	243	-4.0748267
178	99	-4.0759993
286	162	-4.0767174
100	377	-4.077874
165	189	-4.078018
75	286	-4.0781846
91	239	-4.078511
470	19	-4.078877
322	65	-4.080348
305	91	-4.080875
198	278	-4.0818863
96	466	-4.082444
282	239	-4.0844727
245	220	-4.085195
352	29	-4.0865593
182	296	-4.0875015
237	22	-4.087828
34	404	-4.087935
154	184	-4.0888505
241	230	-4.0889716
208	323	-4.089002
93	603	-4.0911474
124	132	-4.0936637
34	231	-4.0946674
120	62	-4.096095
364	22	-4.097203
139	274	-4.0974445
184	288	-4.0988207
100	313	-4.0989122
177	288	-4.0998564
182	153	-4.10193
272	44	-4.1025443
122	46	-4.1026936
170	296	-4.103835
116	259	-4.1038814
100	325	-4.106853
250	30	-4.108264
82	491	-4.1109686
277	189	-4.1110277
498	17	-4.1117234
170	133	-4.112552
217	258	-4.1127663
246	79	-4.1134844
152	208	-4.1138186
343	22	-4.1140647
33	616	-4.114221
163	296	-4.1157146
408	131	-4.116628
168	126	-4.1169186
280	166	-4.11918
375	45	-4.1192274
143	314	-4.1198897
120	107	-4.124767
306	31	-4.12655
114	54	-4.127766
162	305	-4.1283607
290	156	-4.129999
98	650	-4.130336
236	123	-4.1310587
86	373	-4.131331
373	133	-4.132783
220	203	-4.1333447
323	232	-4.1338573
184	94	-4.134111
78	348	-4.1345544
42	127	-4.1351743
39	203	-4.1361814
188	149	-4.13627
99	257	-4.136376
83	301	-4.136592
201	227	-4.1366744
84	465	-4.1385713
426	24	-4.139872
237	70	-4.1398907
375	58	-4.1423583
187	164	-4.144812
206	145	-4.1451106
430	68	-4.146134
147	194	-4.148674
419	82	-4.1492624
159	143	-4.150921
294	166	-4.1517844
77	541	-4.1520104
283	23	-4.1526995
117	145	-4.153464
35	53	-4.154364
389	45	-4.1552744
366	144	-4.156418
169	309	-4.1565075
182	108	-4.1570582
285	38	-4.157948
176	240	-4.1579523
105	303	-4.159229
347	84	-4.1598973
203	270	-4.160253
383	20	-4.162482
52	397	-4.163953
155	193	-4.1641493
132	219	-4.1650724
355	116	-4.1658053
256	277	-4.167632
156	201	-4.1682873
319	109	-4.16861
238	226	-4.1690993
88	609	-4.1700883
207	257	-4.1710086
194	159	-4.1717706
115	115	-4.1722593
331	247	-4.1726
502	1	-4.1739473
233	273	-4.1741447
126	344	-4.175953
239	110	-4.177242
142	166	-4.1773643
148	220	-4.1779733
298	27	-4.1783905
265	269	-4.1787567
239	102	-4.1793394
116	313	-4.1796923
136	396	-4.1815004
175	341	-4.18168
100	607	-4.18338
337	96	-4.1862116
345	41	-4.186654
265	256	-4.188253
310	199	-4.1885395
348	80	-4.1906414
235	305	-4.1909294
211	249	-4.1910567
400	98	-4.191632
313	125	-4.1938577
241	31	-4.1939225
265	186	-4.1941257
211	75	-4.1944113
43	53	-4.1967688
316	141	-4.1968517
70	389	-4.197623
238	93	-4.2006807
188	157	-4.200893
247	201	-4.2039685
339	91	-4.2044234
209	340	-4.2046437
79	440	-4.2046914
199	266	-4.205062
105	557	-4.205624
118	202	-4.206066
355	96	-4.2067103
140	232	-4.207596
125	358	-4.2079573
443	53	-4.208072
207	122	-4.2084036
172	288	-4.208748
220	57	-4.2116184
221	105	-4.2116747
138	156	-4.2152724
210	79	-4.216809
186	278	-4.2169447
116	106	-4.2170386
39	209	-4.2172894
111	313	-4.219436
143	46	-4.219935
176	292	-4.220615
263	243	-4.2217307
246	109	-4.2218733
123	363	-4.2224827
181	157	-4.222638
207	262	-4.2248306
93	612	-4.225804
101	274	-4.2263727
133	215	-4.2267513
39	190	-4.227651
95	375	-4.229642
161	197	-4.2296844
117	349	-4.230554
202	126	-4.2311482
109	299	-4.2315106
204	83	-4.2350817
52	41	-4.237959
161	120	-4.2389593
277	106	-4.2396183
33	639	-4.240101
38	194	-4.2406354
32	621	-4.24182
39	178	-4.24239
133	424	-4.2434893
365	59	-4.2435
249	299	-4.244244
392	150	-4.245276
317	80	-4.246471
137	220	-4.2473907
34	63	-4.2498345
377	52	-4.2512527
242	301	-4.2527037
121	409	-4.2536426
131	409	-4.253739
134	344	-4.255129
165	179	-4.256335
347	118	-4.256696
126	167	-4.256729
238	74	-4.2568693
82	385	-4.2571087
152	146	-4.2573886
403	29	-4.2578483
385	50	-4.2581797
55	380	-4.2590785
128	333	-4.2611294
137	115	-4.261293
238	216	-4.262906
98	336	-4.263433
199	282	-4.263568
221	257	-4.266751
129	401	-4.267768
340	40	-4.26808
88	296	-4.2681756
108	362	-4.2687044
56	396	-4.269125
90	450	-4.269871
133	60	-4.270769
98	624	-4.27281
230	27	-4.273565
342	83	-4.2756076
35	197	-4.2759132
183	172	-4.2779202
38	230	-4.2782426
283	177	-4.279002
164	359	-4.2793193
117	176	-4.2797966
84	606	-4.2802644
273	197	-4.281069
127	41	-4.2812076
97	602	-4.283068
234	218	-4.2845225
105	251	-4.285793
290	231	-4.2872
134	162	-4.2884703
345	201	-4.292338
162	349	-4.293604
223	51	-4.2936344
38	56	-4.294908
128	115	-4.2964783
33	644	-4.2977376
145	157	-4.2981577
306	63	-4.298341
281	119	-4.3031316
301	99	-4.306339
188	230	-4.3076935
213	71	-4.308006
115	394	-4.3082347
82	346	-4.308508
102	611	-4.312383
181	349	-4.312414
244	210	-4.312719
159	192	-4.3146005
236	113	-4.315657
178	177	-4.315884
199	86	-4.316309
276	38	-4.317
117	405	-4.3175907
110	261	-4.3178544
225	252	-4.318257
49	394	-4.3185596
140	55	-4.3200107
134	38	-4.3252845
172	239	-4.325978
95	367	-4.3275614
42	108	-4.3297997
116	122	-4.3303432
276	241	-4.3306875
285	225	-4.33188
166	341	-4.3323765
38	213	-4.33328
268	21	-4.334663
59	40	-4.3347006
330	100	-4.335367
352	21	-4.335513
362	86	-4.337068
294	103	-4.338212
119	247	-4.339105
467	66	-4.3408647
119	171	-4.3419175
134	66	-4.342612
93	371	-4.3432536
285	171	-4.345503
348	124	-4.347097
48	42	-4.3471184
101	309	-4.3481593
391	110	-4.348474
215	294	-4.3507185
129	135	-4.3526006
264	182	-4.3537
118	345	-4.354555
225	277	-4.3549156
101	152	-4.3581853
124	114	-4.3589272
84	377	-4.361151
128	109	-4.3613405
283	232	-4.361636
35	235	-4.361651
216	132	-4.3618126
445	45	-4.3625298
391	23	-4.362907
121	400	-4.3630066
177	103	-4.3634806
156	276	-4.3654723
253	51	-4.366946
129	425	-4.3675213
174	122	-4.3682947
101	333	-4.3691263
122	31	-4.3697567
142	266	-4.370257
224	88	-4.372884
67	286	-4.375181
72	447	-4.3755946
316	54	-4.3756495
330	55	-4.376421
227	127	-4.3782167
166	306	-4.3790045
338	85	-4.379132
122	305	-4.3807836
35	129	-4.380803
43	197	-4.382283
450	45	-4.3843594
42	121	-4.384908
184	33	-4.385441
304	26	-4.3858023
191	100	-4.3866067
273	49	-4.3900943
91	438	-4.3906827
245	113	-4.3933935
292	237	-4.393463
421	116	-4.3939924
395	39	-4.397885
181	337	-4.3982754
135	414	-4.3986335
89	292	-4.40006
230	277	-4.4008384
96	379	-4.4016266
43	48	-4.402428
242	105	-4.4027085
78	545	-4.4033065
166	353	-4.403832
291	108	-4.4040494
70	435	-4.405014
160	299	-4.4056177
331	27	-4.4082456
92	446	-4.40859
229	82	-4.410185
150	51	-4.4137044
47	118	-4.413796
304	96	-4.4172387
229	31	-4.4210715
162	313	-4.424918
170	183	-4.4251695
279	170	-4.427468
344	163	-4.429134
167	172	-4.4296827
453	30	-4.4340916
225	169	-4.434498
202	153	-4.436393
182	217	-4.437483
115	267	-4.437786
73	265	-4.439857
378	124	-4.4403725
124	348	-4.442077
125	285	-4.4423413
68	276	-4.4424696
92	624	-4.4430146
286	240	-4.4433675
122	66	-4.4433794
234	76	-4.443382
235	213	-4.4454
192	293	-4.445658
105	563	-4.4477243
39	51	-4.447931
128	131	-4.4479856
74	482	-4.448527
224	173	-4.4486604
238	234	-4.448745
34	49	-4.4500685
78	490	-4.450774
186	106	-4.4510355
344	89	-4.4529305
111	57	-4.4536695
130	343	-4.4538965
338	23	-4.454492
131	393	-4.4550886
291	198	-4.4554753
72	34	-4.4568405
35	202	-4.4569135
32	420	-4.4570823
262	73	-4.4577537
216	323	-4.4591613
177	250	-4.460446
238	61	-4.461534
423	27	-4.46263
161	256	-4.46336
409	10	-4.4634633
108	159	-4.4652505
392	42	-4.465539
140	373	-4.467054
249	287	-4.4673576
294	230	-4.4679832
42	43	-4.4685364
311	149	-4.468948
82	476	-4.469378
171	244	-4.4721193
310	86	-4.4738045
89	334	-4.4742894
370	58	-4.4752555
287	107	-4.4760175
384	16	-4.4770813
151	268	-4.4778113
165	45	-4.4787245
313	234	-4.4790807
205	220	-4.4798713
278	272	-4.480414
292	215	-4.481354
440	58	-4.4813576
129	300	-4.481535
115	193	-4.482835
39	103	-4.483127
211	266	-4.4833393
281	39	-4.4835544
85	612	-4.483562
151	192	-4.4843245
211	346	-4.4845095
199	261	-4.485912
252	222	-4.4862905
160	181	-4.486524
235	277	-4.4866133
159	322	-4.4867177
215	63	-4.48811
36	411	-4.4887333
99	166	-4.4894934
234	301	-4.491029
245	154	-4.4918056
156	30	-4.4932103
287	25	-4.494239
286	88	-4.494409
146	261	-4.495056
188	32	-4.495086
269	281	-4.4954286
384	6	-4.496203
112	123	-4.50035
136	404	-4.500774
397	27	-4.500781
353	197	-4.5016346
273	260	-4.501675
246	27	-4.5027165
259	251	-4.503118
231	243	-4.504133
325	33	-4.5055737
113	369	-4.5073776
236	166	-4.5139084
229	88	-4.5139737
236	175	-4.5142336
237	39	-4.5151596
174	359	-4.5160623
253	23	-4.5162897
141	153	-4.5173044
126	67	-4.5194044
238	98	-4.5198884
89	282	-4.522083
423	70	-4.5223913
271	178	-4.5246205
222	247	-4.525497
97	277	-4.525677
43	177	-4.5257883
83	281	-4.5263023
81	431	-4.5263147
176	170	-4.526531
390	9	-4.527217
307	59	-4.5275526
277	45	-4.5277486
68	38	-4.529891
261	147	-4.5318894
359	92	-4.531986
180	278	-4.5345564
241	273	-4.5350046
241	305	-4.5350494
69	364	-4.5357213
275	125	-4.53658
227	245	-4.537568
168	232	-4.538315
102	618	-4.5387816
277	51	-4.5392528
90	171	-4.5436373
271	57	-4.5441275
230	93	-4.5441303
300	23	-4.545819
268	46	-4.545873
323	103	-4.5470185
39	220	-4.5476065
264	22	-4.5480447
130	157	-4.5501585
112	62	-4.5503836
48	399	-4.5512285
145	274	-4.5520706
245	304	-4.5526857
153	22	-4.553416
162	343	-4.5559897
242	73	-4.556136
352	14	-4.556162
356	10	-4.5565195
236	83	-4.559126
194	267	-4.5591464
254	71	-4.559364
270	200	-4.5615664
86	245	-4.563101
273	117	-4.56395
102	161	-4.5643764
37	111	-4.5655546
217	206	-4.5674586
321	42	-4.5682993
138	321	-4.568308
292	220	-4.5697775
407	28	-4.570759
400	32	-4.5709524
373	64	-4.572155
34	116	-4.574149
229	42	-4.574751
275	168	-4.578037
92	234	-4.5785894
306	232	-4.578836
152	307	-4.582349
252	278	-4.5824475
303	235	-4.5826125
255	217	-4.586302
185	168	-4.5871015
251	226	-4.589178
125	399	-4.5892878
422	12	-4.5894704
330	125	-4.589672
110	245	-4.589829
263	69	-4.59007
156	53	-4.5915017
76	388	-4.5916224
132	329	-4.592523
107	405	-4.5933175
129	247	-4.5942283
246	292	-4.594505
105	376	-4.594756
221	331	-4.5947566
207	336	-4.594852
122	119	-4.5963798
240	167	-4.596468
232	67	-4.597532
379	56	-4.597704
296	38	-4.5978174
93	278	-4.5984807
136	127	-4.5994377
311	82	-4.601124
426	11	-4.603566
343	111	-4.6052074
95	165	-4.6060567
116	239	-4.60629
336	48	-4.609235
94	264	-4.609475
237	221	-4.6107225
323	49	-4.6113987
327	246	-4.613008
106	275	-4.613108
231	126	-4.6142654
74	345	-4.6152935
64	361	-4.6162443
271	170	-4.616653
160	29	-4.6167
67	280	-4.6180787
128	139	-4.6187162
358	6	-4.620697
293	34	-4.620807
41	172	-4.6220527
272	251	-4.6226606
144	386	-4.6230354
175	304	-4.623361
348	114	-4.6244383
121	111	-4.625063
282	98	-4.625246
192	84	-4.6285615
91	315	-4.6289663
49	51	-4.6305175
55	38	-4.6310096
97	330	-4.6317596
111	408	-4.6318827
327	230	-4.632747
388	13	-4.6329436
38	47	-4.634215
307	158	-4.6347055
94	441	-4.63521
367	55	-4.6352744
495	30	-4.636468
175	36	-4.6365957
318	50	-4.6386304
85	185	-4.6387334
114	136	-4.6402483
105	568	-4.6406636
126	386	-4.641261
145	53	-4.642044
149	143	-4.642456
305	67	-4.6426353
294	77	-4.643203
175	164	-4.64373
216	174	-4.6445403
149	216	-4.6446075
42	57	-4.6449003
100	571	-4.644906
112	157	-4.645747
117	367	-4.6464133
146	57	-4.646889
312	56	-4.64763
125	413	-4.6503015
84	453	-4.6506443
261	257	-4.6515393
96	546	-4.6541133
394	106	-4.6548524
291	26	-4.6557684
103	266	-4.6567054
283	8	-4.656801
114	293	-4.6569977
78	456	-4.6576786
66	434	-4.659384
117	150	-4.6602783
68	446	-4.6610975
97	151	-4.661403
275	232	-4.661425
239	209	-4.661791
196	91	-4.6621127
320	71	-4.662751
156	206	-4.6651115
86	478	-4.6656084
117	65	-4.6668262
88	287	-4.6668644
169	188	-4.667017
95	437	-4.667601
324	29	-4.6676197
403	46	-4.668408
397	35	-4.668701
92	542	-4.668703
372	15	-4.669845
288	174	-4.671966
327	128	-4.67434
195	273	-4.6744885
102	169	-4.6747246
367	19	-4.6751704
130	413	-4.679287
119	392	-4.679938
283	44	-4.6800947
181	300	-4.680257
122	405	-4.6820045
239	78	-4.6830573
282	247	-4.684354
145	198	-4.684446
442	11	-4.6848493
87	599	-4.687407
350	159	-4.687707
43	202	-4.6882625
258	273	-4.688457
321	189	-4.688486
90	377	-4.6891837
70	484	-4.69138
227	181	-4.691417
198	286	-4.693067
78	341	-4.693153
34	223	-4.6942244
97	517	-4.6950955
70	357	-4.6955004
69	272	-4.6957912
255	150	-4.6962924
81	381	-4.696731
286	96	-4.6972685
96	558	-4.69851
361	115	-4.7003074
120	124	-4.701785
103	165	-4.7020564
35	176	-4.7032046
101	562	-4.7044835
491	34	-4.704754
151	153	-4.7060914
109	215	-4.7061634
79	300	-4.707323
147	257	-4.7078247
224	325	-4.7106676
153	212	-4.710845
499	7	-4.7110996
157	213	-4.7126
113	404	-4.713713
203	275	-4.714531
37	60	-4.7149143
84	322	-4.715133
363	106	-4.7153525
140	215	-4.7169533
327	61	-4.720588
252	81	-4.7209487
184	340	-4.7213035
167	30	-4.7218227
249	164	-4.725439
373	54	-4.726137
73	492	-4.726834
144	396	-4.728066
161	309	-4.7285976
305	202	-4.7292423
171	292	-4.7294974
207	313	-4.730111
263	206	-4.730644
369	134	-4.731571
32	612	-4.732033
42	181	-4.7333345
100	548	-4.733494
37	99	-4.733562
123	373	-4.7337894
148	22	-4.735306
168	363	-4.7389293
47	126	-4.7389607
219	49	-4.739727
219	293	-4.741001
161	53	-4.7412024
343	171	-4.7424173
218	306	-4.7425337
238	239	-4.7427735
396	23	-4.7433686
261	212	-4.743634
412	90	-4.745295
80	296	-4.7456183
207	319	-4.7464895
256	27	-4.7466874
224	318	-4.7480025
299	165	-4.749021
33	112	-4.7493286
388	20	-4.749421
129	283	-4.7497234
38	126	-4.7503085
184	148	-4.751008
198	156	-4.752003
272	19	-4.753633
260	23	-4.7545524
197	231	-4.7547727
317	235	-4.75705
162	364	-4.759992
355	106	-4.7600245
243	101	-4.760333
116	250	-4.760493
267	241	-4.7608643
220	324	-4.761026
229	22	-4.7615333
218	243	-4.762124
146	147	-4.7621746
118	424	-4.7621922
126	72	-4.7629046
312	28	-4.763567
335	179	-4.7639003
43	191	-4.7662177
49	195	-4.7678404
189	296	-4.768063
228	164	-4.7683363
302	8	-4.769938
215	338	-4.7701154
371	97	-4.7707143
293	209	-4.770984
170	339	-4.772161
101	603	-4.772636
50	121	-4.7735343
113	49	-4.775089
279	6	-4.776249
34	125	-4.7764583
353	25	-4.7767005
137	269	-4.7769213
36	181	-4.777776
250	291	-4.778699
124	367	-4.7790623
80	337	-4.779157
79	309	-4.7799864
211	67	-4.780824
448	85	-4.782791
84	340	-4.784516
104	622	-4.7847233
331	252	-4.784742
151	263	-4.785289
55	120	-4.7862644
65	392	-4.7862825
110	317	-4.7868752
347	19	-4.787504
215	136	-4.7885666
158	267	-4.7887354
287	244	-4.7902517
375	171	-4.7914567
164	301	-4.7914753
157	303	-4.792677
291	227	-4.7934523
92	271	-4.793645
152	133	-4.795173
282	181	-4.795212
88	515	-4.7963157
96	286	-4.797203
126	406	-4.7977853
314	145	-4.7992306
174	247	-4.799263
73	40	-4.7999005
144	216	-4.7999268
429	64	-4.800184
213	115	-4.801369
183	292	-4.8015485
261	57	-4.802282
477	4	-4.8029547
213	317	-4.803134
218	318	-4.806015
143	367	-4.806946
123	99	-4.8074093
245	70	-4.810361
39	130	-4.8106537
112	107	-4.8106894
155	149	-4.811071
102	626	-4.811089
130	385	-4.812065
104	606	-4.8131957
117	197	-4.8150954
241	88	-4.817616
109	199	-4.8179264
379	6	-4.818232
35	120	-4.8198595
164	237	-4.821744
402	25	-4.822706
207	269	-4.824131
236	180	-4.824524
342	44	-4.8252163
438	13	-4.8266153
246	150	-4.8278255
247	117	-4.8288574
82	330	-4.82913
355	152	-4.8292537
339	212	-4.8293667
39	116	-4.8328757
309	235	-4.832935
405	11	-4.833041
276	173	-4.834422
128	374	-4.834984
317	23	-4.8350472
157	21	-4.8351364
393	46	-4.836156
397	8	-4.836564
266	72	-4.8368735
252	146	-4.8373117
374	11	-4.8389187
268	41	-4.8393154
261	139	-4.8394365
251	76	-4.8407207
265	63	-4.840749
165	337	-4.8416305
299	216	-4.841706
67	438	-4.8456907
192	165	-4.8478327
187	212	-4.8480945
63	285	-4.8484015
58	117	-4.8484097
211	142	-4.8494015
106	260	-4.849412
42	206	-4.849536
60	395	-4.853934
35	104	-4.8545723
131	74	-4.8550076
300	70	-4.855218
99	507	-4.856254
208	209	-4.8569274
397	45	-4.8576856
87	594	-4.857956
142	149	-4.8579907
331	59	-4.8581033
274	236	-4.858785
113	202	-4.858893
34	33	-4.860492
109	569	-4.860723
279	102	-4.861321
349	105	-4.861889
194	97	-4.862253
128	288	-4.863231
230	302	-4.8644414
136	409	-4.864453
466	21	-4.865132
124	144	-4.867299
167	41	-4.8675265
496	22	-4.872201
185	160	-4.873196
79	40	-4.8735037
233	183	-4.873734
152	196	-4.8746414
102	651	-4.8757224
99	270	-4.8757796
180	333	-4.8758054
112	397	-4.876177
185	299	-4.876585
218	97	-4.877844
99	528	-4.878808
122	426	-4.879728
111	351	-4.879849
288	236	-4.8825264
56	376	-4.88408
149	211	-4.8847656
87	180	-4.88483
401	10	-4.885808
272	174	-4.8859067
252	161	-4.8865256
125	189	-4.8873606
170	313	-4.8875237
182	176	-4.8879385
93	230	-4.8881955
141	318	-4.8883486
45	171	-4.889218
43	104	-4.8893313
83	293	-4.894576
165	346	-4.897728
220	170	-4.8978853
258	87	-4.8981314
247	105	-4.8987226
170	169	-4.899085
68	43	-4.8996024
256	142	-4.8999624
359	110	-4.901164
290	241	-4.9013762
330	95	-4.9014297
114	346	-4.9018292
244	83	-4.902866
320	136	-4.903091
83	421	-4.903863
254	85	-4.9048944
47	46	-4.905164
120	130	-4.906309
125	382	-4.907116
93	455	-4.907147
119	262	-4.9075036
114	186	-4.908484
118	118	-4.908773
280	268	-4.9094415
177	220	-4.909704
147	29	-4.9110913
171	129	-4.911998
286	5	-4.9135084
265	261	-4.9143596
125	390	-4.9143705
137	63	-4.92032
34	44	-4.920379
33	608	-4.9207015
133	294	-4.921948
84	288	-4.92268
43	117	-4.9232254
137	58	-4.924656
216	302	-4.925301
203	265	-4.925811
94	562	-4.9268823
170	38	-4.927306
95	200	-4.928183
139	369	-4.931669
97	310	-4.9323206
282	90	-4.9330487
335	122	-4.9340906
161	327	-4.934189
283	251	-4.936673
110	563	-4.9372487
35	207	-4.9390764
113	271	-4.941062
135	348	-4.941431
36	649	-4.942026
425	32	-4.9427104
281	19	-4.944335
86	492	-4.94441
383	117	-4.946459
247	57	-4.9471273
90	384	-4.9482074
447	40	-4.949476
50	158	-4.950317
41	95	-4.950643
111	373	-4.952472
262	88	-4.952515
180	239	-4.9525495
86	387	-4.952763
90	470	-4.952871
372	48	-4.954234
347	110	-4.954402
127	76	-4.95467
205	329	-4.956055
112	255	-4.9573064
93	210	-4.9583535
346	157	-4.959377
258	53	-4.960331
335	249	-4.961294
407	91	-4.9615717
165	113	-4.961938
39	185	-4.963999
34	239	-4.964239
47	190	-4.9649425
151	137	-4.9673567
175	335	-4.9676776
215	111	-4.9684653
322	236	-4.9685388
116	70	-4.969837
38	42	-4.969843
111	558	-4.9702682
109	322	-4.9714
225	185	-4.971638
81	248	-4.97192
126	280	-4.9733076
343	117	-4.9733253
263	143	-4.975833
480	44	-4.9765897
353	123	-4.978519
244	20	-4.9787083
78	426	-4.979483
88	278	-4.9799275
35	166	-4.980322
262	283	-4.980517
240	84	-4.9812865
78	44	-4.9839554
153	217	-4.985073
279	234	-4.986363
233	21	-4.9881005
147	283	-4.9883165
172	179	-4.989137
115	126	-4.9902625
66	355	-4.9915514
257	281	-4.99592
148	372	-4.9968314
233	33	-4.998353
105	200	-4.9984455
174	100	-4.9987583
83	595	-4.999579
293	194	-4.9995837
327	235	-4.999872
34	255	-5.0001864
130	338	-5.000553
417	10	-5.0021334
173	308	-5.0026026
46	107	-5.0031953
68	290	-5.004157
147	151	-5.005117
253	156	-5.0052176
361	146	-5.0087566
165	310	-5.0091224
423	65	-5.011107
44	131	-5.0121555
230	186	-5.0122666
273	109	-5.0132003
198	270	-5.0132885
452	37	-5.0146255
83	427	-5.015659
82	652	-5.0163755
223	100	-5.0168786
158	348	-5.0172668
116	101	-5.0177484
325	132	-5.018124
92	595	-5.0182767
80	466	-5.0184155
149	224	-5.0190387
406	24	-5.0194583
46	389	-5.0209336
92	524	-5.023302
240	19	-5.023939
209	213	-5.028968
76	258	-5.029238
127	370	-5.0294414
148	313	-5.0299826
67	311	-5.030223
33	133	-5.0303493
241	173	-5.0304046
211	61	-5.0307856
171	343	-5.0316133
242	59	-5.033243
295	73	-5.0354943
335	92	-5.036377
51	47	-5.03846
75	400	-5.038967
41	227	-5.0401287
39	168	-5.041579
38	573	-5.042741
94	571	-5.0435824
153	372	-5.043771
387	113	-5.04434
202	279	-5.0447984
218	53	-5.0455413
199	48	-5.047724
76	89	-5.0478907
368	77	-5.0483603
205	79	-5.0484343
480	0	-5.048515
249	61	-5.051169
132	389	-5.0524664
166	314	-5.052585
244	96	-5.0526533
190	215	-5.053616
41	112	-5.055304
145	100	-5.055699
273	129	-5.055757
269	257	-5.056099
127	160	-5.0573573
340	174	-5.058125
116	31	-5.058278
94	225	-5.0594263
399	19	-5.0610223
307	8	-5.063438
134	240	-5.064326
145	63	-5.0643415
165	198	-5.0663033
322	23	-5.066951
243	119	-5.0677805
142	651	-5.0681963
253	263	-5.0685744
393	12	-5.069954
353	6	-5.0709825
78	533	-5.0710926
96	273	-5.07654
351	111	-5.076881
34	249	-5.077277
91	507	-5.078553
138	419	-5.0794477
111	114	-5.0796337
304	161	-5.080367
326	250	-5.0808606
243	158	-5.0843515
366	85	-5.0851645
96	598	-5.0861526
426	18	-5.0861735
216	59	-5.0874434
84	241	-5.088001
298	7	-5.0883093
184	243	-5.088403
287	220	-5.0886097
252	296	-5.0906134
163	323	-5.0926266
132	114	-5.0929832
82	391	-5.0932693
58	123	-5.0950212
107	400	-5.0975194
134	71	-5.0986075
107	410	-5.0992737
36	172	-5.0993795
33	652	-5.101087
366	91	-5.101202
176	331	-5.1017027
197	292	-5.102804
162	201	-5.1032925
68	489	-5.1037493
277	248	-5.1043067
95	386	-5.1046352
105	546	-5.1062026
430	25	-5.10731
55	44	-5.107608
71	439	-5.108471
80	286	-5.1085987
78	480	-5.1094346
99	382	-5.110743
87	300	-5.1110864
35	191	-5.113612
392	19	-5.1140437
203	208	-5.1145177
421	75	-5.114691
91	166	-5.1151876
410	25	-5.1162705
132	353	-5.1169214
276	55	-5.1174507
136	212	-5.1180186
99	614	-5.1191955
34	261	-5.120714
138	278	-5.121431
399	14	-5.1214848
233	80	-5.121531
82	470	-5.1220794
89	613	-5.1238537
363	111	-5.1253624
262	117	-5.126581
166	319	-5.1275997
166	253	-5.1288834
244	145	-5.1293554
393	6	-5.1293697
326	242	-5.130036
127	362	-5.130267
176	181	-5.1311393
99	202	-5.132161
97	620	-5.132499
154	271	-5.1326303
132	132	-5.1326985
206	309	-5.1328983
44	167	-5.1333485
99	421	-5.133666
363	141	-5.1343226
373	177	-5.1348195
159	209	-5.135867
218	108	-5.136529
93	150	-5.1365986
377	62	-5.137301
68	50	-5.137622
507	0	-5.1378155
232	179	-5.1381664
267	67	-5.1384406
263	265	-5.138556
249	112	-5.139786
224	196	-5.139837
275	8	-5.1406016
276	278	-5.1413794
230	293	-5.1427083
267	141	-5.144578
398	144	-5.147737
78	85	-5.148221
83	602	-5.148499
310	32	-5.1503735
222	305	-5.1514072
90	476	-5.1516047
207	344	-5.152103
98	553	-5.154347
33	40	-5.1564145
51	117	-5.1572948
255	75	-5.1590943
290	4	-5.1614685
75	429	-5.164601
312	8	-5.166065
366	102	-5.166597
121	193	-5.167226
181	246	-5.167575
181	36	-5.1678195
404	15	-5.167883
76	464	-5.168673
68	33	-5.1693106
370	101	-5.1695337
128	296	-5.171114
153	327	-5.173924
47	112	-5.1739435
265	80	-5.1743884
192	223	-5.174825
367	81	-5.174928
32	601	-5.1752014
247	229	-5.1764646
100	595	-5.1765246
245	87	-5.177626
210	119	-5.1795945
168	240	-5.1801176
59	34	-5.1810174
109	145	-5.1811852
418	14	-5.1812534
81	459	-5.1815596
163	79	-5.1822176
358	23	-5.1841063
101	567	-5.1874647
129	105	-5.187727
282	228	-5.188018
301	204	-5.1886783
212	291	-5.189241
308	19	-5.189547
110	554	-5.1904573
363	95	-5.192015
152	55	-5.193235
93	653	-5.194448
157	365	-5.1960006
35	243	-5.1965256
237	127	-5.19765
503	9	-5.199253
94	554	-5.199615
152	203	-5.2018156
110	53	-5.2019906
135	273	-5.2023025
59	371	-5.2041454
253	273	-5.2050867
44	245	-5.2052727
202	69	-5.2053723
245	165	-5.2057595
51	191	-5.206961
94	491	-5.207206
213	270	-5.2074494
93	218	-5.2090797
101	405	-5.209342
74	468	-5.209352
142	209	-5.2113585
183	344	-5.211857
82	37	-5.2130995
90	645	-5.21451
407	45	-5.214663
79	252	-5.2154107
289	8	-5.215553
77	556	-5.2162514
121	167	-5.2172046
301	66	-5.2175345
209	205	-5.2181644
94	484	-5.2186494
90	546	-5.219202
112	426	-5.2201552
189	339	-5.2211947
120	388	-5.224424
396	102	-5.224537
41	216	-5.224724
300	36	-5.225007
192	33	-5.2260947
161	22	-5.226417
130	100	-5.2274556
53	52	-5.2275553
75	301	-5.2275724
282	264	-5.227871
50	186	-5.2300406
241	69	-5.2304373
289	192	-5.2304564
137	292	-5.231041
413	9	-5.2327332
55	156	-5.2330737
96	582	-5.233172
140	145	-5.2336106
134	652	-5.233812
270	5	-5.233904
449	31	-5.234122
144	202	-5.234198
140	29	-5.2347345
242	162	-5.2351027
34	571	-5.237065
339	121	-5.237185
270	232	-5.237771
417	77	-5.2391477
81	186	-5.2401943
144	143	-5.2403364
37	615	-5.240443
132	151	-5.2408524
80	305	-5.2412024
343	205	-5.243622
384	54	-5.244829
277	256	-5.2459846
35	67	-5.2463517
402	90	-5.2473435
200	82	-5.2474594
36	419	-5.2484107
174	187	-5.248803
126	378	-5.2514305
166	202	-5.253071
226	292	-5.254651
236	66	-5.255549
346	128	-5.257805
102	581	-5.258048
43	39	-5.2594676
67	317	-5.2605844
100	520	-5.2609844
279	252	-5.2622404
119	43	-5.262698
37	94	-5.262727
42	212	-5.263694
261	6	-5.264605
97	427	-5.265091
111	192	-5.2661514
32	265	-5.266325
216	249	-5.267144
89	621	-5.2672467
189	87	-5.26777
150	279	-5.2682247
226	286	-5.2691426
265	135	-5.2703032
130	278	-5.2711334
98	170	-5.271817
177	244	-5.2739263
145	375	-5.274239
118	154	-5.274445
316	27	-5.27454
123	42	-5.2748275
295	234	-5.2765474
76	37	-5.2768784
170	192	-5.2775226
146	392	-5.277993
47	199	-5.2786126
216	104	-5.278644
69	493	-5.2789025
214	307	-5.279058
214	313	-5.2790837
242	92	-5.280546
100	542	-5.281385
204	212	-5.2814517
138	343	-5.2821174
116	244	-5.283632
157	257	-5.283951
375	7	-5.28447
444	49	-5.284653
237	243	-5.28569
143	22	-5.28597
179	29	-5.289517
43	186	-5.2898126
142	390	-5.2901034
261	65	-5.2908916
351	127	-5.290909
165	249	-5.2921824
73	451	-5.2923255
216	290	-5.292877
47	38	-5.292913
371	69	-5.2932124
190	169	-5.29562
411	29	-5.2966194
405	50	-5.2970624
443	41	-5.29832
326	25	-5.298614
179	95	-5.298992
138	265	-5.2999907
254	55	-5.301092
388	5	-5.301145
102	586	-5.301467
64	396	-5.30157
327	181	-5.3022146
295	23	-5.304403
207	193	-5.304986
207	274	-5.3050184
48	404	-5.30626
44	160	-5.3073454
36	619	-5.3085985
76	418	-5.3088374
159	340	-5.3089314
249	8	-5.3092623
83	181	-5.3107915
30	405	-5.3121324
317	193	-5.312803
247	159	-5.3145313
141	59	-5.3150673
354	102	-5.316725
117	372	-5.317231
371	129	-5.3180027
138	328	-5.318132
88	342	-5.3183403
320	28	-5.319319
59	488	-5.3203545
141	289	-5.3206644
281	188	-5.3211265
344	122	-5.3212514
89	184	-5.321447
160	357	-5.3223963
100	532	-5.3224554
82	43	-5.323277
114	171	-5.3234787
169	335	-5.323686
167	50	-5.3244963
267	59	-5.3249397
69	352	-5.325148
214	298	-5.3255234
259	216	-5.327222
157	328	-5.3279195
432	104	-5.3279734
251	19	-5.3291388
333	222	-5.32969
77	395	-5.3306365
93	335	-5.331037
144	230	-5.332802
470	9	-5.3339767
141	64	-5.3362465
236	155	-5.3405175
213	342	-5.3414645
33	212	-5.3417997
103	148	-5.34242
102	575	-5.343695
168	176	-5.343803
134	337	-5.3445168
205	149	-5.3449
297	224	-5.3478665
226	256	-5.3483562
171	173	-5.348956
32	585	-5.349472
204	75	-5.3503957
311	154	-5.35123
319	8	-5.3513465
86	189	-5.3517003
267	179	-5.3520904
69	431	-5.3544188
35	219	-5.35537
363	8	-5.3554397
87	462	-5.3555202
48	168	-5.35658
415	81	-5.3572335
102	329	-5.3576317
81	417	-5.3579965
316	19	-5.359163
188	208	-5.3593917
146	329	-5.360005
203	197	-5.3620367
169	112	-5.3622184
296	219	-5.3630238
332	23	-5.3639445
35	567	-5.3641753
58	400	-5.364992
45	240	-5.366142
497	26	-5.366879
40	134	-5.3670382
294	8	-5.367808
332	256	-5.3683805
37	623	-5.370562
149	200	-5.371404
230	284	-5.371586
79	34	-5.3718357
77	48	-5.372184
140	398	-5.373037
155	128	-5.3744416
37	415	-5.375346
105	326	-5.376471
245	298	-5.377436
198	203	-5.379193
33	98	-5.3796945
147	206	-5.3811474
114	390	-5.382372
39	234	-5.3828964
260	83	-5.3835673
135	28	-5.3845625
211	199	-5.38459
446	9	-5.3851304
422	19	-5.3869057
85	473	-5.3897233
121	287	-5.389871
40	579	-5.389966
42	100	-5.390317
226	28	-5.3906007
92	175	-5.3928537
61	120	-5.3930974
151	255	-5.3949175
263	129	-5.3959455
129	381	-5.396388
33	424	-5.3967056
138	336	-5.3990827
379	167	-5.399148
255	8	-5.4008474
101	283	-5.4008727
81	610	-5.40089
221	94	-5.401494
81	326	-5.402068
406	7	-5.4023423
255	225	-5.402952
115	132	-5.404405
36	581	-5.404913
110	274	-5.405068
62	116	-5.405781
35	576	-5.406279
282	258	-5.406529
93	311	-5.407839
197	323	-5.407985
203	283	-5.4088593
79	594	-5.409324
111	208	-5.409432
277	98	-5.410602
136	372	-5.4107924
85	559	-5.41133
100	672	-5.4114695
122	76	-5.4116287
374	92	-5.412086
245	277	-5.4130535
37	407	-5.415666
291	204	-5.415908
230	250	-5.4162436
110	295	-5.4165525
92	339	-5.4166174
152	312	-5.416704
103	380	-5.4170113
409	15	-5.418651
277	194	-5.419058
172	225	-5.419401
36	628	-5.4195824
47	183	-5.4201756
253	285	-5.421766
245	288	-5.421953
72	46	-5.422141
174	106	-5.422454
370	93	-5.4231143
189	333	-5.424407
188	91	-5.4254475
41	63	-5.427892
54	124	-5.4280686
248	143	-5.4289145
64	488	-5.4291477
241	123	-5.430362
218	297	-5.430519
102	599	-5.4319158
134	155	-5.4328403
350	151	-5.435331
121	70	-5.4363174
146	278	-5.439716
42	223	-5.442144
180	304	-5.442578
219	313	-5.4427266
108	256	-5.443586
274	4	-5.443803
129	292	-5.4464273
237	162	-5.4468174
108	573	-5.447
249	155	-5.447168
429	14	-5.4495387
235	269	-5.449891
274	228	-5.450134
299	41	-5.450649
92	533	-5.4509315
61	415	-5.451099
228	273	-5.452051
147	136	-5.45288
138	150	-5.4555645
395	50	-5.4557724
213	191	-5.4561486
405	138	-5.456598
207	201	-5.4567127
259	261	-5.456825
74	392	-5.458598
122	282	-5.4614058
337	216	-5.462498
47	55	-5.464841
48	162	-5.465034
165	329	-5.4662
378	118	-5.467241
367	98	-5.467286
257	138	-5.472647
269	137	-5.472694
488	37	-5.4731836
100	305	-5.473892
61	492	-5.4759884
290	80	-5.476322
274	103	-5.4773035
89	557	-5.4773765
312	18	-5.478576
152	221	-5.4787416
86	381	-5.4803295
221	301	-5.4810824
348	12	-5.481349
107	63	-5.4815874
272	68	-5.4827795
291	169	-5.483259
69	267	-5.484101
110	251	-5.484429
430	10	-5.485124
358	119	-5.485454
160	57	-5.488307
100	198	-5.4888034
111	139	-5.4891047
254	90	-5.490919
60	108	-5.491006
73	459	-5.4913683
103	401	-5.4937763
98	224	-5.495873
159	361	-5.4967313
193	218	-5.498063
436	9	-5.49964
91	528	-5.500635
63	38	-5.5019464
319	185	-5.503174
114	45	-5.503218
207	305	-5.50353
57	145	-5.5059714
33	589	-5.506548
48	384	-5.506609
79	422	-5.5076146
122	92	-5.5085726
267	125	-5.510151
113	177	-5.510785
98	645	-5.5109577
51	200	-5.510991
51	154	-5.5118384
110	66	-5.5165286
357	14	-5.5167685
289	21	-5.5177164
286	248	-5.518739
156	369	-5.519141
223	177	-5.519202
417	27	-5.5192547
132	373	-5.520546
253	67	-5.520786
38	402	-5.521376
76	297	-5.5218034
164	109	-5.5219793
183	213	-5.5253115
336	126	-5.5269127
182	181	-5.5269914
203	203	-5.528767
371	8	-5.5295386
199	207	-5.5302777
47	176	-5.530309
95	672	-5.5308533
411	47	-5.530923
78	651	-5.535659
95	206	-5.5363646
160	116	-5.536579
429	59	-5.536781
231	306	-5.5369086
284	48	-5.537583
155	95	-5.5390916
248	264	-5.5400214
145	363	-5.540794
233	38	-5.542726
301	4	-5.542756
277	62	-5.54322
130	37	-5.544312
123	22	-5.5477734
41	586	-5.552749
112	196	-5.5529556
95	268	-5.5531225
33	596	-5.554914
41	249	-5.555284
88	236	-5.557
223	314	-5.5576296
248	84	-5.558243
36	611	-5.5585346
175	94	-5.56017
171	331	-5.5604587
109	423	-5.5605097
383	58	-5.5611205
89	654	-5.5614576
148	382	-5.5617237
196	83	-5.5621147
222	261	-5.5622435
267	130	-5.562413
71	309	-5.563949
102	552	-5.564664
115	81	-5.566407
135	392	-5.5689206
136	352	-5.57016
199	160	-5.5709863
99	436	-5.571909
84	624	-5.577125
385	2	-5.577651
89	562	-5.579056
40	410	-5.5791554
80	605	-5.5804605
210	295	-5.580732
158	317	-5.5813465
414	13	-5.5824146
38	238	-5.5836673
32	270	-5.583929
189	5	-5.5857863
142	277	-5.5872703
257	63	-5.588213
149	99	-5.590352
69	450	-5.590615
134	277	-5.592156
295	4	-5.5922656
200	43	-5.593104
80	52	-5.593794
133	282	-5.594166
245	63	-5.596198
203	47	-5.5963454
33	400	-5.5965014
136	427	-5.596582
259	246	-5.5974913
81	672	-5.598626
106	396	-5.599913
503	14	-5.6000547
254	259	-5.601261
66	418	-5.6015368
423	8	-5.6045904
76	81	-5.6050587
131	274	-5.6051345
34	137	-5.6052246
36	636	-5.6067533
41	241	-5.6079884
38	34	-5.6082916
275	224	-5.6083484
31	228	-5.6098504
271	121	-5.610997
235	293	-5.61137
289	40	-5.611609
114	562	-5.6117377
106	582	-5.612465
395	16	-5.613088
58	149	-5.613124
225	191	-5.613793
226	97	-5.614439
265	5	-5.6145935
204	324	-5.614713
109	548	-5.615123
230	160	-5.616412
253	300	-5.6180463
51	381	-5.6180625
91	179	-5.6190624
114	76	-5.6204376
402	6	-5.621699
138	67	-5.6236525
107	417	-5.6237607
197	5	-5.6237926
206	301	-5.6246734
79	401	-5.6291537
407	19	-5.6308584
288	208	-5.6317086
345	167	-5.632098
99	387	-5.6321154
136	386	-5.633492
250	151	-5.634336
161	335	-5.634483
256	80	-5.634894
64	444	-5.6363535
215	141	-5.6363745
273	255	-5.6382537
192	207	-5.6397867
62	433	-5.640282
359	105	-5.640551
162	252	-5.6407633
32	580	-5.64078
132	289	-5.6408186
359	99	-5.643405
469	14	-5.644401
91	388	-5.6444287
224	43	-5.644964
374	126	-5.6450777
98	440	-5.645462
460	23	-5.645842
101	516	-5.6467686
225	21	-5.647334
250	303	-5.6474442
335	244	-5.647769
421	23	-5.6479726
344	16	-5.648588
295	200	-5.648836
133	22	-5.6492505
435	26	-5.6495996
242	236	-5.650336
191	300	-5.650382
123	163	-5.651221
102	634	-5.651639
248	67	-5.6554575
31	128	-5.655694
403	54	-5.6574354
212	57	-5.659724
214	275	-5.6619096
110	671	-5.6641326
265	210	-5.6647673
238	266	-5.6656504
47	103	-5.6663065
257	20	-5.6677938
67	89	-5.6682076
95	423	-5.668421
167	245	-5.669082
107	163	-5.6721625
63	365	-5.6731095
161	205	-5.6732645
71	465	-5.673914
105	671	-5.675882
81	47	-5.6772447
150	63	-5.67758
134	455	-5.67826
217	264	-5.679563
241	293	-5.67992
254	292	-5.6810265
156	308	-5.6811776
96	541	-5.683521
137	423	-5.6852064
131	369	-5.6855717
287	178	-5.6863184
220	277	-5.6868763
208	70	-5.6870537
219	199	-5.689862
76	404	-5.6899962
192	324	-5.6920085
362	4	-5.6929564
217	193	-5.694987
259	226	-5.6955667
35	604	-5.696998
272	133	-5.6973367
30	628	-5.697878
54	401	-5.698235
39	162	-5.6987057
109	377	-5.699284
312	195	-5.699561
264	232	-5.7006717
64	349	-5.7015543
42	575	-5.702314
80	244	-5.70301
100	503	-5.7031064
106	616	-5.7039113
44	405	-5.7043447
76	312	-5.704484
356	19	-5.704752
78	525	-5.704816
435	56	-5.7051063
118	39	-5.706293
248	274	-5.7065477
261	19	-5.7092776
141	339	-5.7097883
184	86	-5.71056
267	205	-5.713428
184	238	-5.713684
444	92	-5.7139153
169	5	-5.7146406
69	393	-5.7151833
161	248	-5.716169
94	451	-5.7164416
157	373	-5.7187514
417	72	-5.7202773
64	34	-5.721085
64	292	-5.7223115
98	162	-5.7223372
139	122	-5.7233973
63	437	-5.7234592
403	21	-5.724896
92	295	-5.7267056
113	430	-5.728088
201	293	-5.728137
75	306	-5.728237
128	153	-5.7287483
63	400	-5.7300315
37	645	-5.7304835
114	91	-5.731988
230	310	-5.7325287
187	36	-5.732949
31	60	-5.7330027
283	221	-5.7332587
258	69	-5.7338376
198	217	-5.7342887
145	212	-5.734728
45	209	-5.7349405
170	419	-5.735522
399	40	-5.7355833
133	382	-5.735926
94	586	-5.7359586
76	476	-5.736052
40	91	-5.738644
288	216	-5.740746
169	199	-5.7421203
47	155	-5.7424526
85	40	-5.743487
312	51	-5.743513
78	329	-5.744965
273	61	-5.7457237
219	652	-5.7464514
188	237	-5.746714
189	328	-5.7484326
207	63	-5.749632
86	36	-5.7498426
277	200	-5.750465
44	400	-5.7507315
79	549	-5.7509327
55	114	-5.752666
72	292	-5.754132
115	557	-5.754664
63	421	-5.7549434
75	52	-5.7572885
470	63	-5.757892
190	22	-5.7582865
79	537	-5.758697
118	78	-5.760016
79	599	-5.76013
234	309	-5.760568
278	229	-5.7615376
87	391	-5.762202
317	31	-5.764789
144	67	-5.765063
198	296	-5.765175
48	203	-5.7671437
248	138	-5.769217
187	343	-5.769247
265	114	-5.7706156
108	620	-5.7707405
86	173	-5.770816
247	93	-5.773833
222	310	-5.7740583
37	585	-5.774154
99	264	-5.775281
90	570	-5.775498
331	129	-5.777046
281	94	-5.7771087
246	5	-5.777325
143	382	-5.7773824
136	332	-5.777552
54	160	-5.777603
141	102	-5.7781568
72	90	-5.779584
45	393	-5.7796893
367	5	-5.7797832
95	508	-5.7810683
45	235	-5.781214
82	397	-5.7834005
42	614	-5.784155
180	328	-5.784905
255	126	-5.7856865
39	38	-5.7860026
92	618	-5.786675
409	51	-5.7872624
118	22	-5.7872996
226	304	-5.7875023
302	19	-5.7881227
146	317	-5.7881565
143	284	-5.788238
130	5	-5.788519
87	431	-5.788731
83	33	-5.7893333
84	555	-5.789908
59	46	-5.7904816
167	325	-5.7923293
248	121	-5.793175
51	37	-5.794684
452	26	-5.7958508
263	121	-5.7969007
35	562	-5.797307
257	4	-5.7992067
298	237	-5.800959
53	149	-5.8012733
410	6	-5.802101
76	411	-5.804291
196	163	-5.8054533
43	137	-5.8056107
439	54	-5.8074675
38	138	-5.8077855
101	417	-5.807943
161	240	-5.8093553
209	350	-5.809426
147	94	-5.810435
128	366	-5.810648
217	346	-5.812621
59	112	-5.8140273
37	82	-5.8142514
96	567	-5.814424
68	296	-5.814567
196	32	-5.8148766
248	281	-5.8164463
89	212	-5.8164854
225	32	-5.817675
164	27	-5.8187695
45	226	-5.818912
99	409	-5.8191285
75	423	-5.821295
158	123	-5.821781
104	594	-5.8225007
78	472	-5.822795
221	131	-5.822964
188	173	-5.8232
237	8	-5.823448
285	193	-5.8237057
219	101	-5.8246922
56	129	-5.8248396
210	302	-5.8250456
85	318	-5.8254023
103	590	-5.8255963
171	29	-5.826443
473	6	-5.8274016
330	243	-5.8275633
110	103	-5.8287663
397	58	-5.8295007
33	93	-5.830067
199	38	-5.83059
107	169	-5.8308454
276	17	-5.831176
207	153	-5.831408
195	22	-5.832132
60	360	-5.8324194
130	454	-5.8327584
213	5	-5.8339543
369	12	-5.8341727
141	262	-5.834194
165	23	-5.835371
40	610	-5.836687
121	384	-5.8371897
287	197	-5.8376985
398	62	-5.838529
100	464	-5.8403563
217	286	-5.841961
77	293	-5.8420835
158	436	-5.84245
65	99	-5.8452525
138	110	-5.847689
101	221	-5.8479414
278	68	-5.848272
234	159	-5.848274
238	250	-5.8486185
46	34	-5.8489404
82	80	-5.8492637
67	55	-5.8516383
291	245	-5.8517714
41	619	-5.8527846
86	672	-5.853353
112	71	-5.8536763
77	671	-5.8542223
349	8	-5.8544817
390	50	-5.8550615
57	560	-5.855514
257	256	-5.8562355
84	306	-5.8570156
181	5	-5.857412
129	143	-5.857439
102	261	-5.8583055
156	59	-5.8587003
127	23	-5.858715
374	100	-5.8597417
175	174	-5.860266
35	186	-5.860529
222	290	-5.8617697
29	417	-5.862192
101	429	-5.8623385
71	671	-5.863302
72	455	-5.8644485
434	60	-5.864942
45	215	-5.8650107
141	377	-5.8660975
179	357	-5.8674374
203	192	-5.8677835
178	39	-5.868402
269	116	-5.8692174
259	269	-5.8699393
308	55	-5.8704805
67	95	-5.87353
95	291	-5.8737454
360	11	-5.8739085
504	5	-5.87412
44	609	-5.8760266
157	344	-5.8760657
152	275	-5.8763704
57	51	-5.8773565
200	211	-5.877666
78	560	-5.8783813
287	83	-5.881001
222	296	-5.881598
349	133	-5.881859
62	124	-5.881885
49	208	-5.882605
242	264	-5.8858805
257	93	-5.886743
232	130	-5.8868475
147	368	-5.8884835
173	365	-5.888636
154	323	-5.8901153
126	35	-5.8905716
275	218	-5.8911324
129	252	-5.8913026
49	172	-5.8915987
230	269	-5.893695
51	182	-5.8940597
153	27	-5.894154
441	46	-5.8962502
170	318	-5.8968616
150	386	-5.898582
270	238	-5.899433
372	4	-5.8996534
64	107	-5.8999844
51	145	-5.902241
165	209	-5.9027867
41	570	-5.9033775
402	58	-5.904873
115	671	-5.9066267
97	432	-5.9071784
87	168	-5.9073663
264	287	-5.9083714
133	244	-5.9085426
257	265	-5.9106426
421	31	-5.9109716
340	164	-5.9116635
440	27	-5.912915
365	135	-5.9135346
391	54	-5.913789
37	632	-5.9145465
115	97	-5.9165354
90	434	-5.918781
62	356	-5.919015
111	127	-5.919495
178	185	-5.920235
404	42	-5.9211698
229	6	-5.921204
148	132	-5.9216204
287	45	-5.921979
311	239	-5.922257
34	71	-5.9223175
321	32	-5.92289
36	159	-5.923166
89	231	-5.9233055
320	38	-5.9256835
289	212	-5.9265847
211	53	-5.928042
137	100	-5.928248
31	199	-5.929167
37	590	-5.9307375
91	673	-5.9325886
99	157	-5.9327397
203	216	-5.9329677
213	287	-5.933025
91	582	-5.933864
88	541	-5.934407
242	8	-5.9346094
241	278	-5.9367986
121	147	-5.937416
218	5	-5.9376526
97	211	-5.9392157
95	521	-5.9408245
184	332	-5.940965
269	110	-5.941125
93	550	-5.941257
160	331	-5.9436703
244	270	-5.9438043
329	133	-5.944294
197	311	-5.94549
101	630	-5.947349
130	359	-5.9480267
134	6	-5.9480896
46	59	-5.9492536
191	29	-5.9495234
246	260	-5.94967
193	329	-5.9498644
140	118	-5.9500604
44	219	-5.9502606
357	147	-5.9505825
222	335	-5.9510837
108	211	-5.9519377
62	103	-5.952591
77	460	-5.952792
146	337	-5.952859
408	32	-5.9529967
202	317	-5.9535136
52	56	-5.9538374
106	610	-5.955036
254	253	-5.9553547
39	245	-5.9558115
175	5	-5.956939
60	142	-5.960216
226	92	-5.9603653
126	428	-5.9613724
40	650	-5.9627805
122	82	-5.9655704
193	6	-5.96655
228	317	-5.968646
192	76	-5.9686675
116	289	-5.9692883
109	204	-5.969316
110	82	-5.970214
111	181	-5.9705424
66	122	-5.970708
220	45	-5.971638
42	590	-5.9725647
84	547	-5.9748607
139	21	-5.976129
426	113	-5.976347
404	33	-5.9778576
114	376	-5.9790487
61	470	-5.9799204
266	89	-5.9801025
219	187	-5.9808207
84	193	-5.9827013
164	5	-5.9865675
466	11	-5.9926677
74	94	-5.993995
178	308	-5.9962325
51	127	-5.996311
357	124	-5.9980054
141	138	-5.999016
55	372	-5.9995213
105	281	-5.999911
