x_coord	y_coord	score
739	535	-0.1589753
733	537	-0.2491135
744	534	-0.27756506
923	656	-0.39070958
927	654	-0.53879225
729	538	-0.5467434
749	533	-0.6249698
773	511	-0.699641
631	542	-0.7027439
608	547	-0.7428766
361	587	-0.748109
724	538	-0.7590352
918	656	-0.77840304
769	509	-0.7918494
735	533	-0.7959796
357	590	-0.83167505
603	547	-0.8475112
720	173	-0.8831657
730	534	-0.92213655
502	192	-0.9326434
352	592	-0.936043
365	586	-0.9362004
636	542	-0.9516854
724	172	-0.95967984
902	652	-0.9662398
682	508	-0.96972024
373	587	-0.9751198
496	194	-0.97871065
377	214	-0.98531103
777	509	-0.9873352
737	539	-0.99786437
741	531	-1.0096288
728	162	-1.0108238
624	542	-1.0160698
353	588	-1.0252695
388	582	-1.0262027
719	169	-1.0305828
921	652	-1.0399259
346	593	-1.0412507
674	510	-1.0496539
613	546	-1.0514783
370	217	-1.0540123
913	656	-1.0568999
341	592	-1.0843489
713	169	-1.099436
599	549	-1.1035812
369	585	-1.1189697
362	217	-1.1201999
81	215	-1.1210008
767	513	-1.1214706
101	648	-1.1218792
712	173	-1.1270843
441	555	-1.1295558
931	653	-1.1345441
357	585	-1.1350627
720	537	-1.1372473
806	156	-1.1384377
633	519	-1.1409221
373	213	-1.1440996
408	578	-1.1449401
383	212	-1.1457319
905	656	-1.1478367
753	531	-1.1509964
725	165	-1.1519406
620	543	-1.1523083
909	654	-1.1666293
377	585	-1.1704258
727	169	-1.1741915
43	196	-1.177433
398	581	-1.1827737
625	523	-1.1845946
608	526	-1.1940836
716	172	-1.19727
850	451	-1.2039005
695	171	-1.2132121
617	547	-1.2205414
736	162	-1.224777
757	147	-1.2290345
670	508	-1.2355484
619	523	-1.2364384
767	485	-1.2468148
709	170	-1.2488575
381	582	-1.2689054
641	539	-1.2730838
594	531	-1.2751089
728	173	-1.2764028
858	449	-1.2772812
860	460	-1.2807038
366	216	-1.287298
604	528	-1.2924205
404	579	-1.2940795
900	437	-1.2984818
666	511	-1.3032802
508	192	-1.3219678
613	526	-1.3246337
362	591	-1.3275752
904	436	-1.3284426
900	656	-1.3296138
421	202	-1.330819
703	171	-1.3314126
781	507	-1.3314426
799	474	-1.3321204
698	168	-1.332336
412	577	-1.3338462
626	179	-1.3339365
732	161	-1.3342025
641	519	-1.3342863
724	533	-1.3420432
777	484	-1.3424001
447	553	-1.3481021
393	581	-1.3612264
492	197	-1.3625833
661	514	-1.3664087
530	576	-1.3698248
678	509	-1.3708724
870	460	-1.372295
691	172	-1.372557
630	522	-1.388511
731	165	-1.3888049
761	485	-1.3895501
585	193	-1.3964846
232	407	-1.398311
348	589	-1.4066716
802	157	-1.408071
400	577	-1.4102399
388	587	-1.4117385
687	508	-1.4151996
84	218	-1.4157726
630	177	-1.4158643
914	652	-1.4231365
622	177	-1.4233127
810	153	-1.4259632
381	216	-1.4313335
453	203	-1.436004
699	172	-1.436899
389	212	-1.44051
63	199	-1.4418807
745	530	-1.4433149
740	158	-1.4458512
362	583	-1.4462429
763	512	-1.4512838
810	158	-1.452157
720	165	-1.4532797
603	524	-1.4560741
762	480	-1.4569156
440	205	-1.4588814
378	210	-1.4611284
797	157	-1.4615417
704	166	-1.4630929
645	177	-1.4640121
426	207	-1.4705386
617	539	-1.4727428
381	587	-1.4750049
644	542	-1.477172
744	157	-1.4831303
744	162	-1.4833698
366	582	-1.485009
661	178	-1.4929242
77	214	-1.4953866
369	212	-1.4973701
772	485	-1.4983326
655	173	-1.4993252
386	216	-1.5012474
488	198	-1.5033005
69	207	-1.5041901
716	535	-1.5093201
665	515	-1.5103023
468	563	-1.5114248
51	201	-1.5115539
531	581	-1.5119632
854	450	-1.5120693
730	493	-1.5123863
817	464	-1.5133978
457	202	-1.5166832
436	207	-1.5184563
657	511	-1.5189847
653	514	-1.5207059
637	520	-1.5243251
442	198	-1.5272324
643	555	-1.5277951
803	473	-1.5287336
908	435	-1.5317127
846	453	-1.5392687
653	177	-1.540542
830	456	-1.5420306
628	545	-1.5426735
716	166	-1.5462279
792	158	-1.5478469
567	188	-1.5527068
97	651	-1.5558923
665	176	-1.5561767
487	545	-1.5580775
650	553	-1.5583687
926	135	-1.5593492
598	525	-1.559593
500	196	-1.559845
436	555	-1.5599289
662	510	-1.5615228
810	468	-1.5669965
352	584	-1.5670217
430	206	-1.5681224
411	203	-1.5689821
374	582	-1.5699228
928	650	-1.5755185
927	139	-1.5771822
595	547	-1.5774809
658	548	-1.5777582
647	173	-1.5790157
935	654	-1.5794733
33	188	-1.5805722
336	591	-1.5809534
471	202	-1.5837003
105	649	-1.5849046
686	173	-1.5851557
825	154	-1.585929
665	535	-1.5866957
394	577	-1.587587
709	537	-1.5876406
448	203	-1.5881681
649	519	-1.5886526
416	208	-1.590106
67	201	-1.5910599
417	576	-1.5914239
826	457	-1.594791
433	202	-1.5953289
73	213	-1.5991126
614	181	-1.5992395
605	551	-1.6008339
669	514	-1.6020174
629	538	-1.6024421
492	544	-1.6031051
448	196	-1.6058356
857	453	-1.6077862
402	213	-1.6084381
444	204	-1.609793
811	464	-1.6099256
906	651	-1.6106179
851	456	-1.6149528
376	218	-1.6161029
49	26	-1.6168286
756	513	-1.6178399
874	459	-1.6182492
742	538	-1.6184068
929	442	-1.6185215
637	538	-1.6191701
406	574	-1.6228576
461	203	-1.6231393
535	579	-1.6255643
425	203	-1.6266606
773	480	-1.6284926
805	160	-1.6285765
65	205	-1.6310691
661	172	-1.6323279
397	212	-1.6324105
47	195	-1.6352578
618	179	-1.6383231
795	475	-1.6386168
781	480	-1.6399975
579	193	-1.640167
820	459	-1.6402206
45	25	-1.6434072
835	456	-1.6435484
752	147	-1.6438307
706	174	-1.6438751
41	26	-1.6448964
692	506	-1.6469332
393	214	-1.6486789
681	174	-1.6490122
415	202	-1.6490525
807	474	-1.6500729
526	577	-1.6509717
451	552	-1.6522332
471	548	-1.6524978
715	495	-1.6530205
820	154	-1.653407
814	156	-1.6553707
920	138	-1.6556904
609	543	-1.6567422
659	537	-1.6580985
881	446	-1.6591303
617	527	-1.6594477
344	587	-1.661859
703	497	-1.6635218
600	529	-1.6649952
646	552	-1.6693141
62	195	-1.6697762
708	533	-1.672176
482	544	-1.67464
236	409	-1.6774228
651	172	-1.6807718
676	175	-1.6809914
708	498	-1.6814339
421	208	-1.683888
636	179	-1.684434
649	540	-1.6871762
804	152	-1.6872374
761	146	-1.6876311
39	195	-1.6910579
360	213	-1.6931807
670	546	-1.6933259
748	158	-1.6933534
807	516	-1.6939405
813	471	-1.6941744
710	166	-1.6974012
760	489	-1.6997678
385	208	-1.7007967
694	167	-1.7012613
524	581	-1.7022567
768	480	-1.7028831
791	154	-1.7040559
596	552	-1.7043011
80	219	-1.7067436
798	478	-1.7076384
912	433	-1.7080408
406	212	-1.708044
654	550	-1.7085974
581	534	-1.7117167
865	460	-1.7130286
806	470	-1.7130609
484	200	-1.7151145
429	572	-1.7171566
638	555	-1.7183276
770	505	-1.7198725
396	587	-1.7213278
839	454	-1.7220508
466	202	-1.7227846
412	209	-1.7242612
497	190	-1.7245796
897	652	-1.7261266
732	487	-1.7263815
721	541	-1.7264061
74	209	-1.7265037
585	529	-1.7287453
713	538	-1.7302387
567	182	-1.7315856
438	199	-1.7326707
505	195	-1.7372653
897	440	-1.7415051
640	177	-1.7417208
649	513	-1.7417547
772	476	-1.7424884
511	539	-1.7433485
756	487	-1.7447186
916	435	-1.7449845
933	441	-1.7487451
787	482	-1.7489686
340	596	-1.7492051
764	476	-1.7498702
452	194	-1.7557912
867	456	-1.7558088
653	539	-1.7571745
771	515	-1.7585746
757	480	-1.7605458
829	153	-1.7620884
736	157	-1.7624339
615	522	-1.7632538
641	514	-1.7643504
915	136	-1.764772
749	528	-1.7652886
861	143	-1.7664509
800	153	-1.7666515
856	458	-1.7672137
783	511	-1.7688482
340	588	-1.7692384
512	190	-1.7699625
759	518	-1.7700258
726	495	-1.7708654
921	488	-1.7738873
547	188	-1.7746584
877	449	-1.7747978
477	201	-1.777018
626	519	-1.778854
624	547	-1.7806913
562	188	-1.7808881
929	488	-1.7811141
884	449	-1.781254
678	546	-1.7825351
398	206	-1.7847327
675	506	-1.7857593
821	150	-1.7872884
472	562	-1.7896289
622	526	-1.7938572
410	213	-1.7958311
54	25	-1.7960266
780	476	-1.7988193
637	515	-1.7996273
36	191	-1.8004501
610	522	-1.8059876
51	196	-1.808919
527	192	-1.8101428
731	170	-1.8125734
765	508	-1.8134063
861	455	-1.8140459
518	190	-1.8155569
496	199	-1.8168947
942	441	-1.8171058
645	517	-1.8179796
568	193	-1.8180963
102	652	-1.8191681
412	571	-1.8192195
555	188	-1.8212712
240	418	-1.8243743
913	140	-1.8261403
434	198	-1.8318204
802	477	-1.8323933
880	452	-1.8325624
777	479	-1.8325644
484	587	-1.8329996
843	456	-1.8334581
778	161	-1.8360362
645	538	-1.8367828
729	158	-1.8371377
815	151	-1.8374665
833	152	-1.8381464
32	181	-1.8399483
61	25	-1.8420675
787	159	-1.8432347
812	516	-1.8439591
645	548	-1.8446119
542	546	-1.8450334
671	176	-1.8455335
790	510	-1.8456028
669	534	-1.8475717
594	526	-1.8488815
682	545	-1.8490393
430	558	-1.8496002
847	457	-1.8507304
893	656	-1.8514199
67	211	-1.8525258
764	516	-1.8526062
885	445	-1.8528088
850	143	-1.8531593
872	455	-1.8535302
358	218	-1.8561271
911	647	-1.8569598
376	571	-1.8571676
574	184	-1.8588251
591	193	-1.8594655
489	587	-1.8604642
919	432	-1.8617122
703	535	-1.8618281
712	534	-1.864344
381	207	-1.8649421
623	559	-1.8666965
751	486	-1.8698267
441	596	-1.8703169
238	413	-1.8711047
622	520	-1.8751448
407	206	-1.8752052
420	570	-1.8761253
421	574	-1.8764899
586	184	-1.8779218
909	136	-1.8791074
390	217	-1.8793284
413	596	-1.8798361
243	422	-1.880643
823	463	-1.8815216
392	585	-1.8831671
455	553	-1.8838013
446	557	-1.8844548
863	449	-1.8854063
640	543	-1.8855522
402	583	-1.8866384
534	574	-1.8870379
251	439	-1.8873025
36	26	-1.8924109
516	194	-1.8926184
913	491	-1.8945272
929	658	-1.8950369
764	488	-1.8954116
512	581	-1.8966072
738	493	-1.8972831
919	134	-1.8987417
464	564	-1.8991882
650	548	-1.9001658
370	581	-1.9015657
892	440	-1.90245
648	544	-1.9027736
634	523	-1.9029641
481	548	-1.9035345
759	510	-1.9040185
724	160	-1.904763
627	183	-1.9050753
600	544	-1.9062027
561	182	-1.9070226
232	402	-1.9081628
366	574	-1.9082704
374	209	-1.9120706
539	577	-1.9144404
388	577	-1.9146266
614	542	-1.9153104
368	589	-1.9166886
468	582	-1.9193888
575	190	-1.9200835
662	546	-1.9205458
734	492	-1.9214318
726	487	-1.9238243
507	541	-1.924264
634	556	-1.9243606
545	184	-1.9248616
620	183	-1.9248658
649	178	-1.9258426
52	205	-1.9263524
776	475	-1.9269942
674	547	-1.9279428
598	184	-1.9287373
59	208	-1.9289951
798	161	-1.9303341
496	543	-1.9322978
447	595	-1.9331176
578	186	-1.9343851
522	192	-1.9380873
520	582	-1.9383096
589	531	-1.93911
923	141	-1.9392564
643	172	-1.9436426
741	485	-1.9463825
365	211	-1.9483374
686	544	-1.9497683
829	460	-1.9503589
477	546	-1.9510512
480	588	-1.9516063
700	500	-1.9535234
552	185	-1.953861
711	494	-1.955133
470	589	-1.9566218
792	506	-1.9579883
839	150	-1.9581251
604	543	-1.9601257
696	498	-1.9602947
654	555	-1.960296
756	476	-1.9623774
712	500	-1.9636403
635	175	-1.963694
630	555	-1.9641159
58	199	-1.9643259
876	454	-1.9667635
465	549	-1.9671522
815	460	-1.9677484
814	467	-1.9682353
534	541	-1.9683996
491	193	-1.9696606
402	573	-1.9698999
719	496	-1.9702736
873	501	-1.9715074
837	154	-1.9729785
491	548	-1.9752219
751	480	-1.9767306
457	194	-1.9798434
619	560	-1.9840152
735	166	-1.9845345
811	149	-1.9856495
790	518	-1.9876121
887	452	-1.9904076
642	551	-1.991252
609	181	-1.9912928
387	599	-1.9913952
794	162	-1.9916096
774	506	-1.9916834
252	444	-1.9917501
919	143	-1.9920757
690	168	-1.9922359
621	538	-1.9924862
433	571	-1.9947155
722	493	-1.9948761
757	530	-1.9949224
898	142	-1.9949347
355	600	-1.9961171
704	539	-1.9961413
782	159	-2.0004103
586	189	-2.0011916
536	546	-2.0015283
261	460	-2.0019262
917	493	-2.0042696
269	477	-2.0046403
839	460	-2.0053294
795	481	-2.0053883
42	192	-2.005765
331	591	-2.0071611
384	579	-2.007714
429	200	-2.008635
907	141	-2.0088162
791	476	-2.0103164
501	542	-2.0103412
931	138	-2.010552
924	649	-2.0130444
88	221	-2.0133202
594	190	-2.0134776
665	507	-2.0175006
580	530	-2.0179918
378	579	-2.0184283
55	195	-2.0195425
485	554	-2.020262
666	548	-2.0205588
461	550	-2.0206482
504	188	-2.022774
29	186	-2.023599
406	202	-2.0236483
66	23	-2.0242252
426	568	-2.0249598
558	185	-2.0259295
582	190	-2.0278673
815	160	-2.0280216
594	185	-2.0281806
647	556	-2.0287018
818	471	-2.0302472
787	477	-2.0310955
720	532	-2.0315993
673	535	-2.0318532
582	185	-2.0318959
890	143	-2.0329611
435	559	-2.0330446
785	506	-2.034729
697	536	-2.0349455
736	486	-2.0353343
612	177	-2.0358577
776	514	-2.035859
356	613	-2.0359547
657	517	-2.0362973
850	460	-2.0390682
414	601	-2.0402398
29	176	-2.0405712
902	143	-2.0417972
611	185	-2.041829
658	553	-2.0442386
63	209	-2.0443723
909	493	-2.0452375
402	597	-2.0509324
889	444	-2.0515814
915	144	-2.0538707
879	501	-2.0549057
516	583	-2.055286
826	150	-2.0557797
822	515	-2.0560882
802	516	-2.0570364
571	189	-2.0571082
494	582	-2.0581422
99	644	-2.059213
766	163	-2.060507
640	182	-2.0615706
900	443	-2.061841
398	216	-2.0622253
834	460	-2.0643623
815	475	-2.0662322
483	559	-2.0668263
915	660	-2.0678973
577	535	-2.0686667
873	448	-2.0688698
464	193	-2.0693364
367	220	-2.06939
598	533	-2.069476
393	206	-2.069603
515	540	-2.070056
539	188	-2.0704398
806	478	-2.0705087
362	578	-2.0705354
382	569	-2.0711148
31	172	-2.0725534
933	486	-2.0732074
820	160	-2.0739481
809	162	-2.073955
854	142	-2.0746987
616	185	-2.0757244
774	160	-2.076507
454	198	-2.076755
417	594	-2.0769885
925	486	-2.0777938
592	551	-2.0785284
54	191	-2.0790427
472	583	-2.0791621
905	492	-2.0798564
57	22	-2.082098
633	514	-2.0821402
694	175	-2.086023
690	543	-2.087591
451	593	-2.0882208
631	181	-2.0911696
508	582	-2.09161
777	157	-2.0948064
756	158	-2.0950408
44	200	-2.096094
677	533	-2.0967343
61	203	-2.0977128
435	567	-2.0980308
443	551	-2.0986722
397	574	-2.0992107
512	195	-2.0999591
491	201	-2.1002648
554	197	-2.1008248
476	587	-2.101154
906	440	-2.101815
245	426	-2.1024718
682	503	-2.1034517
563	194	-2.103989
601	553	-2.1052809
844	460	-2.1053243
802	469	-2.1059692
752	490	-2.1076024
74	217	-2.1077287
925	443	-2.107828
269	472	-2.1100047
921	660	-2.1112227
570	185	-2.111707
865	141	-2.112741
370	571	-2.1132903
795	502	-2.1135442
80	211	-2.1141956
530	540	-2.1152363
446	564	-2.1157653
495	587	-2.1162884
73	205	-2.1165226
896	444	-2.117369
824	158	-2.1173875
385	607	-2.1175883
755	517	-2.1177716
864	503	-2.1178532
892	652	-2.1179795
449	568	-2.1181612
549	182	-2.1208682
889	655	-2.1250756
668	173	-2.125568
796	149	-2.1256244
801	149	-2.127769
847	150	-2.1290298
606	184	-2.1292675
692	500	-2.1304677
575	180	-2.1306891
28	182	-2.1378014
909	662	-2.138262
752	157	-2.1390076
361	600	-2.1406357
657	179	-2.141375
795	153	-2.1420145
67	27	-2.1424441
633	546	-2.1437721
704	531	-2.1440277
457	564	-2.1473475
109	651	-2.1485295
29	168	-2.1525826
502	580	-2.1529725
488	582	-2.1539097
260	455	-2.1575127
798	517	-2.15756
930	133	-2.1593728
816	515	-2.1594076
522	536	-2.1598258
888	448	-2.1600606
925	491	-2.1604855
885	142	-2.1612008
450	556	-2.1618512
354	217	-2.1625319
426	559	-2.1638424
590	525	-2.1641726
409	594	-2.1643364
806	147	-2.1647112
869	146	-2.1651022
357	596	-2.165236
688	502	-2.165685
519	541	-2.1657224
589	554	-2.1663888
408	570	-2.1700218
915	645	-2.1703017
868	450	-2.1704223
407	582	-2.1705384
493	554	-2.17158
748	492	-2.173888
410	604	-2.1742842
807	462	-2.1743627
705	501	-2.175836
752	162	-2.1761272
611	561	-2.1765354
918	649	-2.1766746
901	490	-2.1772232
833	147	-2.177725
51	22	-2.1780162
607	562	-2.178122
583	553	-2.1788335
30	191	-2.1791022
551	189	-2.1816719
740	164	-2.1817932
485	549	-2.1826115
616	175	-2.1836123
700	164	-2.18374
624	173	-2.1863825
768	489	-2.1878605
431	565	-2.1880558
869	503	-2.1887028
831	464	-2.1928287
399	202	-2.1932168
892	447	-2.1933506
699	495	-2.1949487
633	537	-2.1960275
758	526	-2.197533
752	512	-2.19758
935	139	-2.1981294
755	154	-2.1981966
558	193	-2.1983738
29	27	-2.1986794
586	534	-2.2020197
603	563	-2.2028682
702	504	-2.2035832
681	499	-2.20405
758	165	-2.2045324
644	181	-2.2045646
611	550	-2.204916
625	555	-2.2055674
673	515	-2.2078564
765	147	-2.2083788
416	572	-2.20902
747	487	-2.2096074
490	557	-2.209653
778	504	-2.2111347
74	30	-2.2119217
602	181	-2.2121398
652	543	-2.214006
901	660	-2.2155669
356	212	-2.218349
327	590	-2.2185152
533	190	-2.2225208
480	198	-2.2238445
466	559	-2.224227
636	171	-2.225643
79	31	-2.2258456
555	182	-2.2261086
459	198	-2.2262821
731	497	-2.2267435
718	491	-2.2271202
425	576	-2.2277195
630	171	-2.2280269
476	582	-2.2291477
923	132	-2.2293153
731	483	-2.230011
347	584	-2.2306542
489	552	-2.2312722
801	481	-2.2313685
700	540	-2.2321064
896	660	-2.2349603
46	191	-2.235285
874	491	-2.2360146
626	187	-2.2396576
573	194	-2.2400575
618	519	-2.2406352
678	502	-2.2406418
495	547	-2.2408037
770	162	-2.2412014
606	521	-2.2424064
740	489	-2.2426689
352	614	-2.2432637
503	199	-2.2441537
668	538	-2.244245
827	467	-2.2445068
632	185	-2.244721
932	432	-2.2466507
353	609	-2.2477393
876	146	-2.248181
96	647	-2.2503912
440	559	-2.2516854
678	171	-2.2518206
233	412	-2.2519326
505	587	-2.2527142
457	549	-2.2544115
262	464	-2.255793
846	142	-2.256385
421	584	-2.2592683
629	515	-2.2594388
543	189	-2.2601655
423	198	-2.2605815
894	141	-2.2610154
68	215	-2.2613833
791	149	-2.2614055
56	204	-2.2618375
546	545	-2.2630613
590	183	-2.2630734
361	608	-2.2634509
479	560	-2.2635798
29	51	-2.2651503
392	599	-2.2652164
566	197	-2.265244
56	42	-2.2653043
754	483	-2.2668438
916	488	-2.2685084
469	552	-2.2703702
466	587	-2.2705088
857	139	-2.2722607
429	577	-2.2726464
631	559	-2.2768655
31	45	-2.277874
525	540	-2.278656
360	574	-2.2786753
838	142	-2.280232
897	492	-2.2809315
937	442	-2.2815216
905	647	-2.2828634
796	508	-2.2829745
762	164	-2.2835581
521	578	-2.283919
34	195	-2.2841332
783	484	-2.2841446
452	564	-2.2848363
85	214	-2.2851949
473	555	-2.2878041
911	438	-2.2883234
403	205	-2.288697
411	581	-2.2888603
645	512	-2.2890868
390	607	-2.2892451
913	445	-2.2914515
62	21	-2.2926004
939	652	-2.2931592
814	498	-2.2939494
791	483	-2.2940135
527	187	-2.294055
541	182	-2.294154
910	144	-2.2947161
576	529	-2.297713
663	539	-2.2981808
481	555	-2.2983677
534	183	-2.3001297
499	584	-2.3032525
932	649	-2.3033428
883	492	-2.304425
500	546	-2.306437
768	518	-2.3071442
450	207	-2.308787
825	146	-2.3107872
890	659	-2.3110952
437	597	-2.3146892
929	483	-2.3159938
742	495	-2.3194625
517	579	-2.3207374
880	143	-2.3222134
480	583	-2.3225236
768	475	-2.322848
615	189	-2.326013
704	493	-2.326943
590	188	-2.3273485
879	459	-2.3293915
748	521	-2.331162
919	643	-2.3326383
694	539	-2.33305
401	587	-2.334896
688	531	-2.3351376
902	136	-2.3362198
487	194	-2.3381567
388	569	-2.338819
828	473	-2.339182
837	146	-2.3397846
697	503	-2.3398108
437	572	-2.3400059
596	180	-2.3413143
717	540	-2.342731
439	565	-2.3430347
467	567	-2.3433733
662	551	-2.3448944
732	541	-2.3449178
44	183	-2.3458612
43	188	-2.3471913
900	664	-2.349726
702	175	-2.3516612
532	547	-2.3523629
781	472	-2.3532228
485	578	-2.353379
904	444	-2.3535812
550	196	-2.3536649
673	172	-2.354456
794	516	-2.3548026
461	560	-2.3552835
406	605	-2.3554268
926	432	-2.3556483
508	199	-2.3564262
587	521	-2.357141
50	44	-2.3580387
358	581	-2.3583164
375	599	-2.360959
783	155	-2.361497
681	534	-2.3614984
560	197	-2.3617716
878	493	-2.3637595
656	542	-2.364491
380	573	-2.365387
615	559	-2.3662815
444	194	-2.367223
461	555	-2.368446
527	584	-2.3708615
400	606	-2.3711994
637	547	-2.3727841
379	611	-2.3735127
784	163	-2.3739457
921	494	-2.3741999
554	527	-2.3742418
798	470	-2.3744714
821	468	-2.3747616
463	584	-2.377176
927	130	-2.3804626
651	535	-2.380557
748	483	-2.3810723
458	206	-2.382095
309	625	-2.3822987
402	565	-2.3846703
527	199	-2.3850362
420	599	-2.3868463
722	488	-2.387856
599	562	-2.3898127
255	438	-2.3904355
782	503	-2.3926194
410	599	-2.3926797
582	526	-2.3952415
72	26	-2.3955517
930	438	-2.3955975
543	578	-2.396775
884	455	-2.3970523
93	652	-2.3984108
843	152	-2.3999505
528	572	-2.4011886
760	475	-2.401231
396	597	-2.4013493
805	466	-2.4058194
389	207	-2.4067576
685	498	-2.4079807
595	194	-2.4080696
571	181	-2.4100244
906	145	-2.4106283
636	184	-2.4109135
445	569	-2.4117594
905	664	-2.4121904
494	577	-2.4130473
851	152	-2.4134176
599	190	-2.413547
759	161	-2.414162
443	208	-2.41547
573	534	-2.415701
833	468	-2.4169044
859	152	-2.417246
511	585	-2.4191008
868	491	-2.421834
896	436	-2.422005
750	517	-2.4223845
865	147	-2.4228935
477	554	-2.4230905
709	503	-2.4231615
610	189	-2.4249017
696	163	-2.4261487
541	540	-2.4265516
373	592	-2.4272952
653	509	-2.4281142
613	538	-2.428236
496	551	-2.4292905
528	183	-2.431335
941	131	-2.4316137
747	154	-2.4321222
603	532	-2.4322977
847	504	-2.433639
696	508	-2.433837
382	599	-2.434025
272	481	-2.4344175
713	163	-2.4353504
673	543	-2.4414496
788	514	-2.4415364
763	520	-2.4423127
520	199	-2.4435031
885	656	-2.4443326
915	441	-2.4491985
531	194	-2.4495842
25	172	-2.4513116
584	547	-2.4514534
635	552	-2.452448
370	208	-2.4536166
476	563	-2.4536283
934	437	-2.454615
737	481	-2.4547896
671	504	-2.4554226
747	537	-2.4563253
682	170	-2.458745
47	21	-2.4602602
748	513	-2.4616387
249	434	-2.4619374
367	578	-2.4623668
244	417	-2.4626167
789	503	-2.4628417
810	512	-2.4635746
390	593	-2.4658873
36	184	-2.4661794
392	570	-2.4663045
904	497	-2.4666817
103	643	-2.4673264
715	531	-2.468488
328	594	-2.4694192
876	504	-2.4706028
900	496	-2.4724429
537	192	-2.4726486
54	46	-2.4740908
361	221	-2.4750438
858	464	-2.4753475
579	182	-2.4758842
384	220	-2.476345
845	449	-2.477288
423	565	-2.4779193
453	560	-2.481209
518	537	-2.4814665
398	569	-2.4826338
463	199	-2.4826977
255	447	-2.4834073
754	527	-2.486308
868	499	-2.4865916
933	428	-2.4869893
790	163	-2.4881647
523	188	-2.4883451
901	433	-2.4903748
823	473	-2.4913857
469	578	-2.4918318
767	159	-2.4926755
33	177	-2.494496
697	530	-2.4957461
609	530	-2.4971328
500	555	-2.4975603
905	432	-2.4989843
457	557	-2.4993877
593	555	-2.5007913
34	51	-2.5015955
373	574	-2.5023656
506	545	-2.5027862
418	603	-2.5047603
239	423	-2.5056543
427	563	-2.5063937
687	540	-2.5064135
420	579	-2.5069194
855	150	-2.5069811
421	592	-2.5082252
596	543	-2.5085025
810	500	-2.5086935
471	566	-2.509078
708	541	-2.509859
737	529	-2.5106943
909	444	-2.5114632
407	587	-2.5137794
394	218	-2.5148582
590	547	-2.5150347
366	593	-2.5150607
456	594	-2.5166364
462	589	-2.51684
861	148	-2.5170352
621	187	-2.5176682
890	664	-2.5183544
787	153	-2.5204666
741	154	-2.520908
66	196	-2.5209568
480	578	-2.5213447
854	462	-2.5216699
774	165	-2.5230813
762	524	-2.5261643
836	464	-2.5265028
605	188	-2.5296328
415	568	-2.529644
936	433	-2.5314658
744	490	-2.5316186
940	137	-2.532194
406	598	-2.5325565
568	536	-2.5335302
920	436	-2.5336924
396	607	-2.5344172
60	38	-2.5353255
47	187	-2.5354595
741	480	-2.5359488
538	573	-2.537821
55	209	-2.5380976
625	537	-2.5426412
824	510	-2.5429158
313	623	-2.5439758
802	163	-2.544145
691	496	-2.546831
553	193	-2.5483892
418	199	-2.5484784
527	536	-2.54869
763	160	-2.5492108
429	584	-2.5493684
872	495	-2.5496175
674	501	-2.5498629
48	50	-2.5499191
83	27	-2.551466
348	616	-2.5528238
480	204	-2.5532453
106	654	-2.558358
344	597	-2.5586843
832	156	-2.5598881
335	587	-2.5600264
83	32	-2.5601983
671	550	-2.5617244
926	144	-2.561924
515	199	-2.562073
599	521	-2.562719
466	592	-2.563353
470	558	-2.5635056
895	452	-2.5647454
521	586	-2.5683584
256	451	-2.5690536
370	600	-2.5691376
375	612	-2.570099
411	586	-2.5703335
453	569	-2.5703526
501	588	-2.5709038
689	526	-2.5725472
546	192	-2.5729427
876	445	-2.5731082
847	466	-2.573375
810	477	-2.5743172
605	178	-2.5754097
775	488	-2.5754447
828	157	-2.575744
608	175	-2.5766144
383	612	-2.5790145
872	143	-2.579837
839	506	-2.580421
362	613	-2.5804482
380	607	-2.5813365
78	27	-2.5827055
910	488	-2.5858586
30	40	-2.5863717
574	538	-2.5877814
915	430	-2.589795
847	499	-2.5900235
759	152	-2.5914507
439	195	-2.5916936
396	565	-2.5926666
39	49	-2.5928319
516	186	-2.5928392
37	176	-2.5929418
426	580	-2.5930772
595	522	-2.5933406
497	539	-2.5967178
748	164	-2.5989625
648	182	-2.5997066
92	222	-2.6000376
679	178	-2.6013527
512	543	-2.6025164
70	32	-2.6027863
475	550	-2.6031418
687	535	-2.6036732
713	490	-2.6043062
941	437	-2.6047285
391	574	-2.6061506
899	476	-2.606477
267	468	-2.6071002
728	542	-2.6076093
928	428	-2.6083136
891	454	-2.6083543
927	641	-2.6084285
584	180	-2.609917
869	139	-2.6099966
916	131	-2.6102939
467	198	-2.610564
249	424	-2.6113806
826	516	-2.6119044
720	500	-2.6137757
361	595	-2.613965
487	203	-2.6142912
569	528	-2.6147437
44	45	-2.6165674
654	182	-2.6166549
946	131	-2.618074
661	533	-2.6204472
624	515	-2.6213405
842	143	-2.6213522
668	179	-2.6214845
469	192	-2.621806
351	601	-2.6225293
689	176	-2.6225557
692	535	-2.622564
548	527	-2.6226563
474	591	-2.6229534
857	145	-2.624525
236	419	-2.6246915
26	54	-2.625169
62	42	-2.62635
460	567	-2.626507
597	176	-2.6266768
449	561	-2.6272302
416	213	-2.6284618
756	522	-2.6284623
419	566	-2.6289704
496	559	-2.630654
898	449	-2.6321192
361	209	-2.6329591
236	404	-2.6330564
529	544	-2.6332035
583	522	-2.6336026
475	559	-2.6337004
818	147	-2.6337016
30	55	-2.634049
556	540	-2.6351042
547	577	-2.6354735
725	176	-2.6364226
725	483	-2.639021
752	536	-2.6391983
252	463	-2.6407697
40	199	-2.6415129
708	491	-2.6418204
768	524	-2.6422672
543	196	-2.644187
514	536	-2.6469867
756	534	-2.647282
433	598	-2.6489873
274	485	-2.653599
609	518	-2.6550543
61	191	-2.6554472
662	518	-2.6557333
465	554	-2.6558545
305	626	-2.6561594
887	136	-2.6590931
627	560	-2.6608784
593	535	-2.6611924
490	578	-2.6618352
760	506	-2.6619625
25	164	-2.6623137
660	506	-2.6645622
50	192	-2.6655524
694	544	-2.6658525
35	170	-2.6674867
440	569	-2.6695535
716	501	-2.6695962
706	162	-2.669819
551	200	-2.66991
926	439	-2.6700654
685	177	-2.673809
352	578	-2.6739712
422	561	-2.6744735
934	131	-2.676232
869	464	-2.676697
843	147	-2.6774368
604	174	-2.6788967
487	560	-2.6790519
742	527	-2.6802654
898	137	-2.680527
424	600	-2.6806016
761	531	-2.6811655
615	564	-2.684326
851	139	-2.6853678
783	150	-2.6861756
628	526	-2.6862109
608	539	-2.6870449
675	179	-2.6877646
433	576	-2.6888216
785	473	-2.6908622
851	147	-2.6947455
430	601	-2.6958373
619	555	-2.6958432
912	133	-2.6959372
636	502	-2.6961167
44	51	-2.6963143
923	642	-2.6972456
401	209	-2.6981082
540	581	-2.6981456
780	515	-2.6981456
897	486	-2.6995406
504	538	-2.699756
887	494	-2.7033315
350	596	-2.7036
58	212	-2.7041888
561	526	-2.7058024
385	573	-2.7063375
820	511	-2.7087946
493	540	-2.713766
769	146	-2.714063
391	566	-2.71456
595	563	-2.7156746
834	506	-2.7199922
373	221	-2.7200115
710	529	-2.720577
672	539	-2.7206626
695	494	-2.7211542
416	581	-2.7219527
801	463	-2.7221324
404	569	-2.7224486
323	591	-2.7227707
744	167	-2.7228024
919	442	-2.7239783
57	28	-2.726075
547	199	-2.7264245
539	527	-2.726719
792	472	-2.7280188
33	166	-2.7296975
64	37	-2.7305539
465	206	-2.7308865
605	517	-2.7318616
23	168	-2.7336195
912	496	-2.7342129
873	666	-2.7343428
384	204	-2.734647
63	214	-2.7352777
882	442	-2.7353406
882	496	-2.736295
498	578	-2.7367415
642	509	-2.7379417
864	464	-2.7421901
386	595	-2.7438893
524	196	-2.7453325
377	206	-2.7461965
806	502	-2.7473114
417	586	-2.7490978
568	178	-2.751007
87	31	-2.7516835
338	600	-2.7534978
944	433	-2.7541256
508	186	-2.7547164
732	174	-2.7564342
564	538	-2.7567892
885	664	-2.760267
639	559	-2.7610917
693	531	-2.7615495
785	518	-2.7622175
580	178	-2.76227
394	202	-2.7645323
472	198	-2.7660933
683	525	-2.767269
423	596	-2.7676365
349	610	-2.7688618
579	539	-2.7698286
70	38	-2.7717512
247	438	-2.7727802
928	645	-2.7743294
677	498	-2.7756767
920	484	-2.7759473
501	550	-2.7798905
941	486	-2.7802498
330	587	-2.78053
881	658	-2.7810462
365	610	-2.7817228
732	530	-2.782054
746	525	-2.7821603
664	181	-2.7825415
432	210	-2.7826595
876	141	-2.783051
482	573	-2.7831542
52	40	-2.7837265
432	554	-2.7855804
878	666	-2.7857246
863	499	-2.786572
895	664	-2.7873507
83	222	-2.7875156
53	50	-2.7888184
473	544	-2.7920494
334	595	-2.7937255
703	543	-2.7945373
869	446	-2.795134
577	524	-2.795151
679	542	-2.795283
855	504	-2.7964878
717	162	-2.796812
747	148	-2.7972267
927	479	-2.7974916
378	567	-2.7984118
550	572	-2.7985444
557	536	-2.8003204
485	591	-2.8010745
888	498	-2.801727
876	498	-2.8067088
929	493	-2.808275
775	153	-2.8087966
640	503	-2.8097754
474	578	-2.8100624
510	577	-2.8107202
738	169	-2.8110907
780	487	-2.813888
244	457	-2.8146095
549	540	-2.817442
407	566	-2.81824
848	495	-2.8183851
645	522	-2.8201606
873	463	-2.820362
585	176	-2.8204315
31	160	-2.820495
404	217	-2.8207808
591	520	-2.821243
842	464	-2.8230097
614	518	-2.8231943
800	502	-2.8232436
691	510	-2.8237252
946	439	-2.8239868
356	576	-2.8245564
667	543	-2.8270364
629	549	-2.8278365
851	465	-2.8294773
370	595	-2.829502
903	477	-2.8296862
638	524	-2.829763
385	566	-2.8301358
761	156	-2.8313684
888	490	-2.8317833
95	643	-2.8323689
517	587	-2.833003
898	480	-2.8333137
566	532	-2.8336987
247	430	-2.8337495
542	535	-2.834351
862	138	-2.835593
38	53	-2.8391793
771	157	-2.8404605
319	623	-2.841097
242	411	-2.8411472
437	551	-2.841615
43	178	-2.8454845
798	512	-2.8459246
366	601	-2.8464005
754	166	-2.8488667
524	181	-2.849045
716	487	-2.8494756
520	185	-2.849972
797	145	-2.8500175
755	509	-2.8527472
672	531	-2.8536162
51	188	-2.8544009
505	552	-2.854639
775	501	-2.8568916
697	525	-2.8574717
263	452	-2.86018
724	499	-2.8607497
864	445	-2.8616002
745	479	-2.861832
454	589	-2.862649
879	662	-2.863353
638	511	-2.863553
779	500	-2.8645272
516	544	-2.864627
494	569	-2.8646863
468	574	-2.8657968
546	573	-2.8661578
317	591	-2.866162
542	574	-2.8670373
804	512	-2.8690805
257	443	-2.870967
682	539	-2.8716965
474	205	-2.8725028
860	504	-2.8729851
893	490	-2.8735201
382	593	-2.8758314
263	469	-2.8760536
27	44	-2.8760629
240	455	-2.8776379
405	592	-2.87856
802	145	-2.8817737
432	580	-2.882374
756	492	-2.8828695
537	536	-2.8833523
460	593	-2.8845031
551	530	-2.884643
552	536	-2.885673
928	446	-2.8865163
720	159	-2.891704
930	142	-2.8922865
910	643	-2.893034
681	512	-2.8950791
840	468	-2.89706
460	191	-2.8974903
49	183	-2.8987129
937	484	-2.8998451
25	178	-2.8999436
395	593	-2.900779
884	146	-2.9041283
767	152	-2.9050658
859	445	-2.9070742
806	520	-2.9085958
453	576	-2.9086354
489	541	-2.909813
710	160	-2.9121919
522	544	-2.9124837
234	398	-2.913413
506	578	-2.9148748
264	456	-2.9165833
597	517	-2.917438
801	520	-2.9182842
47	203	-2.9185443
532	570	-2.9209604
592	176	-2.9219134
735	496	-2.922149
887	479	-2.922512
509	589	-2.9225748
425	586	-2.9240541
446	573	-2.9243033
887	440	-2.9251735
653	520	-2.9263067
917	446	-2.9267466
830	508	-2.9271877
88	27	-2.9273548
414	606	-2.9351745
877	137	-2.935935
341	584	-2.9361308
107	644	-2.9363217
531	186	-2.936698
377	591	-2.9368918
931	639	-2.9374547
922	429	-2.9377272
655	167	-2.9380727
582	196	-2.9382493
535	526	-2.9389389
775	148	-2.9404333
422	604	-2.9413815
751	475	-2.9423914
836	158	-2.9423954
532	536	-2.9435499
818	499	-2.9443593
273	476	-2.9447942
666	502	-2.9450667
795	520	-2.945847
744	517	-2.946636
500	187	-2.9470165
900	132	-2.9497259
567	541	-2.9509563
660	182	-2.9520555
412	591	-2.9537878
905	133	-2.9572263
538	196	-2.9582472
40	185	-2.960007
573	526	-2.9612536
42	22	-2.9619834
544	526	-2.9620252
777	471	-2.9637642
545	539	-2.9646547
834	143	-2.9657204
75	36	-2.9693053
429	597	-2.9716988
482	563	-2.9721034
234	392	-2.972308
836	510	-2.9724095
661	167	-2.977827
589	561	-2.9783418
411	567	-2.9795022
614	530	-2.9801016
39	44	-2.980629
682	530	-2.9822307
56	37	-2.9851832
78	207	-2.9870331
35	47	-2.9873855
950	133	-2.9883437
893	134	-2.9884846
779	151	-2.9919245
259	448	-2.9936724
933	481	-2.9938195
358	603	-2.9942791
384	603	-2.9943287
357	222	-2.9949899
70	22	-2.9962475
914	641	-2.996534
944	135	-2.998854
458	588	-2.9993765
565	525	-3.000264
76	23	-3.000526
547	531	-3.0017486
453	548	-3.0021837
840	499	-3.0023746
787	148	-3.0028481
878	671	-3.003841
867	495	-3.0041687
265	473	-3.004834
476	574	-3.0057638
39	180	-3.005816
924	482	-3.0075233
701	508	-3.0077164
511	547	-3.0087533
680	495	-3.012454
376	608	-3.0133088
944	652	-3.013961
401	593	-3.0161111
717	176	-3.016227
427	555	-3.0193489
632	503	-3.021259
538	531	-3.0217981
751	524	-3.0234184
844	496	-3.0236697
452	597	-3.0245373
620	172	-3.0263064
903	448	-3.0286803
498	573	-3.030876
347	600	-3.0330014
733	479	-3.034507
59	46	-3.0373929
654	505	-3.038231
514	552	-3.0394459
621	550	-3.0396662
445	577	-3.0398867
874	658	-3.0398903
892	495	-3.0399537
244	445	-3.0404577
366	207	-3.0407865
913	664	-3.0413818
325	622	-3.0421028
811	459	-3.045262
587	550	-3.0456953
528	548	-3.0466046
648	509	-3.0479288
675	525	-3.0509872
665	170	-3.0533707
246	463	-3.0538714
814	510	-3.0539067
610	565	-3.055303
851	503	-3.0561602
881	136	-3.0572026
260	472	-3.0576901
457	584	-3.0584576
493	189	-3.0621054
884	668	-3.0635917
446	591	-3.0677538
771	151	-3.0682547
551	524	-3.0696497
251	459	-3.0698056
642	535	-3.0699146
492	590	-3.070316
606	566	-3.0704677
686	167	-3.0716174
556	532	-3.072135
554	571	-3.0734587
240	407	-3.073789
401	601	-3.0743437
666	553	-3.077166
562	530	-3.0781808
247	420	-3.0786853
312	607	-3.0787277
864	666	-3.0793128
416	563	-3.082166
441	573	-3.082625
470	206	-3.0834124
32	30	-3.084945
320	587	-3.0875034
772	519	-3.0877557
742	521	-3.0886772
464	578	-3.0915458
780	165	-3.095222
677	514	-3.0959547
410	563	-3.0985668
839	495	-3.102468
921	447	-3.1080842
243	439	-3.108737
468	545	-3.1088657
548	535	-3.1093912
30	196	-3.1099725
863	507	-3.110009
406	562	-3.1103516
63	29	-3.1123147
822	498	-3.1133294
829	145	-3.1150079
763	492	-3.1153474
859	468	-3.1168437
720	483	-3.1171644
266	460	-3.1177514
886	660	-3.1179755
670	500	-3.1194777
240	427	-3.120358
48	39	-3.1214013
26	189	-3.121412
251	448	-3.1214278
55	187	-3.123795
849	447	-3.1251228
378	595	-3.1252608
604	559	-3.1266537
482	193	-3.126967
669	526	-3.127714
773	472	-3.1277316
648	168	-3.1278062
420	212	-3.1300607
561	534	-3.1305702
678	537	-3.1308167
499	202	-3.1326253
363	571	-3.1327786
560	539	-3.1341915
538	523	-3.1343641
528	527	-3.1343844
814	146	-3.1349447
795	462	-3.1352065
883	500	-3.135788
728	480	-3.139491
276	489	-3.1466599
229	399	-3.1467395
512	185	-3.1468294
832	472	-3.1475155
436	579	-3.1500292
901	648	-3.1512547
699	544	-3.1532228
255	455	-3.1545954
714	159	-3.1548703
701	524	-3.1565595
899	146	-3.156782
785	500	-3.1605744
883	487	-3.1620426
66	41	-3.1627746
897	499	-3.166328
113	653	-3.1670237
843	505	-3.1674087
472	572	-3.1679041
701	160	-3.1683104
440	600	-3.1691275
949	128	-3.1756504
740	513	-3.1775777
932	445	-3.178795
389	603	-3.1805477
732	155	-3.1819365
841	156	-3.1837175
851	492	-3.1840565
579	555	-3.1843905
488	571	-3.1844723
615	551	-3.1853294
942	428	-3.1854093
352	213	-3.1858509
524	573	-3.1879358
932	643	-3.1885831
238	446	-3.1897287
233	388	-3.1900795
700	491	-3.1904995
317	607	-3.1915205
84	23	-3.1931114
552	543	-3.1947522
248	442	-3.196408
535	550	-3.1987984
71	200	-3.2021816
873	671	-3.2021992
796	485	-3.2026026
108	658	-3.204037
936	135	-3.2042155
872	506	-3.2055774
666	531	-3.2057521
711	177	-3.2069294
712	542	-3.2073233
424	211	-3.2102232
625	169	-3.2127168
532	529	-3.213591
89	217	-3.2144573
557	524	-3.214974
883	480	-3.2157102
232	417	-3.215772
393	604	-3.216261
252	469	-3.2199972
622	563	-3.2206562
556	201	-3.2207813
939	141	-3.2217965
533	522	-3.223814
914	449	-3.2256887
907	476	-3.2262266
457	570	-3.2281032
612	172	-3.229032
234	424	-3.2298696
28	202	-3.2309802
886	652	-3.231008
798	498	-3.2314432
880	505	-3.2327797
901	483	-3.2330148
387	611	-3.2332304
132	3	-3.23398
239	451	-3.2361128
458	577	-3.2364628
815	502	-3.236859
324	585	-3.2381005
600	173	-3.2388384
79	37	-3.2390952
267	453	-3.2407863
464	573	-3.2418215
51	210	-3.241882
946	139	-3.2443469
769	501	-3.2444487
370	612	-3.245099
765	527	-3.2451246
636	534	-3.2462277
872	487	-3.2476325
926	637	-3.2511065
253	432	-3.2520492
329	621	-3.2552767
588	196	-3.2567046
746	497	-3.2578886
777	518	-3.2599852
575	542	-3.262251
449	580	-3.2634006
34	42	-3.2652588
92	23	-3.265428
637	507	-3.2659636
104	660	-3.2662745
610	514	-3.2668674
577	197	-3.2674966
26	48	-3.2714307
691	163	-3.2728767
74	40	-3.2751667
112	660	-3.2753034
780	468	-3.277042
681	549	-3.2802777
542	530	-3.2823482
252	452	-3.2853084
27	58	-3.2883801
389	202	-3.2894208
685	548	-3.2901235
698	176	-3.290683
899	454	-3.2917602
514	576	-3.2924123
901	500	-3.2924354
376	603	-3.2927802
774	524	-3.2929525
763	151	-3.293454
945	482	-3.294158
633	509	-3.294543
833	452	-3.2946165
92	29	-3.2963185
235	437	-3.3008754
243	431	-3.301255
100	656	-3.3034945
727	530	-3.304898
251	428	-3.3051531
601	516	-3.3085752
357	607	-3.312743
563	200	-3.3131502
937	128	-3.3134694
113	647	-3.3137453
426	592	-3.3139503
478	592	-3.314155
28	208	-3.3151543
841	450	-3.3152986
534	197	-3.3160157
855	467	-3.3182418
95	225	-3.3204303
580	546	-3.3209481
751	152	-3.32095
249	466	-3.3213425
583	538	-3.3218489
689	547	-3.3220706
635	560	-3.323521
601	177	-3.3243773
572	177	-3.3250384
431	195	-3.3269885
662	501	-3.3280942
736	173	-3.3284833
576	176	-3.3312743
255	466	-3.3312871
865	671	-3.3319106
809	496	-3.3328605
380	221	-3.3329606
261	477	-3.3332593
611	556	-3.3357804
434	602	-3.338474
847	491	-3.3408957
931	128	-3.34132
673	497	-3.34267
891	478	-3.3449488
823	506	-3.3449955
363	604	-3.3458889
318	599	-3.3460338
920	129	-3.3486292
475	567	-3.3486965
255	460	-3.3496091
269	457	-3.3518586
52	54	-3.3536196
943	424	-3.3536658
442	592	-3.3544056
905	487	-3.3552005
450	572	-3.3567955
24	183	-3.3568916
910	448	-3.3569808
569	618	-3.3573802
728	500	-3.3588836
575	553	-3.3603795
870	483	-3.3610513
872	662	-3.3640807
619	515	-3.3675723
641	168	-3.3684046
385	590	-3.368724
644	502	-3.3714294
822	143	-3.3716137
401	561	-3.3726997
652	500	-3.3739736
116	658	-3.3742425
855	446	-3.3755083
517	548	-3.3790295
314	603	-3.3799024
127	3	-3.3806353
889	668	-3.385833
265	478	-3.3876824
780	524	-3.3881917
450	588	-3.3885963
495	203	-3.389396
909	430	-3.389615
602	567	-3.3922105
132	664	-3.3924434
76	221	-3.3941658
454	208	-3.395094
852	496	-3.396079
488	190	-3.3967206
259	468	-3.3972933
435	194	-3.3987143
814	479	-3.3999124
935	646	-3.4009771
373	568	-3.4014328
633	527	-3.4027066
781	146	-3.4028902
570	198	-3.4044764
679	526	-3.4050164
887	502	-3.4061813
655	534	-3.406984
940	432	-3.407511
889	132	-3.408079
373	205	-3.4080808
265	447	-3.4091182
580	640	-3.410596
343	601	-3.4111624
47	54	-3.4118414
882	653	-3.4122245
239	441	-3.4134994
805	498	-3.415912
788	486	-3.416656
625	529	-3.4169257
27	159	-3.4177985
710	487	-3.418071
810	145	-3.41816
606	192	-3.420583
541	550	-3.421805
33	37	-3.4218898
620	530	-3.422344
738	517	-3.4237702
800	459	-3.4262042
345	609	-3.4279346
438	593	-3.4288933
677	550	-3.4294887
742	150	-3.430137
476	197	-3.4324408
42	55	-3.4333339
863	153	-3.4340522
868	668	-3.4352367
751	495	-3.4355803
583	558	-3.4392428
229	411	-3.439953
913	485	-3.4406042
693	524	-3.4418511
477	191	-3.442667
784	469	-3.4429157
348	580	-3.4472716
749	509	-3.4493818
84	210	-3.449662
686	512	-3.452546
941	480	-3.4530506
542	564	-3.4535017
873	138	-3.4538043
781	519	-3.4542565
666	166	-3.4547403
524	550	-3.4594078
589	179	-3.4607105
482	568	-3.4643734
47	179	-3.4655614
497	591	-3.466848
843	492	-3.4677794
616	535	-3.4680052
895	145	-3.4699523
684	494	-3.470369
269	484	-3.4729502
418	559	-3.4748611
372	607	-3.4759202
860	671	-3.4771433
579	648	-3.4773102
895	477	-3.4779997
766	143	-3.4790964
645	506	-3.4795072
414	198	-3.479859
668	518	-3.4800823
118	664	-3.4807484
344	613	-3.4817219
365	597	-3.4820304
441	580	-3.4837441
244	452	-3.484151
28	214	-3.4856048
564	179	-3.4862926
868	507	-3.4898417
837	502	-3.4938831
547	523	-3.494613
888	457	-3.49544
269	464	-3.4980335
879	488	-3.4997666
850	507	-3.5009427
445	599	-3.5022438
633	168	-3.5024238
367	606	-3.5036662
632	533	-3.50479
409	608	-3.506002
508	536	-3.5072165
721	177	-3.5098305
328	583	-3.5102298
546	581	-3.5109515
423	556	-3.5119843
889	486	-3.5128706
785	524	-3.5132527
860	495	-3.513261
279	492	-3.5136282
894	668	-3.5157962
96	655	-3.518205
536	566	-3.5192807
128	665	-3.5199275
884	133	-3.5212033
925	661	-3.5216296
259	439	-3.5233998
703	488	-3.5237584
353	618	-3.5247483
847	138	-3.5251741
668	496	-3.5264585
32	212	-3.5267777
503	573	-3.527777
828	512	-3.5280685
19	169	-3.5287888
918	639	-3.5292003
99	660	-3.5326526
528	532	-3.5331793
918	663	-3.5354128
273	470	-3.537347
124	664	-3.5413349
35	159	-3.5419455
578	520	-3.5443594
353	573	-3.5463092
835	494	-3.5481906
909	130	-3.5498137
31	59	-3.551126
643	185	-3.5522978
437	584	-3.5539265
908	498	-3.554703
524	528	-3.5547447
805	482	-3.5555131
411	559	-3.557153
706	506	-3.5573666
772	491	-3.5574353
388	221	-3.55771
927	633	-3.558122
819	476	-3.5583076
352	605	-3.560008
869	672	-3.5609653
478	542	-3.5616336
744	512	-3.5619295
794	468	-3.5665383
766	504	-3.5666828
594	559	-3.5682056
506	556	-3.5712302
644	559	-3.5742462
239	436	-3.57495
665	527	-3.5763705
788	470	-3.5780716
478	570	-3.5797024
228	403	-3.5819602
35	199	-3.583022
311	613	-3.5836442
510	553	-3.584231
950	138	-3.584817
492	573	-3.5874605
95	26	-3.5877032
258	463	-3.5888872
723	156	-3.5908523
244	435	-3.5917168
601	540	-3.592044
628	511	-3.5942063
737	153	-3.5950465
597	556	-3.5980492
32	207	-3.599012
591	543	-3.600225
301	627	-3.6003227
945	488	-3.6009033
569	523	-3.6021066
87	36	-3.6031802
245	467	-3.6034822
39	172	-3.6049733
231	421	-3.6065226
948	653	-3.607067
593	516	-3.60716
921	479	-3.6071792
934	490	-3.6078982
649	505	-3.6163416
906	480	-3.6170936
491	561	-3.6209238
590	565	-3.6214533
392	611	-3.6219912
319	583	-3.6226156
594	567	-3.623304
315	587	-3.6293852
656	501	-3.6295874
765	472	-3.62959
607	534	-3.6309898
601	194	-3.6316268
750	168	-3.6320577
501	559	-3.6338484
499	569	-3.6344912
439	210	-3.6353772
261	444	-3.6358516
397	603	-3.6394305
34	56	-3.6404214
856	498	-3.6420965
25	26	-3.6451097
935	638	-3.6454914
829	477	-3.6458242
543	570	-3.6494415
811	520	-3.6498468
48	207	-3.650511
535	584	-3.65237
466	189	-3.652545
451	584	-3.6576495
670	168	-3.6591697
26	198	-3.6598275
128	7	-3.6602163
836	498	-3.660671
455	580	-3.6613925
559	178	-3.6620243
917	481	-3.662598
856	493	-3.6667407
136	4	-3.6669984
306	622	-3.667032
252	421	-3.6673014
841	139	-3.6680377
357	208	-3.6683593
587	544	-3.6697168
859	666	-3.6697974
359	616	-3.6716821
825	478	-3.6738896
410	199	-3.6742632
864	492	-3.6750076
767	531	-3.676171
324	595	-3.6761882
893	500	-3.6764808
120	653	-3.6771362
43	204	-3.6780512
308	609	-3.6787612
462	546	-3.6791306
896	131	-3.67915
445	584	-3.680485
28	31	-3.6827643
337	613	-3.6829185
416	590	-3.6854255
768	167	-3.687386
230	436	-3.6879168
502	183	-3.6882646
473	193	-3.691998
713	504	-3.6930768
811	504	-3.6936975
944	127	-3.694708
942	465	-3.6962214
866	136	-3.6968977
852	673	-3.701501
494	179	-3.703814
873	442	-3.7046394
886	483	-3.706002
112	671	-3.7072768
337	583	-3.7079191
724	479	-3.7141554
789	523	-3.714528
648	501	-3.7183192
246	413	-3.7190788
858	658	-3.7202547
846	508	-3.721474
96	221	-3.7220638
630	189	-3.7221162
37	165	-3.723142
866	662	-3.7232182
388	563	-3.7239058
883	460	-3.7246716
791	463	-3.7249372
404	609	-3.7317584
123	4	-3.7329104
606	513	-3.7330706
38	21	-3.7346056
316	626	-3.7360122
506	569	-3.736298
531	551	-3.7379396
628	506	-3.7383463
596	172	-3.741241
891	138	-3.7430446
911	475	-3.744411
59	18	-3.744448
894	481	-3.7446516
937	429	-3.7491138
321	605	-3.7495906
11	168	-3.7509239
542	200	-3.751772
95	32	-3.7528527
320	594	-3.7528884
867	487	-3.7550426
279	486	-3.7554767
954	131	-3.7557955
133	7	-3.7561545
557	544	-3.7603183
832	513	-3.7604294
517	182	-3.7607827
470	594	-3.7620249
702	520	-3.762352
948	434	-3.763728
138	664	-3.7641277
628	534	-3.7641482
434	594	-3.765246
584	518	-3.7662323
254	425	-3.7663524
827	453	-3.7663903
890	482	-3.7689474
114	666	-3.769879
486	567	-3.7709413
346	576	-3.7747312
257	434	-3.7759051
934	465	-3.776029
941	469	-3.7792695
581	644	-3.779453
691	490	-3.7820654
312	591	-3.7826886
758	143	-3.786753
80	22	-3.7875996
934	658	-3.7878678
230	428	-3.7923415
531	586	-3.7931814
847	156	-3.7938375
916	497	-3.7958
89	225	-3.7980883
448	549	-3.7985754
120	660	-3.7988677
826	495	-3.799297
867	152	-3.7994328
236	428	-3.8017411
91	33	-3.8018632
939	647	-3.802209
23	206	-3.8030193
107	671	-3.8031683
802	508	-3.803924
333	622	-3.8045843
589	537	-3.805594
697	488	-3.8060448
878	654	-3.8060563
878	483	-3.8071165
383	200	-3.8074374
856	672	-3.8103366
607	171	-3.8110292
124	10	-3.811402
928	475	-3.8117936
532	564	-3.8136156
124	658	-3.8155313
919	475	-3.8176968
723	529	-3.8177662
23	59	-3.8197732
646	534	-3.8205125
959	484	-3.8237388
32	24	-3.824433
598	566	-3.8257868
99	23	-3.8277762
945	420	-3.8283463
65	192	-3.8303542
433	586	-3.8324656
23	160	-3.8328261
706	527	-3.836802
714	527	-3.8368428
932	424	-3.8371434
242	461	-3.837785
58	50	-3.8378596
507	574	-3.8379514
641	531	-3.8416972
366	614	-3.846696
832	499	-3.8472981
588	173	-3.8483274
870	475	-3.8492892
574	521	-3.849671
249	455	-3.8498535
675	168	-3.8516614
315	612	-3.8520079
943	644	-3.8526664
247	449	-3.8527184
882	672	-3.8527942
65	18	-3.8533545
579	550	-3.8547447
483	189	-3.8548148
853	156	-3.8561852
879	479	-3.8572094
874	478	-3.857377
558	569	-3.861283
490	181	-3.861469
713	484	-3.8618062
562	522	-3.870795
256	471	-3.8708634
822	455	-3.8720996
872	149	-3.8721464
54	183	-3.873346
248	470	-3.8753667
740	499	-3.8776298
520	574	-3.88016
588	517	-3.8817647
642	525	-3.8829002
569	624	-3.8838913
344	618	-3.8863883
563	569	-3.886878
637	167	-3.8878877
688	493	-3.8891017
922	146	-3.890048
902	473	-3.8920581
819	518	-3.8921812
676	494	-3.892289
366	567	-3.8943179
645	530	-3.8946915
495	565	-3.8950822
740	542	-3.8968904
511	573	-3.898184
431	590	-3.9000266
862	675	-3.9012072
629	530	-3.901251
584	563	-3.9014268
545	549	-3.902908
393	562	-3.9044127
64	46	-3.9046288
66	33	-3.9055715
93	218	-3.9056072
674	164	-3.9079404
75	201	-3.909362
878	463	-3.9127789
899	668	-3.9129765
583	543	-3.915311
36	206	-3.9184668
922	638	-3.9201574
249	416	-3.923468
337	604	-3.9246259
110	664	-3.9276502
88	22	-3.9309072
598	513	-3.9334753
872	467	-3.9357693
826	142	-3.9376998
705	523	-3.9395096
869	658	-3.9418936
354	225	-3.9435349
619	566	-3.9436247
352	221	-3.948116
695	512	-3.9505663
269	449	-3.9509907
563	542	-3.9537625
550	547	-3.9546134
877	441	-3.9590838
54	213	-3.9597247
679	167	-3.961381
597	537	-3.9634078
312	618	-3.964111
615	514	-3.9668152
818	494	-3.9676914
449	191	-3.9684868
940	656	-3.970045
607	555	-3.9707332
357	571	-3.9714088
639	499	-3.9723587
793	498	-3.9735754
817	456	-3.974637
663	497	-3.9762297
11	8	-3.9772217
773	144	-3.9773653
792	145	-3.9783123
312	599	-3.9797106
934	144	-3.9815385
36	60	-3.9862318
808	508	-3.9881878
43	41	-3.9902387
898	472	-3.9903724
937	479	-3.990441
332	582	-3.9915552
495	185	-3.9919112
946	429	-3.997943
862	656	-3.998008
123	668	-4.000158
119	3	-4.0014277
577	652	-4.0021787
787	462	-4.002483
847	673	-4.0046477
602	512	-4.0046477
683	164	-4.0076036
23	51	-4.0084343
739	557	-4.0096183
918	147	-4.0108037
602	536	-4.0113482
12	164	-4.0161133
861	662	-4.0178957
231	395	-4.019157
840	511	-4.02028
551	568	-4.0223446
20	176	-4.0237164
828	504	-4.0273757
551	576	-4.0280433
17	165	-4.02805
918	427	-4.0290027
60	32	-4.029907
784	457	-4.0309205
28	64	-4.03318
223	457	-4.0337605
814	164	-4.034152
271	488	-4.035334
454	190	-4.035562
943	461	-4.0356646
702	512	-4.036207
348	216	-4.0371423
102	671	-4.0382085
792	459	-4.03958
443	603	-4.039825
92	648	-4.0407505
339	609	-4.041285
943	631	-4.0414743
577	672	-4.0428777
830	141	-4.043727
915	476	-4.0442333
324	580	-4.044294
427	196	-4.0488605
836	471	-4.049338
943	638	-4.04955
932	473	-4.051793
140	7	-4.05461
460	581	-4.0559673
576	547	-4.0569153
238	432	-4.0580645
329	598	-4.060383
949	481	-4.0606956
344	581	-4.0613046
809	481	-4.067006
659	529	-4.0687895
819	507	-4.070397
316	595	-4.070675
891	648	-4.076163
464	596	-4.082778
815	519	-4.0869966
438	604	-4.0874896
353	209	-4.0881305
579	635	-4.088439
837	490	-4.0884433
234	441	-4.0932984
865	468	-4.0966077
719	519	-4.09715
513	590	-4.097335
111	643	-4.0978036
925	449	-4.097877
938	643	-4.0992217
855	489	-4.0999846
42	208	-4.1001306
742	171	-4.1013317
327	605	-4.103794
340	619	-4.1053944
523	532	-4.1099977
880	148	-4.1100144
32	156	-4.110094
659	521	-4.1106443
342	577	-4.1137357
941	445	-4.116061
805	458	-4.1187305
428	212	-4.1192784
236	454	-4.1232185
588	672	-4.1239133
276	480	-4.125441
543	522	-4.1265187
682	181	-4.127671
116	6	-4.1289554
575	558	-4.1308455
728	513	-4.1311345
427	604	-4.13207
240	402	-4.132699
896	648	-4.1362743
59	216	-4.1394997
506	182	-4.1404047
651	165	-4.1415687
567	201	-4.1424556
83	38	-4.1451187
102	664	-4.145432
73	196	-4.147747
106	666	-4.1502547
118	669	-4.150827
317	619	-4.154458
63	50	-4.157015
537	180	-4.157058
443	588	-4.1637287
925	496	-4.164752
231	432	-4.165534
718	528	-4.1656017
758	548	-4.166256
132	11	-4.1692924
738	522	-4.169338
706	485	-4.173525
913	480	-4.1740084
504	591	-4.1756077
866	654	-4.1776175
943	142	-4.1780562
244	406	-4.179927
330	578	-4.180675
931	634	-4.183438
529	567	-4.1837115
60	187	-4.184907
360	225	-4.185008
806	165	-4.185122
888	147	-4.1876636
120	7	-4.188836
100	27	-4.1897674
893	485	-4.1906586
730	517	-4.192946
765	535	-4.193377
738	509	-4.193805
525	569	-4.195674
513	569	-4.201578
611	193	-4.2032595
571	630	-4.2040405
499	564	-4.204185
116	650	-4.205734
908	667	-4.2057953
824	502	-4.2095623
831	160	-4.2106996
929	450	-4.212108
649	531	-4.2123275
256	429	-4.2134876
228	415	-4.2168856
933	494	-4.2209954
909	483	-4.222903
519	528	-4.2232323
494	536	-4.2241025
736	543	-4.2261505
538	562	-4.2271233
746	475	-4.227382
450	602	-4.2282066
906	642	-4.229089
919	635	-4.2301507
380	615	-4.230922
490	565	-4.2312307
637	529	-4.232089
882	476	-4.232114
947	425	-4.232195
238	394	-4.2343855
651	558	-4.23466
505	565	-4.235015
36	213	-4.2361884
547	569	-4.2362576
548	564	-4.2376676
661	556	-4.2404194
837	449	-4.245663
609	510	-4.2458754
756	505	-4.24711
8	165	-4.2489347
124	0	-4.251302
20	181	-4.252869
520	551	-4.253217
938	489	-4.2541547
144	6	-4.257256
99	31	-4.257417
734	500	-4.2581906
130	656	-4.258929
14	171	-4.2589536
307	615	-4.259784
37	39	-4.2604103
874	651	-4.261723
472	189	-4.2621017
577	643	-4.263393
769	470	-4.2636833
364	224	-4.264496
380	203	-4.2653537
48	58	-4.26547
419	607	-4.2660894
896	457	-4.2670107
783	464	-4.268862
551	581	-4.270313
653	530	-4.270941
227	407	-4.277916
120	12	-4.2785344
844	469	-4.281633
22	55	-4.2824874
512	564	-4.284458
70	43	-4.284529
796	458	-4.2860794
136	10	-4.2929664
833	476	-4.293634
125	654	-4.2993746
891	436	-4.2998676
16	8	-4.3000264
539	569	-4.3017044
955	482	-4.3027854
855	664	-4.309765
262	481	-4.311325
484	540	-4.3117976
842	673	-4.312654
887	647	-4.3131514
19	60	-4.3157005
761	168	-4.318125
671	182	-4.3183274
57	54	-4.3194346
40	212	-4.321174
752	506	-4.3238626
686	522	-4.3260145
333	605	-4.329799
868	479	-4.331185
95	671	-4.333155
100	223	-4.3343444
253	474	-4.334936
676	529	-4.3352675
519	533	-4.3363085
33	203	-4.3372183
114	10	-4.340724
624	507	-4.342315
612	534	-4.343294
510	180	-4.343403
625	191	-4.3451147
28	36	-4.346281
927	468	-4.3476796
344	605	-4.348525
619	191	-4.349337
792	487	-4.3493705
576	639	-4.35102
936	425	-4.351124
309	603	-4.3522124
400	611	-4.3523555
238	459	-4.3524585
104	23	-4.3545213
235	449	-4.3564925
568	545	-4.3566103
328	614	-4.3567295
318	579	-4.3571463
112	4	-4.358227
856	471	-4.3585353
333	599	-4.360543
687	162	-4.36211
954	136	-4.3643675
528	562	-4.364405
887	672	-4.36634
616	170	-4.3673687
320	614	-4.369976
863	488	-4.3712063
324	601	-4.3724365
99	668	-4.372681
939	639	-4.373038
850	469	-4.373114
947	640	-4.37509
933	469	-4.375114
29	21	-4.377777
813	494	-4.377783
757	472	-4.378026
433	550	-4.378554
665	521	-4.3815746
883	649	-4.3823166
727	520	-4.3841343
24	210	-4.3855186
440	548	-4.3858886
241	465	-4.3874884
525	588	-4.390005
413	216	-4.390992
302	623	-4.3933682
396	612	-4.3936934
348	604	-4.394787
116	14	-4.395834
545	179	-4.396908
263	440	-4.397788
904	668	-4.3990555
819	481	-4.3994846
728	153	-4.40116
738	477	-4.401614
935	461	-4.402307
948	644	-4.4046197
824	483	-4.4050655
555	577	-4.4051423
672	519	-4.406667
579	561	-4.410364
922	664	-4.4106045
550	204	-4.410909
486	179	-4.4126067
106	6	-4.41592
693	179	-4.4173765
127	669	-4.422927
148	7	-4.4272227
851	484	-4.4284806
950	438	-4.4313807
659	498	-4.4336925
688	180	-4.433888
531	200	-4.435737
273	465	-4.437667
840	473	-4.4389367
555	566	-4.4398646
542	558	-4.443179
760	535	-4.443704
99	7	-4.4441953
516	572	-4.4451528
762	502	-4.4463983
749	551	-4.44784
874	675	-4.451362
431	605	-4.451973
72	18	-4.4528213
699	516	-4.457426
88	211	-4.458697
65	218	-4.461905
757	169	-4.462329
336	576	-4.462895
938	464	-4.4630895
95	659	-4.46465
530	557	-4.464901
297	626	-4.466172
681	491	-4.4671407
140	2	-4.467177
793	524	-4.4674163
78	41	-4.4695086
266	443	-4.4696484
715	518	-4.4709077
958	434	-4.4759984
51	36	-4.477311
4	8	-4.47885
734	513	-4.4800634
332	613	-4.480182
128	12	-4.4810967
783	142	-4.4813724
946	469	-4.481702
774	468	-4.484065
507	560	-4.486796
864	484	-4.489537
945	648	-4.4905653
581	174	-4.491123
584	639	-4.4941726
498	180	-4.498448
304	611	-4.500259
903	129	-4.505306
825	162	-4.5070043
336	617	-4.5126686
381	564	-4.513125
29	4	-4.514467
103	30	-4.515228
945	444	-4.5152717
788	458	-4.515341
938	474	-4.5159817
724	516	-4.5256414
698	521	-4.5275064
827	499	-4.53109
409	217	-4.5318933
594	572	-4.5359044
679	162	-4.5359564
512	559	-4.537424
520	179	-4.5381775
940	635	-4.539777
648	525	-4.5427685
32	63	-4.5429153
706	519	-4.5436225
626	502	-4.546492
717	523	-4.546502
859	490	-4.549849
670	163	-4.5505133
820	503	-4.5509667
135	667	-4.5518084
272	454	-4.552868
912	148	-4.553619
517	568	-4.554159
109	10	-4.555781
745	541	-4.556174
107	26	-4.564625
851	666	-4.56895
482	181	-4.5701814
709	524	-4.57236
315	582	-4.573015
730	509	-4.5740333
815	483	-4.5754623
73	8	-4.5763874
719	504	-4.5796776
554	521	-4.5804024
770	534	-4.581345
447	210	-4.5821366
69	193	-4.5832624
903	148	-4.5852957
620	506	-4.585643
194	543	-4.585935
824	491	-4.5866685
244	471	-4.5866814
566	520	-4.588646
661	525	-4.588663
742	476	-4.588778
866	676	-4.5907984
560	573	-4.5919085
227	433	-4.5923657
44	62	-4.596679
837	677	-4.599985
594	198	-4.600079
623	533	-4.6019025
134	657	-4.602083
918	450	-4.6032763
853	658	-4.603841
52	179	-4.6040883
944	474	-4.604398
94	635	-4.604782
843	677	-4.604784
369	204	-4.605187
858	676	-4.6101494
24	156	-4.611008
128	660	-4.6134176
702	484	-4.6177497
282	489	-4.617939
521	570	-4.617971
950	637	-4.6188955
729	177	-4.6209064
930	463	-4.6213856
817	143	-4.6215525
779	491	-4.6226954
531	180	-4.6273704
575	633	-4.627431
771	530	-4.628288
552	179	-4.628407
405	558	-4.63068
97	639	-4.6340246
854	136	-4.634733
537	200	-4.6353097
53	18	-4.637375
850	488	-4.6388273
620	511	-4.643984
571	672	-4.647504
61	8	-4.6489596
111	23	-4.6494927
41	59	-4.6502633
819	164	-4.650442
784	488	-4.650808
586	668	-4.6515822
760	495	-4.6537356
639	187	-4.6560206
753	549	-4.6562285
566	572	-4.6591244
923	634	-4.6603937
370	224	-4.6620326
870	652	-4.662188
573	625	-4.6652465
579	572	-4.6704626
322	576	-4.6709547
658	164	-4.6712523
142	663	-4.6716022
570	519	-4.672611
56	8	-4.673027
924	476	-4.673666
25	194	-4.6736794
582	672	-4.6742754
388	615	-4.6755557
860	482	-4.67666
536	558	-4.676792
645	165	-4.6776757
322	619	-4.678893
304	618	-4.682812
25	40	-4.6879973
564	576	-4.688733
20	6	-4.694235
858	156	-4.695486
663	163	-4.7006946
567	552	-4.7007246
906	451	-4.701313
836	673	-4.702769
676	518	-4.7044067
43	173	-4.706071
117	18	-4.7071233
489	593	-4.7073
552	563	-4.7111816
949	486	-4.712475
273	492	-4.714409
257	475	-4.7156873
870	135	-4.717553
131	668	-4.720061
323	609	-4.7201376
723	503	-4.7202153
685	490	-4.720464
7	169	-4.7219887
947	463	-4.722603
156	0	-4.723068
141	11	-4.7258735
573	617	-4.7259264
291	628	-4.728169
905	501	-4.7288165
697	159	-4.7292523
579	668	-4.7303877
946	457	-4.730535
529	523	-4.732015
95	6	-4.7341976
877	467	-4.736112
864	475	-4.7364497
23	45	-4.7365174
37	31	-4.737429
690	514	-4.738741
750	556	-4.738861
787	166	-4.7390766
279	477	-4.7410703
745	508	-4.7420473
939	422	-4.742356
767	493	-4.7435102
96	20	-4.746263
111	14	-4.7464128
828	481	-4.750314
777	527	-4.752139
835	139	-4.754029
935	632	-4.754284
152	5	-4.755109
850	677	-4.755206
70	219	-4.755923
324	613	-4.756567
899	128	-4.757178
599	570	-4.758015
959	476	-4.7599106
705	158	-4.763059
711	520	-4.7659454
36	4	-4.767463
170	0	-4.768981
847	483	-4.7729445
710	507	-4.773264
135	0	-4.773529
854	508	-4.7742944
949	421	-4.7771993
457	598	-4.778414
847	472	-4.783145
18	206	-4.783196
782	497	-4.784088
225	412	-4.784307
682	516	-4.7856827
500	536	-4.786396
99	227	-4.79078
924	127	-4.7916846
234	384	-4.7925234
50	8	-4.792638
949	442	-4.792651
945	656	-4.793567
858	135	-4.793765
947	634	-4.7939444
906	472	-4.7955465
856	483	-4.7993493
674	553	-4.8001385
613	568	-4.802108
959	671	-4.8038926
879	650	-4.8052473
504	203	-4.806452
224	466	-4.808152
832	677	-4.8091846
322	626	-4.8117847
190	545	-4.8121166
586	567	-4.8122425
672	493	-4.8123655
594	512	-4.81409
954	433	-4.8163157
96	10	-4.818092
937	468	-4.819316
326	618	-4.8223825
571	551	-4.8252206
44	37	-4.8253155
61	183	-4.8286777
776	497	-4.83119
956	438	-4.831621
878	133	-4.836412
894	473	-4.838887
160	1	-4.8392873
10	172	-4.842393
849	511	-4.842647
563	564	-4.8427777
734	518	-4.843969
39	161	-4.845459
733	151	-4.846184
959	526	-4.8479013
802	485	-4.8481307
635	188	-4.851029
694	516	-4.852327
24	63	-4.852677
94	36	-4.8540907
120	21	-4.854203
874	472	-4.857755
770	141	-4.8586917
690	521	-4.8590646
883	438	-4.8594594
652	524	-4.8619313
844	488	-4.862917
810	491	-4.862948
92	213	-4.8661423
958	133	-4.8663387
102	4	-4.869305
778	143	-4.870313
145	10	-4.8704143
225	419	-4.874054
564	547	-4.8748837
738	149	-4.87493
913	637	-4.8750653
857	654	-4.878787
164	0	-4.879079
225	400	-4.879128
117	645	-4.8802238
959	636	-4.8811426
582	651	-4.8822722
868	442	-4.884529
96	664	-4.8863025
24	4	-4.8867126
575	564	-4.88907
745	557	-4.889581
814	490	-4.891663
573	201	-4.891849
227	425	-4.893273
581	631	-4.898212
789	497	-4.898976
23	214	-4.9001436
223	408	-4.903035
830	494	-4.905446
311	595	-4.908058
885	129	-4.9081736
332	618	-4.908611
948	124	-4.909365
572	621	-4.911272
939	630	-4.912269
567	568	-4.912477
716	514	-4.913186
22	202	-4.9132237
348	572	-4.913595
719	479	-4.913812
124	19	-4.914989
104	10	-4.9153075
757	556	-4.915647
348	225	-4.9174914
384	616	-4.918046
149	653	-4.9185514
407	653	-4.919116
16	175	-4.9197593
229	440	-4.9207287
79	198	-4.9219832
830	517	-4.9241557
656	526	-4.9245505
567	628	-4.9249887
39	203	-4.9253416
115	1	-4.9263306
116	23	-4.9265733
886	475	-4.926835
21	25	-4.9275017
74	13	-4.9276686
374	616	-4.928139
953	127	-4.93162
283	493	-4.934253
17	160	-4.9368663
329	609	-4.942597
198	542	-4.9474974
48	30	-4.9482837
109	18	-4.949758
38	8	-4.9501653
911	452	-4.9503284
947	629	-4.9505534
914	472	-4.951498
524	564	-4.9526124
100	19	-4.9534907
53	29	-4.955477
879	675	-4.9556937
122	672	-4.956556
515	556	-4.961103
616	508	-4.9624166
77	18	-4.963286
231	447	-4.9645944
680	522	-4.965252
897	432	-4.965954
527	553	-4.9672403
280	496	-4.9678626
272	460	-4.9687514
592	171	-4.970474
376	224	-4.974613
247	409	-4.979224
28	155	-4.9800415
41	168	-4.981831
517	561	-4.983829
868	471	-4.9841423
261	435	-4.984313
776	535	-4.98436
580	565	-4.9847155
148	2	-4.9862676
946	478	-4.986923
176	0	-4.9877
9	161	-4.98815
156	6	-4.990281
44	214	-4.99269
149	11	-4.9933963
959	621	-4.9951906
568	580	-5.0015574
52	59	-5.002293
22	30	-5.0026207
882	465	-5.0038757
917	667	-5.0056033
560	203	-5.007997
723	521	-5.009845
3	162	-5.0109386
835	484	-5.010963
82	206	-5.011628
833	489	-5.011639
848	669	-5.01521
762	545	-5.015655
958	488	-5.017269
949	142	-5.017347
437	589	-5.020937
89	8	-5.0225253
232	456	-5.022882
755	496	-5.023508
939	460	-5.025606
138	658	-5.026842
64	188	-5.02766
484	206	-5.0281515
305	606	-5.0308304
843	484	-5.0336986
957	430	-5.0344224
734	526	-5.034894
537	554	-5.0356584
15	4	-5.037544
30	8	-5.039109
77	9	-5.040124
850	135	-5.0429516
775	531	-5.0434294
445	546	-5.0441356
4	166	-5.0499196
954	141	-5.051003
930	497	-5.051991
186	543	-5.052781
100	12	-5.0539513
678	182	-5.0551543
844	681	-5.057704
902	644	-5.0586042
717	156	-5.058847
108	2	-5.0615335
89	651	-5.062351
560	579	-5.0624294
957	128	-5.063358
511	533	-5.0654716
871	153	-5.0663214
21	186	-5.0683084
860	476	-5.0695105
583	570	-5.0724163
526	558	-5.073102
809	672	-5.0734396
48	63	-5.074747
566	621	-5.077343
629	167	-5.0776186
546	557	-5.079261
191	549	-5.082025
68	8	-5.0844865
224	453	-5.0850377
490	186	-5.085298
230	391	-5.085851
161	6	-5.0861044
912	669	-5.0864797
546	203	-5.087146
50	214	-5.0892253
44	8	-5.0904903
768	497	-5.091423
830	449	-5.092923
514	179	-5.0952587
883	471	-5.0964236
237	389	-5.096582
839	681	-5.1011386
525	175	-5.107576
512	202	-5.1080856
909	639	-5.110622
959	641	-5.111201
360	568	-5.1135993
950	430	-5.1161
144	1	-5.1186414
707	510	-5.1215153
902	429	-5.122471
98	3	-5.12487
283	485	-5.1262617
848	476	-5.1291733
949	649	-5.129535
743	553	-5.1308217
80	202	-5.131108
106	14	-5.139171
195	547	-5.1400914
787	143	-5.1401224
878	475	-5.1412277
276	473	-5.1434693
912	427	-5.144091
268	491	-5.1455007
91	644	-5.1458745
829	490	-5.1472425
707	545	-5.1505675
892	458	-5.151206
20	64	-5.154065
831	681	-5.1541796
705	515	-5.1580853
933	420	-5.15872
312	628	-5.1601596
301	615	-5.1627617
186	549	-5.1649694
308	598	-5.1707315
543	584	-5.175
762	469	-5.175764
343	573	-5.175843
816	670	-5.176346
113	19	-5.1783867
548	519	-5.179415
722	525	-5.1801376
280	481	-5.180598
750	540	-5.1806126
429	551	-5.1813025
585	643	-5.1815643
394	616	-5.1930532
536	519	-5.1948466
747	171	-5.1973643
780	459	-5.197434
959	631	-5.1979737
758	501	-5.2036304
859	508	-5.209368
83	19	-5.209529
891	128	-5.213093
589	570	-5.2160187
951	633	-5.21782
349	620	-5.2179337
273	450	-5.218053
85	10	-5.218195
588	653	-5.2203655
575	570	-5.22061
153	10	-5.2215123
125	15	-5.221702
556	581	-5.2217817
913	128	-5.2238445
721	513	-5.2262373
403	199	-5.230488
465	542	-5.2313523
270	495	-5.2339444
224	404	-5.2349496
943	671	-5.235528
958	586	-5.2373447
69	12	-5.238942
543	554	-5.241733
347	212	-5.242092
310	587	-5.2476306
892	672	-5.2505627
107	31	-5.25083
899	468	-5.25159
670	554	-5.252671
241	398	-5.253813
844	668	-5.2557974
844	475	-5.256018
643	498	-5.2564497
575	647	-5.2569857
861	652	-5.2574773
25	8	-5.2585826
731	503	-5.262443
954	486	-5.263478
314	578	-5.264561
328	625	-5.265573
570	614	-5.265602
802	495	-5.2658186
223	462	-5.267919
182	0	-5.26879
571	572	-5.272163
823	519	-5.273786
135	661	-5.2755246
221	413	-5.2756057
413	610	-5.275978
862	471	-5.280304
81	8	-5.280478
146	664	-5.281385
515	529	-5.2813897
810	166	-5.28456
951	641	-5.288353
876	151	-5.289724
233	380	-5.2903666
229	387	-5.291917
711	514	-5.292559
795	494	-5.293998
825	681	-5.296188
957	421	-5.296928
334	609	-5.296953
898	503	-5.3001842
590	513	-5.3013983
308	629	-5.305689
326	575	-5.307032
191	540	-5.308004
40	64	-5.308605
104	18	-5.3107133
927	424	-5.313798
772	498	-5.3147845
12	158	-5.3157363
832	672	-5.3181524
4	158	-5.319052
490	537	-5.3207264
75	44	-5.321286
276	495	-5.3232503
590	667	-5.324693
36	66	-5.3256044
226	437	-5.326817
153	654	-5.329671
47	211	-5.3322616
145	652	-5.332648
827	677	-5.332718
926	665	-5.3329334
139	668	-5.334122
959	470	-5.3349915
121	16	-5.341236
19	50	-5.3414025
91	19	-5.344783
564	581	-5.34597
195	539	-5.346134
844	135	-5.346246
90	39	-5.3482366
953	423	-5.351712
633	499	-5.3527064
202	541	-5.354239
91	672	-5.3560925
585	199	-5.356811
942	627	-5.3569417
739	552	-5.358109
225	470	-5.3636394
863	479	-5.3663926
769	538	-5.366656
890	474	-5.3669395
129	652	-5.367325
559	565	-5.3674436
730	523	-5.3675
236	463	-5.3690166
421	194	-5.3697786
959	571	-5.3706307
892	504	-5.3767
574	675	-5.377322
920	498	-5.3775544
851	681	-5.383221
799	524	-5.38382
91	4	-5.383957
221	418	-5.3866677
227	394	-5.3879747
11	206	-5.389076
30	68	-5.390974
68	47	-5.393035
603	170	-5.3949466
587	657	-5.395644
726	181	-5.396734
474	596	-5.3970394
584	647	-5.397215
407	612	-5.3976502
946	492	-5.398079
258	480	-5.4012303
949	657	-5.401329
8	156	-5.402127
165	4	-5.4031334
332	574	-5.4039183
705	178	-5.4041963
654	496	-5.40586
748	505	-5.4087634
877	508	-5.4091115
790	681	-5.4111595
523	524	-5.411858
727	504	-5.4151835
850	662	-5.416281
959	599	-5.4173155
92	11	-5.4173303
424	608	-5.4180193
820	681	-5.419022
775	140	-5.4191146
78	14	-5.4210978
757	538	-5.4222684
102	34	-5.423544
96	215	-5.4235854
692	486	-5.4249654
920	471	-5.4253893
244	401	-5.4255986
220	405	-5.4265437
585	635	-5.4272213
750	499	-5.427594
330	602	-5.429785
555	548	-5.430753
958	139	-5.4351974
461	209	-5.435475
157	11	-5.438044
524	202	-5.4418926
316	573	-5.4432874
959	579	-5.445207
605	570	-5.446164
42	4	-5.4511256
482	594	-5.451158
47	174	-5.4528327
840	669	-5.46032
660	494	-5.460398
240	469	-5.4615164
926	671	-5.4621773
930	662	-5.4625883
142	656	-5.4629517
605	509	-5.4636827
657	185	-5.4656525
191	554	-5.466822
778	464	-5.4678044
787	670	-5.4678993
936	446	-5.4692845
804	681	-5.4701023
397	560	-5.4706926
580	200	-5.472334
958	442	-5.4743185
253	417	-5.4750953
228	455	-5.4772816
959	590	-5.479374
791	455	-5.4818687
793	166	-5.4819555
502	178	-5.4833803
585	675	-5.4840283
11	3	-5.486113
558	519	-5.486777
363	617	-5.4871297
959	605	-5.4902377
134	671	-5.490547
0	159	-5.4921393
182	551	-5.495843
20	157	-5.4985704
121	649	-5.499306
362	205	-5.4995003
834	480	-5.5012927
308	592	-5.5035477
436	213	-5.503957
731	545	-5.5040436
824	672	-5.5085173
578	677	-5.5099072
884	506	-5.510981
762	142	-5.5131197
22	190	-5.519843
726	526	-5.5198994
874	134	-5.520591
173	3	-5.52104
18	56	-5.5225787
852	443	-5.5235534
567	563	-5.523678
777	168	-5.5261283
780	531	-5.529622
0	165	-5.531028
16	183	-5.532872
942	456	-5.534727
550	558	-5.5378866
219	409	-5.5380597
958	522	-5.539769
814	681	-5.5407176
517	176	-5.540841
949	625	-5.541541
20	211	-5.543623
687	517	-5.5451694
11	26	-5.5465927
930	673	-5.5470924
56	178	-5.55052
870	677	-5.552994
181	543	-5.5533624
266	487	-5.555859
554	205	-5.5559063
823	450	-5.5602436
111	28	-5.560436
299	620	-5.561043
564	555	-5.566383
458	545	-5.570877
21	198	-5.5734277
415	556	-5.574044
764	496	-5.5753965
959	566	-5.578179
570	677	-5.581603
387	619	-5.582371
65	184	-5.5865436
757	544	-5.587771
958	535	-5.589149
46	167	-5.5898266
903	469	-5.5901804
787	454	-5.592985
811	485	-5.5967536
724	544	-5.597411
959	666	-5.597888
953	653	-5.599199
2	170	-5.6007595
116	673	-5.6009145
805	670	-5.6014585
959	626	-5.602135
87	18	-5.6037226
711	156	-5.605035
939	493	-5.606579
954	476	-5.6070294
206	539	-5.6090484
163	11	-5.611824
572	546	-5.6122594
959	417	-5.6122646
571	635	-5.6128902
838	136	-5.6150603
287	495	-5.615313
33	216	-5.615457
400	220	-5.616411
549	551	-5.6164336
564	204	-5.619386
950	458	-5.619902
797	165	-5.620299
952	418	-5.6222024
837	514	-5.622484
337	623	-5.6249843
304	630	-5.62974
624	498	-5.629817
94	621	-5.6309185
221	469	-5.6313486
892	148	-5.6315255
15	63	-5.6336823
104	227	-5.634601
96	15	-5.636419
818	487	-5.637502
36	155	-5.638448
915	468	-5.6390357
415	653	-5.6393824
718	544	-5.64033
838	477	-5.6406918
227	448	-5.640967
925	472	-5.6410766
26	69	-5.6427417
519	555	-5.643726
232	469	-5.646611
133	653	-5.647117
187	553	-5.6488237
864	511	-5.6492434
249	475	-5.6533065
539	585	-5.654284
579	656	-5.6549907
468	598	-5.655192
931	459	-5.6561747
839	483	-5.656373
716	507	-5.656987
828	673	-5.664771
290	624	-5.6659775
568	586	-5.666662
621	168	-5.6673007
420	653	-5.667888
861	679	-5.668723
55	33	-5.669384
929	629	-5.669763
295	611	-5.6701593
13	153	-5.675449
744	501	-5.677164
98	634	-5.678363
761	551	-5.6798306
725	510	-5.680763
626	564	-5.681845
12	176	-5.68246
959	460	-5.685009
908	149	-5.685208
621	502	-5.68682
92	561	-5.6873636
387	198	-5.6907716
959	615	-5.690907
77	194	-5.692028
921	669	-5.692791
29	218	-5.693254
761	539	-5.6934476
131	15	-5.6940446
82	42	-5.695601
284	498	-5.6967645
231	452	-5.6968975
144	670	-5.6993146
692	159	-5.699521
507	177	-5.700709
630	563	-5.70193
398	198	-5.703025
286	628	-5.7046914
926	464	-5.707456
574	669	-5.707676
588	661	-5.7088556
82	13	-5.7109394
958	594	-5.712589
852	473	-5.7152433
486	185	-5.7156262
915	453	-5.7188215
115	27	-5.7191386
947	667	-5.7192993
419	216	-5.7221527
521	174	-5.72441
522	559	-5.7264137
15	179	-5.7266874
569	576	-5.728503
12	201	-5.7302976
714	480	-5.730307
556	562	-5.7306957
181	568	-5.736972
664	493	-5.741007
798	681	-5.7427955
87	207	-5.7433486
86	41	-5.7476044
45	66	-5.7478633
856	681	-5.7482905
568	557	-5.748796
137	654	-5.7490854
816	677	-5.7514215
12	189	-5.7522535
384	561	-5.752483
220	454	-5.7543254
844	445	-5.757568
277	469	-5.759207
12	12	-5.763057
229	583	-5.763794
753	143	-5.76387
226	429	-5.764417
829	485	-5.766179
820	671	-5.7689667
801	672	-5.771427
2	154	-5.771846
86	14	-5.7751637
12	69	-5.777783
181	562	-5.7778935
86	4	-5.7796893
840	487	-5.7818055
836	668	-5.78206
589	677	-5.7893257
788	527	-5.7965817
651	185	-5.7980714
913	500	-5.798474
64	12	-5.8008933
942	667	-5.8016186
480	538	-5.803357
756	552	-5.8041787
99	674	-5.805966
19	44	-5.808773
793	671	-5.8100176
822	677	-5.8109856
183	555	-5.8112793
172	568	-5.8163934
954	457	-5.821018
805	654	-5.824329
260	431	-5.824597
84	200	-5.8254967
250	412	-5.8256946
424	552	-5.8263927
8	11	-5.826933
958	530	-5.833947
230	383	-5.8348255
31	152	-5.838085
85	226	-5.838828
520	590	-5.8388844
60	179	-5.841032
187	539	-5.846621
294	623	-5.847639
956	124	-5.8477774
889	461	-5.848508
177	542	-5.849962
68	189	-5.850962
847	665	-5.8543425
299	672	-5.854553
130	672	-5.8555555
180	539	-5.8557954
696	484	-5.859361
922	673	-5.859718
56	58	-5.861676
647	186	-5.8632207
7	151	-5.863573
123	24	-5.864801
806	492	-5.866401
456	602	-5.8668404
954	638	-5.866916
518	203	-5.8733106
470	541	-5.874836
104	222	-5.8753996
959	558	-5.875765
789	490	-5.879822
91	208	-5.880596
406	663	-5.8809013
911	469	-5.8812933
959	513	-5.8852773
129	19	-5.889602
478	187	-5.890482
959	610	-5.8906345
955	629	-5.891586
934	671	-5.893972
933	449	-5.894366
254	478	-5.895327
73	191	-5.895899
804	141	-5.9005737
959	546	-5.9007373
62	54	-5.901458
609	569	-5.901532
565	617	-5.901624
179	3	-5.9033036
799	141	-5.903614
25	152	-5.9063315
301	608	-5.9110794
7	5	-5.911206
18	189	-5.91391
102	639	-5.914964
898	461	-5.9158964
895	644	-5.915981
938	672	-5.9160056
376	202	-5.916475
16	210	-5.9201765
573	654	-5.922233
588	681	-5.925027
809	681	-5.9260406
709	482	-5.928505
425	215	-5.9295216
98	35	-5.929984
314	569	-5.931268
958	426	-5.933851
958	540	-5.934045
855	476	-5.935821
511	176	-5.9378304
177	566	-5.9379225
256	420	-5.938488
51	175	-5.938914
813	142	-5.940663
956	644	-5.94118
563	551	-5.941215
21	153	-5.9415183
860	441	-5.942456
734	508	-5.943134
932	677	-5.944388
92	656	-5.9455557
135	14	-5.946989
477	181	-5.947502
419	555	-5.9476976
812	455	-5.9496574
19	11	-5.9537373
42	164	-5.953759
612	507	-5.955387
829	669	-5.955407
949	475	-5.9559445
187	606	-5.9618073
931	667	-5.96195
490	206	-5.967499
887	435	-5.9675684
332	626	-5.9678364
259	426	-5.96847
226	443	-5.9686403
352	569	-5.970213
740	175	-5.970564
806	486	-5.971384
10	211	-5.9719744
47	4	-5.975627
43	30	-5.977511
93	0	-5.9874735
729	476	-5.9878244
305	601	-5.9915156
781	670	-5.9932933
845	512	-5.994157
865	650	-5.9956126
743	146	-5.9983406
808	666	-5.9985185
657	558	-5.998634
520	565	-5.99879
