x_coord	y_coord	score
206	47	0.35966662
205	51	0.21293369
200	109	0.19522277
202	85	0.18899879
207	43	0.1703262
201	94	0.16928586
204	63	0.1482859
201	89	0.14441743
196	334	0.11378214
204	69	0.09838274
196	326	0.08929321
206	55	0.082423
201	104	0.07653895
198	373	0.066334575
202	79	0.065515846
202	73	0.06101197
206	39	0.048751593
200	98	0.043549746
197	356	0.03981024
205	452	0.02697292
205	59	0.021830112
196	351	0.0082247555
207	31	0.008130699
196	340	0.0021035075
197	148	-0.0119856
195	330	-0.043352813
196	346	-0.045692593
194	231	-0.05314058
200	114	-0.054268807
203	440	-0.097521126
198	378	-0.10552156
196	194	-0.11559373
197	171	-0.12007952
194	225	-0.1222361
196	317	-0.122510046
207	26	-0.13086846
196	189	-0.13096985
195	321	-0.14077431
203	447	-0.15068251
196	210	-0.15787062
196	200	-0.16224477
197	166	-0.16641018
198	367	-0.16647494
198	361	-0.16975337
194	278	-0.17051739
205	457	-0.17293662
203	434	-0.18425132
197	154	-0.18468218
196	175	-0.19179156
197	142	-0.19380985
196	310	-0.20498668
196	205	-0.21522225
196	221	-0.22118874
208	35	-0.23084979
195	185	-0.23790786
196	162	-0.25762817
200	121	-0.25767183
194	273	-0.2637903
194	241	-0.2702089
195	301	-0.28786278
197	179	-0.2894662
195	306	-0.2922446
195	235	-0.29707325
196	216	-0.3020651
200	126	-0.3160048
201	66	-0.31998008
201	428	-0.32661414
205	76	-0.33425796
194	295	-0.34349537
194	286	-0.35019487
198	138	-0.36071295
201	451	-0.36170623
199	389	-0.3725352
198	158	-0.3797796
206	472	-0.38478845
198	384	-0.386358
199	130	-0.4309276
205	82	-0.45008564
201	420	-0.45787048
195	291	-0.45979285
197	134	-0.46323264
205	88	-0.46465752
200	145	-0.4845898
198	86	-0.49092895
200	394	-0.49213222
193	314	-0.49335635
205	462	-0.50305635
201	60	-0.50857717
202	56	-0.5167867
193	269	-0.5196055
194	246	-0.5234531
207	477	-0.53236514
199	82	-0.5341371
197	106	-0.53687596
215	560	-0.55279803
197	95	-0.56502676
202	424	-0.5668273
202	48	-0.5684116
194	265	-0.5686559
208	21	-0.57442224
201	412	-0.5780203
193	337	-0.5798824
193	282	-0.5799439
198	226	-0.5881329
209	493	-0.59070736
192	209	-0.5927848
192	327	-0.5964876
195	364	-0.5982286
200	151	-0.60818136
199	76	-0.6120111
211	515	-0.6227267
201	456	-0.6260312
209	501	-0.6272008
197	101	-0.62806916
198	398	-0.6334821
213	534	-0.64110005
192	203	-0.65964943
207	66	-0.663629
200	443	-0.6642866
200	416	-0.68912524
204	97	-0.6896816
208	62	-0.69682217
192	214	-0.6969968
205	93	-0.69741666
193	343	-0.7044206
199	433	-0.70504117
215	554	-0.70674187
217	564	-0.7135067
206	444	-0.71749383
200	353	-0.7177111
203	44	-0.72505593
194	252	-0.72849476
191	331	-0.72937894
209	507	-0.7343254
199	70	-0.74260455
192	318	-0.7439418
201	370	-0.7466464
211	29	-0.74845773
192	219	-0.75112617
197	118	-0.7514515
201	402	-0.7559181
206	482	-0.7592509
215	548	-0.7619795
197	90	-0.7624037
199	337	-0.76484394
208	489	-0.7652598
206	466	-0.76736116
204	110	-0.7730938
192	309	-0.7748075
192	195	-0.78700936
212	523	-0.7878746
208	497	-0.78797734
217	570	-0.78881466
193	159	-0.78989923
204	34	-0.79227996
202	375	-0.7989478
212	529	-0.8002503
191	322	-0.8067189
193	354	-0.80675673
201	52	-0.8084202
200	437	-0.8094015
198	232	-0.8115655
199	329	-0.8120452
199	186	-0.8136324
205	430	-0.8149964
209	50	-0.8190306
201	461	-0.8199153
196	110	-0.82005084
207	72	-0.8227345
192	348	-0.8348845
219	576	-0.8538673
194	359	-0.8580692
194	151	-0.8636546
202	408	-0.8750965
201	381	-0.8756093
192	190	-0.8818642
201	135	-0.887689
193	147	-0.88802075
212	25	-0.891927
195	370	-0.89288545
194	259	-0.8939835
203	118	-0.90505874
209	519	-0.91947937
206	437	-0.9278233
196	125	-0.9359666
210	40	-0.9386823
228	635	-0.946249
198	294	-0.94690096
190	223	-0.94811475
215	540	-0.9504721
191	304	-0.95249844
210	511	-0.9527923
193	167	-0.95315325
198	239	-0.961504
201	141	-0.97064614
200	348	-0.97065425
199	197	-0.97361064
203	475	-0.98237574
190	276	-0.9824616
927	477	-0.988822
199	343	-1.0008364
198	425	-1.0086458
192	171	-1.0216941
227	626	-1.0230097
213	544	-1.0245217
196	392	-1.02619
200	211	-1.0346315
200	193	-1.0419459
200	333	-1.0435866
191	234	-1.0456531
219	558	-1.053691
191	292	-1.0608411
193	181	-1.0630188
211	538	-1.0686164
201	155	-1.0791304
205	102	-1.082858
200	217	-1.0857271
927	472	-1.0893445
190	229	-1.0897228
207	448	-1.0943347
209	58	-1.0952477
227	631	-1.0990177
191	199	-1.1105201
200	174	-1.1181976
198	63	-1.1244606
227	618	-1.1299007
197	429	-1.1322591
200	163	-1.1356646
201	357	-1.1370578
200	222	-1.1403984
203	469	-1.1443374
197	281	-1.1521358
200	182	-1.1534276
202	385	-1.156359
191	298	-1.1577411
212	33	-1.158829
210	46	-1.1673639
199	320	-1.167809
195	129	-1.1691335
198	406	-1.1701052
209	485	-1.1914752
190	239	-1.1920437
200	206	-1.2057755
227	639	-1.2065599
203	129	-1.2072927
192	163	-1.2093942
203	28	-1.2112373
194	139	-1.2152
198	288	-1.2227886
192	155	-1.2281735
348	649	-1.2320875
209	526	-1.2388958
201	364	-1.2397428
199	298	-1.2442554
202	40	-1.2588781
204	122	-1.2605941
108	649	-1.2659051
200	201	-1.2660998
194	375	-1.2769783
191	186	-1.2858571
199	314	-1.28938
190	287	-1.2932793
195	387	-1.2997499
226	622	-1.3049352
195	114	-1.3073183
199	304	-1.3095772
196	79	-1.3105743
928	468	-1.310829
205	114	-1.3118654
195	381	-1.320953
201	178	-1.3383666
207	514	-1.3393071
223	601	-1.3397096
200	325	-1.3491006
198	447	-1.355987
197	421	-1.3601924
197	249	-1.3635328
203	391	-1.3663893
927	461	-1.3682269
190	340	-1.3696176
215	575	-1.3696415
190	244	-1.370504
202	465	-1.3740095
219	581	-1.3784248
197	413	-1.3790824
212	551	-1.380239
192	177	-1.3844273
204	23	-1.3902216
196	402	-1.4022219
201	170	-1.402498
203	397	-1.4077997
197	270	-1.4095153
222	597	-1.4130489
205	505	-1.4133015
75	649	-1.4143816
203	489	-1.4158307
198	244	-1.419652
210	54	-1.419704
209	532	-1.4375012
195	83	-1.4391257
204	493	-1.4447422
196	73	-1.4509826
225	614	-1.4560125
192	143	-1.4753941
62	649	-1.4758829
197	256	-1.4766561
208	79	-1.4786848
204	417	-1.4971305
214	519	-1.4981341
198	57	-1.503815
214	567	-1.519558
206	510	-1.5209106
206	426	-1.5211363
66	650	-1.5250623
194	98	-1.5289047
193	135	-1.5385798
218	551	-1.5509045
70	649	-1.554126
224	605	-1.561226
210	480	-1.5657945
208	85	-1.5689788
220	567	-1.5697213
212	557	-1.5738294
189	335	-1.5772643
200	308	-1.5830076
198	274	-1.5844408
104	651	-1.5858262
925	481	-1.5928866
202	479	-1.6004806
205	421	-1.6105162
203	148	-1.6108805
530	650	-1.6110921
219	586	-1.6151041
189	206	-1.622861
212	498	-1.6233256
189	280	-1.6337528
231	647	-1.635077
197	440	-1.6376892
204	498	-1.6454376
196	417	-1.6459553
189	313	-1.6506696
338	651	-1.655742
198	595	-1.6766775
189	272	-1.6768394
228	643	-1.681461
80	649	-1.6848558
207	17	-1.6856987
223	593	-1.6862588
194	121	-1.6978608
197	262	-1.7136376
190	266	-1.7259145
204	138	-1.7306647
202	159	-1.7334781
113	649	-1.7382239
219	594	-1.7428291
224	610	-1.749249
194	87	-1.7566978
213	571	-1.7571062
212	504	-1.7651219
342	649	-1.7656182
188	328	-1.7691783
200	472	-1.7704586
522	650	-1.7774158
215	526	-1.7784139
212	563	-1.7825282
220	590	-1.7995077
209	453	-1.8033968
209	469	-1.8115942
191	262	-1.8134032
190	249	-1.819392
192	367	-1.8269404
213	177	-1.8333415
182	129	-1.8390622
210	547	-1.839715
191	362	-1.844864
221	572	-1.8489646
196	67	-1.8497273
906	521	-1.8537511
200	33	-1.8727896
202	485	-1.8771846
182	124	-1.8941107
209	543	-1.8958418
221	562	-1.8999397
189	344	-1.9088312
921	503	-1.9115865
212	19	-1.9133466
921	483	-1.9139756
58	650	-1.9143177
213	508	-1.9215158
121	648	-1.9267874
812	649	-1.9283532
927	485	-1.9371732
231	640	-1.9384815
219	175	-1.9461689
206	106	-1.9463108
216	531	-1.9522178
209	461	-1.9537123
194	397	-1.957071
352	650	-1.9648874
202	189	-1.9793153
221	165	-1.9836265
162	650	-1.9849676
743	649	-1.9886147
230	32	-1.9915538
230	474	-2.005689
210	474	-2.006386
229	45	-2.0066082
191	256	-2.006788
223	619	-2.019389
154	650	-2.0361657
205	413	-2.0557003
735	649	-2.071734
125	650	-2.0807424
117	650	-2.0819654
807	649	-2.0853412
200	599	-2.0901406
210	650	-2.1019864
195	409	-2.1030986
754	649	-2.103881
224	634	-2.1122713
196	436	-2.1125324
223	627	-2.1155188
204	144	-2.1191864
199	43	-2.1214862
600	650	-2.1222277
205	134	-2.1271236
215	580	-2.1366773
193	102	-2.1390738
182	137	-2.139422
800	649	-2.1413574
230	651	-2.1514573
202	340	-2.151715
925	498	-2.1559646
228	50	-2.1605499
188	217	-2.1610599
223	585	-2.1664264
208	433	-2.1684952
65	620	-2.1716094
213	494	-2.1732082
748	650	-2.1761348
199	468	-2.183777
193	93	-2.18429
193	107	-2.1880705
612	650	-2.1905713
727	649	-2.1923676
54	649	-2.192965
217	192	-2.1978981
214	512	-2.1999378
220	604	-2.2002409
217	536	-2.2033045
197	453	-2.2046397
526	651	-2.2093587
220	161	-2.209385
188	210	-2.2103407
228	66	-2.2142148
760	649	-2.217076
188	202	-2.2199771
665	649	-2.2222755
212	490	-2.223389
218	545	-2.2268283
198	266	-2.227777
578	650	-2.2333872
189	352	-2.2364092
538	650	-2.242346
229	62	-2.2455525
207	537	-2.2473614
200	591	-2.2491643
209	645	-2.2583673
182	651	-2.2584975
182	118	-2.2615342
230	40	-2.263063
206	522	-2.2748911
181	133	-2.3006759
214	173	-2.3014686
219	600	-2.3058033
179	392	-2.306854
721	649	-2.3163364
910	519	-2.3267896
182	405	-2.3391817
190	358	-2.3403163
426	602	-2.344471
210	69	-2.348237
230	623	-2.3515158
241	572	-2.3563883
826	649	-2.359269
918	511	-2.3608425
200	284	-2.367655
226	647	-2.3678782
201	229	-2.3688626
797	599	-2.369011
200	252	-2.3709185
671	649	-2.3717427
228	58	-2.3739088
188	317	-2.3759623
85	650	-2.37805
198	464	-2.3801565
182	142	-2.384195
90	650	-2.3942995
205	518	-2.3943443
534	651	-2.396683
177	247	-2.39845
926	503	-2.401531
199	37	-2.4111552
874	648	-2.4163358
100	649	-2.422786
927	456	-2.425864
221	157	-2.4305158
739	650	-2.431232
198	49	-2.4347203
50	650	-2.4371173
317	649	-2.440004
209	554	-2.4425333
204	367	-2.4456615
229	470	-2.4532626
205	404	-2.4552143
221	554	-2.4554892
213	169	-2.4581149
572	650	-2.4657676
872	532	-2.4706924
158	649	-2.4735925
902	522	-2.4738193
188	191	-2.4745615
229	482	-2.4752133
224	589	-2.4770944
96	651	-2.4771793
231	632	-2.4817238
201	235	-2.4858432
188	308	-2.4886093
225	98	-2.4892979
218	322	-2.492167
189	174	-2.4929826
216	591	-2.4954624
223	64	-2.4975498
902	609	-2.5056624
184	112	-2.5097787
38	649	-2.5100176
181	384	-2.5108266
821	649	-2.5161989
923	475	-2.5184667
919	507	-2.522235
789	649	-2.5246515
150	649	-2.528193
87	637	-2.5290987
768	649	-2.5322769
584	650	-2.5327716
764	650	-2.536214
203	19	-2.538387
227	54	-2.5400739
202	603	-2.5416086
74	609	-2.5430927
210	465	-2.5443437
230	486	-2.5460987
294	534	-2.5482535
32	608	-2.553424
920	498	-2.5577521
356	649	-2.5577822
223	638	-2.558086
33	650	-2.5625842
827	609	-2.565354
202	502	-2.5664752
201	291	-2.5678232
220	169	-2.5688913
894	612	-2.5705228
199	476	-2.5708752
186	246	-2.5747004
926	542	-2.5787113
217	179	-2.5850132
192	126	-2.5878308
267	282	-2.591358
223	110	-2.5951772
234	650	-2.597478
69	622	-2.5981336
61	622	-2.5997703
197	460	-2.6016319
218	197	-2.6141388
200	259	-2.6141853
795	650	-2.6172702
116	646	-2.6210163
206	529	-2.6215215
878	649	-2.6226373
713	649	-2.6302345
213	190	-2.631629
189	182	-2.6333473
204	152	-2.6399322
927	494	-2.6424809
174	268	-2.6436927
170	269	-2.6447144
223	580	-2.6489606
81	610	-2.6524918
917	565	-2.6545668
231	36	-2.6558115
190	150	-2.6617117
202	509	-2.6622632
325	650	-2.6677868
232	636	-2.6689684
925	465	-2.6718373
916	519	-2.6735685
228	611	-2.6759603
44	650	-2.6775634
213	37	-2.6797051
130	650	-2.681013
214	165	-2.683226
180	396	-2.683327
188	295	-2.6834557
209	441	-2.684982
31	465	-2.685833
210	641	-2.6860325
526	646	-2.6868365
546	650	-2.6870308
661	651	-2.688002
191	130	-2.6912816
74	591	-2.6945004
516	650	-2.6952624
184	410	-2.6983943
187	324	-2.6999216
202	317	-2.7040694
180	401	-2.7067683
177	241	-2.7067835
906	610	-2.7091033
175	251	-2.7102034
231	627	-2.7103503
903	613	-2.7122245
727	639	-2.7129827
925	507	-2.7149925
638	650	-2.7211263
783	615	-2.7265034
321	651	-2.7267387
188	301	-2.7289484
73	620	-2.7323596
886	649	-2.735135
208	13	-2.735959
241	577	-2.7366576
201	247	-2.7420652
924	469	-2.7420738
215	585	-2.7424548
841	608	-2.7509408
351	643	-2.7510777
188	259	-2.7581394
163	637	-2.7586398
200	278	-2.7600825
226	598	-2.762667
187	502	-2.7628407
218	187	-2.7641797
203	513	-2.7671719
213	182	-2.7679212
832	649	-2.7702518
189	158	-2.774827
189	166	-2.7768176
199	27	-2.7777247
784	649	-2.7782116
224	84	-2.7792666
84	590	-2.7798622
923	487	-2.7812088
595	650	-2.786163
178	650	-2.7903628
816	650	-2.7921152
186	240	-2.7968702
219	609	-2.7997851
772	648	-2.8026843
923	511	-2.8062165
192	384	-2.8074296
862	543	-2.8089652
871	541	-2.8093028
187	490	-2.811586
195	590	-2.8189251
885	508	-2.8189933
224	642	-2.8223953
845	634	-2.8227978
194	424	-2.8237243
333	651	-2.826229
298	538	-2.8266823
222	623	-2.8275328
350	638	-2.8276532
209	560	-2.8278596
223	102	-2.8286147
64	591	-2.8287199
920	490	-2.8295512
230	492	-2.8343587
776	649	-2.8385935
884	574	-2.842409
553	650	-2.8443997
914	515	-2.8481853
870	650	-2.8539884
920	479	-2.854391
225	90	-2.855797
93	605	-2.8576734
281	270	-2.8598218
881	531	-2.8619626
187	236	-2.8630795
210	75	-2.863567
194	532	-2.8669028
930	480	-2.8683207
203	166	-2.8713653
149	297	-2.8783987
870	528	-2.8808842
184	104	-2.883089
424	606	-2.8839877
85	606	-2.887721
203	185	-2.8886454
223	94	-2.8914642
227	70	-2.9007545
185	513	-2.9035668
221	191	-2.9101257
287	582	-2.9112146
231	504	-2.917924
231	619	-2.9185538
729	632	-2.9187849
916	504	-2.9191797
188	196	-2.9238093
899	612	-2.9291542
838	649	-2.9328253
227	602	-2.9347951
174	394	-2.935127
194	542	-2.9356217
173	272	-2.9367743
846	607	-2.9372382
204	361	-2.9379137
188	253	-2.942362
127	646	-2.9434361
93	556	-2.9449258
197	602	-2.945494
868	533	-2.9458654
898	521	-2.9472384
912	523	-2.947736
779	614	-2.9502168
240	553	-2.964793
92	637	-2.9650412
174	276	-2.9687724
182	389	-2.9699306
909	515	-2.9713156
926	490	-2.9732833
426	610	-2.9747937
702	592	-2.976686
884	567	-2.9807732
210	457	-2.980898
218	307	-2.981422
295	528	-2.9827237
220	151	-2.9828036
904	517	-2.983964
213	647	-2.9842167
219	62	-2.98907
177	255	-2.9890954
920	515	-2.9892182
218	297	-2.9976573
166	651	-2.9979534
913	564	-2.998014
207	550	-2.9981267
909	583	-3.000307
221	52	-3.0032718
687	649	-3.0076385
387	650	-3.0143933
839	633	-3.0155709
852	634	-3.0167143
181	376	-3.0175817
293	538	-3.0200322
921	494	-3.0207665
205	378	-3.020901
228	456	-3.0233793
206	126	-3.0249684
915	508	-3.0277193
218	289	-3.0285301
191	371	-3.0317411
194	432	-3.0331209
217	522	-3.040094
251	392	-3.0402408
243	207	-3.045364
882	650	-3.0471194
203	596	-3.0483809
779	619	-3.0498092
853	649	-3.0510025
731	650	-3.0524426
271	283	-3.0542715
221	33	-3.059234
728	628	-3.060761
85	633	-3.064722
757	646	-3.0681343
801	601	-3.0689354
78	592	-3.0731165
862	649	-3.0786026
542	651	-3.080015
199	606	-3.0805871
219	326	-3.0823863
213	161	-3.083389
200	492	-3.0856247
182	147	-3.0869465
123	644	-3.092174
185	100	-3.0924702
201	587	-3.0949743
79	542	-3.095545
891	649	-3.0960271
221	631	-3.0976727
223	116	-3.1001775
346	645	-3.1001792
242	581	-3.1005878
857	605	-3.1062517
891	615	-3.1078691
32	613	-3.1080394
230	615	-3.1082022
192	528	-3.1089265
210	174	-3.1112285
179	310	-3.1116903
186	425	-3.1129537
173	261	-3.1142378
77	612	-3.114798
823	612	-3.1155522
185	429	-3.1175544
221	70	-3.1220691
835	609	-3.124751
187	187	-3.1251793
205	372	-3.130394
780	650	-3.1304884
221	181	-3.130832
828	613	-3.131386
169	273	-3.1345222
225	79	-3.1357772
193	76	-3.1374514
85	594	-3.1389563
263	283	-3.1392515
214	186	-3.1397169
556	634	-3.1424794
208	96	-3.1458545
228	466	-3.1493793
717	650	-3.1509132
135	650	-3.1541574
206	409	-3.155303
657	649	-3.1557322
922	519	-3.1558518
214	195	-3.1588361
186	433	-3.1590161
680	585	-3.1610231
68	609	-3.164787
81	605	-3.1676545
185	305	-3.1681173
928	405	-3.1728406
195	598	-3.1732316
218	205	-3.1733117
203	344	-3.1740937
187	290	-3.1742606
240	561	-3.174358
899	566	-3.174815
177	235	-3.1751828
185	250	-3.1768975
77	606	-3.1776643
205	533	-3.1795635
86	576	-3.189608
197	53	-3.1899617
185	312	-3.1909363
681	649	-3.194514
209	567	-3.1945455
192	80	-3.1999156
244	211	-3.2009895
241	557	-3.2028322
187	263	-3.205729
238	194	-3.2063127
928	452	-3.207717
867	543	-3.20832
922	531	-3.2099104
210	445	-3.2103572
90	572	-3.2106826
917	485	-3.214852
274	287	-3.2149198
74	603	-3.2162976
171	191	-3.2170446
926	547	-3.218078
192	393	-3.2182536
187	284	-3.220058
379	650	-3.2204762
170	278	-3.22058
926	537	-3.2211785
236	537	-3.2250838
221	613	-3.225543
232	496	-3.2256436
228	478	-3.2261605
844	650	-3.2280757
234	33	-3.2287529
646	650	-3.2303026
930	464	-3.2317796
877	532	-3.2317982
278	277	-3.2336736
279	287	-3.233919
192	536	-3.2346973
241	567	-3.240174
186	332	-3.2434554
217	312	-3.2438538
775	615	-3.2472103
233	44	-3.247696
139	393	-3.2486086
522	645	-3.249193
828	599	-3.2498033
187	496	-3.2508805
912	511	-3.2542646
899	517	-3.2552788
185	121	-3.2568614
180	154	-3.2570264
193	414	-3.2588024
174	651	-3.2625244
741	639	-3.2678092
186	232	-3.2692263
383	651	-3.2708895
342	618	-3.272727
901	583	-3.2754035
852	605	-3.2761366
231	28	-3.276963
864	557	-3.2789545
32	646	-3.281435
112	643	-3.2815752
375	651	-3.281894
187	507	-3.2825782
915	551	-3.2826638
139	316	-3.2839034
232	510	-3.2841241
695	649	-3.2844644
227	35	-3.2875857
45	624	-3.2888203
928	421	-3.2890167
209	89	-3.289106
247	391	-3.2892747
714	570	-3.2904792
202	295	-3.2912436
185	439	-3.2914736
223	59	-3.2932396
180	252	-3.2939804
903	551	-3.2941291
186	650	-3.2949321
925	515	-3.2976518
874	527	-3.2984986
213	483	-3.2985446
218	273	-3.298749
831	610	-3.298775
931	473	-3.3029215
906	587	-3.304764
828	644	-3.30556
225	44	-3.3059816
422	614	-3.30656
158	638	-3.3069372
675	651	-3.3079214
826	618	-3.3083503
156	579	-3.3123753
87	646	-3.3129475
229	460	-3.315906
193	428	-3.3183346
910	609	-3.3187647
247	105	-3.319429
194	547	-3.3212883
219	541	-3.322432
203	336	-3.3224816
796	603	-3.3231626
217	515	-3.3268747
915	559	-3.3271658
219	201	-3.327774
170	650	-3.3286679
628	650	-3.3306172
203	328	-3.3320365
240	548	-3.3343961
139	649	-3.3349595
278	266	-3.3371408
882	557	-3.3396916
890	610	-3.3436363
75	616	-3.3440952
195	444	-3.345619
905	605	-3.3459637
848	649	-3.3475854
283	284	-3.3477435
294	520	-3.3483968
283	266	-3.3545496
192	111	-3.355642
508	650	-3.3580627
176	158	-3.3588626
81	637	-3.3596597
312	650	-3.3613293
97	606	-3.3629687
202	301	-3.3654625
257	33	-3.367906
282	278	-3.3679757
214	15	-3.3693652
195	555	-3.3731675
189	146	-3.3737724
68	592	-3.3746796
140	311	-3.3753297
219	332	-3.3753529
207	119	-3.3756058
184	415	-3.3812127
255	280	-3.3818822
223	48	-3.3838425
240	540	-3.384923
858	650	-3.3888147
189	31	-3.3942986
857	489	-3.395713
209	637	-3.3958821
150	579	-3.3973117
222	127	-3.3974051
359	637	-3.3975215
927	433	-3.3981931
184	400	-3.4002008
866	648	-3.4011934
589	650	-3.4012778
211	576	-3.4017682
684	587	-3.4058075
32	603	-3.408155
188	170	-3.409405
839	612	-3.4104183
232	194	-3.4107842
329	649	-3.413137
145	651	-3.4185658
188	178	-3.419113
896	608	-3.4191961
880	576	-3.4215057
204	195	-3.4220135
187	482	-3.4224458
192	117	-3.4236407
179	316	-3.4240475
90	542	-3.4242735
188	162	-3.42438
241	585	-3.424932
217	293	-3.425247
182	244	-3.4270203
178	262	-3.4294991
194	61	-3.4295094
276	270	-3.430272
267	271	-3.4310486
193	405	-3.431563
190	138	-3.4323099
237	571	-3.4350686
291	581	-3.4357576
350	618	-3.4366326
789	642	-3.437148
62	598	-3.4374216
876	620	-3.4380262
193	594	-3.4402773
89	590	-3.4408386
246	199	-3.44186
181	368	-3.4447014
895	650	-3.4479249
345	652	-3.4527864
162	633	-3.4530506
271	276	-3.4533758
246	387	-3.4549458
202	241	-3.4550676
496	650	-3.4556994
191	379	-3.4575071
347	641	-3.4670382
589	585	-3.467343
197	585	-3.468884
775	621	-3.4698577
189	512	-3.471989
909	613	-3.4733462
239	208	-3.4742444
49	622	-3.4778621
60	618	-3.4779372
186	269	-3.478397
628	524	-3.4784636
34	640	-3.4788277
187	226	-3.479675
339	646	-3.4807603
209	572	-3.480785
226	473	-3.4831257
787	614	-3.4836652
918	523	-3.4839404
922	540	-3.4866252
646	593	-3.4910972
851	491	-3.4915392
887	613	-3.4920235
200	497	-3.4921308
651	650	-3.4981003
79	645	-3.4988716
220	635	-3.4995492
905	582	-3.500912
891	529	-3.502233
181	158	-3.5026472
283	578	-3.5029023
275	282	-3.5048723
424	598	-3.5055265
186	636	-3.507348
428	614	-3.5073981
81	600	-3.5076046
894	523	-3.5081363
283	261	-3.5082572
119	643	-3.508266
222	195	-3.5106041
91	633	-3.5121076
218	281	-3.5165725
193	70	-3.5175326
185	108	-3.5182383
529	589	-3.5244086
287	576	-3.525
929	499	-3.5298364
77	599	-3.530953
899	587	-3.531144
736	638	-3.5321405
691	650	-3.533088
174	402	-3.5335338
236	545	-3.5340207
190	84	-3.5349126
219	338	-3.535019
191	389	-3.537953
183	393	-3.5391188
575	647	-3.539775
824	601	-3.5403352
233	516	-3.540434
212	11	-3.5413444
801	631	-3.5437846
216	84	-3.5456696
60	592	-3.5457861
221	548	-3.5471456
842	637	-3.5472279
606	650	-3.5475714
315	301	-3.5512
719	639	-3.5515735
187	348	-3.554453
84	542	-3.5547018
220	456	-3.5553463
784	643	-3.5565586
905	594	-3.5577166
864	547	-3.5604274
206	648	-3.5611339
819	562	-3.5614538
234	644	-3.5615757
265	85	-3.5643342
206	546	-3.5659878
558	650	-3.566615
193	420	-3.5680842
836	645	-3.570023
273	267	-3.5716772
144	297	-3.573305
201	582	-3.5740924
798	637	-3.5745077
188	76	-3.5765936
871	620	-3.5768058
880	508	-3.5772393
221	147	-3.5773473
866	529	-3.578445
284	274	-3.5787637
923	551	-3.5831704
889	620	-3.5834613
209	429	-3.5842304
150	584	-3.5850868
183	380	-3.5861878
858	544	-3.5863266
219	318	-3.586617
199	22	-3.5872598
185	298	-3.5905418
865	514	-3.5905502
355	639	-3.590601
360	651	-3.5910013
195	563	-3.5923798
919	650	-3.5948133
279	262	-3.5991845
765	646	-3.5997832
221	27	-3.600159
185	132	-3.6006918
273	620	-3.6012597
713	641	-3.6025543
217	91	-3.6032717
187	80	-3.6036828
250	388	-3.6076922
191	492	-3.6088212
141	585	-3.609761
205	542	-3.6104457
65	603	-3.6136024
77	635	-3.6145952
206	400	-3.6192577
164	579	-3.619349
244	420	-3.620167
169	265	-3.6202536
32	490	-3.6205525
150	638	-3.6230018
192	496	-3.623299
438	602	-3.6233437
89	604	-3.6264317
81	631	-3.6270857
214	157	-3.6273458
225	74	-3.627702
215	28	-3.6287723
196	538	-3.6305258
192	473	-3.6306224
906	512	-3.6323922
186	96	-3.6335301
726	635	-3.633633
65	612	-3.6350946
164	628	-3.6373842
836	636	-3.6385405
248	86	-3.6390638
585	592	-3.6432643
856	635	-3.6440775
192	401	-3.647353
56	622	-3.6483862
213	266	-3.65016
227	452	-3.6506221
881	581	-3.6507514
186	277	-3.6512456
915	489	-3.655621
207	9	-3.6557086
749	646	-3.6576047
928	446	-3.6591644
580	646	-3.6596577
838	605	-3.664905
75	595	-3.6649292
929	401	-3.6650703
893	637	-3.6658478
420	602	-3.6662133
797	593	-3.6673489
882	527	-3.6679852
805	599	-3.668019
567	650	-3.668329
877	543	-3.6684802
242	240	-3.6693835
841	646	-3.6694462
180	409	-3.6698766
262	264	-3.6728077
288	288	-3.6734412
182	346	-3.6734827
204	200	-3.6754925
287	270	-3.6760244
221	75	-3.6777382
828	605	-3.678546
916	499	-3.6814861
314	305	-3.682318
187	125	-3.6836917
105	646	-3.6845222
199	482	-3.684858
204	216	-3.6852908
186	517	-3.686758
252	473	-3.6870165
514	585	-3.6872745
85	599	-3.6876347
244	87	-3.6899333
183	317	-3.691335
208	253	-3.691344
903	565	-3.6913986
191	480	-3.6922774
192	66	-3.693525
817	548	-3.6937027
186	338	-3.6959152
397	650	-3.6964986
401	616	-3.6970108
204	590	-3.6971507
224	576	-3.6996343
84	581	-3.69987
184	455	-3.6999245
237	325	-3.701707
822	608	-3.7025282
220	143	-3.7048793
888	566	-3.7051759
206	394	-3.7063391
875	508	-3.7093732
218	66	-3.710376
359	643	-3.711884
237	564	-3.7123604
204	354	-3.7131028
712	574	-3.7133615
187	72	-3.7135773
595	640	-3.71369
180	352	-3.713876
204	14	-3.7142673
838	629	-3.7145214
285	521	-3.714608
420	610	-3.7148638
263	272	-3.7158406
148	575	-3.7172148
193	505	-3.717539
792	601	-3.7184503
184	180	-3.718662
815	646	-3.719663
203	322	-3.7198105
166	634	-3.721048
862	535	-3.723151
245	333	-3.7254007
908	564	-3.7268028
189	99	-3.727101
224	568	-3.7282476
77	622	-3.7293975
73	627	-3.7300622
97	560	-3.7302933
867	525	-3.7324479
881	620	-3.7333117
242	386	-3.7340522
889	641	-3.7360592
928	440	-3.737483
243	110	-3.7376733
187	115	-3.739858
926	563	-3.7409232
178	388	-3.7413447
73	582	-3.7446613
771	619	-3.744755
292	524	-3.747783
237	582	-3.7485137
210	185	-3.74865
230	500	-3.7507002
919	561	-3.75112
210	166	-3.7511876
218	302	-3.751957
201	263	-3.755345
67	588	-3.7565067
730	636	-3.756816
878	528	-3.7573934
150	313	-3.7606444
138	588	-3.7617924
137	584	-3.7627695
824	645	-3.7634094
213	153	-3.7635407
181	248	-3.7639382
221	87	-3.765988
235	576	-3.7665505
811	645	-3.7667024
363	635	-3.767022
211	65	-3.7670717
204	205	-3.767199
196	32	-3.768289
822	616	-3.7697268
882	543	-3.7699084
810	562	-3.7700438
194	524	-3.7706156
219	618	-3.7715678
920	472	-3.7723818
817	542	-3.7740583
430	606	-3.7749434
239	335	-3.7763054
259	86	-3.7777781
358	618	-3.7788851
238	199	-3.7794368
206	642	-3.78102
894	557	-3.7812357
845	628	-3.7830973
512	649	-3.7832923
188	463	-3.7839522
620	650	-3.7844925
250	636	-3.7884357
228	606	-3.788608
32	531	-3.7895255
813	591	-3.7903442
916	582	-3.7905335
178	128	-3.7913222
71	612	-3.792631
231	53	-3.7930176
700	588	-3.7932103
915	479	-3.7938082
871	612	-3.7938676
431	610	-3.7951622
263	278	-3.795384
745	641	-3.7961676
185	421	-3.7965298
203	526	-3.7967365
275	263	-3.7975473
742	645	-3.797584
93	546	-3.7981145
234	561	-3.7981668
266	286	-3.7987835
267	264	-3.799221
279	281	-3.7997174
928	429	-3.8010345
862	489	-3.8019223
418	615	-3.8032734
225	651	-3.8044636
233	557	-3.8050492
863	551	-3.8055727
916	494	-3.806688
898	454	-3.8072002
294	542	-3.8074958
40	624	-3.8086054
889	533	-3.8091266
244	127	-3.810806
181	306	-3.8108735
927	533	-3.811965
893	619	-3.8120198
195	575	-3.8126552
237	613	-3.8135033
852	610	-3.8136544
196	40	-3.81686
97	554	-3.8181622
182	633	-3.8194962
203	225	-3.8207493
224	413	-3.8243306
244	118	-3.824375
203	607	-3.8259008
899	649	-3.8269587
29	475	-3.827844
69	616	-3.8294878
254	650	-3.8302667
188	475	-3.8305514
296	582	-3.831118
901	603	-3.8324637
224	106	-3.8341873
884	561	-3.836558
185	33	-3.8370545
259	282	-3.8396566
177	383	-3.839766
398	646	-3.8428016
209	178	-3.8432896
222	121	-3.8448527
198	611	-3.8448715
587	646	-3.845278
911	507	-3.8466961
191	486	-3.846864
865	492	-3.849227
194	559	-3.849764
223	174	-3.8498757
235	207	-3.850051
204	349	-3.8516939
907	443	-3.8535862
220	82	-3.854269
220	641	-3.8555086
223	37	-3.8561192
186	445	-3.8572938
64	608	-3.857352
188	68	-3.857355
209	189	-3.8574185
194	579	-3.8579876
81	595	-3.8590424
880	569	-3.8591406
259	271	-3.8596425
800	605	-3.8601048
220	56	-3.8608525
32	514	-3.8635461
239	534	-3.86465
213	477	-3.8650215
349	634	-3.8655586
190	467	-3.865687
204	221	-3.8664665
875	625	-3.8668332
176	398	-3.8672707
28	414	-3.867469
41	646	-3.8699882
215	595	-3.8712454
188	103	-3.8719697
255	272	-3.8725376
853	638	-3.8725538
234	62	-3.8738825
219	626	-3.8741245
788	605	-3.8741548
809	589	-3.875008
865	520	-3.8754306
450	612	-3.8759074
254	36	-3.8773527
436	606	-3.8777745
596	646	-3.880304
93	576	-3.880397
406	615	-3.8804536
66	597	-3.880929
34	632	-3.8833437
219	460	-3.8841534
457	611	-3.8854043
233	549	-3.886372
201	269	-3.887201
259	234	-3.8873181
215	22	-3.8877113
212	81	-3.8899193
223	324	-3.8899326
887	637	-3.891099
188	457	-3.892978
182	372	-3.8931286
810	632	-3.895045
118	620	-3.8951724
800	596	-3.8971412
537	646	-3.8972507
838	640	-3.897386
217	71	-3.897806
282	254	-3.8978152
47	647	-3.8978648
276	417	-3.8984509
928	411	-3.8993473
233	480	-3.8996978
64	616	-3.8999362
247	206	-3.9002435
244	619	-3.9008172
634	649	-3.901445
93	598	-3.9028745
876	643	-3.9055614
199	488	-3.9062884
895	567	-3.9070911
886	529	-3.9079614
758	639	-3.9111207
187	88	-3.911638
213	43	-3.9125993
182	237	-3.9138212
226	430	-3.9157243
895	527	-3.9158452
709	650	-3.916658
899	555	-3.917184
65	626	-3.9175367
906	616	-3.9177299
222	308	-3.9181786
723	641	-3.918926
228	82	-3.9191875
560	633	-3.9192815
218	622	-3.9211113
176	166	-3.9212558
346	620	-3.9216805
183	164	-3.9221578
872	545	-3.9233463
797	641	-3.9234853
320	306	-3.9236681
188	449	-3.9246905
253	32	-3.9247024
210	193	-3.9247897
193	500	-3.9251614
258	263	-3.927619
857	610	-3.9288967
913	612	-3.9292974
177	230	-3.9297688
172	256	-3.9298997
812	612	-3.9303894
732	629	-3.9309537
180	114	-3.9310732
89	641	-3.9317102
832	643	-3.9322262
899	525	-3.9341874
311	302	-3.9352822
597	593	-3.9384887
262	335	-3.9394813
143	314	-3.9409077
857	598	-3.9410112
325	623	-3.9411647
38	642	-3.9425614
95	550	-3.9435282
74	645	-3.9439845
927	557	-3.944786
247	81	-3.9459283
837	616	-3.9464774
822	628	-3.9468262
219	344	-3.9475331
676	587	-3.9476905
190	62	-3.9477448
908	525	-3.950638
847	479	-3.9519482
248	99	-3.9572732
923	460	-3.9594078
426	594	-3.9617977
854	558	-3.9619217
185	159	-3.9629254
525	585	-3.9633927
888	575	-3.9638999
353	635	-3.9658384
233	540	-3.9662068
218	211	-3.9677463
87	610	-3.9693825
214	145	-3.9708571
255	391	-3.9716208
170	294	-3.9738276
862	641	-3.9746675
32	585	-3.9757378
900	460	-3.9785955
210	257	-3.9813771
252	199	-3.9817333
118	637	-3.9834285
792	607	-3.9844728
101	605	-3.9846432
189	134	-3.9848645
178	321	-3.9859407
135	594	-3.9862719
94	647	-3.987372
196	551	-3.9876773
927	552	-3.9888377
218	261	-3.9888809
697	592	-3.9928052
530	645	-3.9936683
215	501	-3.9936757
791	638	-3.9945328
203	578	-3.9956644
220	131	-3.9958556
217	415	-3.9969592
554	646	-3.9982746
238	266	-3.9995654
212	61	-4.000271
61	588	-4.0013895
251	283	-4.0017195
875	635	-4.001771
811	548	-4.003149
178	140	-4.0037637
861	515	-4.0041656
869	508	-4.004722
922	565	-4.0058317
184	450	-4.006369
189	92	-4.0065136
143	394	-4.008966
236	603	-4.010109
882	612	-4.0116067
141	398	-4.01249
881	646	-4.0134096
143	308	-4.0140104
788	599	-4.015276
81	616	-4.0154467
59	646	-4.015506
141	638	-4.0168433
401	642	-4.0172267
143	303	-4.0183005
231	19	-4.01956
308	620	-4.019874
150	284	-4.020058
209	270	-4.020213
813	607	-4.020689
736	628	-4.020865
186	406	-4.0214596
215	95	-4.0236015
29	469	-4.0237074
266	252	-4.0248632
72	586	-4.0290885
228	448	-4.029175
340	553	-4.02946
699	650	-4.0306005
75	544	-4.0312295
279	616	-4.0318375
922	546	-4.03255
281	582	-4.034709
235	505	-4.034956
927	610	-4.0349846
642	649	-4.0353274
238	530	-4.0357156
237	608	-4.036655
248	471	-4.037192
32	596	-4.0377555
925	649	-4.0402994
275	334	-4.0424485
183	151	-4.043037
844	611	-4.0430546
31	485	-4.0435176
287	587	-4.043901
797	646	-4.045511
198	543	-4.0462337
779	646	-4.046477
186	222	-4.0481243
855	645	-4.0490656
849	483	-4.051812
224	162	-4.051879
715	637	-4.052669
919	549	-4.054601
234	553	-4.054945
93	562	-4.054967
872	557	-4.0551414
217	285	-4.0551534
862	481	-4.0554743
292	459	-4.055733
250	631	-4.056025
216	603	-4.056108
308	651	-4.0565405
863	539	-4.056664
888	557	-4.060026
37	608	-4.0610027
39	635	-4.0624275
174	154	-4.062451
283	289	-4.063852
185	521	-4.0655065
215	399	-4.065604
186	486	-4.0672326
893	605	-4.067897
188	154	-4.068485
278	573	-4.0702133
192	552	-4.0708904
223	187	-4.0713253
235	618	-4.0715537
315	628	-4.0727997
791	615	-4.073126
61	627	-4.074581
879	560	-4.0755434
209	170	-4.076236
349	553	-4.0766916
671	641	-4.0767984
233	521	-4.077541
797	633	-4.078065
901	591	-4.078454
863	635	-4.0805583
815	595	-4.0805635
213	272	-4.0806675
281	321	-4.0811906
871	536	-4.08247
234	532	-4.0825706
121	586	-4.0827875
184	175	-4.0829062
77	630	-4.0833216
918	529	-4.083794
662	629	-4.0852833
895	553	-4.085844
646	599	-4.0872574
194	511	-4.088012
887	571	-4.0880275
213	254	-4.0882716
585	586	-4.0882998
155	584	-4.088557
896	509	-4.0890827
248	128	-4.089868
221	418	-4.0901933
108	641	-4.09025
139	643	-4.09101
398	619	-4.091047
912	503	-4.0911937
242	261	-4.091672
243	390	-4.0920496
904	526	-4.092297
213	338	-4.092925
194	36	-4.0935326
843	604	-4.094036
32	618	-4.094102
180	258	-4.0950794
813	544	-4.096021
902	599	-4.097127
892	510	-4.0985265
217	277	-4.0986958
823	560	-4.098755
874	481	-4.099245
229	78	-4.099644
901	617	-4.100262
280	612	-4.100318
852	544	-4.1009445
827	542	-4.101148
829	595	-4.1016726
929	393	-4.1019454
182	322	-4.103069
219	268	-4.1054173
846	638	-4.106952
832	635	-4.1086087
38	628	-4.108744
501	650	-4.109371
184	254	-4.1103573
198	534	-4.1110764
180	364	-4.113562
204	332	-4.114174
182	341	-4.1143184
249	650	-4.1143503
150	276	-4.1157904
437	651	-4.115881
49	627	-4.1164923
174	284	-4.1165624
717	643	-4.1166
785	610	-4.117454
225	31	-4.119474
286	250	-4.119831
516	589	-4.120688
904	454	-4.1251507
887	645	-4.1258245
658	630	-4.1268005
149	643	-4.127237
815	560	-4.1277347
131	588	-4.127851
225	192	-4.12864
341	622	-4.129046
812	641	-4.1291304
908	551	-4.129573
101	556	-4.129773
223	304	-4.1302705
243	325	-4.130303
173	245	-4.1304865
749	639	-4.1316156
181	360	-4.131815
289	536	-4.1324053
206	564	-4.133021
154	639	-4.133229
355	645	-4.133542
286	279	-4.134046
211	581	-4.1341405
244	203	-4.135534
148	301	-4.136036
196	471	-4.1360927
738	633	-4.136603
320	300	-4.1376286
230	536	-4.137728
184	460	-4.1379023
250	643	-4.138108
219	452	-4.1401634
862	561	-4.140423
885	582	-4.1410193
225	424	-4.1420383
275	274	-4.142414
879	638	-4.1426744
185	25	-4.1430044
825	596	-4.1432652
178	302	-4.1439877
221	43	-4.14434
227	594	-4.144454
221	292	-4.1447177
85	572	-4.144769
767	621	-4.146934
518	646	-4.1469774
298	532	-4.148295
31	535	-4.149576
229	444	-4.149853
236	211	-4.14989
891	633	-4.1505113
796	608	-4.1507053
234	568	-4.1531825
826	629	-4.1538363
194	567	-4.153956
240	473	-4.154966
92	534	-4.155048
71	606	-4.1562037
94	590	-4.1569414
126	586	-4.158053
246	370	-4.160156
432	602	-4.161476
314	624	-4.162147
173	186	-4.164475
93	568	-4.165768
835	632	-4.1666884
60	602	-4.167218
89	560	-4.1672516
204	574	-4.1674347
720	570	-4.167538
89	596	-4.1700783
42	640	-4.1721373
761	645	-4.1721387
65	646	-4.1731052
189	57	-4.173642
632	610	-4.1759744
369	651	-4.1767373
194	519	-4.1768947
255	285	-4.177067
894	518	-4.1772923
863	622	-4.1773705
820	644	-4.177498
203	305	-4.177571
813	599	-4.179118
668	652	-4.1794333
896	549	-4.1801863
202	521	-4.1805754
243	103	-4.1808724
861	526	-4.1817284
885	621	-4.181813
231	190	-4.1825986
284	525	-4.182793
238	204	-4.183673
807	595	-4.183775
910	649	-4.1845007
267	277	-4.184727
244	272	-4.184796
245	96	-4.184836
219	47	-4.1864204
860	645	-4.186608
539	619	-4.186695
191	410	-4.186924
520	585	-4.1873693
184	190	-4.1875005
234	485	-4.187567
288	275	-4.187589
316	653	-4.187843
273	650	-4.1878996
675	643	-4.189811
893	543	-4.190069
333	622	-4.190132
208	111	-4.1909246
895	641	-4.190954
45	619	-4.1920967
211	449	-4.193018
880	564	-4.193347
308	628	-4.1938047
94	540	-4.1949234
185	273	-4.196246
178	267	-4.196436
503	543	-4.1982055
897	616	-4.198353
254	25	-4.198357
645	629	-4.1985774
860	555	-4.199145
131	643	-4.2001634
809	638	-4.200869
67	583	-4.2015023
242	410	-4.2026515
137	400	-4.2032146
853	487	-4.204957
212	355	-4.207423
252	21	-4.207602
219	349	-4.20942
930	425	-4.209688
219	528	-4.209728
142	574	-4.209907
793	611	-4.210066
288	526	-4.210405
754	641	-4.2109623
297	315	-4.211009
862	628	-4.2112
203	255	-4.2114043
176	294	-4.211649
484	650	-4.212954
866	496	-4.2143965
274	327	-4.2146773
243	281	-4.2155337
204	181	-4.2160754
695	588	-4.216273
917	555	-4.216738
208	416	-4.2176733
223	476	-4.2207656
844	642	-4.2212405
97	601	-4.2216287
792	646	-4.223142
203	313	-4.2235937
861	606	-4.2238455
204	210	-4.224066
384	618	-4.224416
244	639	-4.224568
871	627	-4.2254915
392	650	-4.225706
234	48	-4.226957
171	196	-4.227264
229	128	-4.228155
234	526	-4.2283044
78	640	-4.2290354
183	184	-4.2294602
291	575	-4.2303576
865	507	-4.230583
900	513	-4.230719
250	626	-4.2307897
212	199	-4.231161
227	27	-4.231244
728	643	-4.2313223
799	589	-4.2321343
246	485	-4.2329645
259	276	-4.2340927
205	583	-4.2345185
251	384	-4.2349777
899	571	-4.2365804
831	616	-4.2371182
242	114	-4.238118
186	631	-4.2384014
264	331	-4.238512
504	588	-4.238692
51	618	-4.2387276
525	642	-4.23895
723	629	-4.2400107
249	118	-4.240794
271	262	-4.241218
654	629	-4.241462
220	464	-4.2426205
647	635	-4.243601
73	633	-4.243815
221	21	-4.244057
786	639	-4.244424
264	268	-4.2454786
801	640	-4.2457833
793	631	-4.246077
915	649	-4.2473364
667	643	-4.247703
85	586	-4.24863
861	496	-4.2489405
238	224	-4.2490835
860	548	-4.2499175
45	635	-4.249991
237	587	-4.250169
216	110	-4.2502384
893	593	-4.251426
402	650	-4.251433
419	606	-4.252174
87	629	-4.2528477
271	335	-4.2529154
95	572	-4.2530723
179	202	-4.2539268
147	292	-4.2556853
827	562	-4.255906
593	592	-4.256815
178	278	-4.258199
184	155	-4.2582436
736	645	-4.2587843
242	415	-4.2589607
244	194	-4.259814
210	632	-4.260711
184	294	-4.260761
234	473	-4.260867
920	611	-4.262162
192	41	-4.2623725
818	612	-4.2624884
862	530	-4.263128
216	130	-4.2666864
206	388	-4.2673597
928	388	-4.26767
238	272	-4.2691393
915	578	-4.2696366
140	581	-4.2720156
32	624	-4.2734666
179	121	-4.2737107
216	79	-4.273827
195	28	-4.27433
113	639	-4.2746644
855	631	-4.2751465
349	653	-4.275207
267	620	-4.275486
329	624	-4.2764816
867	560	-4.277555
246	122	-4.2783375
123	638	-4.279678
33	636	-4.2796793
230	199	-4.280364
906	600	-4.282264
214	124	-4.2826324
209	282	-4.2839546
716	526	-4.285233
876	629	-4.2866435
530	585	-4.286807
248	191	-4.2878227
235	639	-4.2887387
846	544	-4.289106
846	562	-4.289449
205	292	-4.29043
178	145	-4.290569
218	354	-4.2907815
804	646	-4.2909617
286	258	-4.2910347
88	580	-4.2914476
715	629	-4.292772
214	651	-4.294593
216	99	-4.2947974
744	572	-4.295785
272	331	-4.2961783
190	651	-4.298374
307	301	-4.298449
190	431	-4.2993827
771	641	-4.2994146
212	206	-4.300536
550	647	-4.301161
245	222	-4.301337
240	212	-4.3015676
85	642	-4.3027244
523	589	-4.3038907
280	541	-4.304058
847	490	-4.304339
225	419	-4.305226
237	558	-4.305645
926	529	-4.306738
666	597	-4.3081346
890	522	-4.3085084
849	496	-4.308612
279	577	-4.311053
80	588	-4.311169
903	444	-4.313721
63	581	-4.3143563
264	468	-4.3149886
225	459	-4.316033
704	587	-4.316067
244	624	-4.317285
95	582	-4.318752
208	337	-4.31902
923	608	-4.3195753
216	505	-4.3207626
189	120	-4.321134
203	538	-4.3211365
177	607	-4.3215995
250	621	-4.3219438
751	627	-4.322176
205	174	-4.323189
218	424	-4.323378
616	651	-4.3249335
179	188	-4.325037
875	581	-4.325078
412	614	-4.3259187
270	288	-4.326114
323	617	-4.326117
915	569	-4.326594
740	627	-4.327625
662	637	-4.329134
147	316	-4.3293157
222	299	-4.3306327
829	640	-4.3314147
452	617	-4.331813
80	546	-4.3328986
272	271	-4.334557
275	323	-4.3355985
871	524	-4.3370237
151	317	-4.33837
156	313	-4.3389583
212	589	-4.339408
219	223	-4.33987
814	603	-4.3399816
813	585	-4.3400297
911	558	-4.3406634
771	614	-4.3407073
812	628	-4.341533
287	283	-4.342655
244	611	-4.344446
764	641	-4.346015
221	472	-4.347773
237	110	-4.3483152
750	601	-4.34972
858	485	-4.3500504
105	606	-4.35112
872	644	-4.3513002
123	538	-4.3514595
837	624	-4.3521037
187	361	-4.352562
225	407	-4.352631
918	542	-4.353053
443	651	-4.3533034
247	64	-4.3541965
298	650	-4.3542156
194	56	-4.3554373
146	585	-4.355838
923	559	-4.35604
127	641	-4.3566275
335	647	-4.3579497
886	608	-4.3579826
178	162	-4.359119
278	620	-4.360089
222	646	-4.3615117
291	586	-4.3627863
214	599	-4.364105
246	583	-4.364294
174	389	-4.364524
887	525	-4.3648367
202	569	-4.3663907
214	642	-4.366458
914	547	-4.36659
80	627	-4.3667097
824	622	-4.366776
216	257	-4.367779
198	630	-4.3683085
248	250	-4.368634
805	637	-4.3691263
182	328	-4.3692245
254	638	-4.369781
285	334	-4.3699403
927	415	-4.3701906
903	557	-4.370418
203	10	-4.370875
211	334	-4.372023
292	516	-4.372092
170	635	-4.3721547
229	426	-4.37265
142	591	-4.374278
209	294	-4.3746805
227	115	-4.3756104
201	563	-4.3765063
721	635	-4.37653
571	646	-4.3771234
874	639	-4.3783035
798	627	-4.3785553
731	640	-4.3793225
273	628	-4.38014
109	653	-4.3802958
817	574	-4.3804903
244	426	-4.3810115
904	440	-4.381902
793	597	-4.382387
149	588	-4.383424
91	552	-4.3842545
219	432	-4.385309
209	423	-4.3870277
776	641	-4.38752
209	628	-4.38792
182	301	-4.388008
907	508	-4.389356
804	652	-4.390712
213	260	-4.3919086
824	639	-4.392024
822	633	-4.393467
239	342	-4.393845
226	436	-4.3940697
235	337	-4.3946967
848	603	-4.3949037
545	628	-4.396737
682	591	-4.397995
256	518	-4.3989525
909	592	-4.3993473
263	517	-4.4001584
198	528	-4.4003882
174	290	-4.400827
456	615	-4.4025316
250	260	-4.404472
287	595	-4.405448
251	103	-4.40711
234	490	-4.4087996
163	624	-4.409342
343	540	-4.409912
121	581	-4.4101048
223	312	-4.410528
712	590	-4.4107533
928	397	-4.4108872
931	460	-4.410975
33	628	-4.4116173
808	642	-4.4119024
599	639	-4.4133916
959	305	-4.414417
32	579	-4.4146543
222	139	-4.4149456
72	599	-4.415056
180	167	-4.4156938
79	653	-4.4157586
271	252	-4.415808
44	629	-4.416648
245	474	-4.4175134
235	332	-4.4189286
193	583	-4.4197016
238	281	-4.420365
716	633	-4.4210057
296	319	-4.4220924
105	555	-4.423031
876	612	-4.4230685
192	461	-4.4234476
850	561	-4.424552
234	501	-4.4265904
214	326	-4.4271417
184	169	-4.42736
189	398	-4.4281025
529	581	-4.4285083
41	620	-4.4287977
225	442	-4.4293494
894	455	-4.430129
241	544	-4.4302006
182	638	-4.4306836
325	628	-4.4308724
238	32	-4.4309106
280	419	-4.4314504
753	572	-4.4316487
119	628	-4.432294
272	612	-4.432381
194	448	-4.4327292
205	298	-4.433362
212	149	-4.433533
206	557	-4.4336205
452	605	-4.4336696
248	609	-4.4340534
921	643	-4.4341536
188	417	-4.434629
204	250	-4.4353914
584	642	-4.436596
182	334	-4.436645
279	354	-4.436659
205	156	-4.4367886
805	632	-4.437138
859	632	-4.4376264
297	301	-4.4398313
249	95	-4.4403787
285	538	-4.4410777
227	510	-4.4415874
866	488	-4.4416494
921	466	-4.4416504
135	599	-4.4426265
920	535	-4.4430594
805	591	-4.443639
31	480	-4.4438715
583	637	-4.4441085
894	646	-4.4446607
208	266	-4.445007
246	411	-4.4467177
858	493	-4.447008
447	605	-4.4478264
187	470	-4.4478593
190	423	-4.4483123
136	309	-4.449965
287	263	-4.45034
733	633	-4.4504104
260	286	-4.45085
194	489	-4.451641
121	542	-4.4522533
184	260	-4.452457
96	636	-4.45299
95	632	-4.454414
58	597	-4.4556694
254	276	-4.456675
190	35	-4.4576325
257	473	-4.4584217
230	546	-4.4589515
753	645	-4.459145
161	641	-4.459273
894	630	-4.459479
827	548	-4.4597907
153	635	-4.4616127
248	56	-4.4616833
213	638	-4.461837
894	598	-4.4631968
215	404	-4.463395
314	297	-4.4638567
663	603	-4.463999
850	556	-4.4648323
923	523	-4.466432
237	599	-4.466635
243	236	-4.4671917
836	597	-4.467787
817	579	-4.468319
283	330	-4.468904
32	495	-4.469043
240	593	-4.4709334
654	637	-4.471534
926	578	-4.473708
209	123	-4.47539
930	436	-4.4757204
852	642	-4.4762225
369	635	-4.476978
179	214	-4.4772773
175	309	-4.4777136
248	242	-4.4782386
315	616	-4.478717
914	527	-4.47886
310	616	-4.4794226
244	337	-4.4809756
221	135	-4.4811788
900	562	-4.481447
208	289	-4.4834013
174	633	-4.483457
240	616	-4.4841413
231	325	-4.484467
245	576	-4.484732
883	553	-4.484761
236	190	-4.48554
234	39	-4.486082
181	427	-4.48627
888	543	-4.4869494
243	276	-4.4869766
529	595	-4.487434
405	641	-4.4884906
181	233	-4.489549
759	627	-4.489917
188	402	-4.491327
440	608	-4.4913707
41	607	-4.491716
188	365	-4.4925094
208	366	-4.493233
88	546	-4.493613
884	520	-4.494027
662	599	-4.495227
854	601	-4.497335
217	32	-4.498092
835	620	-4.4993563
244	634	-4.50001
222	480	-4.5009313
267	44	-4.501074
316	643	-4.5024333
700	612	-4.503189
139	306	-4.5032578
148	309	-4.5033855
288	532	-4.5057244
284	573	-4.507371
255	236	-4.5077734
840	601	-4.5096507
252	485	-4.5104055
177	194	-4.510431
589	591	-4.510956
202	530	-4.5117593
53	626	-4.5118732
928	511	-4.5121784
861	612	-4.5140853
247	75	-4.5141664
206	341	-4.514291
178	348	-4.5143223
855	551	-4.515431
242	378	-4.5154963
739	572	-4.515788
240	605	-4.516908
771	625	-4.517031
719	628	-4.5170636
817	556	-4.517855
896	563	-4.5185356
168	578	-4.5188494
190	591	-4.519253
191	599	-4.5193267
218	436	-4.5199447
204	309	-4.5206923
744	628	-4.521316
178	634	-4.5228252
278	536	-4.5245166
815	552	-4.525108
238	163	-4.526084
724	646	-4.526257
907	436	-4.5265727
811	558	-4.5268335
153	646	-4.5274453
408	650	-4.5274687
93	610	-4.528177
296	305	-4.5301213
229	99	-4.5301867
926	569	-4.530473
51	646	-4.530751
212	86	-4.530787
181	435	-4.532451
892	564	-4.5325136
254	387	-4.533098
215	411	-4.53418
130	584	-4.535564
610	646	-4.538293
784	606	-4.538943
186	139	-4.5398927
288	572	-4.5410843
859	478	-4.543178
716	575	-4.543565
183	287	-4.5438757
894	532	-4.5449114
817	589	-4.545226
179	298	-4.5487223
263	232	-4.548856
210	359	-4.5492043
785	602	-4.5493684
183	509	-4.5496235
813	616	-4.5497656
906	432	-4.5504475
27	346	-4.550757
242	589	-4.5509496
170	288	-4.5515785
215	135	-4.552125
248	364	-4.5526023
169	301	-4.5527606
882	642	-4.553805
185	205	-4.5544834
903	650	-4.555005
97	578	-4.5550637
247	383	-4.55603
198	622	-4.556897
897	604	-4.557389
894	460	-4.5575786
250	380	-4.558678
145	635	-4.559958
207	130	-4.5630407
238	413	-4.56333
254	85	-4.5638742
287	650	-4.565702
412	651	-4.56616
215	119	-4.5662007
364	649	-4.566206
819	605	-4.5672817
322	647	-4.5677023
213	330	-4.5685644
117	587	-4.568833
913	606	-4.5696588
708	533	-4.5698695
507	541	-4.570102
238	239	-4.570219
809	601	-4.5715027
959	310	-4.5722723
897	594	-4.5734963
244	252	-4.575445
119	616	-4.5756345
254	204	-4.575974
392	617	-4.5759864
200	573	-4.576498
210	249	-4.576535
158	317	-4.5772896
255	98	-4.578574
783	620	-4.578638
834	628	-4.579097
860	601	-4.5791817
777	625	-4.5796437
121	576	-4.5804467
220	113	-4.5807557
179	207	-4.5818796
184	466	-4.5822754
843	624	-4.583718
238	293	-4.5856686
74	578	-4.585889
210	275	-4.586446
297	309	-4.586603
217	509	-4.587249
237	418	-4.588734
647	643	-4.588953
346	637	-4.5894256
190	630	-4.5903773
601	592	-4.590411
233	572	-4.5906987
219	96	-4.5909433
896	514	-4.5917783
933	403	-4.5925875
206	382	-4.592804
917	475	-4.5936923
194	477	-4.594345
251	207	-4.594933
210	156	-4.595206
809	542	-4.595559
185	478	-4.5956116
897	635	-4.596434
252	468	-4.596796
229	542	-4.5977116
959	320	-4.597811
853	479	-4.5979743
156	398	-4.5981116
180	173	-4.6000867
268	327	-4.6002283
875	616	-4.6004944
163	584	-4.600758
757	652	-4.6008887
223	494	-4.6011486
207	577	-4.601912
264	204	-4.601994
242	198	-4.6027946
684	652	-4.6046658
287	420	-4.6055355
294	578	-4.605852
81	576	-4.606588
243	190	-4.6066914
677	647	-4.60806
253	396	-4.6094074
836	592	-4.609658
230	554	-4.61114
27	358	-4.6119623
220	232	-4.612116
198	636	-4.612165
263	81	-4.613605
213	49	-4.6141086
210	342	-4.616038
189	49	-4.6163607
890	553	-4.617528
205	286	-4.617679
895	589	-4.6178694
917	608	-4.6187344
237	622	-4.6207204
444	634	-4.62073
309	306	-4.6209264
883	593	-4.621337
704	650	-4.6220894
755	626	-4.62242
867	550	-4.623196
828	636	-4.6241593
853	495	-4.6246367
115	630	-4.6259785
218	126	-4.6262126
125	544	-4.626443
183	280	-4.626449
692	545	-4.627073
61	611	-4.6275682
870	640	-4.627905
217	420	-4.6284876
512	590	-4.629627
218	444	-4.630449
554	640	-4.6313386
160	578	-4.6315947
251	66	-4.632563
280	326	-4.6329937
174	144	-4.633308
912	540	-4.6340227
246	376	-4.637078
255	345	-4.637384
846	552	-4.63876
229	514	-4.63987
248	479	-4.640153
170	252	-4.640967
264	486	-4.6418104
176	171	-4.642749
178	150	-4.6433897
201	517	-4.6438527
138	576	-4.644346
811	624	-4.645205
363	641	-4.64546
233	66	-4.645916
932	469	-4.6466618
859	624	-4.6477623
280	258	-4.6484876
219	409	-4.648536
252	478	-4.6488504
187	21	-4.6506314
193	439	-4.652501
190	45	-4.653016
870	608	-4.653616
259	99	-4.6548724
176	406	-4.6549864
337	618	-4.657227
840	619	-4.6574345
908	579	-4.6577544
74	638	-4.659462
901	509	-4.659491
708	575	-4.66018
279	317	-4.660813
211	212	-4.6615577
246	233	-4.662068
404	619	-4.662556
178	272	-4.6627555
182	356	-4.6646543
230	205	-4.6658683
256	29	-4.6659427
153	299	-4.66605
655	601	-4.666171
29	418	-4.6663933
700	600	-4.6671634
775	645	-4.668321
897	582	-4.6690345
114	653	-4.6696873
177	615	-4.669886
909	604	-4.6701593
601	646	-4.6702323
787	619	-4.6716347
264	492	-4.6721797
244	647	-4.6742163
234	127	-4.674918
855	562	-4.6754603
457	605	-4.676258
131	595	-4.676782
143	647	-4.6773806
190	642	-4.6776686
724	652	-4.679009
215	114	-4.6790886
220	448	-4.679871
834	560	-4.6806803
174	627	-4.680714
923	455	-4.6812124
222	490	-4.6818743
223	199	-4.6821647
781	609	-4.6824293
40	603	-4.683144
88	536	-4.684204
208	375	-4.6844835
230	24	-4.6847253
860	520	-4.685459
789	634	-4.6858425
821	572	-4.686006
212	604	-4.6864076
185	84	-4.686611
243	73	-4.686619
240	405	-4.6870284
239	321	-4.6872244
673	637	-4.687734
527	627	-4.6888356
179	219	-4.6890445
157	575	-4.6897836
580	587	-4.69027
110	636	-4.6918073
718	587	-4.6922464
347	557	-4.6927342
217	106	-4.6934147
279	636	-4.6935534
189	375	-4.6935854
256	469	-4.6940384
27	464	-4.6946716
257	21	-4.6955657
660	622	-4.695651
455	627	-4.69569
271	624	-4.6957493
212	92	-4.6958137
243	83	-4.697549
277	562	-4.697736
882	606	-4.6977515
246	604	-4.697973
856	641	-4.6979933
226	125	-4.698445
245	571	-4.7010036
235	633	-4.7021475
116	560	-4.702207
316	620	-4.702456
251	271	-4.7025867
36	604	-4.7053576
846	557	-4.7055006
275	637	-4.705567
242	469	-4.706173
167	639	-4.7063613
136	580	-4.7068143
729	624	-4.7094016
254	262	-4.7103667
354	617	-4.710371
883	616	-4.710581
543	646	-4.7110724
825	552	-4.7113476
813	577	-4.7122874
276	529	-4.712789
143	319	-4.7138376
244	321	-4.7163296
314	314	-4.7170906
235	26	-4.7180533
929	506	-4.718128
706	591	-4.7183447
215	391	-4.718356
653	612	-4.7185755
446	626	-4.7192097
212	367	-4.719781
225	166	-4.720142
868	556	-4.7212033
883	635	-4.722061
230	261	-4.722106
865	610	-4.7234674
889	507	-4.7243032
796	578	-4.724411
107	599	-4.7244534
847	645	-4.725764
858	589	-4.725884
223	288	-4.727152
262	40	-4.728676
174	238	-4.72883
545	619	-4.7290154
290	423	-4.730874
187	382	-4.730936
179	325	-4.7309566
181	647	-4.731096
238	219	-4.7319703
72	573	-4.732492
250	265	-4.733945
182	264	-4.734042
217	428	-4.73417
508	644	-4.7345333
233	57	-4.734603
289	329	-4.7379117
242	394	-4.738095
237	522	-4.7381907
871	636	-4.7382216
283	586	-4.738316
632	525	-4.7397976
752	611	-4.7401056
711	645	-4.7404475
646	612	-4.7416635
331	628	-4.7420025
273	645	-4.7421207
888	511	-4.7424574
906	547	-4.742474
251	73	-4.742634
101	645	-4.743194
223	399	-4.743705
183	229	-4.7439394
889	594	-4.7454453
663	633	-4.7458158
170	283	-4.7461457
214	139	-4.7464337
268	332	-4.746494
190	436	-4.7477465
182	627	-4.7478633
160	627	-4.7498794
695	643	-4.7502112
242	372	-4.750558
282	619	-4.7505817
667	635	-4.750797
229	532	-4.7512264
229	119	-4.751378
820	599	-4.7520022
207	345	-4.7521567
46	642	-4.7525964
221	237	-4.7533083
911	568	-4.7535954
206	302	-4.7536497
870	520	-4.753739
85	614	-4.75384
850	550	-4.755577
219	38	-4.7563577
898	631	-4.756734
232	13	-4.7568927
176	313	-4.7572455
656	624	-4.757374
442	604	-4.757419
287	605	-4.7584944
916	574	-4.758615
278	291	-4.7587295
215	316	-4.758735
889	561	-4.7594748
287	542	-4.760241
215	75	-4.7608113
882	535	-4.761166
747	532	-4.7616076
257	395	-4.7616153
315	310	-4.761691
247	279	-4.762363
642	601	-4.762665
239	313	-4.764995
931	495	-4.7650056
865	478	-4.765243
179	451	-4.765549
178	379	-4.765749
919	462	-4.766199
252	325	-4.767307
901	639	-4.7674937
190	453	-4.76767
262	345	-4.7680182
821	578	-4.768484
389	593	-4.769111
254	644	-4.7699237
279	332	-4.770035
869	515	-4.7712126
190	443	-4.771216
206	325	-4.7714734
249	456	-4.7738543
339	538	-4.773857
869	597	-4.7740045
184	195	-4.774414
651	633	-4.774556
258	159	-4.7745624
959	297	-4.774748
227	21	-4.7756233
816	642	-4.7760034
209	262	-4.776676
244	563	-4.776734
234	198	-4.777323
198	507	-4.7779384
959	288	-4.7782288
277	651	-4.778787
907	556	-4.779433
106	533	-4.779933
243	315	-4.7800074
200	556	-4.7805476
716	520	-4.780608
229	111	-4.780982
357	633	-4.7813463
93	642	-4.7815495
882	504	-4.7816396
838	562	-4.7830443
563	651	-4.783113
804	604	-4.783258
403	593	-4.7833304
159	590	-4.7833915
175	190	-4.7837186
309	624	-4.78575
214	395	-4.7860518
927	605	-4.787329
190	53	-4.7873535
930	544	-4.7877703
243	244	-4.787791
403	646	-4.7882733
769	645	-4.7884326
226	157	-4.788827
70	637	-4.7888427
194	48	-4.789624
274	338	-4.7914734
858	539	-4.7928085
461	613	-4.79289
252	315	-4.7938704
233	581	-4.794037
146	288	-4.7941766
278	253	-4.7957687
198	520	-4.795821
217	614	-4.7965546
185	646	-4.7971916
236	21	-4.798374
717	591	-4.79852
211	436	-4.798779
883	512	-4.800021
152	574	-4.801296
215	607	-4.801913
809	581	-4.802102
246	416	-4.8027234
241	63	-4.80289
246	591	-4.8030176
193	515	-4.8042383
236	595	-4.8044853
211	298	-4.804903
212	291	-4.80597
210	624	-4.8068047
121	532	-4.8070474
237	98	-4.8072796
36	612	-4.8082814
214	68	-4.8090057
867	623	-4.80942
822	523	-4.810267
918	646	-4.810526
281	250	-4.811742
275	578	-4.813061
45	603	-4.8132887
144	579	-4.8135357
293	313	-4.8135777
30	406	-4.813676
910	588	-4.8142524
190	518	-4.8147078
906	568	-4.8149195
223	206	-4.815001
865	484	-4.8177094
872	632	-4.818693
738	611	-4.8193364
197	626	-4.819742
284	534	-4.81981
362	617	-4.82
81	621	-4.8203607
199	618	-4.820496
320	314	-4.820817
150	305	-4.8211865
587	639	-4.8213553
143	642	-4.8242006
959	315	-4.8242483
242	484	-4.8246765
890	454	-4.825055
254	632	-4.825391
290	323	-4.8254395
871	478	-4.826662
231	71	-4.826718
771	652	-4.8268547
592	647	-4.8270173
217	630	-4.8272915
878	608	-4.8274026
110	605	-4.827418
916	533	-4.82937
76	587	-4.829681
133	401	-4.830036
95	594	-4.8337574
214	321	-4.833885
667	601	-4.834212
265	295	-4.834834
208	353	-4.8354955
271	616	-4.8363967
907	451	-4.83746
821	593	-4.8381715
912	486	-4.8396287
867	537	-4.839676
127	636	-4.8413706
223	17	-4.841706
227	526	-4.84249
350	630	-4.842548
244	629	-4.8431635
32	551	-4.8433075
159	585	-4.8444424
137	626	-4.8448963
850	599	-4.845857
153	589	-4.846058
853	622	-4.8486376
194	465	-4.8496366
195	484	-4.849646
879	624	-4.8505344
453	609	-4.8506427
256	420	-4.850647
888	630	-4.8509803
142	566	-4.850982
281	597	-4.8516936
646	607	-4.8524714
267	336	-4.8526096
224	498	-4.8527718
129	546	-4.8528285
306	297	-4.8529706
303	300	-4.8542156
179	226	-4.8543544
209	371	-4.855038
246	32	-4.8555036
216	10	-4.8559422
269	642	-4.855947
679	641	-4.8563166
69	602	-4.857509
880	585	-4.8580966
927	519	-4.858432
196	571	-4.859532
199	547	-4.859683
185	199	-4.8605256
214	250	-4.860596
830	631	-4.8606114
663	641	-4.8607335
930	538	-4.8615746
889	583	-4.8619447
489	650	-4.8622437
181	419	-4.863025
558	628	-4.863558
213	280	-4.8637943
27	341	-4.86443
807	607	-4.864524
870	489	-4.864716
228	415	-4.8655972
303	650	-4.8666663
89	566	-4.86674
477	608	-4.8670135
254	321	-4.867452
307	604	-4.867458
143	389	-4.8685374
277	624	-4.868569
242	131	-4.8697104
932	420	-4.8709197
122	562	-4.871962
724	587	-4.8728914
242	99	-4.873493
459	625	-4.8741174
135	644	-4.874713
711	633	-4.8756623
758	572	-4.876851
541	627	-4.8775096
206	634	-4.87936
710	629	-4.8807993
650	601	-4.8810744
701	616	-4.8820634
862	618	-4.8828373
767	627	-4.8837886
866	643	-4.8842535
416	611	-4.8846054
257	267	-4.8852935
244	92	-4.886114
900	467	-4.886288
185	386	-4.8869367
45	608	-4.887212
267	578	-4.887773
247	52	-4.888126
844	548	-4.88833
240	107	-4.888365
645	589	-4.8889375
931	484	-4.8889484
183	503	-4.889047
433	614	-4.8893538
845	484	-4.889536
259	70	-4.889897
760	445	-4.890224
797	585	-4.8909154
261	472	-4.8909345
84	534	-4.8910437
213	7	-4.8911405
833	639	-4.8915124
238	260	-4.891636
767	615	-4.891673
860	565	-4.892017
242	123	-4.892074
182	270	-4.892283
232	467	-4.895098
194	650	-4.8968034
204	638	-4.8973365
195	493	-4.8973875
92	629	-4.897664
28	401	-4.8981066
250	195	-4.8987527
102	632	-4.8989553
281	570	-4.900028
252	80	-4.9001265
879	633	-4.900508
742	634	-4.900566
670	587	-4.9009895
844	599	-4.90118
260	341	-4.9016075
696	616	-4.9026446
124	619	-4.902883
213	345	-4.903163
204	553	-4.9034495
845	581	-4.903827
123	590	-4.903923
850	630	-4.9040627
33	589	-4.9046607
430	598	-4.904981
716	531	-4.9058685
210	221	-4.905929
176	611	-4.907169
298	544	-4.9078293
248	504	-4.908477
181	447	-4.9095316
105	582	-4.910417
911	490	-4.911682
97	544	-4.9123063
246	402	-4.912393
292	506	-4.9131117
820	620	-4.91332
208	198	-4.9133744
199	17	-4.914494
33	575	-4.9145017
251	402	-4.9152074
149	653	-4.916753
328	653	-4.9167557
219	253	-4.917025
870	482	-4.917056
237	115	-4.917869
172	298	-4.918147
846	539	-4.9189625
242	228	-4.9198885
112	533	-4.920174
502	594	-4.9203296
906	560	-4.920591
230	252	-4.920874
763	623	-4.9211335
241	329	-4.9211917
552	636	-4.922111
223	391	-4.922286
891	549	-4.9227676
699	596	-4.9238353
646	624	-4.9248137
598	631	-4.925758
898	600	-4.927323
172	384	-4.927621
225	130	-4.9304485
923	603	-4.9306087
899	577	-4.9318027
922	582	-4.931986
871	583	-4.93272
814	633	-4.9327517
693	600	-4.9329123
169	259	-4.9334636
180	179	-4.934295
125	582	-4.9345946
597	614	-4.937194
161	646	-4.9375987
230	431	-4.9387794
925	449	-4.9389405
411	618	-4.9393187
256	252	-4.939343
910	431	-4.940084
240	347	-4.940609
203	549	-4.9406476
277	360	-4.9412236
594	584	-4.9419827
193	603	-4.9428368
224	486	-4.942837
157	642	-4.9433165
703	629	-4.944457
959	256	-4.9473495
776	611	-4.9478383
347	532	-4.9488964
732	646	-4.9494004
186	525	-4.9501033
250	203	-4.9506154
208	238	-4.9512205
279	608	-4.951325
225	151	-4.9521227
489	625	-4.952459
282	59	-4.953775
166	292	-4.955605
523	581	-4.9578967
916	429	-4.958246
850	573	-4.9583254
852	565	-4.9592505
446	611	-4.959547
882	549	-4.9599137
280	523	-4.9599457
250	123	-4.9620733
275	615	-4.9621277
31	522	-4.962373
837	588	-4.962968
857	620	-4.96314
102	638	-4.9634285
157	301	-4.963752
884	586	-4.9644923
32	539	-4.9646053
591	641	-4.9647126
843	616	-4.964902
281	650	-4.965061
759	621	-4.9654145
343	642	-4.967186
894	572	-4.9672832
903	450	-4.9677343
258	388	-4.967764
248	522	-4.9678106
198	578	-4.9693284
220	360	-4.969946
741	576	-4.9700046
170	321	-4.9703274
69	645	-4.9704247
861	508	-4.9705963
919	577	-4.9711623
793	591	-4.9713116
119	591	-4.9719415
182	276	-4.9738617
959	272	-4.9752765
269	651	-4.9753623
221	11	-4.9801292
806	561	-4.9802427
240	254	-4.9803843
80	582	-4.981036
858	616	-4.9823785
712	585	-4.983211
261	260	-4.983275
643	637	-4.983993
116	539	-4.9840546
283	517	-4.984229
292	650	-4.9855084
240	119	-4.9857173
175	317	-4.986355
489	602	-4.9864216
178	629	-4.986472
236	409	-4.9877853
247	396	-4.987947
70	579	-4.9881167
171	398	-4.9882646
213	351	-4.988881
49	636	-4.9895153
274	641	-4.9902496
873	550	-4.990382
904	630	-4.990383
244	343	-4.9930243
224	403	-4.9933295
807	585	-4.994984
409	642	-4.9952784
688	585	-4.9967184
249	335	-4.997246
800	535	-4.997936
205	600	-4.9984694
188	39	-4.9987564
185	9	-5.0001254
926	583	-5.000548
247	112	-5.0005755
245	651	-5.001031
250	254	-5.001098
881	523	-5.0012956
236	131	-5.001654
249	613	-5.001922
556	618	-5.002483
818	630	-5.003226
876	575	-5.0034213
750	607	-5.0046673
230	560	-5.0047684
90	530	-5.0048857
186	641	-5.005059
693	594	-5.005633
104	642	-5.0060277
112	557	-5.006288
189	647	-5.0079412
514	644	-5.008035
906	504	-5.0086665
291	591	-5.0088296
817	568	-5.0095353
298	586	-5.010702
282	545	-5.010988
195	44	-5.011225
248	329	-5.011247
897	545	-5.011482
149	634	-5.0118837
111	632	-5.014605
248	532	-5.015085
225	516	-5.0152855
870	616	-5.015501
231	211	-5.016111
417	651	-5.0164514
336	555	-5.0168843
257	259	-5.0171113
890	602	-5.0174775
694	630	-5.0181375
872	511	-5.019092
959	328	-5.019508
211	99	-5.0203385
256	313	-5.0207276
704	611	-5.0211444
247	70	-5.0213223
843	491	-5.0219784
253	211	-5.0225554
229	94	-5.022934
866	605	-5.0233874
224	469	-5.024325
254	378	-5.024617
257	383	-5.024751
325	643	-5.025531
355	536	-5.025737
179	338	-5.0259776
206	259	-5.0260406
221	284	-5.026152
893	626	-5.026541
192	587	-5.02658
140	299	-5.026595
220	219	-5.0268455
114	606	-5.02703
289	336	-5.027434
809	574	-5.027506
323	303	-5.027648
278	300	-5.027711
190	637	-5.0284986
244	362	-5.0285
925	615	-5.029068
611	640	-5.031529
125	534	-5.033688
224	320	-5.0341935
809	552	-5.0342917
740	585	-5.036766
938	405	-5.0372496
249	90	-5.037347
204	232	-5.037389
125	514	-5.0376143
242	217	-5.038664
902	505	-5.039033
224	559	-5.0394154
658	635	-5.0400333
244	266	-5.040852
725	625	-5.041955
796	614	-5.042417
897	627	-5.042467
321	624	-5.042484
341	557	-5.0429544
253	9	-5.043696
840	595	-5.0442514
834	613	-5.04433
40	611	-5.0445657
246	467	-5.0446453
198	560	-5.044652
887	590	-5.0452743
152	294	-5.0456257
202	633	-5.0457463
177	595	-5.0460525
178	183	-5.046076
156	321	-5.046119
448	616	-5.046252
262	307	-5.0474463
899	621	-5.047981
906	490	-5.048378
266	346	-5.048912
735	584	-5.0493493
327	619	-5.050044
213	375	-5.0510283
245	643	-5.0514293
60	607	-5.0514426
708	527	-5.0521483
240	625	-5.0523806
252	503	-5.052502
233	611	-5.052776
225	564	-5.053064
228	195	-5.053164
277	583	-5.0547304
275	356	-5.0549254
234	203	-5.0550885
248	421	-5.0562735
246	599	-5.056698
262	35	-5.057371
832	601	-5.059406
833	605	-5.060829
938	494	-5.0619235
277	569	-5.0631804
681	596	-5.0634904
171	204	-5.063648
139	634	-5.0644374
817	536	-5.0664535
225	506	-5.0665956
386	600	-5.0665994
217	18	-5.0667186
266	637	-5.0674276
210	585	-5.0680976
118	605	-5.068584
9	346	-5.0697317
605	593	-5.069824
238	234	-5.0699887
294	502	-5.0701942
150	393	-5.071168
126	593	-5.071686
183	218	-5.071894
799	575	-5.0719686
224	455	-5.0724883
909	575	-5.07432
120	653	-5.0744987
783	578	-5.074817
910	617	-5.075384
242	68	-5.0755424
867	585	-5.075837
239	526	-5.0760694
879	615	-5.0773115
231	577	-5.078056
793	626	-5.080061
869	602	-5.08095
898	530	-5.0832467
254	627	-5.083607
74	653	-5.083682
537	585	-5.086259
189	595	-5.0874104
134	574	-5.0880895
666	630	-5.0886946
287	254	-5.090573
251	234	-5.091597
211	608	-5.0917816
693	637	-5.092016
712	530	-5.092491
545	636	-5.0926423
279	532	-5.093083
229	550	-5.094203
442	625	-5.0942564
202	650	-5.0945435
300	581	-5.095848
298	294	-5.0963635
642	609	-5.0968614
184	92	-5.0973516
252	55	-5.0978703
56	601	-5.098209
225	145	-5.098292
845	495	-5.09927
247	238	-5.09952
552	628	-5.0997214
911	441	-5.0998964
209	349	-5.100086
599	597	-5.1002545
123	630	-5.101602
106	637	-5.101746
436	598	-5.101822
255	335	-5.102641
182	643	-5.1029587
180	414	-5.1030297
929	350	-5.1031666
93	586	-5.1036124
202	612	-5.104065
382	625	-5.104131
258	651	-5.1047544
291	292	-5.105469
803	627	-5.1066585
959	283	-5.10683
273	608	-5.107127
157	653	-5.1077285
502	584	-5.108055
827	591	-5.1085224
624	651	-5.1101766
232	308	-5.110367
875	539	-5.1126657
580	641	-5.113942
256	244	-5.114213
229	420	-5.1157703
225	178	-5.1157737
210	216	-5.116138
306	614	-5.1162977
451	625	-5.1164074
319	296	-5.1167984
252	288	-5.116908
694	612	-5.1182575
827	556	-5.1187763
235	626	-5.11961
291	284	-5.1196337
291	441	-5.11967
249	408	-5.120641
246	262	-5.1208196
748	574	-5.1210794
146	639	-5.1219997
187	370	-5.1231894
858	559	-5.1240425
194	457	-5.12423
211	286	-5.125064
590	578	-5.125161
558	638	-5.1269555
208	245	-5.1283765
475	612	-5.1287503
180	456	-5.129379
238	157	-5.1295147
248	134	-5.12965
920	639	-5.1297727
277	366	-5.130029
219	403	-5.1302114
938	421	-5.1305666
240	147	-5.1306324
238	288	-5.1312313
282	529	-5.1313224
247	246	-5.1318626
239	504	-5.1319137
250	17	-5.1327395
312	601	-5.134518
283	593	-5.1347847
36	623	-5.135004
242	52	-5.135582
297	573	-5.136465
874	607	-5.136664
908	455	-5.137826
250	35	-5.1380906
209	397	-5.138151
906	530	-5.1383634
211	134	-5.138451
649	639	-5.1384554
266	260	-5.1397796
866	619	-5.1399817
672	597	-5.140334
236	54	-5.1414337
850	540	-5.1414495
506	636	-5.142396
272	416	-5.1425877
228	410	-5.1433783
271	638	-5.1434817
277	630	-5.1435447
172	363	-5.144199
853	627	-5.1443906
876	556	-5.1452765
241	597	-5.1453834
235	16	-5.146032
246	147	-5.146708
221	650	-5.14672
290	317	-5.1467323
244	549	-5.1469293
198	512	-5.1476946
167	543	-5.1489434
219	440	-5.1501465
337	623	-5.1509404
564	634	-5.1516833
821	585	-5.151986
208	310	-5.1524525
866	629	-5.1528554
165	513	-5.1530457
131	580	-5.1537204
901	547	-5.1554236
57	589	-5.156056
674	583	-5.1565356
150	289	-5.1582875
319	629	-5.158885
173	302	-5.159773
256	479	-5.1601596
323	604	-5.1602073
859	594	-5.1606493
347	538	-5.160893
539	642	-5.161167
237	317	-5.161838
650	609	-5.1625714
273	633	-5.164833
286	425	-5.1651044
710	567	-5.166101
244	78	-5.1662393
156	562	-5.1663976
35	487	-5.1679792
396	642	-5.169125
800	610	-5.1694274
795	574	-5.17132
846	589	-5.171891
704	530	-5.1719775
691	641	-5.1720567
584	633	-5.173142
829	652	-5.173287
266	208	-5.1733336
277	295	-5.1741548
122	625	-5.174488
737	580	-5.174617
232	186	-5.174651
181	441	-5.1746836
701	625	-5.174951
434	623	-5.175388
887	517	-5.175752
101	598	-5.1768827
153	310	-5.1771045
884	602	-5.177278
165	272	-5.1782303
61	635	-5.178956
274	319	-5.1803713
226	491	-5.182426
243	382	-5.182971
904	461	-5.1830683
135	394	-5.183319
293	478	-5.1833763
710	637	-5.183431
292	306	-5.1841083
207	141	-5.184134
295	548	-5.1843257
224	328	-5.184578
249	528	-5.184704
214	634	-5.184944
129	540	-5.1853085
255	196	-5.1858635
184	351	-5.186413
117	582	-5.1872025
873	595	-5.188049
891	537	-5.189483
662	646	-5.1898293
698	584	-5.190581
260	315	-5.191149
643	620	-5.1914
198	566	-5.1927752
310	298	-5.193049
232	454	-5.1933703
97	614	-5.194203
231	564	-5.1946006
780	639	-5.1948876
144	570	-5.1948957
172	371	-5.1968184
187	390	-5.1976213
227	103	-5.1984587
194	632	-5.198467
281	336	-5.199077
245	407	-5.199661
912	554	-5.201547
917	614	-5.203362
284	417	-5.2037883
878	536	-5.203919
661	607	-5.2042236
214	103	-5.204523
114	635	-5.204665
881	589	-5.2048063
930	488	-5.2048197
161	313	-5.205092
231	334	-5.205662
686	643	-5.2067337
227	188	-5.207193
158	309	-5.208997
206	316	-5.2097826
176	623	-5.209949
812	620	-5.2100873
603	640	-5.21031
279	548	-5.2113175
273	526	-5.2132497
220	227	-5.213645
147	208	-5.213719
170	625	-5.2139354
799	623	-5.2141213
270	41	-5.2157035
168	305	-5.2159076
582	583	-5.2167544
223	502	-5.217181
693	584	-5.2172594
902	531	-5.2177825
628	529	-5.2188935
174	359	-5.219262
242	285	-5.219596
181	514	-5.219635
171	584	-5.2197957
233	458	-5.219885
178	286	-5.221463
714	562	-5.22176
273	291	-5.2230325
424	618	-5.2232985
271	344	-5.223571
310	633	-5.2237177
210	116	-5.2238493
183	498	-5.2240367
244	353	-5.225196
904	635	-5.2256885
280	627	-5.2257075
172	170	-5.2264338
254	571	-5.227015
252	490	-5.2275624
235	591	-5.227901
396	615	-5.2279987
344	554	-5.22816
894	440	-5.229019
212	240	-5.230063
708	538	-5.230791
301	313	-5.231023
219	468	-5.2315245
653	589	-5.2319303
793	619	-5.2320724
127	628	-5.232908
57	615	-5.233033
854	569	-5.234058
243	309	-5.236608
757	568	-5.236688
828	624	-5.2382903
252	418	-5.238594
292	570	-5.239487
198	642	-5.23995
813	538	-5.2401185
294	510	-5.241051
278	423	-5.2411304
789	629	-5.2418327
538	596	-5.242117
238	151	-5.2436786
69	628	-5.2439017
267	323	-5.244501
258	37	-5.245643
172	181	-5.2456875
267	342	-5.246462
340	614	-5.24652
125	615	-5.247043
211	593	-5.2487044
244	257	-5.248844
154	394	-5.2488656
789	589	-5.2490087
671	603	-5.2493296
27	352	-5.250184
714	581	-5.2502246
912	531	-5.25076
527	638	-5.2523108
627	537	-5.2526135
67	573	-5.2527366
938	478	-5.252819
248	617	-5.254129
250	414	-5.2545
731	572	-5.254563
926	645	-5.2558937
173	174	-5.2559366
416	601	-5.256068
198	647	-5.2561426
271	324	-5.2566614
215	458	-5.2567983
905	620	-5.2568913
846	577	-5.2569456
335	604	-5.2571898
883	625	-5.257333
23	465	-5.2581563
357	532	-5.2598076
925	624	-5.260042
710	612	-5.2606
23	348	-5.26112
276	516	-5.2618885
659	615	-5.2620783
284	318	-5.2631845
172	379	-5.2649035
798	618	-5.2660046
292	301	-5.2662215
220	533	-5.266944
345	630	-5.2674284
262	418	-5.2679505
208	137	-5.269027
938	499	-5.269785
204	282	-5.2698135
255	64	-5.2709074
265	650	-5.2727785
175	637	-5.27625
179	291	-5.2767625
840	552	-5.276971
139	571	-5.277362
636	609	-5.277529
263	237	-5.2775445
129	506	-5.2775536
199	9	-5.2778497
123	526	-5.2779055
250	109	-5.2782917
258	9	-5.278392
919	456	-5.278547
639	646	-5.2786684
240	20	-5.2791815
253	192	-5.279187
165	297	-5.2805686
788	574	-5.2806764
31	547	-5.2807117
222	427	-5.2815647
554	623	-5.281719
737	600	-5.281779
959	336	-5.281791
156	571	-5.2838597
267	626	-5.2846594
170	392	-5.2854013
81	530	-5.2854085
938	471	-5.2854595
271	579	-5.286303
429	651	-5.286682
258	81	-5.2867823
420	597	-5.2868066
938	507	-5.287201
813	572	-5.2873244
240	421	-5.2877836
893	506	-5.288433
309	318	-5.2884717
541	615	-5.2889295
267	301	-5.28939
305	305	-5.289907
213	471	-5.2904587
184	474	-5.290803
244	503	-5.29088
59	572	-5.291013
380	617	-5.2910204
208	208	-5.2911906
206	273	-5.291222
848	624	-5.2916307
178	603	-5.292522
642	595	-5.2925625
958	301	-5.2934246
650	595	-5.293619
280	604	-5.2938023
260	94	-5.294003
225	183	-5.294009
59	583	-5.294117
117	624	-5.2949305
329	644	-5.295165
885	597	-5.295678
835	542	-5.295681
254	69	-5.2959065
768	638	-5.295925
49	614	-5.296182
836	556	-5.29629
739	607	-5.297189
794	582	-5.297424
290	280	-5.2979784
210	393	-5.299026
270	22	-5.2991652
500	603	-5.2993917
178	330	-5.30014
870	495	-5.3003316
906	447	-5.300745
292	296	-5.301297
262	571	-5.301336
222	241	-5.3023233
859	638	-5.3024144
845	620	-5.302781
922	555	-5.3028145
776	606	-5.3038144
929	338	-5.303854
865	564	-5.3042717
214	387	-5.3045363
236	494	-5.3049145
194	640	-5.3058753
204	628	-5.3067074
922	431	-5.307132
84	524	-5.307316
896	468	-5.3077164
657	587	-5.308071
752	623	-5.308087
317	639	-5.308102
257	415	-5.3085985
262	89	-5.3086014
135	637	-5.308802
260	487	-5.309134
891	587	-5.309488
388	615	-5.309808
261	221	-5.311326
224	446	-5.3115473
121	634	-5.3118057
357	584	-5.3119545
810	535	-5.3135576
533	591	-5.3138995
219	117	-5.314337
514	594	-5.3149853
892	445	-5.3163815
219	369	-5.316505
243	536	-5.3172235
236	509	-5.3174157
119	609	-5.3176546
103	546	-5.3181624
336	314	-5.3186717
242	33	-5.319063
500	590	-5.3192873
95	531	-5.319558
789	568	-5.3197637
262	248	-5.3208237
438	612	-5.3209634
168	529	-5.3215194
232	256	-5.322299
448	601	-5.322446
932	407	-5.3225513
917	642	-5.3238173
210	322	-5.3239017
709	571	-5.3239574
109	593	-5.324303
210	314	-5.325044
216	335	-5.326208
202	644	-5.3265266
866	638	-5.3274035
836	583	-5.3274665
234	119	-5.32773
854	614	-5.327925
403	612	-5.3281837
176	354	-5.3284407
138	320	-5.3288817
275	533	-5.328889
138	567	-5.328939
266	306	-5.330183
717	516	-5.3303723
238	518	-5.3310075
621	628	-5.3312607
228	521	-5.3313985
959	278	-5.3325114
223	334	-5.3331785
219	477	-5.33372
264	498	-5.3347006
668	593	-5.3347406
180	464	-5.334979
583	596	-5.3353977
178	198	-5.335745
233	112	-5.33593
169	313	-5.3366284
903	573	-5.3370466
122	550	-5.337097
233	313	-5.3371134
198	501	-5.3377485
248	210	-5.3379483
28	488	-5.3380313
829	538	-5.3387895
302	296	-5.339108
744	623	-5.3399467
157	634	-5.3411603
117	595	-5.341223
539	603	-5.341841
216	497	-5.3420362
30	642	-5.342686
260	378	-5.343113
902	646	-5.3437347
176	365	-5.3437934
224	170	-5.344067
209	103	-5.3441586
928	601	-5.344893
819	624	-5.345485
931	334	-5.3457313
927	594	-5.34673
281	623	-5.3468027
166	268	-5.346837
283	562	-5.3482833
178	641	-5.3495955
183	209	-5.3502197
212	128	-5.3505826
898	645	-5.351043
7	342	-5.351147
859	585	-5.3515906
213	308	-5.3518033
240	355	-5.3531046
280	304	-5.353297
910	546	-5.353616
286	609	-5.3542466
663	587	-5.354636
256	486	-5.356468
215	202	-5.356553
266	37	-5.3567023
262	327	-5.356771
807	613	-5.3568406
113	615	-5.357399
285	326	-5.3576016
291	436	-5.3580556
267	59	-5.3589587
57	610	-5.359145
813	637	-5.359298
325	633	-5.359544
222	212	-5.3597636
650	646	-5.3600597
241	368	-5.3608437
245	490	-5.36137
329	632	-5.3615623
177	375	-5.361685
925	437	-5.3625326
448	650	-5.362665
531	599	-5.3631516
879	595	-5.3632097
913	585	-5.363704
246	518	-5.363849
240	80	-5.364101
268	571	-5.3644333
233	654	-5.365941
940	461	-5.367119
164	301	-5.3675013
195	607	-5.368448
854	595	-5.369051
248	48	-5.3694043
109	628	-5.369799
246	163	-5.37163
221	276	-5.3721294
276	259	-5.3730474
256	327	-5.373567
890	474	-5.3737373
746	528	-5.3749843
864	569	-5.376584
233	100	-5.377377
904	578	-5.378682
890	461	-5.3796554
211	363	-5.3797135
597	635	-5.3816614
98	642	-5.3822613
209	152	-5.383487
238	229	-5.3836646
316	632	-5.3839364
218	645	-5.3847136
244	554	-5.385427
581	591	-5.3857403
275	250	-5.386049
708	616	-5.386213
865	502	-5.3865905
225	13	-5.3867574
180	108	-5.3871894
171	330	-5.3886905
217	148	-5.388987
206	162	-5.3895187
214	423	-5.389611
288	518	-5.39008
822	542	-5.390275
250	161	-5.391228
276	611	-5.3922915
510	640	-5.3934116
224	463	-5.3943443
291	455	-5.394406
178	342	-5.3947606
131	600	-5.3959665
789	595	-5.396805
5	476	-5.397699
864	598	-5.3980217
246	442	-5.398308
233	586	-5.3988996
32	571	-5.399151
763	637	-5.400413
702	575	-5.4010324
763	572	-5.4011993
116	551	-5.4025455
476	650	-5.4029694
842	558	-5.4031925
252	13	-5.40326
308	600	-5.403455
850	581	-5.4034986
282	400	-5.40443
510	584	-5.404674
212	432	-5.405514
122	557	-5.405901
925	641	-5.4065685
265	290	-5.407141
460	617	-5.4072456
930	527	-5.4084215
433	652	-5.4098434
683	600	-5.410049
179	282	-5.4107165
266	315	-5.410859
30	461	-5.411396
259	75	-5.4115667
290	546	-5.4131117
27	331	-5.413497
807	625	-5.4135256
756	634	-5.4140654
338	308	-5.414219
526	631	-5.4143825
821	566	-5.4145565
798	653	-5.415227
58	642	-5.415718
263	46	-5.415737
214	53	-5.4157495
230	438	-5.415855
185	17	-5.416552
402	597	-5.4166093
805	548	-5.4170237
891	569	-5.4180255
233	321	-5.4182763
148	320	-5.4186006
272	295	-5.418631
880	628	-5.4198003
213	416	-5.4201984
902	430	-5.4202695
505	602	-5.420327
848	612	-5.4212475
213	383	-5.421433
282	633	-5.422406
678	637	-5.4226465
219	215	-5.423492
156	410	-5.4235034
132	623	-5.4236155
238	298	-5.4246917
247	44	-5.4249096
101	562	-5.4249825
169	591	-5.4257374
239	128	-5.4258337
442	616	-5.4271617
29	649	-5.4274087
772	637	-5.4278126
875	589	-5.42807
249	321	-5.428664
820	638	-5.429154
823	546	-5.4292026
253	4	-5.429281
229	239	-5.4294424
735	576	-5.43061
156	296	-5.431098
150	204	-5.4317045
261	197	-5.432742
172	579	-5.4331584
958	324	-5.433405
423	651	-5.4334865
916	538	-5.434258
891	515	-5.435105
188	394	-5.4376035
696	624	-5.4376802
27	479	-5.4383044
937	401	-5.438568
139	596	-5.440031
259	515	-5.4402933
355	653	-5.4404826
254	157	-5.440636
529	603	-5.4414163
912	572	-5.4425435
105	560	-5.4430037
250	40	-5.4437633
222	387	-5.44421
96	536	-5.4445186
909	627	-5.44488
174	149	-5.4451647
224	295	-5.445946
529	621	-5.446506
237	36	-5.4466777
232	293	-5.448241
185	214	-5.448574
867	576	-5.4492793
103	551	-5.4495406
820	552	-5.4497304
217	154	-5.4501376
328	553	-5.450454
275	372	-5.451234
803	587	-5.4520416
230	9	-5.452519
88	556	-5.4528975
226	309	-5.4530377
225	383	-5.4535704
141	630	-5.4557195
407	592	-5.4564986
265	473	-5.457669
328	300	-5.4579
592	588	-5.4591036
242	248	-5.459357
847	569	-5.4594193
661	595	-5.4602633
103	628	-5.4603376
172	346	-5.4607844
753	637	-5.4614496
258	527	-5.4622955
338	642	-5.4623504
915	471	-5.463643
655	620	-5.464477
195	23	-5.4646106
248	496	-5.4646244
832	564	-5.4654903
261	391	-5.46738
228	257	-5.468267
825	580	-5.4694567
247	284	-5.4701743
712	525	-5.4705358
122	601	-5.471409
677	594	-5.4728746
133	627	-5.4741874
227	495	-5.4762588
148	593	-5.476655
912	498	-5.476672
225	316	-5.4767566
207	147	-5.4770465
611	629	-5.477054
607	641	-5.4779625
255	16	-5.478679
48	598	-5.4790707
877	512	-5.4795303
220	484	-5.4797387
661	582	-5.480029
733	625	-5.480197
98	589	-5.4803557
823	589	-5.4804235
237	276	-5.480449
558	622	-5.4813027
489	607	-5.481629
817	617	-5.4832196
32	556	-5.483418
122	595	-5.488118
192	572	-5.491044
525	593	-5.4937043
903	626	-5.494426
238	426	-5.4945774
753	567	-5.4947963
209	620	-5.496216
161	517	-5.496322
32	562	-5.4971457
291	597	-5.4980702
84	625	-5.498847
875	652	-5.498991
264	478	-5.49913
223	222	-5.499259
49	609	-5.500597
631	606	-5.5023613
300	304	-5.503094
106	617	-5.5042815
208	226	-5.504875
721	582	-5.5052605
180	610	-5.506128
523	634	-5.5061812
79	550	-5.5075026
877	524	-5.5077977
884	631	-5.5080233
289	601	-5.508137
750	584	-5.5103054
229	86	-5.5104246
237	215	-5.510597
826	522	-5.5136585
221	264	-5.514811
858	532	-5.514966
283	457	-5.515246
177	369	-5.5153093
920	630	-5.5160728
522	639	-5.516129
272	583	-5.5162706
239	87	-5.5164676
849	475	-5.516929
271	302	-5.5169816
874	504	-5.517294
230	176	-5.5178704
128	620	-5.5180516
218	249	-5.5187745
240	56	-5.519357
105	588	-5.519504
495	601	-5.519576
238	44	-5.5196686
277	350	-5.522431
249	464	-5.523005
458	621	-5.5233316
248	274	-5.5248146
830	620	-5.5249395
101	580	-5.525445
140	562	-5.52566
211	142	-5.5262995
161	573	-5.526348
867	634	-5.526458
942	420	-5.527172
160	322	-5.527695
250	149	-5.527743
931	531	-5.52794
273	35	-5.5288887
228	16	-5.529895
748	612	-5.5299206
131	638	-5.530461
660	611	-5.5306168
208	330	-5.531193
871	472	-5.5318885
822	556	-5.532102
156	305	-5.532467
11	423	-5.532517
182	223	-5.5328407
237	59	-5.533682
855	475	-5.53419
651	625	-5.5347915
802	521	-5.5349627
689	592	-5.535318
212	109	-5.5356216
267	70	-5.5360217
79	536	-5.536619
728	620	-5.536794
23	342	-5.537019
353	583	-5.537092
151	598	-5.5371637
448	633	-5.538707
246	432	-5.5387516
117	543	-5.539295
165	575	-5.5395756
852	618	-5.540055
797	570	-5.540144
836	548	-5.540699
197	516	-5.540738
246	180	-5.540925
897	505	-5.541253
638	641	-5.5416017
814	564	-5.5416446
89	584	-5.541695
256	208	-5.5420003
704	537	-5.542104
593	613	-5.5423074
849	533	-5.5423985
223	252	-5.5426846
202	624	-5.543253
630	646	-5.543716
874	561	-5.544001
838	523	-5.5443964
805	535	-5.544807
79	524	-5.5451984
825	490	-5.545779
823	495	-5.5460443
259	426	-5.5462594
896	444	-5.546429
119	514	-5.546433
179	460	-5.5475326
139	463	-5.548774
552	619	-5.5491734
213	427	-5.5495987
315	293	-5.550251
323	297	-5.5516214
245	358	-5.551911
832	591	-5.5528827
180	423	-5.553533
910	494	-5.5545473
174	322	-5.5549846
240	167	-5.5552087
731	586	-5.557046
302	542	-5.5573306
924	629	-5.557413
218	240	-5.55745
279	428	-5.560802
906	496	-5.560938
879	552	-5.561076
257	154	-5.561674
37	619	-5.5626397
868	593	-5.5631323
56	606	-5.563681
263	97	-5.5637684
254	622	-5.5640755
77	554	-5.56437
275	315	-5.5644503
136	303	-5.564461
218	492	-5.56482
751	615	-5.564908
790	578	-5.5656815
756	447	-5.5667124
243	293	-5.566883
40	616	-5.56744
243	479	-5.5675163
238	66	-5.5686307
430	618	-5.5695033
199	524	-5.569679
250	372	-5.570191
169	573	-5.5707297
255	93	-5.570835
102	576	-5.5710735
244	135	-5.571105
165	647	-5.571326
765	576	-5.5717716
240	638	-5.571824
415	619	-5.572467
282	511	-5.573323
940	436	-5.5736394
245	559	-5.5743127
293	372	-5.574376
318	602	-5.574675
517	582	-5.5747347
262	253	-5.5751104
254	151	-5.5755334
248	595	-5.575697
48	631	-5.5761523
251	188	-5.5764027
383	614	-5.5765243
218	14	-5.5765376
152	400	-5.576635
801	540	-5.576732
355	553	-5.57709
228	163	-5.5777087
842	591	-5.577972
86	528	-5.579477
704	598	-5.5798335
215	487	-5.5801926
240	48	-5.581274
236	404	-5.5816793
285	354	-5.582992
784	598	-5.5845475
548	625	-5.5848985
936	417	-5.5853453
351	530	-5.5853634
44	614	-5.5860987
239	102	-5.5866036
105	595	-5.586883
255	411	-5.5873747
208	5	-5.5874414
725	617	-5.588173
5	488	-5.588196
914	433	-5.588286
498	595	-5.588317
219	398	-5.5883904
876	567	-5.58841
275	595	-5.5886254
788	582	-5.588708
221	5	-5.58949
735	608	-5.591132
253	498	-5.591317
328	308	-5.5916886
811	568	-5.5919867
290	612	-5.5921555
860	571	-5.59252
254	531	-5.592693
818	525	-5.5935645
906	639	-5.593667
245	349	-5.5939503
206	278	-5.5966444
911	645	-5.596758
252	61	-5.5968637
134	619	-5.599943
188	532	-5.6000304
262	209	-5.600207
248	5	-5.601219
231	603	-5.6030965
938	519	-5.603722
825	536	-5.6037226
256	295	-5.604731
750	521	-5.604839
252	127	-5.6056
256	289	-5.6059093
506	582	-5.60685
226	141	-5.6068897
873	603	-5.607202
649	588	-5.6084785
191	27	-5.609173
930	549	-5.6094117
250	347	-5.6110806
508	545	-5.6111245
228	322	-5.611411
213	57	-5.612233
239	389	-5.6124372
456	601	-5.612499
797	527	-5.6129193
109	576	-5.612989
6	413	-5.6135306
241	269	-5.6141114
858	581	-5.6143804
186	626	-5.6145844
744	584	-5.614951
222	272	-5.615266
310	310	-5.6154523
152	280	-5.6155005
218	138	-5.6157746
384	595	-5.6159787
254	341	-5.616216
647	616	-5.6162267
281	64	-5.6192174
938	489	-5.620138
915	455	-5.620421
636	523	-5.6206765
222	376	-5.6212544
279	641	-5.6213994
63	571	-5.6217103
160	563	-5.6218605
259	240	-5.6226087
164	590	-5.6226177
840	546	-5.622796
689	602	-5.624397
261	356	-5.6247716
234	240	-5.624912
730	610	-5.6253796
240	630	-5.6261334
226	202	-5.628946
291	271	-5.6299872
343	534	-5.6301856
234	289	-5.6306005
246	157	-5.6308274
332	618	-5.631481
279	591	-5.6316576
241	399	-5.6316934
851	588	-5.632062
762	568	-5.63232
533	582	-5.632423
919	570	-5.6327147
174	591	-5.6331654
312	642	-5.633452
860	467	-5.6340265
624	525	-5.6340475
209	203	-5.6349907
959	267	-5.6350136
28	609	-5.6353693
190	544	-5.63561
192	626	-5.635806
702	583	-5.6358404
426	574	-5.6366186
737	624	-5.6373305
712	625	-5.6381564
262	577	-5.638284
209	412	-5.639164
547	632	-5.639655
131	550	-5.640263
601	628	-5.6408114
238	486	-5.6408157
114	621	-5.6426544
784	572	-5.644646
704	542	-5.644989
218	364	-5.6476765
151	272	-5.647942
23	487	-5.648211
511	636	-5.6484103
166	276	-5.6494
54	636	-5.650096
142	402	-5.650259
540	608	-5.6507545
306	309	-5.651119
856	573	-5.651163
85	620	-5.6513524
246	567	-5.6515865
230	124	-5.652129
810	653	-5.652159
42	492	-5.6524696
206	604	-5.6546445
289	556	-5.6551256
262	387	-5.6558495
720	624	-5.6561007
817	584	-5.659038
308	637	-5.6597214
747	604	-5.6600432
268	319	-5.6600924
499	545	-5.6607194
505	607	-5.6611886
113	626	-5.661271
10	415	-5.662744
825	574	-5.663085
32	500	-5.6640487
802	616	-5.664211
746	600	-5.66475
250	536	-5.664901
176	178	-5.6658554
550	642	-5.6668496
924	599	-5.667852
175	205	-5.6679783
260	547	-5.6679854
283	422	-5.668038
256	307	-5.6689587
635	613	-5.6693144
712	535	-5.669688
440	596	-5.670485
292	419	-5.6706114
731	602	-5.6717424
260	467	-5.672029
835	491	-5.6724744
186	355	-5.6724987
261	31	-5.673401
871	577	-5.673598
908	541	-5.673878
799	581	-5.6739697
189	522	-5.6743417
55	645	-5.6744137
654	593	-5.674588
212	379	-5.674598
631	614	-5.6758037
732	616	-5.67598
658	641	-5.6761146
141	294	-5.676143
518	542	-5.676162
384	604	-5.676572
21	414	-5.676988
706	626	-5.6774254
238	500	-5.677515
845	573	-5.677752
672	591	-5.6777816
172	306	-5.677833
475	625	-5.679672
97	566	-5.679742
114	546	-5.679832
238	250	-5.6805606
263	563	-5.6808243
700	533	-5.6810646
420	619	-5.6812205
105	613	-5.6819715
259	331	-5.682139
292	605	-5.682228
223	433	-5.6828184
714	611	-5.683339
857	523	-5.6838336
237	309	-5.684621
376	625	-5.6848574
256	56	-5.6851635
247	452	-5.68542
167	533	-5.686765
754	600	-5.686839
256	502	-5.6870584
575	653	-5.6871386
266	456	-5.687272
234	264	-5.6876507
57	628	-5.688623
346	615	-5.6889195
283	601	-5.689699
690	541	-5.6897874
823	509	-5.6898847
99	548	-5.6901765
250	565	-5.691483
269	53	-5.6921372
651	605	-5.692441
253	510	-5.692864
215	465	-5.693816
329	304	-5.6959286
939	409	-5.695946
265	643	-5.69702
702	604	-5.697466
275	303	-5.697828
230	266	-5.7005377
540	623	-5.701635
270	32	-5.7016916
280	313	-5.7018805
919	604	-5.7031965
781	624	-5.703749
53	590	-5.704588
173	233	-5.704931
249	359	-5.705064
854	483	-5.7050805
931	455	-5.7052536
685	594	-5.7071166
122	606	-5.7072444
291	464	-5.707332
394	623	-5.707888
148	398	-5.7079177
222	280	-5.7079787
187	602	-5.709315
929	384	-5.7094264
106	542	-5.709625
266	247	-5.7097087
549	653	-5.7101407
501	599	-5.7103486
874	521	-5.7104073
273	352	-5.7112975
223	512	-5.712268
396	521	-5.712348
31	510	-5.712776
159	523	-5.7148094
958	292	-5.7148185
250	140	-5.715044
113	601	-5.71537
93	616	-5.7154984
113	585	-5.7157845
939	466	-5.716741
892	576	-5.716818
269	86	-5.7175694
716	566	-5.717978
240	95	-5.718761
257	522	-5.7190113
278	401	-5.7190914
342	544	-5.7194643
926	589	-5.719769
121	569	-5.719822
106	631	-5.719851
262	350	-5.720267
641	628	-5.720813
111	581	-5.722425
796	523	-5.7228413
238	244	-5.7229667
118	556	-5.7234306
170	630	-5.7236
639	635	-5.723824
247	217	-5.7238493
257	647	-5.7246456
148	567	-5.724851
886	547	-5.725274
111	589	-5.725749
138	622	-5.7262855
267	614	-5.7265573
291	529	-5.726932
28	422	-5.727309
228	135	-5.72731
748	624	-5.72734
655	607	-5.7273755
230	569	-5.728081
957	252	-5.7283835
361	621	-5.7285647
261	215	-5.7296786
270	339	-5.7308545
777	538	-5.731813
292	427	-5.731918
135	314	-5.732283
118	535	-5.7326727
835	652	-5.7330837
930	522	-5.733398
287	568	-5.733811
915	461	-5.734093
742	580	-5.7346044
221	537	-5.7346354
238	176	-5.7351804
959	341	-5.736338
722	564	-5.7364874
258	373	-5.737278
252	517	-5.7380056
301	318	-5.738158
255	44	-5.73928
269	630	-5.7397356
224	24	-5.7399397
712	617	-5.7401156
134	603	-5.7408195
913	594	-5.741188
227	586	-5.7413735
142	626	-5.7413964
172	355	-5.7423778
609	592	-5.742709
743	608	-5.7436423
465	612	-5.7438173
438	624	-5.7441144
917	467	-5.7442675
265	452	-5.7451563
260	480	-5.7464695
877	548	-5.7468133
212	408	-5.74742
771	631	-5.7476096
906	647	-5.7477546
942	426	-5.7478237
607	614	-5.7478414
219	393	-5.748535
452	634	-5.7487526
126	576	-5.7500515
233	75	-5.750091
942	432	-5.7509475
207	306	-5.7512
337	629	-5.7528815
653	641	-5.7532744
33	474	-5.7536674
158	567	-5.7539864
92	506	-5.75418
53	612	-5.7545886
751	633	-5.7546196
934	424	-5.7546697
233	82	-5.755201
241	16	-5.755372
283	615	-5.75603
151	323	-5.756325
160	392	-5.757529
276	605	-5.758348
910	446	-5.7586527
411	647	-5.758683
6	423	-5.7594852
881	599	-5.7596765
191	556	-5.759723
234	415	-5.7599316
479	631	-5.7600837
804	573	-5.760111
242	155	-5.7602863
881	539	-5.7603664
9	358	-5.760754
657	597	-5.7616925
931	449	-5.761857
734	612	-5.762043
537	626	-5.76247
938	483	-5.762585
865	472	-5.762694
53	631	-5.762856
889	625	-5.7632084
916	638	-5.763618
940	442	-5.763633
801	568	-5.7636876
295	456	-5.7647076
225	371	-5.765002
582	615	-5.7651563
720	523	-5.7662497
170	326	-5.7664976
699	641	-5.7673874
493	605	-5.767753
339	606	-5.767915
535	601	-5.768283
4	418	-5.7689376
254	563	-5.7693253
933	477	-5.769995
797	539	-5.7700377
809	617	-5.770307
387	642	-5.770376
168	547	-5.7704906
932	415	-5.7706904
221	246	-5.7717605
9	419	-5.771791
19	346	-5.7721324
725	580	-5.772683
927	573	-5.772819
99	610	-5.7732773
49	604	-5.773352
909	597	-5.7735367
148	388	-5.773596
959	262	-5.773942
250	559	-5.774276
736	620	-5.7745066
607	597	-5.774588
28	385	-5.7756414
761	631	-5.776826
508	631	-5.777143
260	205	-5.7772017
306	584	-5.777304
223	522	-5.777334
268	66	-5.77791
890	469	-5.777975
298	522	-5.7787566
177	646	-5.778765
257	248	-5.780506
264	339	-5.781002
130	614	-5.78177
181	594	-5.782101
597	603	-5.7827644
267	518	-5.782979
275	346	-5.7832475
897	463	-5.785374
799	548	-5.7873197
839	490	-5.7891335
231	339	-5.78983
450	621	-5.7905526
63	653	-5.7909007
690	646	-5.790931
222	260	-5.791034
933	388	-5.791308
699	630	-5.7915645
171	342	-5.791698
662	618	-5.7919793
351	540	-5.79244
930	516	-5.7925086
512	543	-5.793689
196	615	-5.79371
711	594	-5.795191
855	586	-5.7957077
932	503	-5.795759
756	577	-5.79635
242	531	-5.7971544
481	625	-5.798687
213	246	-5.7988386
65	636	-5.799516
254	457	-5.8017807
231	182	-5.8019214
924	425	-5.8019342
177	436	-5.802133
442	647	-5.8038116
150	375	-5.803903
247	228	-5.804398
256	200	-5.8044353
259	292	-5.8044786
265	22	-5.8051043
31	527	-5.8062363
708	586	-5.8069353
255	576	-5.807698
223	340	-5.808468
242	601	-5.8107343
112	542	-5.8115706
817	531	-5.8129315
133	508	-5.813157
352	526	-5.81556
759	615	-5.8168225
227	208	-5.817342
300	548	-5.8190403
36	598	-5.8195415
255	401	-5.8195624
256	105	-5.820768
10	408	-5.820958
934	498	-5.821192
411	602	-5.822065
762	449	-5.8222055
188	540	-5.8223987
126	599	-5.8235893
289	561	-5.824256
250	156	-5.8247323
229	406	-5.825061
208	233	-5.8251467
325	638	-5.825199
769	572	-5.8263054
911	452	-5.8275437
246	437	-5.828017
295	474	-5.828017
167	582	-5.8280478
355	621	-5.8284307
275	432	-5.828586
271	26	-5.8297143
736	604	-5.8297405
320	642	-5.830897
275	522	-5.83106
276	540	-5.832113
303	606	-5.832138
242	520	-5.833007
541	581	-5.8342338
256	89	-5.835047
231	132	-5.8353066
185	596	-5.835688
268	608	-5.835817
570	615	-5.8366036
215	453	-5.8371468
874	599	-5.8372536
290	266	-5.8376703
843	477	-5.8394012
260	302	-5.839858
907	486	-5.8414907
183	493	-5.842629
228	107	-5.8426466
262	620	-5.843591
901	471	-5.844104
912	639	-5.8441734
402	623	-5.8444943
242	143	-5.844635
258	165	-5.8451552
839	479	-5.845458
139	387	-5.846129
640	613	-5.84674
805	577	-5.8477616
184	29	-5.8480463
28	604	-5.848317
239	171	-5.848956
377	632	-5.8493085
775	629	-5.849399
870	589	-5.8496766
902	436	-5.8501973
400	603	-5.8508615
264	311	-5.852334
330	606	-5.8527236
248	579	-5.8527527
271	574	-5.853371
252	135	-5.8534675
214	626	-5.8537316
221	382	-5.854417
215	439	-5.8545957
513	581	-5.85608
529	654	-5.8569713
239	72	-5.8590474
116	531	-5.859128
772	610	-5.859382
267	78	-5.8605976
290	251	-5.8613605
302	534	-5.8618374
274	421	-5.8620677
523	597	-5.8624334
153	602	-5.862441
217	4	-5.862657
933	395	-5.862736
177	135	-5.8627462
863	574	-5.8630757
339	564	-5.86341
122	612	-5.8643284
212	612	-5.86479
845	595	-5.865144
865	652	-5.8658376
779	631	-5.865905
632	602	-5.866077
253	526	-5.866364
309	647	-5.866467
746	635	-5.86767
261	382	-5.8677177
115	611	-5.868736
242	40	-5.8690014
110	561	-5.8690333
752	445	-5.869436
176	124	-5.8696656
942	415	-5.869767
804	565	-5.870423
707	641	-5.8704515
879	603	-5.871092
277	413	-5.8713636
800	564	-5.872841
188	549	-5.872995
210	303	-5.8731966
37	585	-5.8739634
559	596	-5.8743625
33	518	-5.874487
259	62	-5.874849
866	614	-5.874855
831	544	-5.875485
785	635	-5.8761864
592	637	-5.8763995
286	292	-5.876503
725	570	-5.8767586
242	300	-5.8775134
296	289	-5.877628
174	138	-5.8780084
259	26	-5.8786254
207	653	-5.879356
720	528	-5.8797183
547	615	-5.882025
114	592	-5.8820977
262	395	-5.8821864
853	532	-5.88231
126	560	-5.882314
694	620	-5.883017
83	538	-5.883467
902	541	-5.88401
169	514	-5.8847756
232	4	-5.8856063
718	579	-5.8858275
216	341	-5.885856
175	215	-5.88663
586	582	-5.886911
99	584	-5.887211
101	593	-5.8873906
746	536	-5.887418
545	609	-5.8878064
5	468	-5.888027
320	633	-5.8888946
294	324	-5.889243
684	639	-5.8892765
857	528	-5.8898487
907	428	-5.890667
763	617	-5.8909473
236	469	-5.8911734
250	605	-5.891492
110	620	-5.8920465
244	524	-5.892424
295	589	-5.892979
4	409	-5.8934674
669	583	-5.8948536
180	431	-5.8952446
238	376	-5.896187
174	350	-5.897477
959	347	-5.897742
367	639	-5.8983
223	530	-5.8984947
359	537	-5.9004216
785	586	-5.9011035
938	413	-5.9011655
275	547	-5.901912
288	646	-5.902555
227	389	-5.9030566
302	585	-5.903145
246	289	-5.9031677
34	567	-5.9031763
678	599	-5.9034424
169	187	-5.9034452
200	13	-5.903968
261	414	-5.9042745
752	576	-5.904635
283	443	-5.905834
98	629	-5.9063888
388	646	-5.906842
929	330	-5.9070444
341	610	-5.907254
193	646	-5.9074287
29	599	-5.9082265
781	584	-5.908582
408	611	-5.9086843
718	618	-5.9108152
491	631	-5.911077
319	615	-5.9117656
44	599	-5.9119325
593	597	-5.9127526
265	633	-5.9127564
917	592	-5.912815
830	523	-5.913034
238	649	-5.913401
211	318	-5.913696
71	641	-5.914563
572	633	-5.9157915
393	646	-5.9160695
36	491	-5.917083
263	74	-5.91784
576	586	-5.918237
170	334	-5.918787
128	401	-5.9189863
688	653	-5.9191375
230	272	-5.9207153
253	521	-5.9219737
28	614	-5.921994
605	629	-5.9220138
226	538	-5.92269
776	636	-5.9229198
506	537	-5.923425
117	577	-5.9239573
248	355	-5.9241595
307	314	-5.925631
239	28	-5.9258623
73	524	-5.92713
240	360	-5.92762
857	497	-5.9280343
909	621	-5.9286933
9	351	-5.928779
252	426	-5.929611
194	9	-5.930027
228	402	-5.9304314
747	524	-5.9308114
307	293	-5.9312925
240	508	-5.9313397
166	284	-5.9314075
251	131	-5.9315014
233	299	-5.9319987
443	629	-5.932182
182	518	-5.9323153
329	637	-5.9329605
350	612	-5.9339733
36	653	-5.933974
135	570	-5.9345226
938	397	-5.934749
859	576	-5.935036
249	224	-5.936267
714	653	-5.9369106
271	534	-5.9369683
216	220	-5.937705
303	292	-5.938395
793	586	-5.940481
386	623	-5.9405227
255	514	-5.9409165
731	580	-5.94093
886	503	-5.940955
582	578	-5.9415517
248	295	-5.941684
252	331	-5.9419174
640	605	-5.942258
937	515	-5.9423947
265	354	-5.9427977
248	460	-5.9431157
257	355	-5.943189
758	508	-5.9435806
557	643	-5.9438014
292	447	-5.944405
190	607	-5.9449873
760	453	-5.946466
246	21	-5.9470816
487	612	-5.9472127
345	624	-5.947365
940	388	-5.947446
248	514	-5.9474545
708	521	-5.947862
795	566	-5.9487414
224	8	-5.9508185
489	620	-5.950865
9	324	-5.95218
245	9	-5.952985
629	516	-5.953055
704	525	-5.953096
648	620	-5.9538245
236	123	-5.953965
248	313	-5.9544415
264	188	-5.9557433
270	248	-5.9567204
340	595	-5.9567456
939	503	-5.9572616
235	343	-5.957497
2	425	-5.9576497
247	269	-5.958324
230	143	-5.9584613
178	619	-5.9595447
266	26	-5.9599338
296	624	-5.9604163
691	633	-5.9607162
279	556	-5.960858
37	573	-5.9610033
290	384	-5.961703
504	646	-5.961962
5	494	-5.962083
246	187	-5.962147
872	573	-5.962922
813	532	-5.9633064
252	243	-5.9633875
781	603	-5.96388
680	653	-5.963957
210	401	-5.9648337
154	626	-5.964899
775	602	-5.965099
90	524	-5.9651814
260	323	-5.965339
842	542	-5.9654574
298	284	-5.9661846
220	519	-5.966562
264	56	-5.9667473
272	530	-5.9668603
902	497	-5.9670672
333	643	-5.9677935
53	597	-5.968836
207	213	-5.96901
457	597	-5.969202
232	329	-5.9694314
214	304	-5.970405
254	163	-5.9704776
19	356	-5.970997
342	549	-5.9713397
721	590	-5.972099
62	639	-5.97229
259	13	-5.972671
280	566	-5.973953
911	482	-5.974709
226	572	-5.9747233
262	319	-5.975006
175	599	-5.9751096
399	611	-5.9754105
209	385	-5.9756026
214	620	-5.97613
143	598	-5.9767733
175	410	-5.977996
298	577	-5.978128
923	441	-5.978267
215	370	-5.97855
749	596	-5.9790826
958	332	-5.979153
807	556	-5.979384
136	614	-5.9802723
295	377	-5.9813995
160	594	-5.9821963
258	640	-5.98279
54	641	-5.9835043
231	171	-5.9836183
508	589	-5.984138
859	473	-5.984158
833	552	-5.984233
7	330	-5.9847794
708	516	-5.9851003
854	577	-5.9851236
696	634	-5.986821
253	462	-5.9871507
534	595	-5.987173
232	411	-5.988366
90	625	-5.988499
793	526	-5.988623
221	507	-5.988648
250	29	-5.989231
272	604	-5.989407
807	570	-5.98949
212	234	-5.9896717
262	298	-5.991095
185	607	-5.9911985
482	673	-5.9912815
664	574	-5.9913855
502	637	-5.991622
652	616	-5.9917154
136	630	-5.9930034
838	538	-5.9938602
237	482	-5.994584
909	459	-5.9957213
838	579	-5.9964046
252	47	-5.9982076
690	614	-5.998268
228	148	-5.998396
933	411	-5.9990883
856	469	-5.9993625
325	556	-5.999431
