x_coord	y_coord	score
79	106	0.4588261
125	197	0.44189587
77	110	0.41448364
105	223	0.39784268
151	164	0.39572176
128	193	0.38224903
83	100	0.35855427
74	261	0.35806796
109	218	0.35335353
132	189	0.34843424
97	232	0.34205464
138	179	0.32837996
102	226	0.32831952
144	173	0.32572004
37	303	0.32240197
147	168	0.31956568
205	94	0.3176659
76	257	0.31115708
141	176	0.3104801
154	161	0.3049012
87	96	0.30170855
93	237	0.29749826
113	214	0.2862676
115	210	0.26344982
54	284	0.26238927
217	78	0.25943735
70	265	0.24254581
213	82	0.23556444
210	88	0.23203632
41	300	0.22818646
136	183	0.22642735
68	269	0.21406177
58	279	0.20007882
219	74	0.19072708
190	113	0.18131247
227	64	0.17229554
51	288	0.17103347
123	201	0.1653718
119	206	0.16271934
90	241	0.15402654
84	249	0.14972344
81	253	0.1494346
64	273	0.14103398
45	296	0.13403961
201	96	0.13176891
48	291	0.12980112
171	139	0.12646589
222	71	0.11835602
172	135	0.113031715
61	276	0.10675052
75	114	0.101656646
193	109	0.10138139
248	35	0.10048911
89	92	0.09975234
176	131	0.09909257
157	157	0.0951111
123	34	0.08879122
98	228	0.080311984
224	67	0.069892675
199	100	0.061554283
246	39	0.047050625
84	104	0.03867644
166	145	0.023639262
235	53	0.020327836
231	59	0.008718491
209	92	0.0080524385
250	31	-0.0021592975
91	88	-0.004571855
197	104	-0.009335279
186	117	-0.014952779
87	245	-0.016221136
159	153	-0.028353125
237	49	-0.035280317
185	121	-0.058196425
94	83	-0.06445572
33	307	-0.07020393
178	127	-0.08459672
57	142	-0.08689368
120	37	-0.09664482
161	149	-0.10213491
167	141	-0.110797256
131	185	-0.12852138
119	41	-0.13668233
48	160	-0.13712838
45	164	-0.13931459
96	79	-0.152073
92	233	-0.15774438
53	150	-0.16308543
60	139	-0.16508153
41	168	-0.1761933
243	45	-0.19317114
55	146	-0.19502907
31	311	-0.19603851
206	89	-0.19678551
182	125	-0.20710023
143	169	-0.2306313
214	86	-0.23522495
72	117	-0.23920803
70	260	-0.2395577
49	154	-0.24247253
209	84	-0.24567555
254	26	-0.24887891
223	75	-0.26830143
116	45	-0.2823118
128	188	-0.30632716
29	315	-0.31943783
109	213	-0.323968
101	231	-0.3247941
142	180	-0.3284136
62	135	-0.32884187
101	222	-0.32886374
41	295	-0.33823377
40	172	-0.3388614
204	99	-0.34427568
118	202	-0.3451021
109	59	-0.35856998
153	156	-0.35914657
87	101	-0.35916516
120	198	-0.35954708
71	122	-0.37157786
68	125	-0.3755996
82	109	-0.3819791
136	188	-0.3835821
150	160	-0.38685298
104	219	-0.40123796
124	38	-0.40478513
89	236	-0.40749782
227	70	-0.40849906
77	252	-0.41015244
64	131	-0.41453722
80	258	-0.416591
107	63	-0.4174016
226	60	-0.42223787
37	308	-0.4254141
218	82	-0.42769107
151	169	-0.43192282
44	292	-0.4459264
113	219	-0.4472479
124	192	-0.46482062
110	222	-0.4686932
148	172	-0.47259662
242	41	-0.47303987
47	287	-0.48939806
113	51	-0.4928343
100	73	-0.4944118
111	55	-0.49589497
221	79	-0.49868038
238	45	-0.50328404
231	54	-0.5039239
127	33	-0.50601757
115	205	-0.50646704
257	23	-0.50828075
60	272	-0.508638
104	69	-0.5132656
218	70	-0.51537323
133	180	-0.5218654
64	268	-0.52928454
98	236	-0.52942276
235	58	-0.52966547
72	256	-0.54312384
79	101	-0.54752547
133	193	-0.5504206
120	210	-0.5520432
75	265	-0.5572816
202	103	-0.55894524
122	44	-0.5598014
232	63	-0.55991125
94	229	-0.5615987
241	50	-0.56406415
145	177	-0.56721604
83	95	-0.56840575
53	280	-0.5709838
213	77	-0.5715784
59	283	-0.57471615
155	165	-0.5788209
162	144	-0.5789108
223	63	-0.5806577
62	280	-0.5825667
190	118	-0.58277255
68	274	-0.59937865
71	113	-0.6059232
80	248	-0.61152744
56	138	-0.61793876
147	163	-0.62374306
198	108	-0.62496036
37	298	-0.6254724
41	305	-0.63218087
137	175	-0.6350515
208	97	-0.6359817
155	152	-0.6427637
53	155	-0.6444733
46	168	-0.64504504
68	130	-0.6480722
213	91	-0.6504545
202	91	-0.65396744
140	184	-0.65567195
50	283	-0.66752374
38	176	-0.6699532
66	264	-0.67128706
192	105	-0.6739572
170	144	-0.685598
85	91	-0.6947074
171	131	-0.69471943
140	172	-0.7003157
176	136	-0.70691335
124	30	-0.7099941
117	49	-0.7129538
73	109	-0.7140359
247	43	-0.72050947
831	147	-0.72080773
180	121	-0.72800654
111	209	-0.7336981
185	113	-0.73750347
129	198	-0.73767877
65	277	-0.7392169
194	114	-0.7401842
33	302	-0.74227417
75	120	-0.7508006
253	34	-0.75661576
49	295	-0.7666137
232	50	-0.7685263
86	240	-0.76996255
230	67	-0.77537286
57	275	-0.7823956
168	136	-0.7842711
833	151	-0.78472155
80	113	-0.797402
117	215	-0.7974043
56	288	-0.79890716
85	254	-0.80329144
119	33	-0.8047002
255	30	-0.80500746
215	73	-0.80846715
45	301	-0.8149756
189	108	-0.81824434
95	87	-0.8197535
220	66	-0.8201538
165	150	-0.8293962
78	262	-0.83307123
159	161	-0.8341702
157	148	-0.8388835
88	250	-0.8505947
124	205	-0.85114694
97	224	-0.8557949
163	155	-0.8595898
112	47	-0.86462736
94	242	-0.8719586
35	312	-0.8831423
52	292	-0.8862903
90	84	-0.89532745
227	56	-0.8954745
106	227	-0.896907
58	134	-0.89708054
239	54	-0.906509
806	105	-0.91283417
194	101	-0.92137456
72	127	-0.9219708
205	85	-0.9229717
91	246	-0.9373729
34	651	-0.93853676
44	159	-0.9421946
105	215	-0.95380545
72	270	-0.9555032
52	159	-0.9601642
100	78	-0.96222115
68	119	-0.96516025
83	244	-0.9660852
180	132	-0.9725764
49	149	-0.9757794
53	141	-0.97636235
67	134	-0.9777955
60	145	-0.9779234
35	180	-0.98363566
250	40	-0.9858968
175	140	-0.99794865
75	105	-1.0060117
92	95	-1.0064058
108	67	-1.0083916
212	95	-1.024407
87	87	-1.0250205
58	149	-1.0262274
96	74	-1.0331553
116	38	-1.0356697
258	27	-1.0535992
163	139	-1.0572428
243	36	-1.0588888
250	25	-1.0653831
113	60	-1.0738039
189	122	-1.0767407
43	288	-1.0796303
807	110	-1.082525
218	87	-1.0863897
209	79	-1.0878781
64	126	-1.1045742
197	94	-1.1232626
78	117	-1.1236413
45	119	-1.1253622
183	129	-1.1289842
262	24	-1.1308485
127	202	-1.1463541
234	46	-1.1464267
128	28	-1.1482337
45	155	-1.1521345
173	127	-1.1575491
65	138	-1.1633906
91	80	-1.1782727
711	651	-1.1822511
40	164	-1.1834868
39	129	-1.1885097
186	126	-1.2124755
121	48	-1.2136474
103	65	-1.2141157
169	148	-1.2218983
245	49	-1.2243237
236	62	-1.2299154
94	91	-1.239178
198	113	-1.247986
260	20	-1.2508576
245	32	-1.2518358
108	51	-1.257808
49	165	-1.2596852
804	119	-1.2603503
47	115	-1.2614065
143	164	-1.2625076
51	145	-1.2665015
808	123	-1.2677482
104	60	-1.2778535
43	123	-1.2971274
201	87	-1.3061199
176	123	-1.327423
127	184	-1.3287889
237	41	-1.329356
825	145	-1.3328172
120	193	-1.3344749
32	187	-1.3398674
29	306	-1.3453442
100	68	-1.3517089
34	175	-1.3579142
824	140	-1.3617779
116	54	-1.3650821
99	82	-1.3653513
181	117	-1.377088
753	506	-1.3872546
706	651	-1.3929483
818	140	-1.3957515
91	99	-1.3976113
773	509	-1.4015636
158	143	-1.4148886
227	76	-1.4175444
837	153	-1.4194419
812	128	-1.4199538
765	506	-1.4258837
75	71	-1.4302326
104	74	-1.4327779
31	182	-1.4385064
128	37	-1.4395486
193	96	-1.4398756
139	168	-1.4437816
129	24	-1.4438477
806	114	-1.4471698
57	153	-1.4601011
256	19	-1.4657941
106	56	-1.4746433
816	136	-1.4810896
795	111	-1.4824281
33	316	-1.4845839
808	118	-1.4862757
197	89	-1.4956264
827	149	-1.4990057
45	172	-1.5103711
111	64	-1.5129659
757	508	-1.5200173
689	508	-1.5213785
776	70	-1.5213813
30	191	-1.5275751
33	139	-1.5294844
207	102	-1.5298418
113	42	-1.5300329
60	129	-1.5324602
65	122	-1.5434196
801	113	-1.5488881
28	319	-1.5542852
799	109	-1.5644838
376	651	-1.5713627
219	62	-1.576026
27	310	-1.5762112
222	59	-1.576335
124	187	-1.5778663
829	153	-1.5780246
102	235	-1.5802816
73	77	-1.5820173
694	497	-1.5821321
231	71	-1.5832453
695	506	-1.5833277
821	144	-1.5877278
836	147	-1.5967382
203	107	-1.5982618
131	32	-1.6002628
747	503	-1.6065087
126	42	-1.6086158
38	649	-1.6145619
32	143	-1.6169168
25	316	-1.6181223
240	58	-1.6202781
712	497	-1.6207732
833	156	-1.6317141
698	498	-1.6333201
839	157	-1.6373708
63	142	-1.6395111
167	154	-1.6429764
137	192	-1.643862
778	510	-1.6499847
222	83	-1.6531029
814	132	-1.6572317
811	108	-1.6603247
806	98	-1.6604162
769	508	-1.6631281
39	134	-1.6633941
158	124	-1.6654396
791	105	-1.6674594
114	201	-1.674409
247	28	-1.6801153
720	561	-1.6839741
163	160	-1.6852424
264	19	-1.6886866
822	148	-1.6909745
36	171	-1.6941577
149	176	-1.6947355
228	51	-1.699432
716	501	-1.701256
806	92	-1.7087597
71	81	-1.7123893
211	71	-1.7139589
253	22	-1.720714
116	197	-1.7241126
40	291	-1.7308799
194	119	-1.7314836
777	76	-1.7355007
804	124	-1.7384659
749	508	-1.7585738
864	125	-1.7592127
708	498	-1.7625206
225	80	-1.7645291
180	137	-1.764854
833	143	-1.7654796
174	145	-1.7656761
101	35	-1.7665422
155	170	-1.7685615
254	38	-1.7718083
803	108	-1.77258
217	92	-1.7754937
710	502	-1.7764125
702	497	-1.7767786
775	505	-1.7821268
51	111	-1.7828212
67	115	-1.7846771
783	59	-1.7850068
41	179	-1.7865458
815	110	-1.7874411
190	100	-1.7926157
244	53	-1.7946517
761	509	-1.7969766
120	29	-1.7985307
31	416	-1.7992492
122	52	-1.8029534
870	223	-1.8038937
40	120	-1.8098009
63	284	-1.8183423
259	31	-1.8197544
792	512	-1.8277141
772	651	-1.8325776
152	173	-1.8382452
188	104	-1.846296
88	105	-1.848182
800	117	-1.8559445
123	26	-1.8620158
783	72	-1.8651282
239	37	-1.8657976
782	512	-1.8794359
115	34	-1.8832635
121	214	-1.8914088
781	68	-1.8973774
140	189	-1.8979243
39	124	-1.8982738
49	300	-1.9011031
690	496	-1.9032093
691	504	-1.9037257
215	67	-1.9074111
266	25	-1.9088892
779	58	-1.9090078
786	510	-1.9119948
205	80	-1.9168795
164	135	-1.9170976
102	31	-1.9192096
114	223	-1.9193374
668	505	-1.9223863
105	232	-1.924891
60	287	-1.9273871
117	220	-1.9310976
133	174	-1.9315275
724	559	-1.9326329
807	127	-1.939755
100	218	-1.9398298
875	529	-1.9532224
821	137	-1.9551992
95	205	-1.9562954
741	503	-1.9566169
874	226	-1.9580835
657	502	-1.9674022
862	194	-1.9692096
756	650	-1.9704283
775	66	-1.9708024
837	161	-1.9714696
864	525	-1.9754359
817	148	-1.9769517
701	507	-1.9853915
800	105	-1.985448
67	85	-1.9905533
732	562	-1.9923682
136	171	-1.9942589
84	259	-1.99811
720	499	-1.9993242
864	119	-2.0066667
664	503	-2.0117745
76	124	-2.0120022
38	138	-2.0145996
160	165	-2.0146348
728	561	-2.015152
134	24	-2.016575
250	46	-2.0213678
31	34	-2.0219245
855	523	-2.0245655
43	128	-2.0299828
92	225	-2.0307841
785	76	-2.031018
823	152	-2.03204
693	510	-2.0339174
36	184	-2.0353515
699	502	-2.0367365
685	506	-2.0372453
751	502	-2.03929
71	133	-2.041105
129	179	-2.0412314
859	521	-2.042684
785	67	-2.0433142
97	34	-2.046122
111	226	-2.0463054
683	496	-2.0504515
193	25	-2.0574503
868	121	-2.0577126
45	150	-2.0602052
716	560	-2.0654476
866	529	-2.0690925
779	64	-2.0698028
35	133	-2.0704916
809	131	-2.0724893
706	494	-2.0735486
88	232	-2.0754585
810	113	-2.07592
910	182	-2.0809188
862	650	-2.0816348
875	649	-2.0853915
99	240	-2.0889196
796	513	-2.0981514
74	67	-2.0995681
916	541	-2.1000092
697	494	-2.1010373
795	106	-2.10227
731	498	-2.1028206
111	204	-2.1051333
101	649	-2.1073313
780	506	-2.107397
870	217	-2.1080565
108	72	-2.1095302
153	147	-2.1099432
47	110	-2.1146085
37	167	-2.1179705
858	648	-2.118696
235	25	-2.1188695
52	276	-2.1238818
751	650	-2.1282437
817	514	-2.1293807
759	504	-2.1318197
912	649	-2.1349018
746	499	-2.138266
202	111	-2.1424527
896	187	-2.1446126
717	496	-2.1468678
125	47	-2.1476645
804	87	-2.1488743
880	529	-2.1499515
810	104	-2.1512873
235	66	-2.156334
146	181	-2.162007
208	75	-2.1631854
823	514	-2.1676233
263	28	-2.1691005
184	109	-2.1695175
743	507	-2.1697242
868	524	-2.1703308
76	269	-2.1707084
183	25	-2.1724265
790	506	-2.1747954
261	16	-2.1753418
381	651	-2.1777585
735	502	-2.1780193
665	495	-2.1828718
60	267	-2.1861656
741	497	-2.1873446
134	197	-2.1916711
829	158	-2.192749
812	120	-2.1943288
108	46	-2.1947916
106	33	-2.1950338
66	259	-2.195687
139	149	-2.1981146
133	28	-2.1985714
863	532	-2.2010136
862	215	-2.2068722
862	223	-2.2094638
30	178	-2.2099414
725	500	-2.2153513
814	141	-2.2165558
159	138	-2.2165945
787	103	-2.22209
124	211	-2.2246826
860	527	-2.2253034
31	343	-2.2253134
925	541	-2.2269201
872	533	-2.2283564
716	651	-2.230383
732	506	-2.2306354
736	563	-2.231368
689	500	-2.2336063
46	146	-2.2366297
97	40	-2.2391431
229	47	-2.239825
890	529	-2.242511
871	528	-2.244638
833	522	-2.2497177
133	20	-2.2552767
898	533	-2.25878
771	504	-2.260459
917	537	-2.2632911
695	501	-2.2639189
79	96	-2.2662883
784	505	-2.267628
224	53	-2.2720435
800	512	-2.2740588
819	133	-2.274891
911	537	-2.2767265
804	513	-2.280388
56	271	-2.2806756
188	26	-2.2828882
788	514	-2.2861648
30	64	-2.2871976
827	512	-2.2882135
268	21	-2.290922
681	505	-2.2923706
868	113	-2.2936115
787	71	-2.2940817
812	513	-2.300971
863	520	-2.3010361
240	33	-2.3025978
893	532	-2.3050144
776	514	-2.3059068
874	221	-2.3066022
820	517	-2.3100863
791	113	-2.3124454
787	97	-2.3132858
866	222	-2.3134263
112	37	-2.3167953
870	228	-2.3208323
908	541	-2.3212416
154	126	-2.3238032
118	58	-2.330211
765	511	-2.3350642
745	494	-2.337967
28	186	-2.3458512
184	133	-2.347877
731	510	-2.3480282
887	532	-2.3480563
49	279	-2.3495924
810	136	-2.3504496
919	544	-2.3509145
867	533	-2.3527637
673	495	-2.3535142
233	651	-2.3557804
30	30	-2.3571012
43	114	-2.357392
778	80	-2.3585916
727	508	-2.3591895
907	535	-2.3595636
75	248	-2.3611019
151	151	-2.364372
866	216	-2.3675556
803	102	-2.369836
787	83	-2.3771205
761	650	-2.377379
193	90	-2.3775072
257	35	-2.3797622
211	100	-2.3800714
833	162	-2.3801823
150	139	-2.380863
695	554	-2.3822877
736	508	-2.383096
24	320	-2.3849514
201	82	-2.3850713
66	281	-2.385942
149	155	-2.3884754
201	25	-2.3886921
125	22	-2.3890278
693	493	-2.390707
754	511	-2.3912547
736	497	-2.3915029
912	542	-2.3922832
885	528	-2.3944273
729	502	-2.3965864
132	36	-2.397372
30	420	-2.3990107
924	546	-2.3994792
177	118	-2.4014785
44	176	-2.402221
828	142	-2.4044235
698	510	-2.4054508
815	116	-2.4104838
71	73	-2.4106588
231	26	-2.4112768
852	520	-2.4116626
104	52	-2.4156368
387	651	-2.4170957
795	117	-2.4171684
53	296	-2.4182944
910	203	-2.4194872
770	512	-2.4202802
758	512	-2.422963
831	514	-2.424628
96	69	-2.4293742
837	523	-2.4294658
796	642	-2.4301126
907	650	-2.4317677
896	197	-2.4350207
30	69	-2.4350436
102	537	-2.4396977
813	149	-2.4419942
879	651	-2.4433782
42	309	-2.4435046
903	533	-2.4447074
862	199	-2.4448218
50	118	-2.4448342
45	283	-2.4466476
887	137	-2.4516947
144	185	-2.4532545
70	137	-2.454409
92	76	-2.4554567
706	506	-2.4583077
39	142	-2.461887
701	493	-2.4627764
831	139	-2.46367
703	503	-2.4650018
658	496	-2.4662328
673	506	-2.4665103
796	101	-2.4669626
793	97	-2.468465
154	142	-2.4710875
68	89	-2.471744
775	56	-2.475337
832	518	-2.475547
904	182	-2.4758394
910	170	-2.4791636
679	497	-2.4798372
221	90	-2.4841058
79	266	-2.4860692
46	305	-2.4861934
800	123	-2.4868083
899	183	-2.491089
820	511	-2.4916837
48	142	-2.4923987
178	143	-2.4944727
860	121	-2.497443
727	513	-2.4982488
166	131	-2.498348
709	559	-2.4994657
189	94	-2.4998116
233	42	-2.5035808
28	195	-2.5062118
29	380	-2.5074215
858	198	-2.5075858
878	533	-2.514877
40	183	-2.516118
778	52	-2.5164073
30	149	-2.5236657
171	152	-2.5244844
897	191	-2.525961
915	545	-2.5260165
910	532	-2.5264246
926	537	-2.5268188
719	557	-2.5270176
875	217	-2.527992
827	580	-2.5280967
789	77	-2.5286615
914	533	-2.5312319
120	188	-2.5369096
846	178	-2.5376892
92	274	-2.5397942
105	26	-2.5418608
116	192	-2.5425098
56	158	-2.5461395
900	599	-2.5463436
862	210	-2.5466554
46	32	-2.546703
48	122	-2.5467198
776	650	-2.5470462
825	156	-2.5488741
104	79	-2.5517159
755	501	-2.5523531
859	531	-2.552655
919	203	-2.5528052
32	647	-2.5551984
703	555	-2.5554311
808	512	-2.5587993
781	77	-2.5606627
96	220	-2.5607219
787	109	-2.570192
858	209	-2.574424
99	63	-2.5747304
750	498	-2.5758574
28	37	-2.5758748
868	126	-2.5770197
784	63	-2.5772028
798	649	-2.5777404
711	506	-2.5778873
670	501	-2.5786848
841	522	-2.5789876
752	560	-2.5801892
836	519	-2.5816503
31	40	-2.5855732
864	111	-2.585751
732	494	-2.5874162
931	321	-2.5892718
264	8	-2.5895107
68	110	-2.5954273
904	540	-2.597811
64	147	-2.5992346
803	129	-2.6024327
205	26	-2.603854
787	58	-2.6065643
813	124	-2.6074893
190	87	-2.6118681
716	506	-2.6136582
72	85	-2.6137087
79	121	-2.6146705
29	140	-2.6154675
57	292	-2.617172
748	562	-2.6181514
826	517	-2.6181996
727	487	-2.620196
216	96	-2.6221626
156	118	-2.6229143
669	497	-2.6230729
27	33	-2.625129
796	91	-2.6254792
784	80	-2.627262
742	490	-2.630016
884	133	-2.630345
244	25	-2.63238
39	313	-2.6349163
112	68	-2.635585
32	412	-2.6366673
193	123	-2.6383064
854	194	-2.6385148
653	496	-2.6391604
95	52	-2.6420197
773	60	-2.6505733
156	130	-2.65361
768	45	-2.655139
71	252	-2.6567743
132	201	-2.658652
929	314	-2.6617668
883	534	-2.662955
867	649	-2.6666646
856	528	-2.6670406
701	651	-2.6674547
740	562	-2.6674623
725	554	-2.668136
95	44	-2.6686156
731	558	-2.6706207
837	175	-2.6713135
146	159	-2.6721163
108	41	-2.6727917
921	540	-2.673919
116	30	-2.6757889
77	75	-2.677321
809	140	-2.6787086
873	246	-2.6795647
698	557	-2.6805851
181	651	-2.6860323
783	88	-2.6873412
816	518	-2.688429
785	92	-2.6933672
87	81	-2.6942139
86	110	-2.6943333
61	123	-2.6961534
839	527	-2.6962523
249	50	-2.6972787
926	203	-2.7002437
205	71	-2.7007942
735	512	-2.7017193
150	144	-2.7021685
41	153	-2.7023194
104	39	-2.7023308
828	522	-2.7024488
848	519	-2.7027545
835	513	-2.7031925
209	67	-2.703826
372	652	-2.7067895
28	145	-2.7071385
146	147	-2.7093232
68	141	-2.7118034
871	650	-2.7125697
29	386	-2.7129087
762	514	-2.7136817
30	59	-2.7141054
31	135	-2.7146745
906	201	-2.7152324
181	112	-2.7154655
98	202	-2.7163308
89	255	-2.7164047
823	520	-2.7165456
210	25	-2.7166102
805	135	-2.7166464
764	502	-2.7172813
111	33	-2.7200918
699	553	-2.720864
863	115	-2.7236264
190	127	-2.7243147
837	649	-2.724652
696	550	-2.7272623
242	29	-2.7297387
875	230	-2.7297735
916	650	-2.730528
745	559	-2.7328787
69	278	-2.7339702
44	43	-2.7342377
837	169	-2.7366853
93	250	-2.737812
872	238	-2.7426662
900	537	-2.743773
121	184	-2.7438433
814	578	-2.744248
636	652	-2.745733
908	188	-2.7460349
116	63	-2.7473204
29	161	-2.7475045
831	526	-2.7478783
98	90	-2.7500732
33	297	-2.7501223
720	507	-2.7522767
874	213	-2.7535796
133	151	-2.756024
64	118	-2.7580621
772	69	-2.7607567
857	582	-2.7611704
29	394	-2.7653396
778	44	-2.7653813
789	65	-2.7654262
233	31	-2.7660584
83	65	-2.7661827
106	203	-2.7664177
28	153	-2.767967
784	569	-2.7709424
128	175	-2.7722607
724	564	-2.774614
652	502	-2.775299
916	182	-2.7756705
705	510	-2.7758987
880	137	-2.7776504
794	508	-2.7782862
686	493	-2.7791262
79	243	-2.780197
713	554	-2.780929
110	200	-2.7866042
85	55	-2.7870486
847	650	-2.7871733
32	46	-2.78927
744	564	-2.7910576
783	516	-2.791141
895	536	-2.7917397
908	207	-2.7918441
702	549	-2.7918684
710	510	-2.792611
859	205	-2.7927055
903	649	-2.7934105
36	294	-2.7940292
765	651	-2.7947054
82	239	-2.8005857
112	196	-2.8008404
896	600	-2.8008852
42	650	-2.8022952
834	509	-2.8074348
740	510	-2.8086185
776	561	-2.8088796
906	166	-2.808996
854	650	-2.810194
875	593	-2.811237
869	520	-2.8169663
863	219	-2.8191943
125	180	-2.8210232
851	524	-2.8213835
776	501	-2.8228724
135	33	-2.8239288
710	493	-2.8243852
187	130	-2.8248353
854	202	-2.826519
62	263	-2.8266568
766	515	-2.8269467
243	651	-2.8276036
834	582	-2.829091
722	551	-2.834802
109	230	-2.8368583
239	26	-2.8373902
788	571	-2.8389528
126	51	-2.8390646
757	561	-2.8423898
718	511	-2.8425455
896	529	-2.842679
781	84	-2.8429275
908	197	-2.8433583
137	21	-2.8458385
794	648	-2.8525686
829	649	-2.8529742
873	524	-2.8533237
89	228	-2.8541248
769	40	-2.8543212
52	137	-2.8545632
152	132	-2.8549097
693	558	-2.8556433
707	553	-2.8560452
862	589	-2.8585546
895	182	-2.86037
29	301	-2.8643587
862	228	-2.8647406
921	607	-2.8656406
906	174	-2.8662875
31	408	-2.8671408
53	163	-2.8675382
754	564	-2.8694384
730	490	-2.873848
776	569	-2.8744013
890	535	-2.8762183
68	255	-2.8766506
905	451	-2.87687
128	206	-2.8773894
750	513	-2.8784513
780	48	-2.8795238
677	507	-2.8798456
135	16	-2.8812394
43	133	-2.8819025
82	263	-2.8820708
822	581	-2.8842444
867	105	-2.8846352
43	141	-2.8849525
32	24	-2.8855388
129	19	-2.8860378
872	233	-2.8863459
106	210	-2.8866086
134	651	-2.8879664
85	235	-2.8897848
40	158	-2.8897936
927	215	-2.8911574
100	86	-2.8914306
858	190	-2.8914392
792	572	-2.8933122
265	12	-2.8937864
765	48	-2.895174
130	41	-2.8982735
737	493	-2.900422
824	509	-2.9004683
40	146	-2.9009573
828	508	-2.904705
925	609	-2.9079785
853	581	-2.9102223
185	21	-2.9106429
676	503	-2.9112213
791	93	-2.912793
56	24	-2.9137862
783	96	-2.9148386
203	75	-2.9148762
855	532	-2.9152925
880	235	-2.915325
875	242	-2.9157112
841	152	-2.9179962
94	270	-2.9198115
818	579	-2.9203877
684	502	-2.9205272
62	151	-2.9230661
830	583	-2.923315
789	88	-2.923381
840	148	-2.9235098
839	514	-2.9246566
771	65	-2.9253194
728	495	-2.928055
722	503	-2.929349
73	274	-2.9336092
866	211	-2.934668
227	28	-2.9357057
781	502	-2.9370332
36	189	-2.937267
856	518	-2.9378917
73	230	-2.941467
918	223	-2.9416163
130	171	-2.9434326
784	50	-2.9436827
735	559	-2.946351
843	526	-2.9513347
866	227	-2.956421
861	516	-2.9604425
876	234	-2.9613776
197	26	-2.9620488
850	192	-2.9624476
267	16	-2.9687073
29	347	-2.9698358
718	549	-2.9700954
702	559	-2.9708314
773	74	-2.9709935
253	43	-2.9720285
841	172	-2.9779434
855	206	-2.9811642
841	162	-2.981433
875	254	-2.9816782
32	611	-2.9828148
208	56	-2.9832988
945	235	-2.9848626
91	207	-2.9858627
90	278	-2.9868555
917	605	-2.9869812
135	167	-2.9885707
42	34	-2.9891999
874	250	-2.9895396
154	137	-2.9896734
249	21	-2.9897735
857	587	-2.9905403
104	192	-2.991446
868	246	-2.9916987
46	39	-2.9927318
143	151	-2.9932528
906	530	-2.9951203
914	602	-2.9960334
112	649	-2.9961507
838	583	-2.9974537
778	96	-2.99754
173	119	-2.9983642
183	30	-2.9990816
92	55	-2.9996078
897	201	-3.00066
900	188	-3.001022
811	517	-3.0014148
79	67	-3.002773
798	574	-3.0029156
927	549	-3.007264
710	549	-3.0093405
780	651	-3.0095103
863	129	-3.0098238
816	510	-3.011488
819	522	-3.01261
772	500	-3.0142982
42	137	-3.0165033
791	73	-3.0200207
730	554	-3.020466
784	106	-3.021159
218	58	-3.0233662
194	86	-3.0238805
897	596	-3.0238903
869	117	-3.0252957
96	649	-3.0254152
49	29	-3.0290382
879	221	-3.0300293
49	193	-3.0304544
887	186	-3.031385
780	570	-3.0327046
31	200	-3.0332825
919	549	-3.034826
51	272	-3.0355299
927	207	-3.0372217
234	37	-3.038427
191	21	-3.0423083
32	320	-3.0427864
185	98	-3.0434585
879	228	-3.044859
883	593	-3.0454535
179	26	-3.0459712
177	652	-3.0476313
887	171	-3.0490384
819	128	-3.0495362
902	529	-3.0499463
109	76	-3.0554113
846	172	-3.0559337
257	15	-3.0560114
856	644	-3.0595148
101	57	-3.0608792
850	528	-3.0613434
800	99	-3.061447
768	566	-3.0616398
815	567	-3.0631418
843	649	-3.064247
800	505	-3.0643873
269	8	-3.0656173
26	190	-3.0660253
47	201	-3.0686572
31	424	-3.0696776
887	260	-3.0703893
717	553	-3.0737314
55	109	-3.073757
836	165	-3.075408
691	553	-3.0758739
881	239	-3.0764964
845	182	-3.0795887
32	207	-3.0829608
92	266	-3.0832188
819	112	-3.0839362
101	27	-3.0846376
900	195	-3.0851269
35	127	-3.0860682
221	651	-3.087342
773	52	-3.0885756
905	599	-3.088776
30	173	-3.0901406
866	197	-3.0914407
75	82	-3.0920794
30	50	-3.0923975
116	186	-3.0964634
896	651	-3.1006498
97	48	-3.102273
95	98	-3.1045215
880	245	-3.105222
768	501	-3.105278
30	157	-3.1062064
824	134	-3.1064086
104	44	-3.1066382
746	488	-3.1071796
887	248	-3.1115086
31	376	-3.1148698
717	564	-3.1150756
736	489	-3.1157603
811	100	-3.116453
224	87	-3.1183705
887	255	-3.1204183
904	281	-3.122176
840	518	-3.123604
675	499	-3.124444
193	31	-3.1245663
926	650	-3.1252425
793	516	-3.1284158
872	590	-3.1289096
945	240	-3.1289318
861	585	-3.1299036
841	177	-3.1303728
760	564	-3.1312668
897	540	-3.1313722
846	583	-3.1322775
723	510	-3.1324112
110	98	-3.1367536
33	194	-3.1389902
911	546	-3.139808
815	104	-3.1399486
925	223	-3.1410744
791	643	-3.141408
41	46	-3.1427977
28	73	-3.1431549
46	138	-3.1436863
89	50	-3.1445289
119	25	-3.1447098
160	120	-3.144837
858	216	-3.1466913
763	561	-3.1480908
888	266	-3.1488206
888	132	-3.1490877
791	81	-3.150213
783	101	-3.1513865
913	529	-3.1531954
800	93	-3.1535177
776	84	-3.1557088
896	259	-3.1567414
72	239	-3.1570702
75	100	-3.1594594
920	181	-3.1600063
887	197	-3.1612058
123	82	-3.1618378
31	55	-3.1623766
891	596	-3.16451
116	651	-3.166446
782	54	-3.1691382
58	112	-3.1706693
868	592	-3.1720047
751	494	-3.1723418
103	48	-3.1724496
783	43	-3.1726134
108	29	-3.1733184
171	123	-3.1765442
818	152	-3.1791255
755	515	-3.1796107
198	118	-3.1800919
772	48	-3.1802163
833	168	-3.1842625
726	549	-3.185483
810	144	-3.1862233
746	511	-3.1866627
662	498	-3.186724
53	115	-3.186799
100	51	-3.1878755
87	205	-3.1912167
172	103	-3.1919518
618	652	-3.1920376
90	221	-3.196045
223	32	-3.1967444
231	77	-3.1968458
72	234	-3.1995418
842	582	-3.1997442
850	585	-3.2002099
877	525	-3.203831
692	549	-3.2064776
220	25	-3.2070115
86	213	-3.2071536
56	130	-3.2073252
858	182	-3.208215
864	206	-3.2089655
928	318	-3.209677
206	31	-3.2101269
873	519	-3.2124503
824	649	-3.2145252
158	114	-3.2179852
885	175	-3.219664
760	500	-3.2197168
713	563	-3.2199461
797	96	-3.2207108
67	93	-3.223593
41	39	-3.223932
208	106	-3.2244673
126	651	-3.224763
660	505	-3.2253377
30	652	-3.2256465
887	594	-3.2259295
138	25	-3.2259376
237	30	-3.226627
772	516	-3.227655
49	171	-3.2305536
810	577	-3.2307804
38	150	-3.2319582
34	31	-3.2323687
866	588	-3.2342594
868	237	-3.2343922
865	515	-3.2382119
98	244	-3.2387204
139	163	-3.2392666
796	83	-3.2407808
32	212	-3.24307
649	494	-3.2430856
23	312	-3.2437217
904	170	-3.2461395
137	153	-3.2464623
21	317	-3.247806
854	186	-3.2501159
928	545	-3.250148
923	603	-3.2501626
829	163	-3.251895
117	86	-3.256319
846	523	-3.2588298
128	151	-3.2616713
768	561	-3.2628844
848	186	-3.2632701
47	126	-3.2643297
909	281	-3.2644384
87	67	-3.2654903
757	567	-3.2668674
879	594	-3.2668927
815	583	-3.2677906
785	501	-3.2678401
849	644	-3.2681394
886	537	-3.2687323
827	137	-3.2735207
772	563	-3.274025
858	225	-3.2745166
824	577	-3.2746859
46	649	-3.2758665
706	547	-3.2758982
137	29	-3.2759788
726	491	-3.2774372
831	579	-3.277708
85	61	-3.27773
109	25	-3.2778614
858	640	-3.2788556
700	483	-3.2800202
91	45	-3.28102
203	21	-3.2834873
32	339	-3.2840705
35	41	-3.284256
919	533	-3.2866197
792	85	-3.2871926
706	485	-3.28843
911	165	-3.2888274
801	516	-3.292475
777	565	-3.2931395
220	54	-3.293229
816	571	-3.2956789
260	12	-3.2990453
680	493	-3.2992728
160	133	-3.3024523
187	31	-3.3027656
184	103	-3.3031142
54	32	-3.303725
927	533	-3.308366
763	567	-3.30882
121	219	-3.3092554
892	539	-3.3115416
772	568	-3.3115938
905	544	-3.3182948
803	574	-3.318664
102	204	-3.3190727
259	8	-3.319168
804	567	-3.3203604
873	148	-3.320557
795	77	-3.3212035
252	18	-3.3230214
923	550	-3.3246837
38	35	-3.324899
200	70	-3.329641
106	649	-3.329799
198	31	-3.33021
887	243	-3.3332534
718	492	-3.3339157
227	651	-3.3340652
197	21	-3.3353798
228	32	-3.336056
769	35	-3.3364065
236	21	-3.3378246
880	537	-3.3386288
894	253	-3.3393962
39	116	-3.3402314
714	547	-3.3413258
34	37	-3.3427606
758	557	-3.345204
891	246	-3.346928
810	567	-3.3490627
799	645	-3.3495104
34	148	-3.3523965
893	648	-3.35366
129	45	-3.3559158
877	238	-3.357413
241	62	-3.3590488
101	541	-3.3591738
95	65	-3.3596034
722	494	-3.3615966
92	103	-3.3622136
822	567	-3.3637943
891	262	-3.3644252
72	226	-3.364789
835	528	-3.3665278
853	589	-3.3682997
100	43	-3.3687608
61	23	-3.3693209
30	77	-3.3694525
91	69	-3.3709981
206	652	-3.3714838
93	39	-3.3731155
175	27	-3.3731833
882	249	-3.376405
844	530	-3.3769088
701	479	-3.3769574
946	230	-3.3790724
802	650	-3.3822126
67	79	-3.3831453
880	132	-3.3846338
768	62	-3.3859844
197	83	-3.3862402
264	651	-3.387745
883	201	-3.3881052
790	649	-3.3890228
749	557	-3.3912468
30	220	-3.3936727
680	501	-3.396376
920	611	-3.3971236
714	512	-3.3975906
880	197	-3.3978086
824	571	-3.400319
53	267	-3.4006438
106	196	-3.4007304
779	517	-3.4017987
910	176	-3.4034452
102	645	-3.403795
186	651	-3.404148
754	497	-3.4059691
173	651	-3.4081538
855	212	-3.4091465
5	71	-3.4123158
179	31	-3.413586
780	498	-3.413866
192	82	-3.4140196
873	209	-3.414097
825	645	-3.4145744
907	192	-3.4149992
718	485	-3.4162986
807	516	-3.4163
726	483	-3.4191675
777	88	-3.419208
796	504	-3.4207351
800	570	-3.421747
716	538	-3.422042
72	650	-3.4255898
872	197	-3.4257684
927	451	-3.428886
168	158	-3.4317753
875	536	-3.4318275
184	89	-3.4326913
27	181	-3.4332552
927	613	-3.4335096
83	116	-3.4352462
918	601	-3.4364543
883	649	-3.4381747
812	572	-3.4386015
774	79	-3.440351
55	28	-3.4409328
81	59	-3.4411516
739	558	-3.4420147
80	71	-3.4426582
28	45	-3.4428818
827	567	-3.4436986
32	130	-3.445371
926	311	-3.4469514
790	100	-3.4479787
108	190	-3.4480925
19	322	-3.448524
270	4	-3.448676
816	121	-3.4489756
823	505	-3.4492817
885	167	-3.450711
918	207	-3.4539611
872	596	-3.4541821
32	624	-3.4548075
603	651	-3.4556575
946	215	-3.455808
53	191	-3.4561505
933	315	-3.4569306
175	149	-3.45707
628	652	-3.4583387
81	90	-3.4596028
877	210	-3.461173
798	87	-3.4622066
862	235	-3.4628012
892	258	-3.4632359
932	311	-3.4637475
729	565	-3.4637897
50	33	-3.4640248
928	219	-3.4642398
859	117	-3.464536
870	242	-3.4646778
831	505	-3.4668074
75	130	-3.4668756
710	647	-3.4682927
766	54	-3.469117
910	601	-3.4701347
162	127	-3.472572
168	127	-3.4764183
819	118	-3.4765477
121	21	-3.4778209
654	492	-3.4780293
890	651	-3.4802012
882	225	-3.4805255
48	197	-3.4807947
182	142	-3.4830673
920	649	-3.4832714
48	275	-3.4837065
6	67	-3.4850366
150	124	-3.487938
758	518	-3.488172
808	571	-3.4897304
863	581	-3.4898036
927	322	-3.4932833
141	145	-3.4979
209	61	-3.5014324
814	506	-3.502635
39	31	-3.5048327
102	532	-3.5050137
32	616	-3.5077434
809	148	-3.5082116
149	135	-3.5092332
29	96	-3.5124233
71	243	-3.5136049
825	161	-3.5137546
813	522	-3.5139627
244	59	-3.5150523
793	639	-3.5162213
734	555	-3.5175111
853	515	-3.518098
812	92	-3.5195308
897	241	-3.5203202
76	61	-3.5203702
844	514	-3.5216763
46	205	-3.521678
128	65	-3.5230007
184	94	-3.5241652
97	56	-3.524269
751	489	-3.524421
31	216	-3.5252638
27	41	-3.5254297
904	187	-3.525506
73	33	-3.525594
837	181	-3.5276384
98	536	-3.527773
912	186	-3.5291402
892	186	-3.5293689
827	504	-3.5314262
208	21	-3.5316794
98	30	-3.5319636
797	69	-3.5322564
905	277	-3.535443
184	138	-3.5386786
124	176	-3.5387418
61	155	-3.5395687
852	198	-3.5396724
769	51	-3.5400577
823	525	-3.5415618
59	97	-3.542388
714	491	-3.5429978
51	25	-3.543627
877	151	-3.5444767
794	576	-3.5451422
849	580	-3.5462909
141	20	-3.5469003
838	508	-3.5476964
896	592	-3.5478928
775	497	-3.5507944
33	642	-3.5514925
122	57	-3.5542037
124	86	-3.5542102
693	479	-3.555417
93	211	-3.555767
86	225	-3.555875
177	113	-3.560715
159	169	-3.5608964
876	258	-3.562315
862	186	-3.5623763
792	502	-3.5626822
826	584	-3.565494
101	214	-3.5657606
805	141	-3.5687366
773	44	-3.5696044
916	609	-3.5714135
866	101	-3.572526
922	220	-3.5739594
848	196	-3.57437
781	566	-3.574532
885	228	-3.5748174
46	47	-3.5754323
110	103	-3.5754547
723	540	-3.5756512
909	527	-3.577139
28	25	-3.5779092
215	61	-3.582967
880	217	-3.5830967
870	212	-3.5850399
746	651	-3.586866
783	495	-3.5871654
82	214	-3.5906487
886	151	-3.590842
946	222	-3.5914197
848	589	-3.5930479
793	568	-3.59336
891	241	-3.5938134
915	550	-3.5943575
836	629	-3.5949326
883	129	-3.5975807
142	160	-3.5987957
854	541	-3.5989957
859	578	-3.5999544
97	123	-3.600855
928	447	-3.6012006
704	490	-3.6013243
89	136	-3.6023614
176	23	-3.6043262
912	277	-3.6048467
705	562	-3.6058636
366	651	-3.6070697
927	605	-3.607484
29	204	-3.608802
904	271	-3.6094627
869	253	-3.6111827
885	182	-3.6120222
28	165	-3.6126127
800	641	-3.6162117
846	163	-3.617721
93	31	-3.621494
45	180	-3.622007
804	519	-3.6233544
194	652	-3.624099
855	577	-3.6244025
804	507	-3.624404
785	113	-3.625067
682	509	-3.6257277
136	60	-3.635565
264	32	-3.6356525
237	652	-3.6358013
878	646	-3.6379523
130	652	-3.6380918
863	107	-3.6389127
77	239	-3.6398716
922	536	-3.642398
849	175	-3.6429265
731	515	-3.6435804
27	199	-3.6450536
708	489	-3.6476676
97	94	-3.6487172
900	279	-3.649423
890	251	-3.6502485
896	264	-3.65058
133	64	-3.65141
731	486	-3.6546793
877	173	-3.6556497
864	239	-3.656481
767	58	-3.6574557
162	116	-3.6576676
392	651	-3.6579912
53	133	-3.6597471
48	175	-3.6630366
777	102	-3.6643212
662	492	-3.6668684
138	196	-3.667869
141	193	-3.6681557
865	202	-3.6694405
62	111	-3.6712646
810	96	-3.6717272
892	591	-3.673508
39	287	-3.674808
784	649	-3.6754835
857	514	-3.675875
898	179	-3.6759121
102	525	-3.6788232
820	124	-3.6816041
925	315	-3.6818123
898	255	-3.6824977
104	22	-3.6834025
108	107	-3.6840856
202	29	-3.6855834
870	516	-3.6867502
802	563	-3.6881642
880	260	-3.6885173
884	236	-3.6927698
35	122	-3.6931856
206	110	-3.697338
91	59	-3.697735
852	641	-3.697879
87	73	-3.6981816
877	145	-3.700275
214	26	-3.7006438
883	232	-3.7062194
103	83	-3.7062495
218	31	-3.7071397
795	652	-3.7077355
202	66	-3.7084336
780	562	-3.7117875
781	35	-3.7130444
36	163	-3.7142653
774	97	-3.7142723
885	145	-3.7149734
685	556	-3.7152915
172	109	-3.7163153
833	177	-3.7183733
169	652	-3.7184212
139	651	-3.7185738
694	651	-3.718785
827	634	-3.7191591
32	572	-3.719212
930	541	-3.7204533
866	250	-3.7218199
923	290	-3.7226663
879	255	-3.7229207
632	651	-3.7245586
919	185	-3.7247458
776	92	-3.724769
227	38	-3.729223
862	133	-3.7294292
839	143	-3.7295146
112	191	-3.7296832
797	567	-3.731185
851	533	-3.7316155
855	114	-3.7321777
97	195	-3.7336745
267	29	-3.7339182
860	535	-3.7344093
722	486	-3.7359974
145	143	-3.7366633
28	208	-3.7367177
843	156	-3.7367852
930	291	-3.7381983
895	152	-3.739809
115	24	-3.7423377
73	89	-3.7432563
699	546	-3.743366
768	70	-3.7434886
70	106	-3.7436805
43	29	-3.743881
856	221	-3.7448668
821	157	-3.745787
862	638	-3.7459848
210	30	-3.7471223
800	578	-3.7471473
666	491	-3.7471495
87	46	-3.747302
872	120	-3.7479203
797	638	-3.74959
767	497	-3.7524726
844	147	-3.7535775
224	46	-3.754243
46	213	-3.7556279
915	201	-3.7561371
648	504	-3.7563677
34	63	-3.757038
721	546	-3.7575684
179	108	-3.7580407
130	49	-3.758304
704	535	-3.7595656
88	283	-3.7596023
704	543	-3.7602158
47	271	-3.7607102
911	451	-3.7611344
741	567	-3.763241
78	291	-3.764266
32	274	-3.7643068
750	566	-3.7650359
40	51	-3.765549
76	214	-3.765694
836	139	-3.7661092
849	208	-3.7663279
65	24	-3.76697
946	244	-3.7674696
29	372	-3.76788
904	605	-3.7678852
876	196	-3.7684708
57	126	-3.769593
113	72	-3.7731516
712	536	-3.7764192
152	120	-3.7766724
74	139	-3.7773218
878	251	-3.7797406
231	21	-3.7799997
84	231	-3.7803044
270	12	-3.7811868
118	181	-3.7816858
914	178	-3.7819946
670	492	-3.7826612
811	581	-3.7857504
843	587	-3.7861898
141	155	-3.7862976
37	45	-3.786727
868	232	-3.7869895
33	153	-3.7878635
892	199	-3.789128
915	598	-3.7892954
854	217	-3.7905767
810	503	-3.790866
67	150	-3.7914698
918	529	-3.7921524
817	559	-3.7925107
53	21	-3.7927504
116	69	-3.7929804
87	33	-3.7932296
902	199	-3.794113
744	555	-3.7943883
139	8	-3.7958934
732	550	-3.7968488
887	163	-3.7982597
115	90	-3.800258
172	115	-3.801392
881	524	-3.8015523
120	62	-3.802712
124	78	-3.802774
819	507	-3.8030734
23	34	-3.8038049
899	648	-3.8039901
228	43	-3.8042243
919	217	-3.8047984
144	98	-3.8058643
797	517	-3.806883
32	169	-3.8076494
251	651	-3.8081942
212	54	-3.8105323
777	39	-3.811163
713	484	-3.8112867
324	652	-3.8128245
721	651	-3.813547
36	23	-3.8162978
24	196	-3.8172727
849	181	-3.8183074
909	550	-3.8197145
163	123	-3.8216002
140	16	-3.8231237
855	537	-3.8235843
221	50	-3.8243003
208	50	-3.8247771
922	200	-3.8273208
640	651	-3.8280282
841	184	-3.8281035
870	586	-3.8282468
362	652	-3.828491
899	589	-3.8284948
700	489	-3.828686
95	277	-3.829747
878	590	-3.8303638
808	86	-3.83082
851	102	-3.831335
95	60	-3.8316028
845	168	-3.8337646
859	125	-3.8337886
734	518	-3.8366954
824	641	-3.8373592
77	29	-3.837651
85	601	-3.837985
876	136	-3.8395016
895	249	-3.8433425
907	211	-3.8448024
188	83	-3.845562
97	25	-3.8457117
884	601	-3.8463073
820	572	-3.8477912
789	567	-3.8492486
840	166	-3.8499324
141	54	-3.8502688
697	480	-3.8509867
131	14	-3.8511918
88	273	-3.851462
670	509	-3.8516316
696	490	-3.8544185
773	38	-3.855674
88	77	-3.8557694
900	262	-3.8559291
834	172	-3.8571913
70	69	-3.857551
92	202	-3.8575878
131	166	-3.8576064
663	651	-3.857957
801	133	-3.859564
696	535	-3.8643916
224	23	-3.864977
50	44	-3.866279
867	583	-3.867001
929	307	-3.8679726
229	81	-3.8682368
869	109	-3.868256
68	97	-3.8700907
890	524	-3.8727038
811	563	-3.8727705
846	577	-3.873059
253	49	-3.8760688
862	512	-3.8793707
124	18	-3.8795655
648	498	-3.8796208
895	272	-3.8804045
52	168	-3.8810365
765	38	-3.882543
896	175	-3.883023
845	645	-3.8831198
99	111	-3.8845031
884	263	-3.888091
734	541	-3.8890617
811	509	-3.8894742
32	19	-3.891561
933	215	-3.8927128
708	538	-3.8945122
924	182	-3.8946674
56	102	-3.8957279
19	327	-3.8965695
96	264	-3.897673
784	574	-3.8987103
23	200	-3.8988867
59	108	-3.9014397
705	647	-3.9035182
85	139	-3.9087126
57	192	-3.9095027
49	266	-3.9098227
922	312	-3.9103417
134	51	-3.9107988
893	190	-3.9111152
896	278	-3.9117286
837	579	-3.9122968
248	54	-3.915839
905	525	-3.9161491
833	650	-3.9172785
73	24	-3.9178956
770	55	-3.9188542
265	4	-3.919816
112	28	-3.922492
808	521	-3.9235215
5	76	-3.924837
89	141	-3.9250069
784	561	-3.9256842
849	514	-3.9258044
916	278	-3.9266675
115	82	-3.9279156
838	645	-3.929802
806	578	-3.9309494
55	95	-3.9330735
609	651	-3.933218
97	140	-3.9332476
855	100	-3.9337876
59	542	-3.9344318
829	571	-3.935176
854	119	-3.9362257
78	233	-3.9366136
851	213	-3.9385662
90	214	-3.9389641
271	17	-3.9393718
98	208	-3.9394972
87	595	-3.9395266
60	186	-3.9406092
823	130	-3.940825
30	226	-3.941729
205	59	-3.9429266
840	628	-3.9437606
879	127	-3.9440284
157	651	-3.9447849
200	78	-3.9467692
740	486	-3.9471185
841	573	-3.9492161
149	652	-3.9495413
43	109	-3.9516184
44	209	-3.954452
99	117	-3.955844
754	519	-3.9558847
867	130	-3.9566991
58	120	-3.95694
923	532	-3.9569533
64	233	-3.9582584
923	214	-3.9594882
789	575	-3.960718
827	527	-3.9616947
180	21	-3.962791
84	289	-3.9633446
53	199	-3.9648216
85	209	-3.9650214
833	586	-3.966406
932	325	-3.9689372
136	12	-3.9700916
795	122	-3.9701579
880	600	-3.9702032
766	66	-3.971269
922	208	-3.9720905
83	153	-3.972671
914	525	-3.972857
858	591	-3.9735994
762	519	-3.9740267
27	323	-3.9749792
274	8	-3.9756978
48	132	-3.9764557
56	188	-3.9787695
871	201	-3.9797642
913	606	-3.9801872
901	258	-3.985041
75	135	-3.9857342
31	390	-3.9863498
45	23	-3.9869356
849	573	-3.9869382
920	271	-3.98887
97	215	-3.9891853
34	606	-3.9895465
45	194	-3.9908798
60	211	-3.991596
926	553	-3.9917834
33	94	-3.9919038
124	152	-3.993195
726	543	-3.993315
240	22	-3.993498
897	525	-3.9958267
888	600	-3.998138
708	641	-3.999976
24	307	-4.000181
35	49	-4.0010777
775	519	-4.003607
945	226	-4.0048747
247	652	-4.006005
31	351	-4.006143
733	567	-4.0068464
818	563	-4.008607
872	144	-4.0107603
774	557	-4.0112796
743	514	-4.011319
888	590	-4.0114574
5	63	-4.012253
35	344	-4.0143037
912	191	-4.0146217
828	183	-4.019657
29	110	-4.020179
82	293	-4.0220385
223	42	-4.02278
142	94	-4.02379
697	486	-4.024475
106	102	-4.026803
919	291	-4.027458
127	69	-4.0297213
110	90	-4.0302005
124	64	-4.0308
133	46	-4.0333176
72	218	-4.0333233
48	189	-4.033388
135	56	-4.034303
134	163	-4.0354295
67	230	-4.0358863
902	178	-4.03607
912	209	-4.037755
829	169	-4.039019
838	531	-4.0398893
197	122	-4.0406585
182	150	-4.0413165
838	634	-4.041944
37	155	-4.042343
32	164	-4.042731
101	641	-4.0444818
108	21	-4.0449567
817	575	-4.0451317
2	68	-4.045296
79	211	-4.046084
892	601	-4.0463233
885	159	-4.0484986
703	539	-4.0513
849	637	-4.052283
791	119	-4.0536017
889	270	-4.0537763
150	180	-4.0540624
76	651	-4.054112
819	106	-4.057721
862	180	-4.058345
31	400	-4.0584855
900	604	-4.0595965
34	219	-4.0599146
86	279	-4.060622
694	545	-4.0608335
891	236	-4.0613146
758	495	-4.0619845
901	543	-4.0623136
833	573	-4.064851
29	286	-4.0653887
818	503	-4.0657935
859	101	-4.066325
81	25	-4.0676055
924	319	-4.068283
750	518	-4.0684185
84	221	-4.068886
50	304	-4.0692806
35	27	-4.0696945
45	278	-4.07021
930	302	-4.0707083
916	189	-4.071559
176	99	-4.074007
29	404	-4.0740395
131	60	-4.075032
891	136	-4.075242
901	524	-4.075403
877	520	-4.0764637
816	94	-4.0768743
803	553	-4.0775256
875	158	-4.0775275
829	179	-4.0778756
738	553	-4.078738
61	115	-4.0792747
893	550	-4.0794864
129	54	-4.0803194
888	518	-4.080342
240	66	-4.081489
30	428	-4.083907
28	81	-4.087232
51	650	-4.0877337
842	509	-4.0916667
73	40	-4.092608
671	651	-4.0944886
34	203	-4.0949183
96	541	-4.09517
864	646	-4.0956984
41	201	-4.0968766
56	214	-4.097929
236	70	-4.098002
716	543	-4.098459
127	83	-4.098487
883	220	-4.098609
890	182	-4.099831
613	652	-4.1000686
199	651	-4.1009426
57	264	-4.104409
885	269	-4.1084113
727	524	-4.1108646
862	595	-4.1119914
92	282	-4.11213
69	23	-4.1133986
31	126	-4.114215
890	645	-4.1152005
874	154	-4.1171927
833	560	-4.117705
66	651	-4.117912
125	172	-4.1183233
624	651	-4.1193743
807	564	-4.1201596
164	164	-4.1209035
848	148	-4.121325
883	253	-4.1225786
108	80	-4.1232886
23	324	-4.1249056
806	145	-4.1250963
779	494	-4.1254067
863	190	-4.126232
239	18	-4.1263504
869	208	-4.1268616
211	651	-4.1279488
60	159	-4.1297293
134	42	-4.1321197
837	587	-4.132589
24	205	-4.133838
180	97	-4.1347823
49	209	-4.1349783
77	23	-4.139542
898	170	-4.140493
44	218	-4.140856
837	641	-4.1410165
57	19	-4.1430345
697	561	-4.143075
828	576	-4.143713
930	204	-4.1464057
850	204	-4.148071
828	629	-4.1491675
874	125	-4.1503644
689	557	-4.1505227
926	529	-4.151058
62	203	-4.1522617
821	585	-4.152538
918	235	-4.1543884
65	156	-4.1556067
895	237	-4.1557827
93	135	-4.156994
165	23	-4.1579924
24	38	-4.158232
141	140	-4.1591144
60	28	-4.1594696
685	479	-4.159535
764	557	-4.160196
832	182	-4.1611075
44	198	-4.1612043
727	539	-4.1614203
37	339	-4.162344
234	74	-4.162556
188	35	-4.1628036
861	643	-4.1628265
693	485	-4.1628423
855	106	-4.163289
767	570	-4.1637883
923	614	-4.1645603
81	54	-4.1657147
67	242	-4.165833
915	646	-4.1672645
103	200	-4.1676216
76	227	-4.16885
888	201	-4.1689115
79	33	-4.1689444
892	546	-4.1690593
710	543	-4.170821
705	481	-4.174452
74	55	-4.1748486
859	95	-4.1755543
834	532	-4.1764565
926	294	-4.177471
780	575	-4.17789
92	35	-4.1780815
676	492	-4.179357
79	81	-4.18075
105	111	-4.1810355
829	559	-4.181566
700	536	-4.1823893
118	224	-4.183341
927	288	-4.183473
214	32	-4.18485
196	79	-4.184987
222	94	-4.185615
689	480	-4.187366
55	203	-4.1885457
677	651	-4.1885977
833	135	-4.188807
29	230	-4.1895413
171	26	-4.189971
27	53	-4.1900735
84	651	-4.193338
31	292	-4.195248
258	39	-4.195499
822	559	-4.1958957
935	221	-4.196291
810	649	-4.1970816
927	584	-4.1977
34	58	-4.1984897
952	268	-4.200239
60	243	-4.200429
89	603	-4.200919
928	455	-4.203464
796	73	-4.2043037
876	597	-4.2054534
153	177	-4.2056317
106	186	-4.205835
153	115	-4.2071066
845	541	-4.207144
93	217	-4.207193
864	245	-4.2077184
92	309	-4.2083955
100	262	-4.2099533
909	447	-4.210893
761	50	-4.2110114
841	578	-4.2112966
895	588	-4.211684
915	166	-4.214408
845	192	-4.214442
746	551	-4.214708
40	213	-4.2150145
26	29	-4.2160983
799	127	-4.2179866
119	81	-4.2201686
835	504	-4.221415
103	239	-4.222068
889	176	-4.223255
88	268	-4.2233076
860	112	-4.2240033
213	21	-4.2254176
110	524	-4.2274528
78	141	-4.2285175
57	116	-4.2300773
802	138	-4.230482
785	565	-4.230977
816	100	-4.2313066
142	24	-4.231761
40	24	-4.232741
32	595	-4.233237
889	191	-4.2332754
52	40	-4.2362337
275	4	-4.2370396
862	575	-4.238035
98	268	-4.238238
872	646	-4.238451
248	60	-4.2404447
172	21	-4.2407537
67	74	-4.240961
901	242	-4.2413225
87	217	-4.242275
919	177	-4.2426715
701	563	-4.242859
62	40	-4.2429075
692	562	-4.243673
77	156	-4.2439556
817	526	-4.2440596
844	187	-4.2449026
847	157	-4.2468514
134	8	-4.248071
32	578	-4.24815
894	644	-4.248717
901	275	-4.249805
172	97	-4.2499533
905	241	-4.250105
855	637	-4.2515507
115	227	-4.2515583
82	281	-4.2522497
709	564	-4.252784
814	153	-4.2539954
82	206	-4.254647
780	91	-4.2557
858	132	-4.2580414
901	548	-4.258108
212	64	-4.258264
919	227	-4.258922
51	205	-4.259772
123	90	-4.260771
28	413	-4.2608633
695	520	-4.2634945
874	515	-4.263961
715	480	-4.2642593
782	110	-4.2644997
26	176	-4.265287
271	25	-4.265367
878	201	-4.2654247
35	290	-4.265488
730	519	-4.2669125
156	174	-4.268092
100	107	-4.2685523
805	503	-4.26869
687	552	-4.269015
104	118	-4.269515
893	267	-4.269574
654	485	-4.2698765
181	146	-4.2703986
805	149	-4.270528
931	297	-4.271296
871	582	-4.2716227
339	652	-4.2717633
83	86	-4.2719245
923	285	-4.2721953
66	103	-4.272464
54	195	-4.272502
29	236	-4.272507
893	203	-4.2744565
840	652	-4.2748547
720	537	-4.275004
881	186	-4.277438
80	287	-4.2813363
63	96	-4.281962
111	84	-4.283358
254	12	-4.283957
175	32	-4.28427
6	80	-4.285149
888	541	-4.2891755
670	485	-4.2894545
778	646	-4.2898474
900	652	-4.290304
800	520	-4.291186
885	523	-4.291533
884	125	-4.2932096
850	96	-4.2933803
882	589	-4.2964454
935	319	-4.2975388
789	499	-4.298562
37	19	-4.30235
34	158	-4.3025203
120	177	-4.302845
29	91	-4.30301
95	127	-4.3048344
934	307	-4.30659
722	514	-4.3066106
141	60	-4.307949
929	240	-4.3082027
894	171	-4.3095922
136	37	-4.3100433
889	147	-4.310319
35	417	-4.3116055
102	243	-4.311789
764	44	-4.312788
862	148	-4.3130264
656	506	-4.3142614
74	297	-4.315237
203	115	-4.315579
828	639	-4.31564
4	344	-4.3157277
909	646	-4.317989
165	119	-4.3193464
908	215	-4.319366
45	51	-4.319856
854	180	-4.3198643
235	17	-4.3198705
216	50	-4.3207536
917	285	-4.3224683
125	215	-4.3258586
204	54	-4.325946
69	145	-4.3285074
916	273	-4.3310757
54	119	-4.3311825
905	259	-4.3315444
133	205	-4.3321676
32	528	-4.3322115
227	20	-4.333478
858	540	-4.334335
62	237	-4.3348646
53	374	-4.3355393
81	157	-4.3376083
156	110	-4.3378153
896	245	-4.338708
329	652	-4.338766
54	210	-4.3390245
918	193	-4.3413997
6	59	-4.341534
867	596	-4.343393
50	49	-4.3443546
727	651	-4.3447604
850	540	-4.345039
870	537	-4.345352
909	605	-4.345659
97	645	-4.345922
246	64	-4.3469954
905	549	-4.347008
894	165	-4.3470616
92	258	-4.348541
848	510	-4.350337
130	147	-4.3508782
754	556	-4.3517714
837	572	-4.352723
904	205	-4.353952
908	273	-4.354673
161	26	-4.354761
72	62	-4.3547645
140	132	-4.354857
70	247	-4.3555984
899	248	-4.3559704
920	277	-4.3571644
274	21	-4.358821
856	110	-4.358827
883	540	-4.3600636
93	197	-4.361517
762	571	-4.3618083
859	176	-4.362062
69	29	-4.362423
919	302	-4.365546
856	510	-4.3685093
876	169	-4.3721995
864	536	-4.3746123
927	525	-4.3747725
92	651	-4.3772974
662	485	-4.377429
904	589	-4.38049
80	223	-4.381733
46	185	-4.382474
914	171	-4.3857813
28	213	-4.3859186
64	173	-4.386369
88	649	-4.387444
28	102	-4.387756
779	624	-4.3893085
647	490	-4.3902917
145	21	-4.3903017
32	587	-4.3907156
942	217	-4.391459
745	518	-4.391928
887	128	-4.392275
719	524	-4.393757
83	75	-4.394829
900	593	-4.3965154
97	248	-4.3967366
98	102	-4.397018
28	340	-4.39839
84	70	-4.3993354
619	486	-4.3998337
909	597	-4.4006853
687	651	-4.400955
886	223	-4.4012566
137	65	-4.4022818
76	219	-4.402757
882	171	-4.402783
63	183	-4.4031067
137	144	-4.403482
795	63	-4.4036536
828	175	-4.4048247
820	648	-4.405365
872	114	-4.4057546
787	644	-4.4074326
847	101	-4.4077497
890	166	-4.4082747
141	28	-4.409568
900	267	-4.4100003
920	164	-4.4111814
855	123	-4.411334
922	599	-4.411974
190	650	-4.412428
87	262	-4.412626
901	450	-4.4149275
38	641	-4.415147
825	166	-4.4177775
103	545	-4.4179626
73	222	-4.4192066
1	73	-4.421633
926	211	-4.4219236
113	78	-4.4224653
709	480	-4.4229465
72	93	-4.4232473
837	196	-4.4242435
772	86	-4.426146
320	651	-4.426744
880	120	-4.4269476
61	259	-4.428649
97	273	-4.42875
919	297	-4.4303083
126	59	-4.430901
59	173	-4.431015
755	492	-4.4315476
32	566	-4.4323134
27	136	-4.432743
821	538	-4.4327526
22	192	-4.4333076
803	559	-4.434608
930	536	-4.4381843
51	105	-4.4383397
860	634	-4.4391747
792	520	-4.439237
780	105	-4.439303
41	600	-4.4405527
188	134	-4.4413238
742	650	-4.4415107
928	646	-4.4421625
876	641	-4.443038
85	123	-4.4430394
854	174	-4.443288
144	190	-4.4439464
914	205	-4.44479
83	31	-4.4457107
658	491	-4.450347
793	67	-4.4512396
832	633	-4.451807
29	336	-4.4529166
114	182	-4.4547577
723	525	-4.4566894
850	593	-4.4569855
89	63	-4.457003
877	205	-4.4575014
846	641	-4.457696
687	521	-4.4586954
902	645	-4.4614267
37	317	-4.461726
821	644	-4.461922
161	652	-4.462126
64	19	-4.4636354
28	114	-4.464207
771	572	-4.464649
896	451	-4.4659266
67	285	-4.4678655
886	141	-4.467982
39	111	-4.46838
60	651	-4.468466
902	165	-4.4686046
900	174	-4.469386
845	572	-4.470048
41	187	-4.4707117
926	600	-4.4727664
33	270	-4.4728937
829	643	-4.4734354
107	115	-4.473582
897	282	-4.4737487
106	236	-4.474292
929	235	-4.4744663
84	51	-4.475103
667	652	-4.4753094
914	282	-4.4759245
106	539	-4.4768147
156	21	-4.4771547
920	553	-4.4777436
34	405	-4.477807
38	218	-4.478163
927	641	-4.4790535
921	189	-4.479158
874	653	-4.4809575
788	495	-4.481991
720	567	-4.482389
763	495	-4.4831643
730	542	-4.48402
194	128	-4.4845004
901	284	-4.4846487
64	90	-4.4851723
64	288	-4.4855027
111	94	-4.485907
53	354	-4.4866605
6	229	-4.487782
927	227	-4.488041
23	163	-4.490255
830	590	-4.4905977
638	472	-4.4908447
52	216	-4.491638
845	96	-4.4918313
165	651	-4.491927
798	60	-4.4920864
32	280	-4.4936156
756	545	-4.493623
73	158	-4.494127
89	41	-4.4977546
272	0	-4.4984865
768	648	-4.498813
834	646	-4.4991035
140	50	-4.4992924
431	672	-4.499863
178	103	-4.500035
730	482	-4.5011635
806	651	-4.5013137
98	191	-4.5018563
837	186	-4.503441
49	179	-4.5047836
138	159	-4.5065823
71	149	-4.508846
884	209	-4.51026
223	37	-4.5119476
805	638	-4.5137734
907	179	-4.514283
847	200	-4.5147057
894	146	-4.515128
787	518	-4.5175095
896	605	-4.517548
23	42	-4.5175805
79	150	-4.5186725
90	335	-4.5197215
892	194	-4.52019
145	195	-4.5208097
927	298	-4.5211763
73	144	-4.5239472
892	130	-4.5240464
85	606	-4.5251245
51	100	-4.5261116
59	604	-4.5267763
915	290	-4.5268927
657	651	-4.530138
888	547	-4.5305552
218	21	-4.5319414
39	653	-4.5320716
766	624	-4.532966
927	596	-4.5334835
922	585	-4.5334964
757	48	-4.53378
796	563	-4.5346327
921	265	-4.5354614
919	197	-4.536234
912	271	-4.5363164
102	188	-4.5365834
39	411	-4.536627
908	609	-4.5377536
29	296	-4.5397897
884	189	-4.5416765
77	273	-4.543026
908	285	-4.5440416
882	520	-4.5441623
256	46	-4.5459976
750	553	-4.547737
787	117	-4.548398
28	132	-4.5501227
906	263	-4.551561
212	17	-4.551972
692	489	-4.553008
220	10	-4.553022
790	635	-4.5539427
146	138	-4.555617
803	527	-4.5556865
4	339	-4.557114
89	29	-4.557198
92	303	-4.5576797
865	255	-4.5583034
376	662	-4.5603075
864	137	-4.561249
873	172	-4.5614495
919	281	-4.5633454
79	127	-4.5638666
5	84	-4.564153
160	109	-4.5651264
145	651	-4.568102
919	525	-4.5687327
843	537	-4.568765
810	559	-4.5697064
840	101	-4.570865
955	260	-4.5710673
768	75	-4.5718937
59	85	-4.5727506
388	671	-4.5728397
929	459	-4.572988
43	407	-4.573923
192	70	-4.5762258
59	206	-4.576237
110	184	-4.5772543
808	553	-4.577721
907	455	-4.5786657
79	134	-4.5792384
20	37	-4.5794954
142	102	-4.580616
872	137	-4.580829
80	218	-4.58355
51	186	-4.5858803
166	27	-4.5859585
138	137	-4.585989
42	191	-4.586008
931	222	-4.5862145
906	290	-4.587416
157	8	-4.588335
131	68	-4.5907817
771	495	-4.5912633
739	516	-4.5936184
898	163	-4.5948772
64	107	-4.5975327
33	284	-4.5986185
832	565	-4.599729
35	117	-4.6008244
644	472	-4.601362
865	93	-4.6015935
127	15	-4.601645
897	546	-4.60185
907	521	-4.602567
158	73	-4.603509
926	590	-4.6042013
98	524	-4.604232
244	68	-4.6059175
128	77	-4.606056
70	282	-4.606986
672	480	-4.6084933
255	7	-4.6087623
46	310	-4.609488
866	150	-4.61049
389	662	-4.6110644
212	104	-4.611368
19	313	-4.6126223
68	42	-4.613299
733	522	-4.615057
52	124	-4.6176214
899	271	-4.6188307
427	671	-4.6189513
932	274	-4.619161
929	439	-4.6195326
782	39	-4.623242
918	212	-4.624941
239	10	-4.6274176
882	179	-4.628382
40	625	-4.628666
956	267	-4.628974
38	8	-4.629504
644	652	-4.6318674
905	249	-4.632781
898	205	-4.6329255
928	467	-4.633015
156	79	-4.6334267
823	179	-4.633432
101	124	-4.6337295
881	213	-4.6339736
95	118	-4.634006
872	257	-4.6346292
88	288	-4.6346383
93	602	-4.6360145
5	348	-4.6362157
203	649	-4.636773
111	111	-4.6408443
824	501	-4.6412187
144	90	-4.6428785
94	537	-4.6445303
128	163	-4.6455975
80	229	-4.646441
68	235	-4.6471415
59	182	-4.647522
872	511	-4.6480103
841	139	-4.6518703
876	141	-4.6519694
636	646	-4.6549926
61	291	-4.6561017
872	205	-4.656304
145	38	-4.6584244
58	52	-4.6592727
926	278	-4.6595616
149	128	-4.6598153
191	131	-4.663016
67	170	-4.6630793
397	651	-4.663248
30	368	-4.664567
26	65	-4.66505
680	555	-4.665192
730	570	-4.6656957
869	194	-4.6659527
40	271	-4.6665745
738	543	-4.667413
261	36	-4.668382
854	573	-4.6697392
636	488	-4.6712055
837	191	-4.6720123
24	46	-4.673132
98	346	-4.6754327
806	82	-4.6756563
59	199	-4.6764092
127	168	-4.6781526
216	651	-4.6784015
868	135	-4.683389
735	483	-4.68478
87	155	-4.684815
29	355	-4.6849823
46	106	-4.685692
788	640	-4.686755
54	542	-4.6871376
915	298	-4.6884475
30	85	-4.689658
950	214	-4.6903524
41	613	-4.6904435
148	118	-4.6910005
59	91	-4.6912093
30	328	-4.6912313
651	489	-4.691657
141	46	-4.691745
76	86	-4.692359
34	230	-4.6929684
101	196	-4.6932244
890	152	-4.6936264
88	538	-4.694572
75	19	-4.6947217
138	98	-4.6950107
896	136	-4.696884
106	643	-4.6982436
644	494	-4.6989627
97	132	-4.7000947
124	164	-4.7002597
753	569	-4.701079
825	589	-4.7016497
60	546	-4.7019706
212	49	-4.7021775
915	585	-4.702393
922	307	-4.702992
948	269	-4.703433
823	632	-4.704025
726	518	-4.7041144
819	553	-4.704305
857	258	-4.7066383
435	671	-4.707486
852	225	-4.7081714
95	113	-4.7104235
676	481	-4.71071
852	511	-4.7111945
92	131	-4.713213
724	536	-4.7134137
37	193	-4.7135487
807	643	-4.7148094
931	287	-4.715819
875	131	-4.716672
215	101	-4.716757
69	155	-4.7173605
787	652	-4.7175817
164	112	-4.7180076
25	303	-4.718039
9	62	-4.7192698
927	199	-4.7206216
892	520	-4.7209687
929	252	-4.7212877
231	16	-4.721376
36	208	-4.722109
169	118	-4.723436
500	652	-4.723599
148	186	-4.7274475
736	549	-4.7279024
194	18	-4.729163
40	197	-4.729372
876	586	-4.729564
384	672	-4.7297134
119	91	-4.730029
652	520	-4.7303686
904	447	-4.7305665
53	301	-4.7307425
243	8	-4.730883
931	270	-4.732938
187	141	-4.7331953
129	210	-4.733401
959	250	-4.733423
64	179	-4.7337737
767	519	-4.7364035
877	162	-4.7365537
55	44	-4.736624
801	500	-4.737275
106	534	-4.7374854
928	326	-4.7383924
99	128	-4.7390404
857	653	-4.739332
43	19	-4.739871
102	114	-4.740058
944	317	-4.741533
141	12	-4.741857
125	74	-4.7425694
245	20	-4.7445064
102	653	-4.7457285
868	512	-4.7472143
715	647	-4.747682
803	644	-4.7478995
104	106	-4.7500014
870	640	-4.750259
144	17	-4.752381
29	271	-4.754994
176	89	-4.7581024
78	279	-4.758355
49	393	-4.758553
824	126	-4.7586484
739	482	-4.758795
762	67	-4.7597227
772	646	-4.7600327
775	576	-4.760452
778	620	-4.7610407
93	26	-4.7638464
66	204	-4.7645197
172	156	-4.765162
878	192	-4.7671933
868	258	-4.7675
29	277	-4.767509
129	8	-4.767683
410	671	-4.768431
857	595	-4.769011
721	481	-4.7697897
726	569	-4.769928
186	146	-4.769997
49	19	-4.770629
826	563	-4.771602
842	635	-4.7720637
157	25	-4.7725453
31	533	-4.7734547
858	574	-4.7744164
223	18	-4.7746024
880	516	-4.775071
175	106	-4.775131
681	653	-4.7752
712	643	-4.77527
959	348	-4.775511
817	156	-4.7773886
143	110	-4.777405
743	483	-4.7779326
235	9	-4.7790613
82	274	-4.7793336
866	145	-4.780953
850	162	-4.7813096
197	73	-4.781345
885	205	-4.7828913
260	4	-4.7858844
937	217	-4.787569
183	35	-4.787997
53	368	-4.7880244
27	417	-4.7890234
178	152	-4.789529
912	610	-4.7903895
171	31	-4.790456
681	480	-4.79047
805	532	-4.791035
106	181	-4.79125
757	522	-4.7913895
839	536	-4.7914066
6	334	-4.7922206
180	91	-4.7945924
96	641	-4.7965984
140	33	-4.7969756
41	275	-4.7973456
196	69	-4.797428
64	82	-4.798932
916	265	-4.7992306
376	672	-4.799397
93	313	-4.8012037
887	648	-4.8022146
813	500	-4.8033466
59	555	-4.804505
91	159	-4.807228
854	131	-4.807793
746	568	-4.808074
121	651	-4.8101306
102	209	-4.812167
2	79	-4.8123417
85	23	-4.8136835
912	198	-4.8152676
26	58	-4.81626
870	151	-4.818235
392	672	-4.818407
881	149	-4.8186674
35	199	-4.8187904
131	527	-4.8188086
57	162	-4.8189564
380	671	-4.8192697
32	600	-4.8192954
885	193	-4.8216734
34	348	-4.823004
115	98	-4.8242297
695	528	-4.825359
117	74	-4.8262095
101	258	-4.826951
876	118	-4.8275976
889	207	-4.827782
890	160	-4.829363
912	592	-4.833741
51	128	-4.833801
9	225	-4.835744
58	238	-4.8364654
791	579	-4.838718
712	567	-4.8389673
801	57	-4.8395224
144	124	-4.839686
72	213	-4.839978
101	139	-4.840412
840	503	-4.841901
619	465	-4.8425655
148	87	-4.8426256
36	273	-4.8446937
32	99	-4.846506
787	53	-4.8470435
103	98	-4.847218
825	171	-4.847566
864	542	-4.8479795
754	551	-4.852916
94	336	-4.853341
796	633	-4.854646
880	142	-4.854912
137	45	-4.8554077
184	154	-4.8555813
136	202	-4.8555846
715	525	-4.855863
28	20	-4.857566
823	110	-4.8580694
875	262	-4.859466
842	642	-4.8637776
61	32	-4.863925
916	294	-4.8654523
188	18	-4.8656316
46	315	-4.8668675
801	143	-4.868159
94	254	-4.8685255
770	522	-4.869014
63	165	-4.8702765
164	105	-4.8707924
926	304	-4.8711557
444	672	-4.871586
163	168	-4.872405
760	646	-4.8729243
217	35	-4.8730283
648	651	-4.873303
770	80	-4.8740134
800	79	-4.8744187
651	481	-4.87513
691	522	-4.876487
41	646	-4.8772388
882	645	-4.877687
930	528	-4.8792543
145	8	-4.8794327
20	48	-4.883035
253	56	-4.883053
830	530	-4.8840275
90	109	-4.8846292
29	364	-4.884741
34	421	-4.8858805
821	652	-4.8860307
688	548	-4.886227
759	491	-4.88662
275	12	-4.8866954
54	51	-4.887147
38	60	-4.8879404
74	278	-4.888266
141	199	-4.8887744
130	155	-4.8900294
21	208	-4.8908873
845	151	-4.8911014
80	270	-4.891592
92	594	-4.8921175
106	522	-4.8964605
696	541	-4.8965673
877	182	-4.8966527
735	651	-4.8971233
45	267	-4.8973293
810	152	-4.8975224
66	32	-4.8979044
900	238	-4.898716
33	382	-4.899405
959	256	-4.89967
820	98	-4.8996854
758	654	-4.900243
783	620	-4.900325
112	19	-4.9041133
886	120	-4.9044914
737	568	-4.9048104
833	193	-4.9069924
919	596	-4.910668
87	119	-4.910674
767	492	-4.911067
205	17	-4.9112306
19	204	-4.9113183
117	20	-4.9114122
940	315	-4.911701
881	640	-4.9118314
462	672	-4.9119396
58	296	-4.9122376
312	651	-4.9127016
591	651	-4.9129267
32	630	-4.912928
877	540	-4.9138103
775	492	-4.9139714
841	97	-4.9140873
225	91	-4.9141335
61	538	-4.9144516
415	671	-4.914656
98	21	-4.9148507
700	542	-4.9157243
855	94	-4.9158044
704	527	-4.917805
122	158	-4.9181147
588	662	-4.918295
830	537	-4.919551
144	42	-4.9205656
513	671	-4.9207053
19	43	-4.9217353
668	481	-4.921967
220	45	-4.9241657
947	321	-4.9267364
41	280	-4.9271045
6	90	-4.927344
936	323	-4.9276047
792	564	-4.928045
24	184	-4.92806
26	158	-4.928945
831	186	-4.9293423
60	103	-4.929757
67	251	-4.93003
666	486	-4.930126
439	673	-4.9303446
749	522	-4.930393
762	60	-4.930517
34	224	-4.9323072
4	356	-4.9324374
840	590	-4.9324493
796	522	-4.932681
206	64	-4.933631
85	145	-4.934313
77	91	-4.934806
110	234	-4.9357634
56	244	-4.936647
777	34	-4.937435
951	264	-4.937967
83	80	-4.938095
872	185	-4.939698
867	97	-4.94074
799	653	-4.940951
219	631	-4.9413595
849	261	-4.9416385
905	267	-4.9417863
816	649	-4.942644
599	650	-4.9426622
890	640	-4.942831
802	83	-4.945753
282	8	-4.945864
811	527	-4.947042
797	553	-4.948056
845	592	-4.949543
38	55	-4.9495964
123	70	-4.9498286
761	56	-4.950347
33	8	-4.9505134
419	673	-4.9505215
630	672	-4.9509864
924	274	-4.952026
936	312	-4.952932
858	158	-4.9532256
881	165	-4.953826
762	625	-4.954278
918	170	-4.954502
52	263	-4.9556494
888	274	-4.9567943
847	535	-4.958607
802	66	-4.9613786
146	25	-4.9613986
665	508	-4.961415
261	42	-4.9615307
55	257	-4.9643607
684	475	-4.9664564
687	512	-4.9669185
634	471	-4.967
384	662	-4.9674983
891	587	-4.968818
812	555	-4.969389
947	211	-4.9698877
558	651	-4.9721603
772	91	-4.9728174
7	233	-4.972875
504	651	-4.9731107
148	79	-4.9745264
81	48	-4.974757
78	160	-4.9762993
251	8	-4.9768677
98	303	-4.9773006
68	214	-4.97782
702	514	-4.977863
55	649	-4.9795403
255	652	-4.983066
790	61	-4.983125
893	232	-4.9834423
40	207	-4.98373
114	8	-4.9842486
834	569	-4.984602
229	647	-4.9847836
60	218	-4.986039
851	113	-4.986215
71	102	-4.98661
148	94	-4.9872236
88	609	-4.9872994
921	316	-4.988275
384	654	-4.990595
801	637	-4.9930925
621	473	-4.996026
754	541	-4.996846
141	80	-4.9988112
219	40	-4.9996705
47	101	-5.0007753
150	21	-5.001025
814	538	-5.001101
52	182	-5.0012493
926	617	-5.001461
789	561	-5.002051
832	628	-5.002101
216	43	-5.002333
908	591	-5.002951
959	375	-5.0031576
9	70	-5.003641
927	443	-5.004012
171	58	-5.0046215
77	145	-5.004862
839	541	-5.005333
782	557	-5.0053377
33	234	-5.006006
658	484	-5.0060773
6	329	-5.006894
907	148	-5.0078387
404	671	-5.009054
70	299	-5.0092936
6	237	-5.0097404
921	258	-5.0103235
219	16	-5.012383
944	268	-5.014474
869	58	-5.0156155
88	37	-5.0157657
51	360	-5.016035
769	557	-5.017296
871	600	-5.0180287
276	16	-5.0182085
74	153	-5.0188155
668	521	-5.0196314
53	36	-5.0196524
17	318	-5.02029
635	671	-5.0208125
77	52	-5.0211563
928	637	-5.0213966
918	308	-5.0214186
36	612	-5.0223665
396	671	-5.022948
869	542	-5.0251102
95	106	-5.026125
63	255	-5.0262346
799	560	-5.028046
913	445	-5.0282774
763	34	-5.02829
839	200	-5.030053
692	534	-5.0303235
637	484	-5.031732
232	639	-5.0318365
64	187	-5.032678
370	672	-5.03324
696	524	-5.0361347
71	205	-5.036251
672	474	-5.0369215
879	265	-5.0385013
639	670	-5.0395155
137	102	-5.03964
26	221	-5.0409927
142	136	-5.041153
705	523	-5.041853
162	8	-5.0427985
221	614	-5.042861
214	9	-5.0442367
695	514	-5.0447025
835	637	-5.046407
844	197	-5.0480213
796	580	-5.048118
912	553	-5.048662
955	252	-5.0488224
82	142	-5.0493402
167	59	-5.0498776
84	135	-5.051014
903	520	-5.0510755
679	533	-5.052254
959	367	-5.052344
174	93	-5.0548897
711	523	-5.0549293
55	547	-5.0553365
5	360	-5.0568395
119	66	-5.0571175
76	283	-5.058885
220	98	-5.0593605
649	485	-5.059597
711	528	-5.0598874
801	632	-5.0606256
683	548	-5.0621758
919	590	-5.0623994
28	282	-5.062526
959	382	-5.0646696
826	94	-5.0652323
830	501	-5.0654287
925	270	-5.0658073
887	233	-5.06743
959	354	-5.0684924
83	267	-5.0689282
136	78	-5.068971
890	221	-5.069419
36	645	-5.0701704
908	162	-5.070175
153	24	-5.0747447
61	169	-5.075111
86	159	-5.075135
107	139	-5.075452
782	491	-5.075459
34	265	-5.075583
889	229	-5.0780377
911	588	-5.0783834
865	176	-5.078492
30	267	-5.080384
860	240	-5.082451
845	207	-5.0830493
821	162	-5.08411
792	496	-5.0841923
703	531	-5.084394
168	113	-5.085171
851	107	-5.0863533
70	19	-5.08696
120	17	-5.0873237
916	593	-5.0876393
98	530	-5.0883155
871	157	-5.088627
686	485	-5.089077
26	169	-5.0897164
773	33	-5.0897408
852	546	-5.091295
949	274	-5.091461
57	40	-5.09191
6	53	-5.092163
914	302	-5.0947
183	17	-5.094963
923	594	-5.0956173
190	74	-5.096348
423	672	-5.0963583
680	473	-5.0967345
812	85	-5.097052
904	595	-5.097452
203	34	-5.098583
651	473	-5.0990825
88	201	-5.1001716
265	38	-5.101835
113	231	-5.1026654
162	172	-5.103067
947	259	-5.1039615
195	35	-5.105148
886	652	-5.1059923
85	591	-5.1060147
585	651	-5.1081667
85	42	-5.1088037
83	19	-5.108993
933	207	-5.1103377
51	259	-5.113821
793	560	-5.1148486
87	526	-5.115098
104	297	-5.115167
904	610	-5.115375
782	644	-5.116031
904	161	-5.1166506
88	132	-5.1170683
254	60	-5.117275
60	232	-5.118455
380	660	-5.1193104
928	521	-5.119837
871	129	-5.1199517
42	224	-5.1200256
837	559	-5.1206317
943	202	-5.12068
31	324	-5.120769
797	498	-5.1208477
240	639	-5.1218314
551	652	-5.121865
112	138	-5.1228776
643	671	-5.123411
150	98	-5.1243696
902	291	-5.124375
212	41	-5.125975
166	9	-5.126904
49	366	-5.126995
812	645	-5.1271577
209	34	-5.1277723
182	647	-5.1281457
803	581	-5.1285
89	128	-5.1298537
617	469	-5.130295
180	85	-5.130741
116	134	-5.1308584
817	167	-5.131678
619	491	-5.1320553
71	166	-5.1321306
626	671	-5.132177
144	131	-5.132369
917	614	-5.1325555
911	522	-5.1340733
86	534	-5.1351247
943	276	-5.136634
886	605	-5.1372037
884	546	-5.137937
959	329	-5.1383376
683	490	-5.1396236
10	66	-5.1403937
898	585	-5.140418
763	547	-5.1439285
51	378	-5.1443167
145	106	-5.1448345
105	639	-5.1464057
118	163	-5.1467676
43	8	-5.1495395
6	95	-5.149766
742	549	-5.1501727
907	245	-5.151744
778	522	-5.152976
200	17	-5.1545815
100	336	-5.155823
844	203	-5.159061
81	138	-5.160476
34	90	-5.160627
139	106	-5.161258
49	385	-5.1614604
927	463	-5.1629624
959	359	-5.1632953
849	561	-5.164733
719	476	-5.1662436
64	161	-5.16685
141	86	-5.1680436
23	52	-5.169136
944	256	-5.1698985
228	85	-5.1700597
901	252	-5.1705112
848	503	-5.1705823
481	671	-5.171241
935	233	-5.1723666
374	647	-5.1732545
6	221	-5.1734405
48	320	-5.1741934
909	459	-5.174361
81	8	-5.1749716
5	191	-5.175847
931	450	-5.177589
825	537	-5.1777096
761	40	-5.1779523
896	209	-5.1795115
858	263	-5.1795154
742	541	-5.1802406
41	608	-5.182377
64	210	-5.1825547
841	561	-5.183231
32	638	-5.1832414
40	595	-5.1832743
753	46	-5.1850467
450	672	-5.185757
135	69	-5.1867156
103	90	-5.1870217
959	343	-5.187248
79	297	-5.187282
67	8	-5.1878853
131	81	-5.1905665
865	653	-5.1933446
160	22	-5.193581
94	348	-5.193619
96	259	-5.193736
857	563	-5.19458
55	179	-5.194583
785	624	-5.1953516
1	83	-5.1954207
679	550	-5.1974554
893	281	-5.1977916
645	484	-5.1978674
928	435	-5.1980634
794	627	-5.1981
118	647	-5.1986227
42	642	-5.198696
58	36	-5.198751
931	244	-5.1989684
38	228	-5.199002
36	214	-5.199306
923	526	-5.1994977
2	88	-5.1996446
34	620	-5.200959
834	591	-5.2013474
901	152	-5.201497
827	131	-5.201819
31	562	-5.202514
19	165	-5.203207
178	648	-5.203344
145	84	-5.2041183
864	632	-5.205477
927	633	-5.2057385
476	671	-5.2058344
843	545	-5.2087135
90	599	-5.209049
31	432	-5.2096777
566	651	-5.2102833
790	626	-5.2125263
335	651	-5.212625
850	221	-5.212926
807	526	-5.213667
528	671	-5.215732
912	286	-5.2160153
931	532	-5.217663
356	652	-5.218174
804	78	-5.218524
245	639	-5.2187424
619	477	-5.219417
622	672	-5.220107
102	267	-5.221121
919	581	-5.222489
731	526	-5.222677
86	150	-5.2229576
466	671	-5.223271
93	122	-5.2234263
709	514	-5.2244735
97	545	-5.228095
166	101	-5.229606
136	94	-5.229801
35	277	-5.230344
128	90	-5.230527
166	19	-5.2306767
175	18	-5.2311907
267	0	-5.2316327
774	624	-5.2343316
310	673	-5.2359233
901	147	-5.23683
24	111	-5.237015
61	44	-5.2371244
113	521	-5.237547
898	520	-5.238003
904	653	-5.238469
865	183	-5.2392616
108	177	-5.2405286
849	217	-5.2418814
840	569	-5.2425623
892	469	-5.243411
809	639	-5.243782
919	239	-5.244375
68	174	-5.2446504
152	8	-5.2485037
934	203	-5.248627
40	266	-5.248819
62	53	-5.2488594
111	238	-5.2496886
883	154	-5.250189
33	113	-5.250785
182	158	-5.250907
792	526	-5.2518244
137	527	-5.254255
822	115	-5.2546196
650	508	-5.2546296
910	298	-5.254711
949	233	-5.255215
344	672	-5.255485
852	147	-5.256319
521	671	-5.257369
63	543	-5.2584767
38	223	-5.2595105
90	346	-5.2603946
96	307	-5.2606196
778	549	-5.260881
156	29	-5.2613773
949	241	-5.2620344
316	652	-5.2623663
70	291	-5.262488
36	599	-5.2632694
797	131	-5.2646537
247	9	-5.26502
856	229	-5.2651253
223	647	-5.265249
858	146	-5.267922
100	291	-5.2684174
30	122	-5.2685227
378	655	-5.2692885
915	521	-5.269289
44	258	-5.272182
243	16	-5.2737308
846	211	-5.274057
90	641	-5.2757573
25	69	-5.276327
23	180	-5.276416
931	282	-5.2770233
656	472	-5.2794523
43	604	-5.27959
822	102	-5.280515
60	195	-5.2811556
929	515	-5.281264
509	672	-5.281858
758	624	-5.2848516
881	160	-5.2852917
906	443	-5.2874823
822	175	-5.2884045
888	124	-5.290195
330	673	-5.2902665
729	546	-5.2903657
84	582	-5.292599
844	629	-5.292697
41	338	-5.293798
5	421	-5.294681
752	654	-5.2948623
11	229	-5.2961783
82	522	-5.297048
715	475	-5.2975426
50	96	-5.29763
114	102	-5.2977343
910	291	-5.2985125
823	121	-5.298848
81	603	-5.2994895
933	239	-5.3010507
943	260	-5.3014164
643	488	-5.3023286
817	549	-5.303059
74	289	-5.3040085
187	150	-5.304654
4	225	-5.3053174
29	6	-5.307527
5	196	-5.307622
853	259	-5.308085
184	82	-5.309082
884	216	-5.309553
850	170	-5.3108516
59	596	-5.3113484
894	219	-5.3116493
87	114	-5.3128266
113	106	-5.3134212
50	316	-5.3140473
145	50	-5.3142385
46	61	-5.3158145
807	582	-5.3159256
34	68	-5.316286
121	8	-5.316527
923	299	-5.3168645
66	70	-5.3176985
22	30	-5.318675
887	155	-5.3187466
19	53	-5.3201027
24	23	-5.321029
860	90	-5.321186
46	542	-5.322082
63	86	-5.322678
154	75	-5.3231707
959	335	-5.3232794
813	532	-5.323405
125	7	-5.3235316
19	196	-5.323755
892	275	-5.3238063
177	36	-5.3239846
19	33	-5.324844
1	347	-5.324938
98	136	-5.3262906
864	600	-5.3265376
845	506	-5.3281
158	17	-5.3282876
54	16	-5.3292136
218	625	-5.3298135
372	663	-5.3301177
65	246	-5.3308134
635	475	-5.3312798
120	77	-5.331329
132	73	-5.3319864
903	585	-5.3329215
49	371	-5.3331847
765	524	-5.3342347
945	252	-5.334512
644	502	-5.3357716
801	74	-5.336671
9	56	-5.336821
900	609	-5.336951
456	672	-5.337183
48	262	-5.3371854
782	627	-5.338625
865	641	-5.338968
103	303	-5.3393764
269	34	-5.340414
126	156	-5.3412848
835	114	-5.342568
959	387	-5.343035
25	225	-5.343678
94	192	-5.3439665
156	98	-5.34428
80	650	-5.344315
25	149	-5.3445377
145	30	-5.345465
791	553	-5.3455043
107	145	-5.3459916
864	278	-5.3460226
866	636	-5.346201
592	663	-5.3467073
931	258	-5.346879
60	178	-5.346922
168	107	-5.3470616
786	40	-5.3474874
153	650	-5.348335
949	219	-5.3493752
230	12	-5.3494167
107	85	-5.349709
35	409	-5.349858
910	653	-5.3511243
926	580	-5.3514977
4	378	-5.351689
903	191	-5.352141
804	61	-5.353521
81	378	-5.3548803
904	217	-5.356359
750	545	-5.356488
912	223	-5.3572664
210	10	-5.3575687
314	672	-5.357838
722	519	-5.357982
647	664	-5.358908
833	541	-5.359581
821	94	-5.359694
874	637	-5.361185
679	521	-5.3617697
930	552	-5.3621325
1	100	-5.363335
813	634	-5.3637114
920	231	-5.3645225
944	311	-5.364582
208	43	-5.3648596
148	112	-5.3651314
689	516	-5.365364
925	264	-5.3665566
111	244	-5.3667207
801	626	-5.367164
939	222	-5.3678083
752	646	-5.3682327
21	226	-5.368824
56	166	-5.3689156
100	299	-5.369174
923	646	-5.3702774
647	670	-5.3711543
104	290	-5.3712416
93	142	-5.37136
348	673	-5.372528
281	12	-5.3726482
27	290	-5.374146
39	405	-5.374339
727	479	-5.3746305
876	186	-5.37502
39	15	-5.376446
89	24	-5.376619
653	652	-5.3767104
875	601	-5.3779297
916	554	-5.379017
927	625	-5.379309
49	355	-5.3798947
505	671	-5.3801675
930	420	-5.3805346
132	142	-5.380565
862	156	-5.3817487
304	673	-5.3817816
138	90	-5.382285
543	651	-5.3823657
470	672	-5.383269
100	252	-5.3837075
12	48	-5.3840613
875	581	-5.3854446
119	130	-5.385511
430	652	-5.386682
109	248	-5.387935
277	25	-5.3886204
110	540	-5.3887887
238	14	-5.3896403
33	371	-5.3899884
364	672	-5.3900337
43	395	-5.390886
110	645	-5.3917065
400	672	-5.391768
588	671	-5.3917794
259	651	-5.3938856
788	620	-5.394042
48	66	-5.394363
58	600	-5.395386
906	255	-5.395916
948	315	-5.3959765
912	263	-5.3966603
931	329	-5.3969116
878	155	-5.3977017
747	484	-5.3983483
860	570	-5.398364
678	485	-5.398456
269	651	-5.399008
825	549	-5.399428
53	625	-5.401492
35	335	-5.4016466
352	672	-5.401879
94	598	-5.403304
891	515	-5.404364
494	652	-5.4047284
2	335	-5.4052205
213	36	-5.406002
906	643	-5.40619
92	289	-5.4097366
96	159	-5.41047
149	75	-5.4109173
959	244	-5.4110622
66	38	-5.4135
860	152	-5.4140325
788	522	-5.4158125
4	269	-5.41751
867	578	-5.4176135
113	12	-5.417912
867	62	-5.417925
915	449	-5.4187946
873	541	-5.418977
91	117	-5.418998
123	14	-5.420224
318	673	-5.422252
788	527	-5.4226933
45	368	-5.4248834
774	524	-5.4254503
83	351	-5.427372
799	526	-5.4287148
91	524	-5.429688
5	415	-5.43204
138	41	-5.4322076
885	515	-5.432293
939	234	-5.4360056
718	518	-5.4361873
50	389	-5.4369655
5	242	-5.4369817
923	178	-5.4383545
11	221	-5.4387565
866	262	-5.4396133
68	159	-5.4396687
71	518	-5.439734
939	309	-5.4401383
948	325	-5.4405174
68	225	-5.441173
97	145	-5.4420996
61	191	-5.442232
7	246	-5.442826
148	102	-5.443173
936	276	-5.443355
851	507	-5.4450903
928	273	-5.445442
834	500	-5.4457273
225	612	-5.4464974
860	507	-5.4465547
856	633	-5.4484735
821	530	-5.448707
732	537	-5.4491267
79	18	-5.449555
63	229	-5.4503417
848	569	-5.451043
50	309	-5.4513345
134	138	-5.452078
625	459	-5.4525037
643	662	-5.4527736
336	673	-5.4528627
340	671	-5.453196
20	57	-5.454579
493	671	-5.4555044
373	659	-5.4556966
48	217	-5.4567666
924	195	-5.45706
112	536	-5.457156
40	584	-5.458659
893	227	-5.4589057
894	159	-5.459185
77	39	-5.45922
809	534	-5.4596086
878	177	-5.460533
97	653	-5.460672
110	653	-5.460832
922	236	-5.4619412
487	671	-5.4620466
234	13	-5.4624014
786	46	-5.4626055
47	255	-5.463726
858	233	-5.464336
689	528	-5.4646997
816	86	-5.464808
30	607	-5.4652915
867	88	-5.4657655
141	128	-5.4673257
124	94	-5.4674582
31	332	-5.4675384
949	227	-5.467926
44	55	-5.468236
848	544	-5.4690843
845	563	-5.4701166
105	94	-5.4705625
200	58	-5.4718275
847	143	-5.4728217
27	106	-5.4730906
959	393	-5.473662
854	160	-5.4737415
931	229	-5.4739265
75	210	-5.475404
31	118	-5.476331
50	543	-5.477115
287	3	-5.4775662
81	146	-5.4779587
105	123	-5.478342
37	603	-5.4784946
257	50	-5.4803085
170	8	-5.480637
908	439	-5.482237
25	285	-5.4825635
2	60	-5.4860797
280	17	-5.4864383
676	475	-5.4873586
716	568	-5.4879017
143	116	-5.4887047
885	586	-5.4887857
5	205	-5.4890876
538	418	-5.490392
48	325	-5.490771
622	469	-5.49155
177	156	-5.4917035
824	553	-5.4922595
931	211	-5.4926825
767	548	-5.498134
119	97	-5.4981503
6	352	-5.49831
1	112	-5.499243
20	309	-5.499447
325	672	-5.50025
683	520	-5.5007935
912	643	-5.504073
959	261	-5.504442
145	76	-5.504454
5	459	-5.5064416
839	106	-5.506856
893	464	-5.5083685
893	583	-5.5084434
24	211	-5.509915
21	169	-5.5103865
82	538	-5.511247
668	534	-5.511591
6	306	-5.5131397
26	327	-5.513636
116	94	-5.5156
760	45	-5.517015
776	642	-5.5187693
74	44	-5.5193057
681	526	-5.51998
25	141	-5.520073
0	340	-5.520133
891	606	-5.520466
959	406	-5.5207233
46	222	-5.5230823
45	15	-5.5233274
33	396	-5.5234756
27	217	-5.52399
935	227	-5.524862
547	672	-5.525875
790	549	-5.525878
821	168	-5.5261145
104	248	-5.5264635
10	261	-5.5268826
380	647	-5.527232
758	572	-5.5272946
40	617	-5.5277467
163	30	-5.5281944
773	101	-5.528941
779	527	-5.5297346
700	475	-5.530157
869	53	-5.530367
746	525	-5.53125
927	472	-5.5321765
224	12	-5.5328913
76	165	-5.534364
853	596	-5.534886
839	112	-5.5351424
149	191	-5.5353703
796	56	-5.536124
836	563	-5.537372
667	660	-5.537679
881	206	-5.540602
253	673	-5.5416985
818	535	-5.543203
866	157	-5.543371
280	4	-5.54389
1	352	-5.5456166
4	383	-5.5468664
767	576	-5.546935
699	532	-5.5486307
70	37	-5.549047
122	169	-5.5503736
32	522	-5.550497
108	593	-5.5527697
636	494	-5.5528307
29	241	-5.5532074
499	671	-5.5547748
277	0	-5.554793
925	558	-5.5556736
4	312	-5.556626
37	95	-5.5583453
873	180	-5.559351
943	212	-5.5596538
104	128	-5.559878
831	549	-5.5623827
2	96	-5.5624166
219	637	-5.5631566
517	672	-5.5634828
1	92	-5.5635233
359	671	-5.5647388
888	512	-5.5653505
56	304	-5.5657134
79	12	-5.565772
674	486	-5.5661287
941	433	-5.566219
149	83	-5.5667458
931	548	-5.5683746
895	223	-5.570482
684	560	-5.572042
934	290	-5.572868
26	344	-5.5741463
25	77	-5.574158
891	491	-5.574197
614	672	-5.574245
477	652	-5.575011
19	212	-5.5750527
42	316	-5.57529
248	17	-5.575801
103	143	-5.5759153
817	179	-5.57617
785	34	-5.576314
8	340	-5.576642
764	644	-5.5775228
959	398	-5.578367
56	220	-5.579507
915	579	-5.5795302
240	647	-5.5815716
795	620	-5.581667
823	637	-5.582218
803	536	-5.582705
137	82	-5.5831857
639	664	-5.5836287
880	545	-5.5839677
73	51	-5.58493
774	548	-5.5852065
825	626	-5.5875506
183	11	-5.5884333
935	435	-5.5885544
53	248	-5.588631
247	673	-5.5893316
909	258	-5.589821
158	105	-5.5898623
298	673	-5.590071
855	135	-5.590077
4	187	-5.590467
191	583	-5.5914335
189	79	-5.592206
911	241	-5.594845
68	219	-5.594992
829	542	-5.595691
163	60	-5.5979323
64	216	-5.598131
59	8	-5.598609
263	48	-5.599874
81	595	-5.6009254
786	578	-5.601911
54	8	-5.602246
227	15	-5.6025867
129	523	-5.6026525
907	579	-5.6030726
286	7	-5.6044455
233	643	-5.604783
663	481	-5.6063786
41	638	-5.606926
89	312	-5.6081667
817	587	-5.6083527
106	528	-5.6087456
813	157	-5.6089883
866	66	-5.6096096
817	632	-5.610442
71	58	-5.6129026
34	15	-5.612969
741	520	-5.612993
841	194	-5.613574
47	401	-5.613994
68	182	-5.614022
85	541	-5.614349
129	539	-5.616836
200	53	-5.6170588
909	266	-5.617073
152	80	-5.617551
173	54	-5.618427
873	193	-5.6184807
953	256	-5.619101
849	266	-5.6195292
104	136	-5.6201077
1	64	-5.6213484
794	126	-5.6217504
116	140	-5.622281
153	18	-5.622525
53	602	-5.62357
54	364	-5.623601
778	109	-5.623764
890	143	-5.6241174
854	278	-5.6251125
245	3	-5.6257696
21	188	-5.625919
571	651	-5.626005
169	162	-5.627379
947	265	-5.627726
733	545	-5.6278687
839	135	-5.6279273
115	178	-5.6281314
752	661	-5.6284575
236	673	-5.6286435
941	239	-5.630427
101	521	-5.630935
201	121	-5.6316037
38	283	-5.6329064
759	551	-5.6336956
71	171	-5.634458
6	257	-5.634815
780	640	-5.635651
922	174	-5.6365814
926	231	-5.637056
57	300	-5.6390305
96	593	-5.6393523
953	273	-5.6396737
97	153	-5.640388
755	487	-5.641661
145	543	-5.64286
745	673	-5.6436644
22	394	-5.643899
782	520	-5.6441693
763	489	-5.644688
136	133	-5.645021
104	261	-5.6457057
791	653	-5.6460166
639	477	-5.6463947
203	673	-5.6466017
915	219	-5.6480207
45	363	-5.648172
91	153	-5.6484413
4	411	-5.648578
919	645	-5.6489835
141	525	-5.651647
888	217	-5.6521792
92	607	-5.6534424
104	255	-5.654146
959	233	-5.655137
112	528	-5.6572905
234	647	-5.657559
4	391	-5.657761
58	15	-5.6612086
776	553	-5.662076
153	183	-5.6625905
27	423	-5.662734
609	469	-5.6627684
916	641	-5.663094
925	242	-5.6637397
5	471	-5.6649575
710	655	-5.665609
761	523	-5.665876
577	672	-5.6685414
832	98	-5.6693764
5	426	-5.670816
894	456	-5.671436
6	48	-5.6719923
55	90	-5.672877
65	200	-5.672993
713	639	-5.6743326
91	645	-5.6743402
717	534	-5.6749516
823	184	-5.677157
865	509	-5.6774535
917	261	-5.6784453
5	374	-5.6785064
94	177	-5.6791444
129	159	-5.6801014
100	350	-5.681449
6	178	-5.6822076
294	672	-5.6826305
5	518	-5.683049
5	499	-5.6832476
6	200	-5.683411
29	16	-5.6856346
53	613	-5.6857047
219	619	-5.68663
20	78	-5.686853
5	453	-5.688831
11	213	-5.689488
858	172	-5.690156
824	106	-5.6911845
594	671	-5.6931243
86	8	-5.6948667
194	673	-5.695633
158	12	-5.6957245
82	574	-5.6962276
790	123	-5.6969914
198	126	-5.6970806
114	150	-5.698002
145	527	-5.698703
959	418	-5.699033
618	671	-5.700439
119	228	-5.700589
440	669	-5.70088
25	95	-5.701147
134	158	-5.7013063
935	303	-5.7015414
250	66	-5.701612
795	549	-5.703951
888	211	-5.704091
76	478	-5.7043014
282	672	-5.704405
75	8	-5.7045684
81	40	-5.7049146
929	556	-5.7049985
5	507	-5.705846
553	672	-5.7080374
763	575	-5.7090797
38	260	-5.710257
898	290	-5.7115707
53	175	-5.711938
536	671	-5.7131453
5	368	-5.7133837
78	205	-5.714745
807	549	-5.7150126
242	673	-5.7150617
66	478	-5.715382
923	228	-5.716154
37	372	-5.716427
108	119	-5.717024
32	107	-5.7174096
20	153	-5.717568
705	655	-5.71779
204	49	-5.7181306
174	85	-5.718652
827	98	-5.719144
880	583	-5.71917
43	412	-5.7192483
913	259	-5.719555
98	340	-5.719621
899	552	-5.72016
141	37	-5.720765
33	72	-5.7209716
48	405	-5.721067
5	23	-5.721276
927	283	-5.72194
770	623	-5.7225003
662	521	-5.722602
139	118	-5.72279
63	9	-5.7233934
15	326	-5.723444
34	634	-5.723558
902	454	-5.724314
831	94	-5.7244577
397	662	-5.7247496
107	151	-5.72532
757	53	-5.7253766
872	106	-5.7260365
244	12	-5.7262416
10	241	-5.7264543
160	68	-5.7272716
5	431	-5.7275
34	591	-5.7279487
708	533	-5.730859
350	651	-5.7309127
813	551	-5.7311482
39	416	-5.7314
30	360	-5.731928
10	253	-5.733394
10	78	-5.733484
251	586	-5.7337103
835	537	-5.7337527
265	44	-5.733763
824	542	-5.733886
77	602	-5.7338996
0	108	-5.7343955
11	237	-5.7348332
818	542	-5.7350473
155	33	-5.73632
610	671	-5.7363358
66	46	-5.737553
207	648	-5.7378087
895	579	-5.7381177
940	321	-5.7383137
835	103	-5.7389297
6	100	-5.7396746
538	651	-5.740081
83	374	-5.740182
278	9	-5.740733
6	143	-5.7408576
858	276	-5.7416577
856	153	-5.7428455
759	63	-5.742903
690	544	-5.743328
886	641	-5.744076
90	351	-5.744178
106	132	-5.744697
129	102	-5.7454553
64	14	-5.7462063
847	106	-5.7464027
737	538	-5.7480936
10	52	-5.7496257
55	379	-5.7505527
57	350	-5.750622
851	151	-5.7513037
692	540	-5.751391
935	271	-5.751879
809	632	-5.752931
629	472	-5.753789
859	137	-5.754211
621	457	-5.754393
683	649	-5.7548223
5	114	-5.7548437
126	11	-5.7548585
826	531	-5.7550764
628	646	-5.7554936
156	69	-5.755564
221	641	-5.755571
41	630	-5.755608
651	662	-5.7585125
107	240	-5.7595544
6	324	-5.759899
918	313	-5.7601967
33	655	-5.760765
5	31	-5.7619805
254	3	-5.7628217
193	579	-5.7632465
111	133	-5.764416
49	53	-5.7645645
106	286	-5.7654395
447	669	-5.7660036
62	48	-5.7662725
274	651	-5.766934
148	33	-5.7674894
190	138	-5.768215
895	640	-5.768979
34	327	-5.769175
871	261	-5.769895
907	236	-5.770492
55	55	-5.7712436
259	673	-5.7717304
640	468	-5.77188
240	3	-5.771881
921	618	-5.772561
699	521	-5.77302
142	203	-5.7730293
898	643	-5.77323
279	21	-5.7747116
5	512	-5.7750664
286	671	-5.776286
532	672	-5.7778645
27	398	-5.778268
161	673	-5.7788935
6	265	-5.7807765
147	62	-5.7815623
860	246	-5.7818513
285	631	-5.7825003
167	54	-5.78272
44	326	-5.782879
898	155	-5.78329
922	642	-5.7836857
893	568	-5.7837076
145	58	-5.78414
825	653	-5.784196
107	543	-5.784254
685	533	-5.7848783
98	637	-5.7850637
849	597	-5.785296
4	364	-5.785467
42	262	-5.7854934
68	208	-5.786008
583	671	-5.786142
7	217	-5.7862964
389	647	-5.7863646
384	648	-5.787065
4	397	-5.7875032
94	22	-5.7875857
102	182	-5.788469
959	319	-5.7891164
33	356	-5.789326
790	557	-5.7893596
850	633	-5.790086
809	499	-5.7906303
5	464	-5.792906
290	673	-5.7929816
801	148	-5.79318
700	528	-5.7949886
868	186	-5.796617
906	296	-5.7972236
280	651	-5.797608
54	240	-5.797779
51	61	-5.798279
915	226	-5.7987013
128	98	-5.7987204
660	454	-5.799195
942	243	-5.799285
789	631	-5.799911
6	273	-5.8011165
426	675	-5.801641
810	585	-5.8027315
751	483	-5.803202
219	0	-5.803387
849	166	-5.8035517
6	133	-5.803623
19	157	-5.803643
1	359	-5.807799
925	186	-5.8081083
5	445	-5.809358
787	552	-5.809578
846	634	-5.8112454
132	86	-5.8122597
897	233	-5.8127804
302	651	-5.8130455
761	673	-5.813285
687	489	-5.8135343
171	90	-5.8135424
749	571	-5.8146772
115	525	-5.815246
678	469	-5.8153706
911	583	-5.8159165
75	647	-5.8162446
939	272	-5.8166933
6	183	-5.8168054
892	460	-5.8170676
147	12	-5.8175564
76	301	-5.8181715
51	254	-5.818888
194	134	-5.819164
138	122	-5.8207564
187	12	-5.820944
931	524	-5.821225
844	568	-5.8212576
110	532	-5.822054
863	98	-5.8227186
54	629	-5.822994
956	247	-5.823299
208	673	-5.8233094
69	65	-5.823604
756	660	-5.8265805
46	82	-5.8274117
111	128	-5.827969
643	476	-5.8280997
432	668	-5.8285236
711	476	-5.8286347
899	581	-5.828751
628	488	-5.8288784
959	413	-5.8289623
95	163	-5.8291397
82	131	-5.8292603
72	162	-5.8297915
250	639	-5.8308024
777	545	-5.8309913
4	261	-5.831276
205	9	-5.832092
897	143	-5.8324175
172	35	-5.833406
145	535	-5.833598
84	202	-5.8342752
5	493	-5.8345075
6	118	-5.835992
647	478	-5.8361516
670	525	-5.8367157
144	34	-5.8387737
942	229	-5.8390265
49	10	-5.841518
541	672	-5.8425684
862	161	-5.8425856
97	601	-5.843428
240	71	-5.844322
759	542	-5.844431
86	643	-5.844703
815	162	-5.845277
229	631	-5.8471727
2	330	-5.847686
265	673	-5.850084
7	209	-5.8502607
867	70	-5.8513885
93	320	-5.8524094
889	278	-5.8535767
39	343	-5.854083
862	173	-5.8544927
141	66	-5.855339
238	591	-5.857429
890	473	-5.8576813
876	113	-5.8589396
88	616	-5.8591313
864	566	-5.861184
66	518	-5.861602
69	295	-5.862173
656	521	-5.862267
70	54	-5.862628
278	671	-5.8626556
111	588	-5.8658094
938	527	-5.867688
873	163	-5.868214
833	198	-5.868334
125	148	-5.868811
116	673	-5.868927
42	59	-5.86952
233	635	-5.870165
606	672	-5.8706446
434	651	-5.872261
849	277	-5.8724656
88	530	-5.872646
734	571	-5.873747
467	651	-5.8739357
938	543	-5.8762774
740	673	-5.876347
87	293	-5.8779106
901	137	-5.8781276
389	623	-5.878186
938	213	-5.879019
819	183	-5.879817
868	644	-5.8805456
807	538	-5.8805976
918	243	-5.881395
86	521	-5.8823833
36	586	-5.882776
888	467	-5.8834753
957	371	-5.884196
69	647	-5.8843827
42	12	-5.8853574
944	291	-5.8857427
179	16	-5.885756
947	205	-5.8862267
927	484	-5.886359
5	139	-5.8891387
128	117	-5.8896933
76	48	-5.891453
744	545	-5.892019
18	331	-5.8922143
559	672	-5.893391
97	617	-5.894715
148	16	-5.8950243
856	545	-5.8953633
29	643	-5.897252
22	174	-5.8975234
167	32	-5.8988028
88	307	-5.8992853
10	308	-5.899427
929	508	-5.9003415
3	232	-5.900965
635	662	-5.901337
5	477	-5.9019394
191	9	-5.901996
7	173	-5.9021616
6	532	-5.9028106
162	18	-5.9029393
391	668	-5.9048285
4	403	-5.905068
21	216	-5.9051533
5	538	-5.9072213
54	621	-5.908216
68	12	-5.908424
44	321	-5.909096
87	163	-5.909149
959	296	-5.909499
632	668	-5.9104424
892	574	-5.9106164
625	465	-5.9110694
771	577	-5.9130654
27	127	-5.914075
11	257	-5.9141016
185	73	-5.9145527
22	220	-5.9146557
898	130	-5.914835
164	65	-5.914918
307	670	-5.9154315
573	671	-5.915761
249	1	-5.9158587
754	525	-5.9164414
5	437	-5.9173565
663	661	-5.9178395
941	446	-5.91823
69	303	-5.9182467
655	671	-5.918385
98	287	-5.918923
70	201	-5.9201818
929	502	-5.9211807
188	673	-5.923023
59	254	-5.9233704
140	113	-5.9235473
830	102	-5.9239664
119	12	-5.924193
63	554	-5.924555
670	517	-5.925644
632	489	-5.925965
20	73	-5.9266706
797	532	-5.9270663
5	523	-5.9275146
213	13	-5.9283967
179	9	-5.9285636
28	648	-5.9287515
84	347	-5.9292874
678	671	-5.929764
931	264	-5.9302673
167	673	-5.930657
850	118	-5.9318
849	256	-5.932243
105	557	-5.935395
84	127	-5.935836
823	497	-5.9361887
59	550	-5.936852
50	15	-5.9372077
53	383	-5.9374495
174	10	-5.937633
651	672	-5.9384484
160	176	-5.938888
96	281	-5.939755
191	15	-5.941437
704	566	-5.941552
42	634	-5.9418497
931	444	-5.9428587
231	673	-5.9430056
674	470	-5.9431458
135	218	-5.9450684
868	266	-5.945918
616	483	-5.9469733
623	485	-5.9470572
82	161	-5.9474883
137	206	-5.9475055
110	284	-5.947682
956	434	-5.9485855
20	113	-5.950654
737	524	-5.9510055
782	548	-5.951068
5	487	-5.9529085
219	645	-5.953533
64	346	-5.9540515
731	650	-5.955136
885	550	-5.9560237
76	15	-5.956374
920	521	-5.956707
764	541	-5.956811
106	17	-5.9574
695	475	-5.957858
46	70	-5.958042
959	290	-5.958309
258	56	-5.958941
124	673	-5.961459
37	378	-5.962249
884	582	-5.962274
91	541	-5.9639945
926	563	-5.9646225
41	366	-5.9648743
684	673	-5.966659
746	480	-5.9681473
112	115	-5.968273
766	673	-5.9686785
930	610	-5.9688015
209	14	-5.9696474
813	626	-5.969969
724	648	-5.970003
88	585	-5.970245
777	673	-5.9705424
869	276	-5.970707
172	417	-5.9719853
213	673	-5.9728045
368	662	-5.9729314
19	177	-5.973164
15	227	-5.974035
180	48	-5.9749475
774	619	-5.9765224
867	573	-5.977475
901	628	-5.9776154
6	110	-5.9780993
43	400	-5.9781003
115	235	-5.9786377
434	675	-5.978882
111	146	-5.9798884
246	72	-5.9814243
130	214	-5.982803
90	340	-5.9828334
764	551	-5.984174
677	525	-5.9845915
569	672	-5.9847674
889	551	-5.9850063
577	651	-5.9853578
598	672	-5.9870763
742	524	-5.987369
4	253	-5.987458
817	645	-5.987548
817	531	-5.9876266
40	82	-5.9877844
741	478	-5.988547
80	580	-5.9894238
56	60	-5.990105
907	586	-5.9905634
9	45	-5.992452
261	0	-5.993013
925	256	-5.9933743
750	673	-5.9938107
640	496	-5.994089
123	589	-5.9950323
896	467	-5.9955378
959	239	-5.996509
239	670	-5.9967155
225	8	-5.997077
49	640	-5.997361
156	91	-5.997584
596	662	-5.9986176
97	311	-5.999374
