x_coord	y_coord	score
227	186	0.76423657
127	257	0.7029724
455	32	0.6068902
449	37	0.57574093
131	255	0.5695529
223	189	0.5434288
363	95	0.52691627
351	103	0.49525276
347	104	0.4866468
453	36	0.45908412
462	29	0.44345996
217	194	0.4246548
355	99	0.41347244
445	39	0.39503112
231	185	0.38254532
123	259	0.3796858
415	60	0.36879095
389	77	0.35401955
248	173	0.34875748
234	181	0.34477982
394	74	0.33331922
419	57	0.305634
135	251	0.2924023
336	114	0.28375098
359	97	0.2706162
367	92	0.23696598
221	193	0.2308316
344	107	0.22612825
443	43	0.2252672
377	84	0.21502659
439	44	0.2013872
213	197	0.1997988
397	71	0.19893983
253	171	0.1870003
423	56	0.18556526
238	179	0.18453464
340	111	0.16923419
330	118	0.16909131
411	62	0.14957812
427	53	0.14195147
381	82	0.12618878
466	25	0.11913213
139	248	0.11771712
326	120	0.1044524
435	46	0.10418549
385	79	0.08581534
431	50	0.082060784
228	190	0.057323128
119	261	0.055906624
403	66	0.028894603
244	175	0.021415293
373	88	0.016339183
322	122	0.012651175
390	73	0.0042630136
143	246	-0.003114432
459	33	-0.043301255
450	33	-0.0546228
409	66	-0.06555191
458	28	-0.06958985
401	70	-0.07359192
315	129	-0.12537345
440	40	-0.14331341
257	168	-0.14406079
147	242	-0.14652342
348	108	-0.1663318
470	23	-0.16963807
319	125	-0.17293426
209	199	-0.19964203
32	325	-0.21764061
332	113	-0.21923463
356	103	-0.22362763
312	132	-0.23335433
263	163	-0.24640802
218	190	-0.24738966
118	265	-0.25112596
202	204	-0.26008922
422	52	-0.26916325
243	179	-0.26994333
38	322	-0.2768607
130	251	-0.2846371
398	67	-0.29093492
302	136	-0.2979486
122	264	-0.303389
448	42	-0.32846013
237	184	-0.33108085
151	240	-0.3318967
78	291	-0.3362014
195	210	-0.33875483
261	167	-0.34370238
306	134	-0.3679069
199	207	-0.3849243
228	182	-0.38608614
41	317	-0.38866076
436	50	-0.38955137
360	101	-0.39706615
176	224	-0.39811507
114	266	-0.40002537
126	262	-0.40280625
398	75	-0.40623686
162	232	-0.41597235
47	313	-0.4279175
327	124	-0.4345965
267	161	-0.43489468
142	161	-0.43861973
315	124	-0.43978843
249	169	-0.44864607
311	128	-0.4498596
369	87	-0.46048346
380	87	-0.46235624
461	25	-0.46620724
154	157	-0.46627456
426	49	-0.46891108
97	93	-0.47088474
363	90	-0.47476062
386	74	-0.48163447
240	173	-0.48336563
336	109	-0.48843962
149	157	-0.49213907
430	46	-0.49525446
393	70	-0.5006367
422	60	-0.5026215
130	260	-0.5094679
192	126	-0.5104701
206	203	-0.51060975
393	78	-0.51386034
406	63	-0.516504
66	90	-0.5258742
35	236	-0.52890044
466	30	-0.52935946
163	147	-0.53791815
376	80	-0.54032564
170	228	-0.5446085
225	194	-0.5509956
446	34	-0.55114347
271	155	-0.55156034
352	107	-0.5519128
155	153	-0.5555265
136	255	-0.55621654
335	118	-0.55655944
382	76	-0.5579635
373	83	-0.56400275
323	126	-0.56646365
178	220	-0.57338953
74	293	-0.5738412
457	37	-0.5773785
222	185	-0.585338
232	189	-0.58707017
126	253	-0.5870915
82	289	-0.59643805
372	92	-0.59712577
344	112	-0.59948677
51	311	-0.6021368
146	162	-0.60713166
299	140	-0.6073332
138	163	-0.6078136
185	129	-0.6080477
452	40	-0.6112058
253	166	-0.61313057
39	233	-0.616331
452	29	-0.61925423
197	123	-0.62125945
135	246	-0.6292039
275	154	-0.6332245
155	238	-0.64053404
440	48	-0.6446937
416	64	-0.6475688
115	262	-0.64913887
245	170	-0.65004075
218	198	-0.65660715
190	211	-0.6593808
213	192	-0.65939647
350	99	-0.66125846
332	122	-0.6623405
364	99	-0.6676868
89	97	-0.6683984
86	101	-0.66866326
406	69	-0.68466675
327	115	-0.6863706
258	164	-0.68940413
31	329	-0.6982112
432	54	-0.721277
165	143	-0.72737825
343	103	-0.7311419
70	295	-0.73300815
166	230	-0.7347544
201	121	-0.7354834
436	41	-0.7371032
100	89	-0.73841274
428	57	-0.7403679
369	96	-0.74078655
93	95	-0.7496908
159	150	-0.7590366
45	318	-0.76261425
113	270	-0.76320934
386	83	-0.7795924
418	53	-0.7840849
141	242	-0.78516376
31	141	-0.78583616
151	53	-0.7887104
187	214	-0.7891753
340	106	-0.79039764
236	175	-0.8052075
140	252	-0.80709654
357	93	-0.8083966
442	36	-0.8171638
252	175	-0.8189834
143	165	-0.82128954
295	142	-0.82484895
36	326	-0.82623994
414	56	-0.8265978
63	93	-0.82888603
148	246	-0.83233106
45	105	-0.8338698
86	287	-0.84495485
310	136	-0.85510576
390	81	-0.8563859
247	178	-0.85815936
65	299	-0.85864955
172	223	-0.85871506
209	194	-0.8736814
134	165	-0.8762841
34	321	-0.8791437
279	155	-0.8876215
157	232	-0.8893037
42	321	-0.8930203
607	214	-0.8949549
593	36	-0.89724755
323	117	-0.89766026
180	131	-0.8991699
49	101	-0.9016937
150	161	-0.90181404
198	203	-0.90217507
204	199	-0.9023545
318	121	-0.90519154
203	208	-0.906059
340	116	-0.9103443
474	21	-0.91202456
77	81	-0.9121219
144	157	-0.9127397
205	117	-0.9134565
69	87	-0.91996086
187	125	-0.9216486
52	307	-0.9235023
271	160	-0.9306636
105	87	-0.93833935
34	232	-0.93853533
319	130	-0.9467267
316	133	-0.95379543
214	201	-0.95650506
66	215	-0.9602916
297	136	-0.96708655
122	255	-0.9707594
150	153	-0.97340095
287	146	-0.98240316
42	108	-0.98410463
168	224	-0.987684
593	42	-0.98823583
78	207	-0.9883995
43	232	-0.98934054
139	62	-0.99113464
194	206	-0.99277985
147	56	-0.9970958
376	91	-1.0032384
413	67	-1.0045449
70	211	-1.0066956
410	58	-1.0068146
470	28	-1.0076249
611	223	-1.0124501
241	183	-1.0197474
607	226	-1.0234696
301	132	-1.0255378
60	96	-1.0276244
159	236	-1.0286278
176	135	-1.029931
162	153	-1.0308986
212	113	-1.0331737
121	53	-1.035638
307	130	-1.0363823
232	177	-1.0367248
62	303	-1.0399443
146	238	-1.0400301
40	237	-1.0435834
611	215	-1.0450191
74	85	-1.0460343
56	98	-1.048591
174	219	-1.0555552
200	211	-1.0599993
34	240	-1.0606225
143	58	-1.0635809
189	131	-1.0665355
279	150	-1.0671775
155	52	-1.0740597
402	74	-1.0765642
42	313	-1.0770799
353	95	-1.0831845
81	105	-1.0882056
402	62	-1.0900605
110	267	-1.090308
76	297	-1.0907193
150	236	-1.0934834
446	46	-1.0956398
193	121	-1.0987386
463	34	-1.1008637
170	142	-1.1025113
244	87	-1.1033183
198	118	-1.105212
166	139	-1.1065781
609	230	-1.1074392
594	46	-1.1171722
593	50	-1.1198617
70	300	-1.1229067
103	285	-1.1255101
37	318	-1.1274141
161	228	-1.1278205
99	289	-1.1307558
48	308	-1.1379948
191	216	-1.1397462
394	66	-1.1422017
158	156	-1.1422681
206	121	-1.1439815
151	230	-1.1441954
63	218	-1.1453816
182	214	-1.1537632
117	269	-1.15413
35	330	-1.1566098
184	218	-1.161494
260	160	-1.1647886
139	167	-1.1667659
275	159	-1.167155
222	197	-1.167331
81	80	-1.168825
346	100	-1.1688445
196	127	-1.1733551
142	37	-1.1739105
432	42	-1.1746225
257	173	-1.1774598
210	204	-1.1782846
138	67	-1.1890241
144	250	-1.191268
607	221	-1.1946045
102	93	-1.1956998
117	55	-1.196089
67	94	-1.1989752
397	63	-1.2006327
155	148	-1.2023959
264	158	-1.2031336
596	95	-1.2069865
86	201	-1.211586
172	136	-1.2126399
181	135	-1.2202675
35	139	-1.2260402
210	117	-1.2314677
107	83	-1.2395519
41	104	-1.2411857
138	38	-1.2415553
532	53	-1.247204
186	210	-1.252787
609	210	-1.252945
53	102	-1.2546296
135	169	-1.2573957
100	67	-1.2591444
181	127	-1.262039
147	32	-1.2703563
291	144	-1.2719749
87	282	-1.2721053
177	216	-1.2774763
123	49	-1.2828417
130	71	-1.2832068
108	185	-1.2846856
304	140	-1.2863553
56	305	-1.2885903
160	144	-1.2901698
283	154	-1.2974269
32	333	-1.2988656
399	59	-1.302467
584	33	-1.314995
611	234	-1.3153512
90	285	-1.315577
403	58	-1.3163658
134	259	-1.323934
72	207	-1.3260425
613	211	-1.3261281
81	203	-1.3281264
605	232	-1.3302712
164	225	-1.3393084
55	221	-1.3416542
109	271	-1.345309
597	67	-1.348478
153	244	-1.3491098
597	43	-1.3498155
48	233	-1.3551476
38	111	-1.3555498
70	91	-1.3560101
595	55	-1.3583856
570	255	-1.367032
597	59	-1.3729314
101	85	-1.3731438
377	76	-1.3737414
30	239	-1.3741485
44	236	-1.3802695
173	215	-1.3854653
96	69	-1.3871868
230	101	-1.3900197
260	76	-1.3907846
95	89	-1.3918089
608	293	-1.3982553
423	45	-1.3986844
598	99	-1.4026821
196	214	-1.4042245
128	165	-1.4047055
596	79	-1.405923
146	232	-1.4061984
603	222	-1.4104486
250	85	-1.4127083
603	103	-1.4133407
366	84	-1.4133668
80	295	-1.4134228
92	71	-1.4160019
421	64	-1.4173555
285	150	-1.422829
596	88	-1.423979
162	140	-1.4250764
64	295	-1.4254748
107	281	-1.4268398
241	91	-1.4287167
585	37	-1.4299731
533	35	-1.4323851
59	217	-1.4349021
217	186	-1.4356583
564	253	-1.4371296
92	281	-1.4386971
137	159	-1.440663
71	215	-1.441202
536	57	-1.4418924
189	207	-1.4421113
169	219	-1.4444634
427	41	-1.4451998
130	169	-1.4452801
613	228	-1.4469495
158	48	-1.4490082
612	219	-1.4504323
609	189	-1.4564102
605	209	-1.4573367
256	81	-1.4627956
607	205	-1.4637914
133	161	-1.4638487
603	215	-1.4692998
552	301	-1.4725165
372	78	-1.4730519
532	58	-1.4737647
89	75	-1.4801335
174	229	-1.48047
146	36	-1.4805809
606	236	-1.4810431
146	52	-1.4814242
267	166	-1.4821465
88	93	-1.4823668
155	161	-1.4835918
137	42	-1.4861676
207	207	-1.4880317
65	86	-1.4891567
610	173	-1.4900634
105	182	-1.4925873
552	294	-1.4977396
60	299	-1.4981043
596	71	-1.5006005
83	284	-1.5016574
134	68	-1.5050294
610	248	-1.5088311
206	113	-1.5098692
62	89	-1.511237
532	47	-1.5164014
532	639	-1.5203214
234	97	-1.5212407
593	31	-1.522601
85	106	-1.5254502
168	234	-1.5266962
41	325	-1.5288583
597	75	-1.5291394
121	268	-1.5305623
465	21	-1.531198
603	228	-1.5366201
168	135	-1.5376102
293	138	-1.5379442
237	93	-1.5401459
216	112	-1.54057
109	59	-1.540958
595	356	-1.5411906
535	77	-1.5444742
142	236	-1.5448681
599	390	-1.5499712
97	293	-1.5500249
311	123	-1.550328
602	107	-1.5530634
177	128	-1.5536156
75	211	-1.5549805
595	63	-1.5551835
590	89	-1.5559976
551	119	-1.5561677
135	64	-1.5563815
597	83	-1.5564859
168	146	-1.5587354
182	222	-1.5592846
597	37	-1.5595613
558	255	-1.5608802
306	42	-1.5615342
597	49	-1.5622743
70	83	-1.5633426
205	195	-1.5648252
152	57	-1.5675913
315	42	-1.5686665
289	140	-1.5690145
32	145	-1.5712312
397	79	-1.5726041
118	257	-1.572802
59	92	-1.5741879
136	242	-1.578998
115	59	-1.5791385
605	138	-1.5858285
166	150	-1.5888624
454	25	-1.5895722
38	314	-1.5919206
111	277	-1.5928087
104	186	-1.5930204
131	247	-1.5931642
610	185	-1.5941681
188	121	-1.5967556
185	134	-1.5987208
606	331	-1.5994114
34	112	-1.6024878
44	101	-1.6029791
532	41	-1.6088543
547	321	-1.60958
608	288	-1.6099904
143	33	-1.6108445
362	86	-1.6185585
152	49	-1.6190728
531	75	-1.6197727
99	284	-1.6213347
267	154	-1.6242049
612	207	-1.6248326
437	37	-1.6249259
109	181	-1.6252011
155	228	-1.6275916
544	119	-1.6292682
79	286	-1.6296885
275	149	-1.6297089
102	63	-1.6301656
389	69	-1.6320446
245	83	-1.6360388
254	162	-1.6384368
199	199	-1.6396418
176	212	-1.6406151
587	52	-1.640791
246	166	-1.6412644
524	648	-1.6416888
533	81	-1.6432662
85	79	-1.6433288
543	351	-1.6436011
604	111	-1.6459826
201	115	-1.6482843
52	232	-1.6512687
590	81	-1.6516616
126	68	-1.6543511
605	146	-1.6554779
131	44	-1.6584637
609	197	-1.6594245
611	193	-1.65953
28	332	-1.6672941
164	236	-1.6681421
605	240	-1.6685749
256	75	-1.6696948
530	643	-1.6727347
610	253	-1.6748497
608	135	-1.6758678
603	95	-1.6766542
154	31	-1.6769767
610	238	-1.6779103
194	117	-1.6786823
64	97	-1.6788672
95	288	-1.683188
118	177	-1.6892062
138	237	-1.6925914
101	274	-1.6949574
49	317	-1.6974541
610	168	-1.6990806
591	76	-1.7012196
220	109	-1.7031488
224	181	-1.7032032
608	298	-1.704697
255	85	-1.7050217
551	111	-1.709279
80	109	-1.7103448
610	180	-1.7103456
127	50	-1.7107522
84	97	-1.7128539
264	75	-1.7148951
302	38	-1.7187015
548	317	-1.7190365
107	286	-1.7201396
609	244	-1.7221948
149	60	-1.7238185
103	192	-1.724944
165	221	-1.7261018
647	29	-1.7263803
140	156	-1.7269396
212	108	-1.7277029
125	169	-1.7287582
543	111	-1.7294908
125	45	-1.7298619
111	263	-1.7298843
369	81	-1.7303709
160	52	-1.7336959
145	153	-1.7355701
536	138	-1.7358977
300	144	-1.7367918
88	197	-1.7375586
597	32	-1.7378974
538	53	-1.744691
229	97	-1.7456055
607	335	-1.7456487
236	188	-1.7467299
523	654	-1.7470533
591	94	-1.7478653
546	325	-1.7517636
66	304	-1.7520318
33	116	-1.7522038
311	43	-1.7527381
56	229	-1.7539798
173	132	-1.7552881
177	139	-1.7567436
106	91	-1.7572649
426	61	-1.7572736
238	98	-1.7575446
536	49	-1.757717
600	90	-1.7586887
202	125	-1.7595102
519	46	-1.7647986
111	82	-1.764809
60	221	-1.7656279
471	32	-1.7659159
115	81	-1.7695792
107	276	-1.7746968
93	196	-1.7747248
584	41	-1.7760658
59	101	-1.7763817
114	183	-1.7768208
130	64	-1.7779226
540	597	-1.7806898
137	58	-1.7823199
544	340	-1.7836559
592	69	-1.7849829
314	120	-1.7851006
541	107	-1.7872248
547	329	-1.7872251
144	62	-1.7887714
547	337	-1.7898556
55	127	-1.7904153
151	149	-1.7927532
598	104	-1.7932025
307	48	-1.7935007
226	105	-1.794057
556	299	-1.7957432
608	277	-1.7991594
604	99	-1.7994137
527	640	-1.8008758
84	293	-1.8010008
331	126	-1.8010802
531	62	-1.8012615
156	143	-1.8015436
139	34	-1.8016498
608	143	-1.803441
608	201	-1.8036354
62	213	-1.8060902
134	39	-1.8083704
122	71	-1.8091071
607	327	-1.8130263
150	35	-1.8134217
73	289	-1.8135391
529	38	-1.8168173
84	207	-1.8202982
114	274	-1.8224102
309	38	-1.8234826
608	151	-1.8235608
552	307	-1.823669
604	375	-1.8238695
608	305	-1.8239895
52	97	-1.825185
605	154	-1.8280462
554	286	-1.8281109
95	277	-1.8292944
91	200	-1.8294203
478	20	-1.8298281
603	336	-1.830657
533	68	-1.8314945
82	199	-1.8316637
178	228	-1.8324219
66	209	-1.8359191
385	87	-1.8365545
537	95	-1.8369646
537	72	-1.8372699
607	107	-1.8383183
28	326	-1.8387983
475	33	-1.8388118
600	394	-1.840614
60	307	-1.8419762
78	77	-1.84286
359	89	-1.8470808
157	242	-1.8503186
595	361	-1.8506411
544	347	-1.8508216
158	30	-1.8515357
49	106	-1.8555164
607	91	-1.8586633
447	30	-1.8597448
212	187	-1.8604133
603	87	-1.8612614
544	358	-1.8629174
584	26	-1.8629775
79	85	-1.863068
120	58	-1.8633631
107	190	-1.8644036
91	292	-1.864871
600	62	-1.8651899
605	246	-1.8652406
553	320	-1.8657039
608	159	-1.8663914
536	65	-1.8685199
285	142	-1.8689003
54	217	-1.8690609
46	109	-1.8704118
547	307	-1.8706392
248	89	-1.8720645
80	211	-1.8725547
105	270	-1.8753067
104	289	-1.8768302
47	128	-1.877362
31	235	-1.8776741
587	57	-1.8778712
533	87	-1.8793265
188	219	-1.8794053
44	309	-1.881661
599	384	-1.8825355
542	115	-1.8833148
543	79	-1.8844622
571	251	-1.8853624
121	170	-1.8857801
301	42	-1.8868184
250	163	-1.8869084
598	109	-1.887022
241	169	-1.8870405
600	78	-1.8898219
268	76	-1.8921025
552	316	-1.8924835
605	132	-1.8929805
77	201	-1.8957489
183	123	-1.8959324
557	251	-1.8967555
542	382	-1.8972455
529	50	-1.8972602
111	177	-1.8976202
181	208	-1.8981292
230	106	-1.8994693
39	133	-1.9015864
271	150	-1.9026309
37	107	-1.9028462
551	106	-1.9040384
91	90	-1.9041891
540	603	-1.9047213
324	130	-1.9063008
170	129	-1.9077083
556	293	-1.9097097
600	70	-1.9119635
112	56	-1.9137217
614	177	-1.9150617
618	187	-1.9151822
160	224	-1.9163967
546	301	-1.9166263
528	57	-1.920094
97	192	-1.9215769
410	70	-1.9242823
475	25	-1.9245648
305	35	-1.9263659
606	192	-1.9301884
33	337	-1.9303578
102	281	-1.9324265
158	43	-1.9334154
303	53	-1.9343251
320	134	-1.9350934
599	376	-1.9364685
84	75	-1.9365456
393	62	-1.938131
473	37	-1.9400611
608	282	-1.9409051
52	224	-1.9411651
33	317	-1.941427
242	95	-1.941524
337	122	-1.9468055
231	93	-1.9468225
39	329	-1.9494362
108	63	-1.9495001
588	73	-1.9498396
589	32	-1.9501235
216	107	-1.9522655
546	296	-1.9529655
529	32	-1.9530916
437	54	-1.9531014
606	313	-1.9554794
548	311	-1.9572041
314	137	-1.9583613
147	166	-1.9585739
75	89	-1.959315
73	80	-1.961556
110	86	-1.9642545
547	343	-1.9654443
606	339	-1.9672251
190	203	-1.9688057
193	130	-1.9697754
601	169	-1.969949
592	59	-1.9713023
251	81	-1.9714988
536	101	-1.9745406
94	99	-1.9756465
126	75	-1.9761139
609	147	-1.9762775
505	548	-1.9767551
96	85	-1.981424
599	398	-1.9821907
523	639	-1.9822115
532	633	-1.9829118
261	172	-1.9837931
71	111	-1.9851953
543	363	-1.9856355
592	85	-1.9872078
606	184	-1.9879874
541	99	-1.990177
297	131	-1.9907752
547	380	-1.9974432
456	41	-1.997569
598	345	-2.0000439
51	303	-2.0009737
331	109	-2.0023603
98	97	-2.0027447
605	371	-2.0029385
588	67	-2.0035849
313	31	-2.0063848
121	75	-2.0065913
545	333	-2.007822
528	647	-2.0085459
271	165	-2.0103698
204	212	-2.0104706
478	613	-2.0121849
535	61	-2.012585
415	50	-2.0132463
540	103	-2.0133684
90	102	-2.014205
547	361	-2.0167716
595	394	-2.0219495
117	71	-2.0219896
603	142	-2.0223994
339	102	-2.0224576
534	512	-2.0227184
534	91	-2.0279047
581	481	-2.028235
281	146	-2.028408
123	165	-2.029162
597	352	-2.030593
351	111	-2.0321212
220	104	-2.0326967
605	115	-2.0340662
133	60	-2.03434
519	52	-2.0364938
547	355	-2.0367725
104	59	-2.0380163
608	317	-2.0393229
56	311	-2.0401497
604	292	-2.0415435
607	96	-2.0417407
552	324	-2.0430777
112	187	-2.04322
229	195	-2.0458992
587	44	-2.0467052
602	135	-2.0493531
103	81	-2.0505006
36	143	-2.050626
142	54	-2.0507174
529	71	-2.0518594
524	643	-2.0518618
604	119	-2.0527546
37	129	-2.0542557
533	30	-2.055561
185	206	-2.056838
419	49	-2.0623512
608	164	-2.062391
606	172	-2.0639167
538	80	-2.0639405
524	491	-2.0640066
224	95	-2.064835
546	123	-2.0668876
519	40	-2.067128
68	205	-2.0682576
55	94	-2.0708387
551	127	-2.0716896
163	157	-2.0734582
159	160	-2.0749946
543	378	-2.0753512
296	146	-2.0768042
467	35	-2.077
547	597	-2.0781114
616	214	-2.0783443
529	79	-2.0789564
312	35	-2.0808482
537	33	-2.0828161
99	278	-2.0829036
163	135	-2.0843358
479	32	-2.0869143
607	127	-2.0869796
605	355	-2.0872421
544	386	-2.0876036
553	311	-2.0876207
599	53	-2.0882676
108	79	-2.0885546
50	228	-2.0886972
614	189	-2.0891771
75	110	-2.089242
493	572	-2.0892823
227	178	-2.0898163
528	43	-2.0928528
618	193	-2.096555
461	38	-2.0967557
144	169	-2.0969238
119	80	-2.0970364
283	83	-2.0973113
601	66	-2.0974414
610	311	-2.0979571
554	138	-2.0980217
42	228	-2.0983477
134	73	-2.1002793
551	341	-2.1004095
59	123	-2.1006455
547	115	-2.1045792
606	321	-2.1061504
80	101	-2.1085842
200	195	-2.1113024
156	56	-2.1138103
185	118	-2.1141326
221	113	-2.1141367
602	379	-2.1149187
158	139	-2.1158097
65	222	-2.1167219
542	367	-2.1184123
557	266	-2.1186914
606	252	-2.1234434
439	33	-2.1256728
104	68	-2.1269712
605	188	-2.1271617
30	320	-2.1273274
615	222	-2.1284819
468	639	-2.1293433
194	201	-2.1305878
533	97	-2.1312287
602	267	-2.1318395
112	62	-2.131899
605	123	-2.132143
605	343	-2.132634
474	29	-2.1346996
525	504	-2.1372273
527	61	-2.1375122
125	64	-2.1376073
91	298	-2.1384687
186	33	-2.1396916
610	258	-2.1406412
523	500	-2.140868
600	46	-2.1430993
150	29	-2.1439867
604	351	-2.1448717
111	282	-2.146112
43	131	-2.1463156
539	386	-2.1474404
598	337	-2.1480346
308	141	-2.1491084
561	258	-2.1491432
324	112	-2.149357
213	104	-2.149543
182	227	-2.1502728
31	243	-2.1508508
111	69	-2.1508636
265	79	-2.151527
469	19	-2.152552
612	291	-2.1535342
588	24	-2.156219
544	83	-2.157291
74	301	-2.1589308
600	148	-2.1593747
581	476	-2.1601813
507	539	-2.1602452
127	161	-2.1616488
240	85	-2.1654613
245	92	-2.16609
546	291	-2.1661997
252	76	-2.1664944
547	372	-2.166983
609	139	-2.1678777
375	95	-2.1709974
602	297	-2.1710818
407	73	-2.1735091
603	328	-2.1754785
46	229	-2.1766255
607	102	-2.1767457
216	117	-2.1779706
56	234	-2.178523
604	150	-2.1789658
553	290	-2.1801515
539	398	-2.1837146
556	305	-2.1839788
53	315	-2.1843586
537	142	-2.187222
643	27	-2.1882627
594	100	-2.1900973
558	279	-2.1916032
224	101	-2.1920109
541	56	-2.1923006
152	142	-2.1943893
537	86	-2.1969268
549	253	-2.1981804
208	109	-2.1998942
577	480	-2.2005107
272	75	-2.204184
541	394	-2.2044318
551	333	-2.2053976
141	41	-2.206952
291	150	-2.2082016
585	48	-2.211294
529	85	-2.2118077
543	373	-2.2125092
600	162	-2.2156823
33	135	-2.2173429
301	48	-2.2195365
551	328	-2.219664
547	109	-2.2229555
604	359	-2.2229578
432	59	-2.223437
602	303	-2.2237263
613	203	-2.2244794
51	220	-2.22465
122	179	-2.2263255
547	275	-2.22808
524	33	-2.2290473
88	70	-2.2295067
116	75	-2.229762
604	367	-2.23038
540	609	-2.2307591
550	285	-2.2355773
556	259	-2.2362137
309	32	-2.2386265
596	113	-2.2394776
234	103	-2.2396677
586	358	-2.2449455
593	26	-2.247696
618	179	-2.2481296
642	31	-2.248139
542	209	-2.249155
135	35	-2.2513278
188	24	-2.2518895
37	115	-2.2545934
609	155	-2.2560983
95	297	-2.2563233
544	391	-2.256536
547	367	-2.259875
558	285	-2.2600265
552	123	-2.262086
536	107	-2.2649367
477	618	-2.2655635
135	46	-2.265592
51	236	-2.265737
261	81	-2.266353
548	86	-2.2715578
608	374	-2.272434
125	54	-2.2734747
604	286	-2.2747324
538	90	-2.2752395
543	408	-2.276765
602	82	-2.2770827
544	104	-2.277212
602	255	-2.2799928
604	163	-2.2816026
532	628	-2.2817178
172	233	-2.2825892
306	126	-2.282729
85	190	-2.28321
92	66	-2.2837026
617	197	-2.2848167
590	39	-2.2862184
652	85	-2.286828
189	117	-2.2885149
600	372	-2.2889776
594	106	-2.2895157
108	55	-2.2905927
606	177	-2.2907376
539	76	-2.2923098
225	109	-2.2924128
606	257	-2.2925124
157	26	-2.2927122
287	58	-2.2930717
162	32	-2.2933738
601	58	-2.2943752
354	90	-2.2952297
544	600	-2.2956948
154	45	-2.2965112
319	43	-2.2975838
302	128	-2.2992237
604	278	-2.2993388
458	651	-2.2995691
600	312	-2.3004086
551	98	-2.3034298
483	613	-2.303522
406	55	-2.304214
605	198	-2.3052197
30	119	-2.30854
197	114	-2.3087707
528	653	-2.309553
46	322	-2.3097339
543	400	-2.3102238
70	219	-2.3103538
429	37	-2.3107545
37	229	-2.3109965
95	74	-2.3122
186	225	-2.3124611
537	134	-2.3128169
279	160	-2.3171
69	291	-2.3185022
279	58	-2.319509
84	195	-2.3216414
525	635	-2.322589
529	636	-2.3269331
534	621	-2.327993
381	91	-2.328275
114	258	-2.3287766
551	135	-2.3293097
112	73	-2.3294456
97	64	-2.330249
178	124	-2.3305085
237	170	-2.3308554
602	387	-2.3309958
544	127	-2.3314488
203	108	-2.3315415
500	552	-2.3316638
592	454	-2.3326426
100	187	-2.3340037
602	129	-2.3350365
524	39	-2.3355854
314	46	-2.3359675
610	273	-2.336064
591	54	-2.3363352
647	23	-2.3369386
547	157	-2.3389144
219	182	-2.339221
591	64	-2.3427217
616	206	-2.3453453
604	202	-2.3465803
97	273	-2.348233
539	37	-2.349751
470	635	-2.3498185
590	47	-2.3502727
165	44	-2.3540516
603	271	-2.3552332
97	197	-2.3558357
314	25	-2.357025
220	94	-2.3578942
173	145	-2.3596745
616	183	-2.3632264
36	334	-2.3634353
39	138	-2.365745
536	44	-2.3658087
174	125	-2.3667347
608	120	-2.3698838
316	38	-2.3706234
541	93	-2.370774
246	182	-2.3728056
279	85	-2.3748286
121	67	-2.3752387
162	47	-2.3765638
169	32	-2.377223
555	175	-2.3782382
561	250	-2.378326
101	71	-2.38073
66	111	-2.381961
54	123	-2.3827755
73	203	-2.3828647
236	89	-2.38292
55	301	-2.3831415
118	185	-2.3842943
528	65	-2.38552
130	76	-2.3891773
209	32	-2.389748
609	131	-2.3903444
601	74	-2.390729
38	241	-2.3914256
34	313	-2.392254
42	113	-2.3922744
547	350	-2.3929088
162	27	-2.3929377
652	78	-2.3960917
177	31	-2.396278
304	31	-2.3985512
605	363	-2.3999212
276	77	-2.4025216
221	98	-2.4041743
144	29	-2.4045832
564	320	-2.4065948
530	513	-2.407107
483	590	-2.4074533
524	464	-2.4117053
357	107	-2.4143572
444	50	-2.415841
166	131	-2.4181364
25	329	-2.4193108
540	48	-2.4197934
123	174	-2.4204996
292	42	-2.4219725
608	358	-2.4223163
335	105	-2.4229574
549	376	-2.424543
79	196	-2.4266863
57	225	-2.4280612
411	53	-2.4298713
479	24	-2.4323063
509	547	-2.4323957
541	70	-2.4328876
515	506	-2.4332726
283	77	-2.436272
114	85	-2.437628
102	196	-2.4376745
532	649	-2.4382
146	149	-2.4417984
145	40	-2.4420009
613	241	-2.4427714
307	54	-2.4435787
590	20	-2.4459724
297	50	-2.4467802
553	254	-2.4473462
603	391	-2.4500227
51	126	-2.4501188
381	72	-2.451634
586	475	-2.4516447
64	230	-2.4524388
551	357	-2.4547896
613	198	-2.4549727
60	231	-2.4569085
214	183	-2.458908
142	66	-2.459823
588	61	-2.4603374
277	81	-2.461543
180	119	-2.463669
595	388	-2.4639146
543	74	-2.463952
123	79	-2.4648986
548	385	-2.4669096
652	70	-2.4678984
605	168	-2.468561
552	381	-2.4693682
212	121	-2.4711673
390	65	-2.4711747
130	40	-2.4713097
90	79	-2.4719598
542	52	-2.4721477
546	284	-2.473055
558	271	-2.4738033
320	35	-2.4741247
131	49	-2.4757183
475	17	-2.4779801
595	22	-2.47819
132	243	-2.4784436
539	157	-2.4788268
256	89	-2.479591
601	114	-2.4821112
443	31	-2.486066
151	165	-2.4865165
270	64	-2.4882488
616	234	-2.488567
555	154	-2.4912524
275	164	-2.4921265
607	83	-2.492541
540	120	-2.4939244
433	38	-2.4974577
595	348	-2.4987607
541	355	-2.4998183
483	607	-2.5000603
547	604	-2.5007937
556	317	-2.5026567
539	613	-2.5042977
140	30	-2.5053618
182	139	-2.505932
298	31	-2.507036
523	53	-2.5077298
476	622	-2.5096376
539	621	-2.5105312
546	131	-2.5117345
474	615	-2.5133505
141	152	-2.5145593
229	110	-2.5145884
24	333	-2.514682
125	267	-2.5155423
549	258	-2.5171924
599	360	-2.5208213
81	192	-2.521631
522	43	-2.5239053
328	129	-2.5247068
545	213	-2.5248814
552	281	-2.5258818
294	26	-2.52691
614	172	-2.5271804
521	506	-2.5271924
601	41	-2.5271976
600	156	-2.5278707
526	512	-2.5319278
317	117	-2.5320115
487	611	-2.5338573
115	51	-2.5360146
552	115	-2.5374966
106	178	-2.5400393
187	29	-2.540427
540	64	-2.541275
560	297	-2.5418966
76	215	-2.5423684
88	205	-2.5437772
283	50	-2.5438943
184	25	-2.544682
483	30	-2.544918
549	93	-2.545004
101	183	-2.5457659
271	71	-2.54609
527	461	-2.546337
564	541	-2.5464978
229	174	-2.546547
121	62	-2.5476267
301	34	-2.5476713
129	265	-2.5515573
608	268	-2.5521564
77	106	-2.5527074
215	205	-2.552799
567	551	-2.552997
465	39	-2.553416
608	112	-2.5565825
112	78	-2.5579145
611	301	-2.5593932
216	95	-2.5596657
547	100	-2.5604055
566	257	-2.5607967
546	96	-2.560913
287	51	-2.5637834
157	34	-2.5639186
46	224	-2.5641584
598	380	-2.5643885
57	146	-2.5650752
612	278	-2.5657406
365	80	-2.5660617
368	100	-2.5665758
506	544	-2.5675066
127	173	-2.5675788
592	435	-2.5686243
474	654	-2.568931
546	90	-2.5694492
212	100	-2.5702105
542	135	-2.5707796
89	278	-2.571282
520	651	-2.5725899
595	366	-2.572797
530	508	-2.5740895
195	218	-2.5747426
74	306	-2.575152
601	402	-2.5754454
34	120	-2.5761209
599	413	-2.5784097
537	149	-2.579356
547	267	-2.580879
606	347	-2.5811236
552	131	-2.5811496
520	36	-2.5819316
208	190	-2.5832636
101	294	-2.5841706
530	491	-2.5842829
564	325	-2.58689
311	49	-2.5894856
600	124	-2.5896156
47	133	-2.5907586
115	173	-2.5916715
581	29	-2.5922983
56	119	-2.5932827
565	309	-2.593472
591	395	-2.5935953
287	43	-2.5940964
48	239	-2.5947223
342	99	-2.5947962
539	60	-2.5952978
522	487	-2.5963688
310	27	-2.5977213
62	120	-2.5989015
339	28	-2.599369
277	145	-2.6000092
588	456	-2.60076
131	177	-2.6010418
537	392	-2.601292
552	346	-2.6013837
495	565	-2.6016035
182	31	-2.6016881
602	243	-2.6027966
473	625	-2.6031618
41	127	-2.6040819
532	103	-2.6045563
612	161	-2.6054015
536	634	-2.6064239
451	45	-2.6101897
548	80	-2.610512
448	26	-2.6122105
39	310	-2.6122117
233	172	-2.612561
602	235	-2.6136684
618	173	-2.6148202
182	234	-2.6154819
286	64	-2.6155987
106	266	-2.6175823
599	407	-2.619281
483	619	-2.6197631
600	307	-2.6198723
612	286	-2.620297
275	59	-2.6204338
575	484	-2.621538
267	72	-2.6216538
536	626	-2.622072
125	59	-2.6221383
546	279	-2.623746
561	264	-2.624623
532	424	-2.6249459
29	336	-2.6277368
634	25	-2.6293159
116	64	-2.631326
537	409	-2.6313372
509	535	-2.6330214
43	240	-2.6333127
30	652	-2.6333857
614	254	-2.633586
84	83	-2.6338284
33	108	-2.63394
585	21	-2.6353793
318	30	-2.6359067
533	25	-2.6359715
200	111	-2.6365027
484	594	-2.637544
568	303	-2.6378775
555	339	-2.6389778
217	100	-2.6394708
208	103	-2.6398559
555	191	-2.6410892
112	286	-2.6421194
609	353	-2.645812
580	34	-2.6458228
543	87	-2.6459067
617	218	-2.6462536
525	496	-2.646762
260	85	-2.6467905
479	609	-2.6468644
599	368	-2.6470652
617	210	-2.6478481
140	257	-2.647907
603	397	-2.648709
471	631	-2.6505527
194	23	-2.653901
297	38	-2.6540694
31	149	-2.6543243
547	173	-2.6557925
581	23	-2.6561432
547	165	-2.6567128
557	528	-2.657687
161	240	-2.6580253
610	323	-2.6603894
652	90	-2.6606858
293	51	-2.6609592
598	138	-2.661416
64	308	-2.6630585
550	578	-2.6639936
553	596	-2.666606
595	406	-2.6673052
549	139	-2.6679342
521	512	-2.66818
535	508	-2.6683946
299	54	-2.6690915
655	29	-2.6703327
292	58	-2.6715686
154	138	-2.671616
560	292	-2.672043
275	64	-2.6720982
293	46	-2.674744
265	170	-2.6768417
546	590	-2.6776776
559	558	-2.6779873
556	325	-2.6781733
350	92	-2.6784585
546	136	-2.6807034
47	97	-2.6811187
119	166	-2.6820655
321	39	-2.6826165
79	300	-2.6835618
515	535	-2.684636
178	35	-2.6846716
115	279	-2.6847005
148	48	-2.6848035
167	126	-2.6848505
507	552	-2.6855698
92	192	-2.6877277
266	66	-2.6885738
534	420	-2.688964
608	368	-2.6890247
149	145	-2.6890426
551	369	-2.6891916
287	79	-2.6895487
57	213	-2.6895738
570	247	-2.6899724
582	472	-2.6904125
89	86	-2.690897
556	275	-2.6913545
467	644	-2.691503
210	210	-2.6921382
557	289	-2.692462
281	64	-2.6928394
534	113	-2.69306
192	134	-2.6939583
126	41	-2.69417
590	357	-2.694234
592	353	-2.69496
190	227	-2.6964996
61	209	-2.6978319
173	33	-2.6995757
506	532	-2.7000744
305	122	-2.7009141
538	617	-2.7014432
539	370	-2.701545
129	58	-2.7022617
140	171	-2.7023659
602	249	-2.707267
361	105	-2.7095637
460	21	-2.7098768
540	360	-2.7099128
612	296	-2.7128155
532	432	-2.7150753
540	41	-2.7151344
108	72	-2.7181768
618	135	-2.7182405
531	624	-2.719592
529	26	-2.7196827
553	361	-2.7200556
120	162	-2.7202976
47	123	-2.720736
542	197	-2.7207751
615	131	-2.7210956
608	262	-2.7213256
344	117	-2.7223318
85	211	-2.722543
530	90	-2.7230742
287	155	-2.7241616
136	155	-2.725104
594	377	-2.727146
401	78	-2.7276013
577	475	-2.727731
595	372	-2.7282434
385	70	-2.729892
198	24	-2.7300148
595	342	-2.7306733
573	515	-2.7307298
68	98	-2.7309124
548	271	-2.7309198
526	74	-2.733039
644	86	-2.7331886
581	38	-2.7346182
603	282	-2.736245
30	314	-2.7364914
131	36	-2.7379172
547	394	-2.7389617
489	623	-2.7397764
87	186	-2.7400136
601	181	-2.743909
536	599	-2.7451203
290	31	-2.7498827
335	30	-2.7508209
545	449	-2.7517588
30	231	-2.7533367
601	33	-2.7539663
552	428	-2.7543473
339	33	-2.7543888
491	576	-2.7569945
298	25	-2.7620707
585	480	-2.7623475
287	85	-2.762736
96	188	-2.763017
60	294	-2.7636206
532	617	-2.7648857
488	618	-2.7664824
227	92	-2.7674823
82	93	-2.768805
133	173	-2.7694182
235	85	-2.770923
523	58	-2.7712622
602	173	-2.7718992
70	305	-2.7727158
528	632	-2.7754414
166	24	-2.7757623
162	40	-2.7763295
212	94	-2.7777603
262	70	-2.7778811
305	144	-2.7779794
178	24	-2.778478
593	413	-2.7788033
555	329	-2.7788322
293	133	-2.7788594
213	30	-2.779703
549	209	-2.7798545
560	358	-2.7814543
203	95	-2.7820477
544	594	-2.7823498
639	25	-2.7856958
111	192	-2.7866018
297	43	-2.7882867
63	234	-2.788672
272	81	-2.7910798
289	26	-2.7912662
563	557	-2.7917235
204	32	-2.7928102
567	250	-2.7939596
651	31	-2.7944489
511	540	-2.7949946
178	144	-2.7954977
526	468	-2.7960672
597	27	-2.8022258
559	540	-2.8023026
549	197	-2.8024907
514	654	-2.8052857
71	199	-2.8054922
536	130	-2.8059795
230	89	-2.8064058
499	561	-2.8103423
80	73	-2.8105562
501	547	-2.8109722
590	407	-2.8124638
63	226	-2.8136957
119	47	-2.8140068
303	58	-2.8140593
126	177	-2.8141804
470	652	-2.814689
603	54	-2.8180578
596	154	-2.8184886
150	169	-2.818873
240	187	-2.8196068
539	404	-2.8202035
523	47	-2.8206575
464	647	-2.8214252
260	155	-2.821881
540	139	-2.8219225
400	55	-2.8223886
531	463	-2.8224144
571	533	-2.8236468
538	111	-2.8248487
63	124	-2.825872
30	113	-2.8286247
553	377	-2.8287284
595	400	-2.8321495
168	215	-2.8335154
556	197	-2.8338664
604	158	-2.8348644
559	523	-2.8356435
295	55	-2.8373845
599	330	-2.837612
111	172	-2.8380413
580	485	-2.8384807
602	261	-2.8385944
481	623	-2.8390274
476	650	-2.8425586
87	296	-2.843145
52	130	-2.8432245
320	114	-2.8432634
466	634	-2.8473253
522	481	-2.8486378
539	379	-2.8498366
539	630	-2.850063
72	105	-2.8501472
554	263	-2.8505507
573	523	-2.8507357
204	104	-2.8510108
139	71	-2.8524256
541	124	-2.8533974
617	230	-2.854338
142	231	-2.8550715
542	589	-2.8599155
66	82	-2.8601832
84	110	-2.8615084
283	60	-2.8617628
460	656	-2.8620555
255	158	-2.8620923
345	28	-2.86313
525	69	-2.8636122
277	70	-2.8640358
546	582	-2.8661106
284	158	-2.8665998
493	580	-2.8668306
536	607	-2.8674138
118	273	-2.8697877
175	121	-2.874455
600	293	-2.874807
618	201	-2.8765388
559	378	-2.8776877
167	154	-2.8778863
646	33	-2.8792946
563	549	-2.879395
348	114	-2.8801668
478	28	-2.8817732
111	90	-2.883183
69	115	-2.883563
600	355	-2.8848574
552	373	-2.885604
272	86	-2.8858163
201	215	-2.8874142
582	455	-2.887424
249	93	-2.8880956
618	147	-2.8894444
318	23	-2.8900237
164	51	-2.8914828
519	533	-2.8930807
519	32	-2.8935168
160	23	-2.8936985
557	321	-2.894006
285	72	-2.8960142
538	366	-2.896031
444	27	-2.8961644
288	47	-2.8990006
569	517	-2.8995726
596	132	-2.9001813
586	77	-2.900354
417	68	-2.9009705
171	149	-2.901098
33	130	-2.9021366
536	640	-2.903059
226	198	-2.9065444
86	89	-2.9072769
43	136	-2.908797
136	31	-2.9111078
522	516	-2.911595
617	238	-2.9119225
473	619	-2.9126086
116	169	-2.9129066
133	263	-2.9150977
170	36	-2.9171572
555	148	-2.9171746
554	577	-2.9185486
76	102	-2.9198036
167	71	-2.919951
549	263	-2.9209113
614	246	-2.9234962
511	553	-2.923723
558	392	-2.9245324
602	50	-2.9249415
584	362	-2.9251263
243	99	-2.9253626
598	302	-2.925398
544	404	-2.9262629
186	202	-2.9263742
655	81	-2.926398
78	304	-2.9284487
200	34	-2.9288259
545	161	-2.9293613
534	504	-2.9299097
553	270	-2.9299798
331	32	-2.9309428
95	201	-2.9311817
47	304	-2.9316926
612	315	-2.9317143
551	352	-2.9320114
347	96	-2.9324362
652	62	-2.9326994
325	33	-2.9328403
472	641	-2.9334128
133	54	-2.9337156
552	276	-2.9346151
512	509	-2.9367864
563	73	-2.9372535
327	42	-2.9383335
79	97	-2.9387608
91	188	-2.9388287
476	629	-2.9407628
573	479	-2.941321
612	267	-2.9414794
555	159	-2.941528
394	82	-2.9419367
165	35	-2.941945
552	102	-2.9430995
596	18	-2.9432817
597	417	-2.9439282
197	131	-2.9439356
567	535	-2.944913
463	652	-2.9470305
73	222	-2.9479957
563	537	-2.948058
521	494	-2.9495163
588	470	-2.9508204
31	341	-2.954118
599	341	-2.9543934
481	598	-2.9548523
520	646	-2.955333
100	270	-2.957916
242	165	-2.9581897
532	109	-2.958256
514	547	-2.9599385
95	184	-2.9601028
150	226	-2.9603322
83	298	-2.960764
550	154	-2.9635108
372	99	-2.9639022
602	323	-2.9641252
322	25	-2.9664898
152	25	-2.9671266
539	424	-2.9681385
279	53	-2.970334
564	314	-2.9721
132	157	-2.974021
441	53	-2.9747336
551	592	-2.976609
71	95	-2.9772043
97	59	-2.977643
592	443	-2.9785097
365	103	-2.9787056
65	145	-2.979138
190	32	-2.9794285
186	138	-2.9804652
537	28	-2.9805653
217	28	-2.9823532
555	560	-2.982963
605	79	-2.983848
144	145	-2.9848948
521	520	-2.985052
116	28	-2.985215
325	38	-2.9865434
327	28	-2.9865801
75	194	-2.9874892
62	112	-2.9877317
603	316	-2.9877973
313	53	-2.9884717
551	600	-2.9884768
540	429	-2.9899883
204	191	-2.9900343
161	220	-2.9937341
505	560	-2.9945574
558	384	-2.995549
50	216	-2.9963098
590	474	-2.9965146
469	627	-2.997676
583	53	-2.9980555
497	569	-2.9994059
186	143	-2.999639
604	69	-3.0013072
68	229	-3.0013757
547	401	-3.0035815
590	439	-3.0039103
608	87	-3.0042608
208	28	-3.0045798
541	32	-3.0051577
603	37	-3.006604
555	334	-3.0077276
478	605	-3.0090299
584	437	-3.0096216
469	40	-3.0111816
108	290	-3.0117614
283	55	-3.0120897
98	81	-3.0121617
127	248	-3.0152287
525	22	-3.0155115
221	178	-3.0162966
519	502	-3.0183299
228	83	-3.0185878
598	117	-3.019075
547	586	-3.0191875
602	206	-3.019812
597	166	-3.0201952
476	634	-3.02058
528	487	-3.02073
519	655	-3.020903
541	131	-3.0229802
59	142	-3.0231683
493	595	-3.023763
611	123	-3.0243373
79	90	-3.0254653
132	32	-3.025902
614	319	-3.0259275
162	129	-3.0284557
557	245	-3.0294747
665	98	-3.0320425
600	364	-3.032131
271	60	-3.0338392
612	331	-3.0340924
35	244	-3.0343225
638	29	-3.0357049
535	396	-3.0364165
40	224	-3.036851
279	74	-3.036956
545	314	-3.0409029
495	560	-3.0440087
80	219	-3.0443404
32	170	-3.0451925
27	145	-3.0459485
216	33	-3.0461602
588	434	-3.046582
192	221	-3.0476131
147	26	-3.0489516
258	71	-3.0491707
284	46	-3.0492995
529	495	-3.0505304
543	416	-3.0513399
592	391	-3.053664
182	145	-3.0546048
590	101	-3.0553577
164	161	-3.0555444
613	145	-3.0582654
186	230	-3.058994
33	228	-3.0600405
120	27	-3.0601654
526	29	-3.061743
157	135	-3.0620866
651	74	-3.0627465
295	152	-3.0635388
567	545	-3.0643635
89	209	-3.0647218
108	28	-3.0653877
609	116	-3.0662954
192	113	-3.0668926
58	88	-3.0679631
535	125	-3.0682712
171	25	-3.068548
104	77	-3.0693274
302	27	-3.069864
536	119	-3.0703034
533	445	-3.070541
503	535	-3.0707629
532	654	-3.070833
185	21	-3.0727096
561	563	-3.0739987
528	444	-3.0750492
544	318	-3.0755818
310	119	-3.0763578
612	150	-3.076527
533	141	-3.078735
538	153	-3.0789142
266	85	-3.0790355
111	52	-3.079089
584	484	-3.0806394
485	625	-3.0808687
531	458	-3.082561
527	628	-3.0826464
633	31	-3.0830014
567	484	-3.0837853
252	90	-3.084562
155	167	-3.0846384
593	420	-3.0855587
283	89	-3.086177
560	304	-3.0862143
149	250	-3.08672
122	42	-3.0876625
547	75	-3.0878222
555	353	-3.0893843
32	158	-3.0896704
534	428	-3.0920372
543	606	-3.0923324
69	223	-3.0957565
538	375	-3.096285
607	378	-3.0980716
67	233	-3.099651
603	406	-3.0998538
425	65	-3.0999708
556	343	-3.100317
550	391	-3.1004426
166	29	-3.1008415
289	35	-3.101075
600	288	-3.1014469
202	23	-3.1016607
564	345	-3.1047351
341	120	-3.1051722
275	51	-3.105794
599	21	-3.1060183
107	173	-3.1060717
561	574	-3.106312
244	79	-3.1065602
529	21	-3.106596
613	135	-3.1068108
534	644	-3.107127
289	134	-3.1086526
569	299	-3.1102264
32	33	-3.1117768
45	326	-3.1126428
347	24	-3.1127782
358	23	-3.112955
514	519	-3.1144638
270	169	-3.118805
494	588	-3.1190047
535	611	-3.1191456
555	108	-3.119582
593	110	-3.1200488
256	177	-3.121048
106	195	-3.1216538
596	434	-3.1216915
656	86	-3.121846
178	233	-3.12262
222	28	-3.123194
569	480	-3.1233616
279	141	-3.1238754
251	179	-3.123975
550	364	-3.124288
613	282	-3.1252224
26	319	-3.1259103
138	53	-3.1262188
569	522	-3.126652
650	26	-3.1324384
556	357	-3.1325803
557	309	-3.1328516
279	91	-3.132879
515	501	-3.1350873
572	529	-3.136581
515	42	-3.1366446
483	602	-3.1372604
534	412	-3.1380606
523	65	-3.1391063
544	66	-3.1391852
548	150	-3.1400054
354	25	-3.1402574
590	417	-3.1411512
51	93	-3.1425176
559	534	-3.1428862
135	178	-3.1431293
299	149	-3.1448212
616	250	-3.145295
208	95	-3.1455157
530	501	-3.1504471
503	540	-3.1508029
615	139	-3.1508336
519	538	-3.1509767
190	139	-3.1513429
643	90	-3.151619
568	555	-3.1519432
589	421	-3.1532745
540	161	-3.1536894
324	135	-3.1553433
238	104	-3.1566477
115	165	-3.1596951
197	28	-3.1604612
599	143	-3.1616888
234	108	-3.1631985
169	42	-3.1646078
224	32	-3.165216
489	582	-3.167328
504	555	-3.1673553
274	27	-3.168133
552	582	-3.1685889
406	77	-3.168729
613	341	-3.16987
51	120	-3.1707568
58	115	-3.170906
496	575	-3.1711152
174	28	-3.17132
562	277	-3.1715379
476	639	-3.1726258
571	259	-3.173192
124	29	-3.1739612
589	16	-3.174908
604	61	-3.1752775
565	523	-3.1768732
606	385	-3.1775918
262	64	-3.1785183
185	37	-3.1787918
547	609	-3.179619
306	25	-3.180124
557	407	-3.181262
529	481	-3.1821778
158	38	-3.1830192
435	29	-3.183541
116	283	-3.1838827
556	425	-3.1844115
199	107	-3.185728
149	39	-3.1858745
171	122	-3.1859565
570	512	-3.1864474
564	305	-3.187179
81	215	-3.1880786
123	159	-3.1883435
596	455	-3.1892676
554	556	-3.1896477
564	531	-3.1897118
326	23	-3.1900544
207	125	-3.1903446
431	33	-3.1926856
368	77	-3.197041
156	223	-3.197491
77	190	-3.1985576
110	259	-3.1986287
519	490	-3.1986952
564	571	-3.199832
545	205	-3.1998606
538	590	-3.199905
554	365	-3.2005715
596	149	-3.2013378
81	186	-3.20277
571	549	-3.2029283
358	85	-3.203068
464	641	-3.203084
171	69	-3.203512
545	613	-3.2036204
212	26	-3.2037032
586	441	-3.2039251
543	174	-3.2052338
54	106	-3.2054062
278	26	-3.2060106
653	94	-3.2061539
500	565	-3.2067974
40	100	-3.2078798
290	54	-3.2079964
323	29	-3.2088013
567	559	-3.2091706
614	259	-3.2097268
592	385	-3.212117
515	512	-3.212566
592	369	-3.2136202
172	115	-3.2157485
33	309	-3.215947
221	84	-3.2174983
587	84	-3.2186897
551	174	-3.2187786
553	142	-3.2219853
557	239	-3.2228673
515	527	-3.2228765
555	412	-3.2229397
659	80	-3.2235472
395	58	-3.2238312
613	357	-3.2244651
400	662	-3.2250981
568	539	-3.2257912
246	96	-3.2276833
418	45	-3.228851
593	450	-3.229059
540	625	-3.229686
298	58	-3.230949
487	605	-3.232213
574	511	-3.233437
89	107	-3.2339165
60	312	-3.235499
201	129	-3.2357635
186	114	-3.2358239
266	60	-3.2370317
559	373	-3.2390745
128	181	-3.2391014
596	121	-3.239184
604	45	-3.2395208
122	186	-3.2413275
499	556	-3.242081
578	471	-3.242947
26	120	-3.244877
163	73	-3.2449646
610	338	-3.246645
291	62	-3.2470877
545	140	-3.2475922
99	75	-3.2485712
491	613	-3.2486224
545	412	-3.249468
609	344	-3.2499495
105	293	-3.2524018
331	38	-3.2529182
248	77	-3.2530196
43	330	-3.2531772
323	44	-3.2552452
266	27	-3.2552557
264	151	-3.2573476
527	456	-3.257557
581	459	-3.258851
148	141	-3.259126
173	44	-3.2610347
206	24	-3.2613487
540	412	-3.2618108
543	328	-3.2619705
535	603	-3.2631428
26	241	-3.263621
566	514	-3.2648861
530	518	-3.2666347
519	640	-3.267378
122	83	-3.2674558
190	144	-3.2683022
614	165	-3.2683764
159	67	-3.2688053
565	281	-3.2699952
530	469	-3.2705305
458	660	-3.2732253
616	155	-3.2736628
49	147	-3.2740068
233	193	-3.2742498
491	591	-3.2747633
60	127	-3.2749069
519	57	-3.2763677
422	41	-3.2768188
606	394	-3.276835
565	300	-3.2781055
222	90	-3.27921
178	149	-3.2797008
526	82	-3.280008
552	386	-3.28266
575	494	-3.2830782
140	45	-3.2834096
338	98	-3.2854714
555	207	-3.2857134
144	255	-3.2863276
287	68	-3.2883055
201	101	-3.288836
24	325	-3.2889078
68	107	-3.289367
539	165	-3.2898264
491	607	-3.2904592
562	287	-3.2920768
651	66	-3.29284
112	27	-3.2954733
549	245	-3.297111
482	21	-3.2977188
226	113	-3.2978544
509	561	-3.298865
600	349	-3.298895
545	153	-3.3002923
557	231	-3.3005507
66	119	-3.302061
342	25	-3.3021786
528	94	-3.3021872
195	197	-3.303312
251	159	-3.3035476
150	43	-3.3039784
67	201	-3.3060577
605	73	-3.3078098
619	130	-3.3081715
471	645	-3.3096576
61	147	-3.312159
430	63	-3.3128824
102	179	-3.3152318
44	220	-3.3166857
230	114	-3.3172925
565	293	-3.3185139
510	557	-3.318971
507	565	-3.3194575
75	310	-3.3202295
617	151	-3.320704
480	631	-3.3214993
522	547	-3.3215203
55	151	-3.3239884
288	75	-3.3245146
294	32	-3.325304
613	335	-3.3254
53	145	-3.3270502
137	174	-3.3282335
548	422	-3.3283775
196	33	-3.3286114
542	584	-3.329462
570	263	-3.3306427
552	401	-3.3308685
282	25	-3.3344727
282	69	-3.3349202
555	421	-3.337187
559	363	-3.339151
591	363	-3.340462
465	657	-3.340552
564	231	-3.3427927
563	241	-3.3449256
596	127	-3.3452415
555	524	-3.3452463
172	153	-3.3453052
517	552	-3.3456059
167	48	-3.3468802
199	97	-3.349918
589	106	-3.3503506
558	403	-3.3511405
83	304	-3.35194
601	239	-3.3520434
555	185	-3.355253
128	80	-3.3559463
599	318	-3.3559608
560	342	-3.356284
404	664	-3.3564293
539	447	-3.357948
21	330	-3.3585427
586	452	-3.3587437
487	589	-3.358975
561	354	-3.3591366
61	85	-3.359651
553	588	-3.3606987
178	43	-3.360822
619	223	-3.363478
526	473	-3.36457
526	517	-3.3648088
482	653	-3.3652332
436	58	-3.3657553
264	89	-3.3678849
518	517	-3.3688486
560	554	-3.3693714
564	245	-3.3703926
202	28	-3.3714879
40	154	-3.3718922
279	165	-3.3736238
333	26	-3.3751657
100	200	-3.3778508
42	123	-3.378788
156	21	-3.3788598
561	282	-3.3792377
518	548	-3.3804712
230	28	-3.3812973
536	416	-3.3813004
301	124	-3.3817463
531	528	-3.382492
196	40	-3.3834593
226	26	-3.3841965
562	527	-3.3842242
43	305	-3.385428
598	326	-3.3859036
590	399	-3.3859746
90	183	-3.3913383
93	62	-3.3954482
227	72	-3.395928
551	161	-3.3979073
489	597	-3.39867
258	27	-3.3992212
279	47	-3.3995593
511	531	-3.3996804
335	35	-3.4002883
36	34	-3.4004438
192	28	-3.4007246
177	39	-3.4016917
480	593	-3.4045353
612	307	-3.4088836
656	77	-3.4092631
37	338	-3.4093654
619	140	-3.409654
655	98	-3.41086
373	74	-3.410917
508	527	-3.4118621
40	333	-3.4126976
174	21	-3.4134486
29	137	-3.413508
34	224	-3.4160864
569	284	-3.4181197
170	238	-3.4196286
562	269	-3.4203072
546	443	-3.4203084
540	439	-3.420419
596	427	-3.420883
79	223	-3.4210663
504	569	-3.4214423
69	79	-3.422297
32	248	-3.4226885
603	411	-3.4228504
556	581	-3.4230072
605	65	-3.423317
603	29	-3.4238586
475	610	-3.4244308
118	84	-3.4252276
86	182	-3.425302
560	546	-3.4261057
535	388	-3.4265358
126	25	-3.426577
522	658	-3.4269245
153	61	-3.4286962
464	43	-3.429587
511	513	-3.4301598
555	166	-3.4304457
532	441	-3.4320197
525	484	-3.4320624
169	21	-3.433056
311	57	-3.433852
515	541	-3.4343896
222	117	-3.436826
219	202	-3.4378064
303	148	-3.4389591
338	24	-3.4403675
221	78	-3.4405203
594	338	-3.4423075
182	115	-3.4463885
63	116	-3.4470367
56	297	-3.4472134
166	39	-3.4474452
614	327	-3.449177
194	225	-3.4491773
491	601	-3.4500434
544	425	-3.451294
130	85	-3.4515789
601	275	-3.452687
481	649	-3.4535353
217	23	-3.454036
580	19	-3.4543486
154	37	-3.4545345
250	97	-3.4546587
545	257	-3.4559538
60	105	-3.457672
555	120	-3.4582896
94	78	-3.4599917
118	32	-3.4606466
548	416	-3.4623199
51	298	-3.4633307
361	82	-3.4633381
551	89	-3.4639745
557	388	-3.4652414
541	178	-3.4662652
287	91	-3.4690344
141	50	-3.4709969
146	44	-3.4713008
584	468	-3.4715173
534	406	-3.471795
641	35	-3.4718087
469	656	-3.4723043
246	161	-3.4728317
592	429	-3.4734123
492	568	-3.4747984
40	142	-3.475485
558	515	-3.4763076
255	94	-3.476929
103	97	-3.4770749
553	94	-3.4771245
284	138	-3.4772947
25	337	-3.478055
275	170	-3.481212
196	135	-3.4835637
195	110	-3.4837914
596	439	-3.484455
604	309	-3.4861746
540	638	-3.487011
391	85	-3.4875486
75	285	-3.4880738
45	151	-3.4884098
542	616	-3.488435
115	190	-3.488882
478	645	-3.4893856
534	489	-3.4910629
35	148	-3.4910982
521	527	-3.4923599
558	369	-3.4923606
247	100	-3.4927979
588	413	-3.4932363
541	170	-3.4948814
550	397	-3.4949653
571	243	-3.4952056
568	277	-3.4954383
543	166	-3.4954867
549	447	-3.4962232
601	189	-3.4965007
580	493	-3.4972737
527	621	-3.498195
546	71	-3.498453
87	66	-3.498546
349	30	-3.498717
554	572	-3.4988472
617	159	-3.5001025
550	558	-3.501154
655	73	-3.5011714
510	653	-3.5015488
343	32	-3.5024376
546	577	-3.5027053
555	533	-3.5045373
32	38	-3.5045652
544	192	-3.50462
408	662	-3.5047507
660	84	-3.5050685
434	25	-3.5051026
578	26	-3.5054493
565	575	-3.5063963
294	156	-3.5074275
109	32	-3.507905
502	579	-3.5079882
515	649	-3.5082233
440	28	-3.5087428
648	89	-3.5097682
495	584	-3.5104134
564	357	-3.5105467
83	70	-3.511239
460	42	-3.5112715
584	432	-3.512102
586	344	-3.5147436
362	21	-3.5170047
523	26	-3.517551
226	79	-3.5176039
596	410	-3.518252
565	329	-3.5186508
556	592	-3.5189257
560	350	-3.5194016
531	475	-3.5220072
79	308	-3.5248163
564	340	-3.5263865
479	16	-3.5270658
555	542	-3.5296106
541	143	-3.5302107
569	307	-3.5310075
21	120	-3.5327468
600	435	-3.5337167
591	403	-3.5340304
116	195	-3.534107
53	212	-3.5342896
643	81	-3.5349376
116	161	-3.535387
93	82	-3.5369563
137	151	-3.5373495
524	477	-3.5375352
21	336	-3.5391896
92	204	-3.5399451
584	489	-3.5399573
468	648	-3.540864
546	231	-3.5417488
536	401	-3.543579
38	119	-3.544733
189	20	-3.5457654
51	321	-3.5467834
523	534	-3.5470684
548	427	-3.5480325
54	90	-3.548498
110	168	-3.5506337
597	173	-3.551117
177	47	-3.5525894
548	407	-3.5534916
140	147	-3.5540216
275	89	-3.5542507
488	30	-3.5551403
533	494	-3.5559742
176	117	-3.5578115
481	635	-3.55912
170	157	-3.5594323
544	60	-3.5604076
599	177	-3.5606189
298	127	-3.5607219
253	72	-3.5612807
588	97	-3.5616944
520	62	-3.5621176
596	447	-3.5646973
214	209	-3.565286
291	83	-3.5664756
602	194	-3.5664816
544	272	-3.5701935
610	364	-3.5707614
517	495	-3.5709562
126	33	-3.5731597
521	634	-3.5739493
543	322	-3.575384
591	373	-3.577361
481	640	-3.5789723
550	249	-3.5797722
455	654	-3.5820708
327	108	-3.5825632
549	191	-3.5825987
640	84	-3.5830443
533	436	-3.584736
26	141	-3.5859284
549	572	-3.58622
470	668	-3.5863557
590	8	-3.5871902
565	266	-3.5874422
55	238	-3.5877225
127	156	-3.588404
519	484	-3.5887427
586	366	-3.5897615
55	141	-3.5899608
584	462	-3.5904164
143	25	-3.590967
661	88	-3.5913136
34	104	-3.5925434
72	227	-3.5938842
175	68	-3.594365
123	250	-3.5943675
223	23	-3.5959737
193	19	-3.596259
64	204	-3.5975213
205	100	-3.5977123
430	27	-3.5981216
214	90	-3.5986621
618	242	-3.6012192
542	336	-3.6015434
556	98	-3.6035743
566	494	-3.6057317
313	141	-3.606074
414	71	-3.6063004
168	117	-3.606362
580	438	-3.6067314
36	125	-3.6079721
288	39	-3.610835
521	551	-3.6129208
484	643	-3.6133087
333	130	-3.6182003
107	262	-3.620921
458	646	-3.6213264
76	93	-3.6246972
544	420	-3.6248205
146	227	-3.626666
63	291	-3.6270032
551	77	-3.6318097
307	59	-3.6325417
103	55	-3.6327
295	63	-3.633502
591	478	-3.6335166
197	20	-3.63482
582	443	-3.6354105
286	30	-3.635413
470	622	-3.6369557
577	31	-3.6371338
526	89	-3.6387546
605	401	-3.6393282
63	102	-3.640585
535	449	-3.641312
537	23	-3.6413813
568	530	-3.6413994
45	216	-3.6427786
514	640	-3.644144
524	668	-3.6451993
319	48	-3.6467006
270	92	-3.6473682
78	113	-3.647601
569	292	-3.6488872
56	208	-3.650333
559	75	-3.65128
74	76	-3.651361
281	43	-3.651835
240	80	-3.6520033
164	217	-3.653002
313	116	-3.6551435
91	304	-3.6560922
64	141	-3.6593769
526	657	-3.6603916
564	518	-3.6605442
329	133	-3.66125
551	413	-3.6613274
245	26	-3.6630058
99	28	-3.6632574
300	153	-3.663854
51	154	-3.6650255
551	147	-3.6655161
380	95	-3.6672935
642	39	-3.669765
601	418	-3.6699188
591	381	-3.670042
317	57	-3.670225
490	586	-3.6715257
556	537	-3.675034
573	474	-3.675479
107	95	-3.6761866
550	205	-3.6771722
614	274	-3.677259
557	564	-3.6773524
134	238	-3.6777186
549	238	-3.6781943
177	207	-3.6804342
96	205	-3.6830676
548	144	-3.6832664
554	393	-3.6833692
648	83	-3.6840045
580	466	-3.6845913
584	17	-3.6853464
103	175	-3.6854079
543	304	-3.6860266
353	21	-3.6860683
484	586	-3.6875625
545	55	-3.6877787
260	90	-3.6886454
272	145	-3.6891851
614	352	-3.6904554
601	211	-3.6904728
283	163	-3.6910617
502	573	-3.6925368
564	566	-3.6960294
615	300	-3.6963348
546	177	-3.696837
597	422	-3.697307
74	114	-3.6975
542	578	-3.697662
596	160	-3.6999018
71	309	-3.6999822
576	518	-3.700078
37	157	-3.7023246
559	550	-3.7031271
541	489	-3.7031438
199	221	-3.7035143
563	92	-3.7057052
536	433	-3.7060504
545	147	-3.706287
537	443	-3.7077315
590	345	-3.707795
556	520	-3.7081425
111	164	-3.708474
557	597	-3.7106457
127	37	-3.7113051
331	43	-3.7130532
524	631	-3.7142227
331	104	-3.7149434
87	301	-3.7158766
500	585	-3.716469
92	274	-3.718702
545	435	-3.7215536
61	138	-3.721911
525	521	-3.7229035
549	215	-3.7230384
235	28	-3.7236156
449	49	-3.7256193
611	108	-3.7264876
557	347	-3.7281387
606	57	-3.7285128
119	280	-3.7287512
523	627	-3.7293506
519	24	-3.7315614
483	25	-3.732028
163	65	-3.7325058
487	26	-3.7331533
497	591	-3.7336411
527	449	-3.7340758
575	534	-3.7341719
70	195	-3.7341912
549	433	-3.7347236
642	77	-3.736228
616	292	-3.74026
564	31	-3.741791
590	487	-3.7435129
555	134	-3.7470214
557	396	-3.7480128
293	67	-3.748643
244	186	-3.7486641
612	127	-3.7494469
459	666	-3.7517107
568	150	-3.7519803
559	578	-3.7525423
26	149	-3.752651
206	91	-3.7527022
120	192	-3.7533333
590	447	-3.7534173
35	30	-3.7539203
414	662	-3.7539923
535	516	-3.7542098
115	665	-3.7559068
518	556	-3.7563746
580	422	-3.756512
593	15	-3.7589574
540	463	-3.7596655
238	166	-3.760826
328	19	-3.7610643
559	338	-3.7615988
128	244	-3.7624426
99	298	-3.7624583
191	106	-3.7629542
600	279	-3.763158
186	41	-3.763205
559	190	-3.7644606
606	51	-3.7657163
517	522	-3.7657957
665	80	-3.76647
107	51	-3.768862
587	92	-3.769206
216	122	-3.7700937
75	136	-3.7704551
630	26	-3.7707274
130	91	-3.7709668
498	580	-3.7714236
224	175	-3.771438
539	581	-3.7717288
47	138	-3.772104
41	217	-3.7742054
138	232	-3.7751083
529	98	-3.7755532
601	25	-3.7764535
206	129	-3.7773838
478	36	-3.7779047
484	629	-3.778371
592	469	-3.7784398
650	50	-3.7786248
124	271	-3.7807631
126	185	-3.7810643
518	509	-3.7817624
258	66	-3.7825959
552	194	-3.7835548
533	20	-3.783732
556	416	-3.7838416
336	126	-3.7863472
123	275	-3.7865565
547	439	-3.7874286
226	88	-3.7878287
575	37	-3.787871
31	123	-3.789293
584	71	-3.7909873
550	563	-3.7926917
218	89	-3.7938485
207	186	-3.7947025
148	64	-3.7956707
551	167	-3.7957337
549	463	-3.7958026
546	556	-3.7978287
540	512	-3.7983258
569	166	-3.7991827
84	279	-3.8052619
560	570	-3.8057683
513	523	-3.8072677
536	648	-3.8072917
571	542	-3.807862
574	506	-3.808823
576	526	-3.8096802
542	473	-3.810566
558	53	-3.8133397
617	262	-3.8137412
542	217	-3.814626
574	422	-3.814856
516	668	-3.8149602
540	348	-3.8173163
57	316	-3.8180761
334	101	-3.818095
110	197	-3.8202672
45	157	-3.8203218
611	349	-3.820887
455	21	-3.8222747
207	215	-3.8228683
588	12	-3.823437
271	173	-3.824326
552	417	-3.8262355
386	66	-3.827086
130	269	-3.827192
602	185	-3.8272011
607	390	-3.827347
35	342	-3.8273654
617	280	-3.8282547
260	176	-3.828359
492	619	-3.8285928
465	669	-3.82944
271	55	-3.8301682
532	608	-3.8304112
134	89	-3.830979
662	77	-3.8338957
566	350	-3.8345003
575	23	-3.8350382
200	134	-3.8352425
615	311	-3.835441
572	553	-3.8357403
108	158	-3.8369281
194	143	-3.8393166
545	262	-3.84038
137	262	-3.8407207
197	102	-3.8409529
585	64	-3.8410983
403	52	-3.8421826
98	180	-3.8424046
561	311	-3.8425052
575	250	-3.8431814
655	67	-3.8438096
533	133	-3.8440204
630	34	-3.8448343
357	19	-3.8448892
107	165	-3.845293
612	370	-3.8455665
570	269	-3.8457265
560	318	-3.846044
489	628	-3.8471205
181	38	-3.849726
189	199	-3.8507779
84	218	-3.850989
158	71	-3.851076
166	121	-3.8518028
617	267	-3.8518584
532	485	-3.8520207
119	252	-3.8523211
536	575	-3.852978
597	14	-3.853605
133	152	-3.8542163
573	498	-3.854381
522	542	-3.8550417
183	149	-3.8558977
530	524	-3.8560786
568	469	-3.856598
597	298	-3.857713
45	146	-3.858168
495	599	-3.8603976
303	63	-3.8607411
648	77	-3.8613489
133	182	-3.8619084
552	409	-3.8622074
69	143	-3.862214
299	62	-3.8626416
554	550	-3.8648279
557	201	-3.8658686
150	21	-3.8661597
67	123	-3.8661613
592	148	-3.8671606
557	211	-3.8676984
162	19	-3.8704596
31	162	-3.8731675
530	599	-3.8771446
560	326	-3.8795652
174	237	-3.880224
250	27	-3.8807447
229	23	-3.880763
197	44	-3.8810263
366	23	-3.8811727
41	150	-3.8820798
245	74	-3.8821547
242	103	-3.8825498
554	171	-3.8855453
546	248	-3.8856533
590	482	-3.886453
234	73	-3.8868706
541	634	-3.8871415
555	128	-3.8875697
618	167	-3.8884802
533	479	-3.8890266
147	172	-3.8898761
581	510	-3.8903716
189	110	-3.892488
609	78	-3.895573
541	148	-3.895922
613	263	-3.8963926
46	243	-3.8975463
132	81	-3.8980346
511	567	-3.9000642
552	178	-3.9002776
507	573	-3.900387
455	668	-3.9005363
206	36	-3.9011052
27	236	-3.9011605
664	85	-3.9012024
30	662	-3.9014063
618	257	-3.9027207
531	452	-3.9038682
664	92	-3.909176
254	98	-3.9107602
553	529	-3.9112334
615	323	-3.9117997
101	266	-3.9127457
239	26	-3.9153583
266	19	-3.9158158
237	192	-3.9160738
230	77	-3.9177067
597	451	-3.9183369
535	380	-3.9191477
27	245	-3.9218988
644	94	-3.9222462
161	56	-3.9224355
477	600	-3.9255512
328	46	-3.9266963
652	101	-3.9282048
525	78	-3.9286528
544	310	-3.9292173
229	32	-3.930333
564	333	-3.9304502
163	125	-3.932067
535	462	-3.9336011
65	312	-3.9350731
548	473	-3.9380531
75	98	-3.93984
637	33	-3.9423418
34	152	-3.9471157
534	145	-3.9473212
620	205	-3.9488177
172	211	-3.9506035
181	19	-3.9514515
399	51	-3.9515135
398	666	-3.9567568
582	45	-3.957004
172	48	-3.9570992
43	96	-3.9577336
56	131	-3.9578347
361	17	-3.9581666
531	613	-3.9584615
129	29	-3.95908
141	175	-3.96226
552	604	-3.9637847
398	83	-3.9641886
356	111	-3.9643173
537	493	-3.9643803
467	665	-3.9666698
30	345	-3.9673445
577	489	-3.9678264
30	46	-3.9687946
66	237	-3.9710932
209	21	-3.971677
189	36	-3.9723692
541	201	-3.9727364
614	345	-3.9730444
535	156	-3.973387
530	534	-3.9734228
504	583	-3.9757984
588	464	-3.9762244
182	203	-3.9776037
611	84	-3.9781628
76	229	-3.9787905
139	179	-3.9789388
457	45	-3.9816203
543	620	-3.981806
551	610	-3.9832017
318	138	-3.9842777
639	74	-3.986243
552	85	-3.987302
556	112	-3.989573
60	237	-3.9921536
121	87	-3.994191
582	356	-3.9964032
249	73	-3.9970632
234	81	-3.997286
271	47	-3.9981997
610	32	-3.9997482
546	169	-4.000547
60	205	-4.0016146
640	55	-4.0037208
545	235	-4.0050507
543	187	-4.0057306
281	29	-4.0060096
647	37	-4.0060887
571	485	-4.006622
541	433	-4.0092793
578	404	-4.0114202
158	164	-4.012333
564	261	-4.0127583
529	666	-4.0130424
178	238	-4.015031
223	201	-4.0153565
46	93	-4.015417
378	99	-4.017013
21	145	-4.017415
182	42	-4.0175686
537	594	-4.0178404
202	40	-4.0180316
546	242	-4.018653
511	40	-4.019126
344	21	-4.0212183
102	170	-4.021308
262	25	-4.0219526
648	69	-4.02322
322	19	-4.0238986
607	405	-4.0243034
525	664	-4.024833
514	559	-4.026146
592	156	-4.0262494
553	567	-4.0282903
353	29	-4.0285654
568	32	-4.0306897
661	99	-4.0310307
588	425	-4.0316916
535	372	-4.033917
545	227	-4.036841
321	56	-4.037322
589	350	-4.0380125
495	605	-4.0390544
63	108	-4.03929
213	22	-4.039682
293	77	-4.040188
25	116	-4.0412693
66	197	-4.0417776
651	57	-4.041782
266	174	-4.0424905
543	288	-4.043024
572	31	-4.0440907
138	91	-4.044548
534	471	-4.0472074
103	164	-4.047457
195	139	-4.0475683
115	254	-4.0478654
568	23	-4.047997
585	371	-4.049514
188	149	-4.0506063
95	103	-4.0507154
154	67	-4.0513515
526	18	-4.0518026
422	68	-4.052261
567	474	-4.05335
605	415	-4.056739
41	158	-4.059612
558	235	-4.0599494
520	670	-4.060267
506	654	-4.0606356
611	93	-4.0619526
586	353	-4.0622044
515	34	-4.0624514
577	530	-4.0630484
333	19	-4.0652337
270	26	-4.0667515
265	93	-4.0668116
353	86	-4.066943
229	119	-4.068543
507	523	-4.0699778
104	30	-4.070178
115	91	-4.072667
41	244	-4.0729384
553	81	-4.07313
31	42	-4.07462
564	579	-4.0752807
600	17	-4.0766315
293	37	-4.0768723
138	75	-4.0769715
221	72	-4.0775414
513	493	-4.0792184
389	61	-4.0830803
126	84	-4.0835233
587	429	-4.0842247
559	174	-4.0844893
179	65	-4.0863743
316	113	-4.087942
532	117	-4.091018
440	57	-4.091459
203	219	-4.0916276
469	672	-4.0923104
36	220	-4.0927844
587	340	-4.092975
594	136	-4.093479
553	449	-4.0945263
603	20	-4.0953584
144	140	-4.0965304
177	154	-4.096992
565	510	-4.097081
515	23	-4.0985017
94	170	-4.0988917
541	344	-4.0990243
46	114	-4.099399
118	43	-4.100542
620	235	-4.1010795
114	33	-4.103236
616	304	-4.1049175
568	312	-4.1065016
641	43	-4.1071043
484	34	-4.1083183
123	38	-4.109857
595	332	-4.1107373
140	227	-4.1109
140	95	-4.1111407
528	439	-4.112332
643	21	-4.1124606
104	201	-4.1145754
78	282	-4.1145854
568	73	-4.116827
473	658	-4.117177
116	23	-4.1172523
72	232	-4.1193075
491	25	-4.120498
275	46	-4.120551
516	645	-4.121532
535	527	-4.121776
576	440	-4.1220217
657	90	-4.123926
577	463	-4.124637
407	51	-4.1258626
606	40	-4.126718
190	40	-4.1271057
162	167	-4.1273704
463	661	-4.1284323
541	24	-4.1286583
584	421	-4.1289496
216	179	-4.1296954
525	526	-4.1304097
570	239	-4.1311884
574	27	-4.13234
140	142	-4.132489
343	95	-4.1337075
557	586	-4.1340313
312	21	-4.134301
50	110	-4.1346874
586	503	-4.135294
578	514	-4.1366878
201	19	-4.136814
608	70	-4.136873
669	97	-4.1372523
123	91	-4.1374245
137	27	-4.137493
404	81	-4.13798
580	433	-4.138049
572	537	-4.1389246
590	121	-4.140006
611	37	-4.1400576
166	240	-4.1403737
586	88	-4.140737
599	283	-4.1419697
55	156	-4.142528
87	215	-4.144477
295	85	-4.1465135
213	125	-4.146712
485	650	-4.1468544
26	232	-4.147271
33	217	-4.147779
620	154	-4.1498513
568	569	-4.1503215
511	25	-4.1514664
629	30	-4.153771
542	508	-4.15665
492	31	-4.1577344
528	102	-4.1588817
65	136	-4.1596313
93	126	-4.160461
87	125	-4.1617937
500	543	-4.161904
528	434	-4.162512
546	617	-4.1635265
503	590	-4.163824
580	361	-4.166547
146	22	-4.167031
475	41	-4.168218
157	219	-4.1688633
304	68	-4.169103
94	301	-4.169446
544	624	-4.169987
71	101	-4.170096
547	550	-4.1705475
30	225	-4.1739664
242	23	-4.1742153
66	149	-4.175348
642	51	-4.1758785
593	458	-4.1777015
642	69	-4.1780295
40	33	-4.178259
79	69	-4.1784253
261	19	-4.1809444
42	118	-4.1820583
538	505	-4.185157
52	115	-4.185905
536	162	-4.187348
455	663	-4.188335
606	34	-4.189533
67	103	-4.189739
94	209	-4.190159
599	252	-4.190692
241	76	-4.1918244
150	85	-4.192979
611	100	-4.193973
376	71	-4.1940885
600	430	-4.194587
589	299	-4.196255
286	23	-4.1966963
183	50	-4.196965
534	520	-4.1972184
556	104	-4.1973844
567	489	-4.1984553
183	110	-4.1994257
152	222	-4.2000313
618	126	-4.2029543
486	654	-4.2048326
205	20	-4.205714
205	44	-4.20582
212	84	-4.2059
93	180	-4.2064066
45	79	-4.2081246
300	66	-4.2095447
267	56	-4.210849
589	112	-4.2111635
49	142	-4.212398
114	290	-4.2124386
568	563	-4.2129397
617	114	-4.2133594
21	191	-4.2136464
252	155	-4.213747
295	92	-4.2137775
573	301	-4.2154417
534	498	-4.2156086
401	25	-4.216412
569	504	-4.216521
46	119	-4.21784
568	288	-4.2193594
658	95	-4.220731
595	145	-4.222428
291	72	-4.222807
589	460	-4.2242446
619	120	-4.2254868
496	553	-4.226557
133	28	-4.226926
615	119	-4.226962
544	570	-4.2276096
559	333	-4.2292233
114	47	-4.2295814
593	116	-4.229682
233	24	-4.230021
134	267	-4.231961
54	293	-4.2331448
51	135	-4.2332034
311	145	-4.234081
570	441	-4.2343607
521	663	-4.234423
327	54	-4.234869
549	185	-4.2349544
613	74	-4.235348
660	72	-4.2361927
220	34	-4.2365713
95	27	-4.236638
204	133	-4.237583
109	663	-4.239744
474	666	-4.239997
426	33	-4.241722
556	601	-4.242164
640	47	-4.2446175
357	28	-4.2451925
557	226	-4.2457323
184	46	-4.2459607
112	160	-4.246858
107	24	-4.2469697
339	19	-4.2472363
569	161	-4.247862
580	417	-4.2500257
521	20	-4.2514033
620	213	-4.2518554
518	480	-4.2521386
560	70	-4.253984
538	571	-4.2540154
522	471	-4.2554197
24	398	-4.2565126
548	568	-4.258198
636	21	-4.259721
599	258	-4.261761
251	101	-4.26221
513	563	-4.26233
574	469	-4.2627087
173	63	-4.264932
565	479	-4.2653303
560	519	-4.2663403
38	306	-4.2663484
83	222	-4.2666197
373	8	-4.26724
50	158	-4.268151
532	137	-4.268464
567	28	-4.2697597
667	88	-4.2730384
349	20	-4.2733755
296	21	-4.2752757
534	532	-4.2754793
179	57	-4.27562
562	52	-4.2784133
549	614	-4.2784348
173	57	-4.2788224
518	28	-4.279924
285	95	-4.2807393
157	60	-4.2815986
21	247	-4.2854614
71	138	-4.2872562
57	136	-4.2878985
597	322	-4.2882957
68	287	-4.288529
582	8	-4.288634
56	111	-4.2886844
555	73	-4.291442
70	120	-4.2927256
568	326	-4.2931733
103	26	-4.2933383
145	179	-4.2935114
461	670	-4.2940154
568	170	-4.294878
28	34	-4.2957883
511	575	-4.298733
296	70	-4.3008256
141	261	-4.301012
529	106	-4.3012166
29	109	-4.3016934
553	246	-4.3026557
78	183	-4.304584
365	8	-4.3053594
365	18	-4.305583
653	23	-4.3065
548	524	-4.3066196
290	158	-4.3070326
154	171	-4.3083253
550	536	-4.309878
563	361	-4.3105836
585	417	-4.3114557
195	98	-4.311583
352	17	-4.3134117
128	190	-4.3148627
36	25	-4.3150883
41	29	-4.3152413
522	621	-4.315389
21	115	-4.317077
22	124	-4.3171415
266	47	-4.3173313
348	34	-4.3176756
534	466	-4.318751
520	475	-4.319151
619	163	-4.3196707
122	34	-4.3202977
88	219	-4.324313
596	310	-4.3247743
584	494	-4.324821
515	47	-4.3252645
395	86	-4.3263187
198	93	-4.32649
511	657	-4.3266163
540	419	-4.32771
671	80	-4.328884
535	457	-4.3290534
617	102	-4.330932
316	19	-4.3310313
76	72	-4.331533
562	393	-4.3317814
136	85	-4.332548
553	517	-4.334769
70	313	-4.3352337
41	337	-4.3355947
657	33	-4.335713
182	153	-4.3361554
510	579	-4.337064
30	400	-4.3370705
174	158	-4.337157
326	10	-4.3380437
618	276	-4.3381643
158	131	-4.3385572
30	154	-4.338839
212	35	-4.340131
257	23	-4.3402405
546	222	-4.34089
114	199	-4.340923
659	27	-4.3425207
599	224	-4.3437433
178	160	-4.344084
538	652	-4.344448
616	285	-4.346125
396	25	-4.3463397
489	571	-4.3489676
60	151	-4.353501
237	77	-4.3543425
31	252	-4.3545485
118	287	-4.354734
586	7	-4.356026
30	127	-4.356373
175	10	-4.3576136
234	32	-4.359552
575	257	-4.3599286
161	77	-4.3613505
102	158	-4.362641
550	542	-4.362672
52	241	-4.364917
77	233	-4.365597
364	14	-4.365729
528	670	-4.3667035
166	18	-4.3670087
120	663	-4.3696256
516	487	-4.3716125
515	664	-4.3716793
254	26	-4.3729053
87	130	-4.3747554
523	459	-4.3748803
98	55	-4.376914
613	88	-4.37698
552	233	-4.3783274
564	82	-4.3783298
142	21	-4.3784275
560	589	-4.37894
451	22	-4.380036
231	70	-4.380451
599	442	-4.380566
34	305	-4.3812757
643	73	-4.382242
470	616	-4.383044
485	639	-4.383879
502	595	-4.38483
227	170	-4.386131
545	252	-4.386891
468	660	-4.3926044
543	629	-4.39313
97	23	-4.394358
530	17	-4.398166
100	652	-4.398814
582	506	-4.4007754
499	601	-4.4010124
49	211	-4.4015565
106	169	-4.4021225
538	544	-4.403498
553	546	-4.4038377
586	446	-4.4059772
22	243	-4.4065595
46	300	-4.409086
518	561	-4.4091
497	617	-4.4101777
179	112	-4.41091
537	474	-4.411353
411	74	-4.411504
384	24	-4.4119163
196	48	-4.413617
30	306	-4.414273
543	38	-4.4158792
600	200	-4.416706
82	66	-4.4194593
542	230	-4.4211245
622	136	-4.4222174
564	237	-4.423243
105	114	-4.4241776
186	154	-4.426001
556	179	-4.426221
30	657	-4.428029
573	444	-4.428407
290	21	-4.4293075
389	25	-4.4304013
542	444	-4.4312015
611	42	-4.431266
152	71	-4.432571
390	8	-4.4326835
196	16	-4.432702
474	606	-4.433503
591	152	-4.433858
567	498	-4.434454
339	38	-4.434763
464	17	-4.435258
596	10	-4.436801
238	109	-4.437633
230	9	-4.4376783
527	530	-4.4394083
544	461	-4.4394107
560	32	-4.4395776
568	456	-4.439673
546	200	-4.4410043
489	633	-4.4422927
558	509	-4.442642
287	161	-4.443576
211	214	-4.4441156
65	128	-4.444772
600	219	-4.4459734
358	14	-4.446199
101	204	-4.4474936
221	121	-4.4474983
317	52	-4.448456
561	585	-4.4490685
80	227	-4.4518943
639	88	-4.451952
91	28	-4.4519644
82	181	-4.4544477
40	162	-4.4545264
195	8	-4.454672
291	93	-4.454736
283	35	-4.4552155
540	483	-4.455233
551	443	-4.455236
599	270	-4.456588
224	19	-4.457035
380	68	-4.458361
522	555	-4.458723
74	141	-4.459241
512	670	-4.459834
381	8	-4.4621143
55	320	-4.462651
611	54	-4.46434
21	322	-4.4674926
34	166	-4.4694242
186	17	-4.4714785
562	513	-4.4717836
483	582	-4.4731
327	14	-4.4740353
568	131	-4.47454
158	170	-4.474799
564	69	-4.4751935
577	522	-4.4752207
471	663	-4.4764996
177	18	-4.4786406
172	73	-4.478702
119	158	-4.4799457
175	52	-4.4811854
578	497	-4.483238
494	8	-4.484408
665	73	-4.4844923
529	545	-4.4845366
192	101	-4.487278
545	563	-4.4878926
39	146	-4.488147
532	361	-4.488617
573	148	-4.4887104
543	466	-4.4887743
568	461	-4.4889693
26	112	-4.4896307
410	666	-4.490911
563	98	-4.4909997
511	505	-4.4911213
33	212	-4.491169
583	148	-4.4918737
232	198	-4.4919834
302	21	-4.4920835
21	46	-4.4931526
130	186	-4.495315
88	62	-4.4957423
361	10	-4.496103
575	244	-4.4963717
615	107	-4.4971085
256	19	-4.4975977
562	424	-4.497768
541	451	-4.4982743
385	28	-4.4999113
497	548	-4.5003514
267	148	-4.5011706
506	577	-4.5023293
640	61	-4.503873
212	8	-4.5045524
146	68	-4.506705
649	43	-4.5078454
562	388	-4.5080504
256	154	-4.5081496
547	63	-4.5081697
25	315	-4.5090885
154	83	-4.5103207
361	26	-4.510536
576	41	-4.510757
575	550	-4.5131006
571	558	-4.51311
121	196	-4.514402
115	109	-4.5156736
29	310	-4.516001
36	249	-4.5164785
577	541	-4.517185
536	362	-4.518613
539	644	-4.518824
37	38	-4.5192347
30	105	-4.5200005
31	174	-4.5202036
146	86	-4.520381
599	246	-4.5215535
169	161	-4.5222664
191	10	-4.5223255
424	37	-4.5241876
122	23	-4.525875
586	378	-4.525904
136	146	-4.5260935
210	89	-4.5261235
657	63	-4.5296526
50	89	-4.530184
568	356	-4.5315313
524	538	-4.531726
101	122	-4.533108
553	405	-4.5332623
959	622	-4.534009
601	424	-4.5341144
578	507	-4.5341625
575	53	-4.534269
91	213	-4.534688
540	213	-4.5362496
478	655	-4.536479
543	45	-4.537847
652	46	-4.538998
23	341	-4.540748
99	173	-4.5410814
290	130	-4.5419307
126	152	-4.542097
609	25	-4.542719
220	8	-4.5427856
575	502	-4.544673
340	125	-4.5451746
80	134	-4.546259
489	638	-4.548841
402	658	-4.5495496
384	32	-4.5510054
54	204	-4.552203
562	88	-4.5523477
582	515	-4.5524664
335	42	-4.552826
395	53	-4.5531917
570	231	-4.5539775
558	137	-4.5541553
578	456	-4.5565267
546	544	-4.556719
537	501	-4.557295
21	128	-4.5582705
548	467	-4.558528
63	200	-4.560406
129	103	-4.5605416
71	147	-4.560551
273	23	-4.5605927
570	493	-4.5614195
559	184	-4.5620193
224	75	-4.5636587
565	272	-4.5648603
142	88	-4.5672207
537	356	-4.567292
31	29	-4.5691233
669	92	-4.5695796
564	77	-4.5700903
580	427	-4.5704303
530	604	-4.57099
246	19	-4.5711327
191	15	-4.5711784
88	111	-4.5719447
278	32	-4.5722313
316	8	-4.572586
556	84	-4.5737333
217	83	-4.5745544
516	658	-4.575316
321	8	-4.5753684
563	485	-4.5754795
668	84	-4.575595
183	10	-4.5757365
219	207	-4.5784435
277	95	-4.5791574
557	141	-4.579765
462	637	-4.5804253
574	19	-4.580856
150	137	-4.581538
548	622	-4.583431
639	80	-4.5843015
631	21	-4.586383
567	157	-4.587493
567	110	-4.592323
377	7	-4.592371
365	653	-4.592507
574	546	-4.592782
569	178	-4.595698
539	479	-4.5993996
99	166	-4.599903
32	23	-4.5999837
578	444	-4.6004963
173	17	-4.6007786
284	40	-4.6011224
539	459	-4.601383
29	131	-4.60152
115	99	-4.6015773
154	248	-4.604347
49	325	-4.604419
34	651	-4.6046944
559	91	-4.6047425
30	220	-4.6057644
30	58	-4.609572
588	491	-4.6129336
236	9	-4.61411
498	596	-4.614853
581	49	-4.617721
594	475	-4.6185107
225	68	-4.6187997
224	9	-4.621956
553	432	-4.622249
621	219	-4.6247687
245	15	-4.62519
564	225	-4.62576
571	280	-4.6275883
110	48	-4.628222
339	93	-4.629232
202	90	-4.6293354
354	33	-4.6308193
550	53	-4.6310725
546	528	-4.6350565
480	8	-4.635846
199	138	-4.636527
530	658	-4.637229
26	38	-4.6372333
414	46	-4.6381598
95	654	-4.639973
179	51	-4.640981
592	131	-4.6410704
83	114	-4.641977
71	191	-4.642123
26	44	-4.643089
207	8	-4.643125
578	355	-4.6442914
567	317	-4.6444435
465	630	-4.6449494
21	183	-4.6452503
539	467	-4.645854
445	54	-4.6458597
552	188	-4.647613
94	270	-4.6483197
591	341	-4.6541886
182	161	-4.6543984
506	587	-4.655888
40	23	-4.6569233
617	90	-4.65693
209	48	-4.6573133
499	26	-4.6580696
345	122	-4.6584363
607	410	-4.6588535
621	116	-4.6597586
189	44	-4.660362
90	172	-4.660565
62	81	-4.661426
400	47	-4.6618843
369	15	-4.663276
323	49	-4.6634707
454	658	-4.6639814
101	663	-4.6647735
570	423	-4.665072
24	33	-4.6667023
589	388	-4.6671624
101	116	-4.6676965
21	151	-4.6685457
519	66	-4.668562
556	215	-4.6705313
611	377	-4.6710463
621	190	-4.6711907
277	41	-4.6717815
562	367	-4.6718802
252	68	-4.6723266
164	244	-4.6737237
204	48	-4.674041
369	7	-4.6744065
502	8	-4.674719
21	252	-4.6773667
21	175	-4.677715
491	564	-4.677966
307	149	-4.6830006
544	430	-4.683241
529	114	-4.6838665
386	7	-4.685844
548	627	-4.68611
160	245	-4.6863747
560	428	-4.6875334
648	18	-4.6884522
136	23	-4.6897426
44	141	-4.690209
167	66	-4.6907296
183	55	-4.6915727
123	103	-4.693629
435	63	-4.6954827
453	672	-4.6971083
122	283	-4.697687
20	42	-4.6980653
326	59	-4.698195
187	234	-4.6994925
31	411	-4.699778
297	75	-4.700872
566	53	-4.7011766
583	12	-4.7015557
392	666	-4.702226
26	651	-4.70382
506	593	-4.7041836
28	249	-4.704307
533	667	-4.7064614
608	21	-4.7075567
119	39	-4.707681
552	437	-4.7076864
582	449	-4.7077074
543	276	-4.7091594
472	14	-4.71077
234	113	-4.7110624
534	546	-4.7129855
164	115	-4.713574
597	459	-4.7140427
144	72	-4.714211
545	49	-4.7187924
89	179	-4.7198906
270	51	-4.7203074
186	160	-4.7203283
410	658	-4.720512
318	61	-4.7206416
201	45	-4.720652
113	661	-4.7214904
582	345	-4.7215037
526	548	-4.7216315
512	646	-4.7223287
220	20	-4.7231855
274	19	-4.7235007
571	156	-4.724003
210	128	-4.7242513
532	402	-4.726304
289	97	-4.7276473
599	264	-4.7276793
558	170	-4.728231
560	81	-4.730402
538	585	-4.731065
555	90	-4.7325144
554	513	-4.7326083
612	69	-4.7334337
418	664	-4.734062
111	155	-4.736401
590	337	-4.7366314
613	80	-4.736667
511	32	-4.7368283
181	157	-4.740009
655	59	-4.740444
504	599	-4.7404656
165	55	-4.742494
592	424	-4.7431517
266	52	-4.745324
249	23	-4.7457104
550	229	-4.7464833
153	134	-4.7477007
630	41	-4.747736
621	196	-4.7477703
573	490	-4.747987
203	187	-4.748218
197	12	-4.7511153
617	96	-4.752552
22	140	-4.7526402
35	161	-4.754317
304	152	-4.7544312
563	27	-4.7556267
147	223	-4.7563963
258	100	-4.760094
537	486	-4.761224
233	117	-4.7647386
49	78	-4.7653503
361	110	-4.7663283
185	106	-4.7671714
168	52	-4.767371
542	503	-4.7714577
608	398	-4.7723103
391	57	-4.7749734
584	60	-4.7754683
573	309	-4.7766623
87	223	-4.7791953
346	91	-4.7792845
120	107	-4.779518
528	616	-4.780439
573	460	-4.781249
227	40	-4.781845
31	50	-4.7829785
543	493	-4.7831883
122	154	-4.783883
50	294	-4.784848
213	77	-4.784985
335	15	-4.7851114
394	662	-4.7853246
487	578	-4.785913
539	340	-4.786581
568	344	-4.7868648
620	227	-4.788127
528	110	-4.788902
542	224	-4.788958
600	231	-4.789386
198	142	-4.7905374
115	157	-4.791408
43	165	-4.7927885
124	279	-4.792971
608	62	-4.793341
617	296	-4.797037
489	34	-4.7971354
562	382	-4.7980776
79	62	-4.798392
401	19	-4.7989564
45	28	-4.7992744
598	205	-4.8010116
543	574	-4.801325
550	223	-4.8017282
244	64	-4.8018026
31	302	-4.8038535
611	47	-4.8073387
372	12	-4.809157
352	115	-4.809815
97	124	-4.810566
100	32	-4.810605
493	625	-4.8110647
475	8	-4.812344
580	527	-4.8128514
572	152	-4.8133307
192	47	-4.814773
137	183	-4.816523
592	162	-4.816766
594	462	-4.8181067
357	8	-4.8183603
92	218	-4.8190784
129	95	-4.819757
21	411	-4.8199525
274	141	-4.820758
129	240	-4.821294
18	333	-4.821959
386	91	-4.8220825
578	399	-4.8220963
314	60	-4.8241906
34	8	-4.824298
200	8	-4.8248467
209	40	-4.8248744
594	141	-4.8250375
259	95	-4.825307
235	69	-4.8261614
559	411	-4.82624
539	563	-4.8263793
372	24	-4.8279147
218	45	-4.828257
85	134	-4.831616
455	49	-4.8319907
117	103	-4.832645
491	55	-4.83305
157	75	-4.8339896
380	23	-4.835403
196	193	-4.8356633
111	672	-4.835938
661	68	-4.83655
495	24	-4.840674
576	73	-4.840763
111	110	-4.8486075
502	531	-4.848736
508	668	-4.8524427
647	53	-4.853802
586	406	-4.8543806
36	42	-4.8552785
124	191	-4.856177
552	212	-4.856377
281	21	-4.8579507
573	295	-4.858087
561	481	-4.860552
511	45	-4.862994
193	37	-4.8631315
584	426	-4.863378
20	34	-4.863592
86	275	-4.864745
655	51	-4.867373
510	520	-4.8679166
533	596	-4.868033
512	497	-4.869308
541	183	-4.869829
236	196	-4.869964
83	28	-4.8711157
567	174	-4.8718433
535	582	-4.872252
410	79	-4.872901
558	162	-4.8731966
198	52	-4.8741894
203	137	-4.874937
206	16	-4.877224
21	65	-4.878226
105	665	-4.879765
619	247	-4.8811946
81	231	-4.881715
349	88	-4.8830523
543	480	-4.8830748
86	174	-4.883905
246	104	-4.8843083
567	127	-4.884648
567	137	-4.885609
610	393	-4.885883
564	504	-4.887226
70	75	-4.887538
298	17	-4.88898
473	671	-4.889308
345	17	-4.890575
188	48	-4.891582
44	212	-4.893746
238	72	-4.8944955
322	108	-4.894589
82	130	-4.8954105
595	466	-4.8971596
135	78	-4.8979683
512	571	-4.8986697
166	76	-4.8993587
486	22	-4.899436
562	404	-4.90105
569	573	-4.9019427
517	636	-4.903738
140	265	-4.9041047
544	637	-4.9062757
576	418	-4.906819
483	17	-4.907131
262	59	-4.907354
542	238	-4.907524
148	254	-4.909746
198	57	-4.910915
291	88	-4.911144
499	539	-4.911955
109	318	-4.912752
34	661	-4.9133825
145	94	-4.914551
579	92	-4.915375
399	87	-4.9155884
250	183	-4.9164495
167	59	-4.9166136
203	12	-4.9170423
653	105	-4.9174895
390	89	-4.9175005
61	318	-4.918259
370	19	-4.920347
214	47	-4.9203544
286	131	-4.9207587
532	129	-4.921017
197	154	-4.922739
254	64	-4.924217
218	75	-4.92556
82	123	-4.928197
397	8	-4.928417
232	168	-4.929177
100	209	-4.9318414
536	453	-4.93199
534	589	-4.9320216
610	387	-4.932849
21	268	-4.932991
38	214	-4.9331737
658	23	-4.9334564
590	303	-4.93531
559	25	-4.93652
110	294	-4.9377475
593	326	-4.9378266
27	342	-4.938627
540	191	-4.939581
605	420	-4.9401617
319	75	-4.941585
275	35	-4.9421797
532	356	-4.9432473
633	11	-4.94343
127	88	-4.9435267
523	673	-4.943567
99	101	-4.944193
539	528	-4.9443855
240	65	-4.9452605
203	52	-4.9454165
35	46	-4.947592
26	63	-4.947714
537	174	-4.949307
582	75	-4.950855
567	145	-4.9525046
21	239	-4.955355
145	8	-4.9560037
524	443	-4.956362
559	49	-4.9573245
21	196	-4.958591
617	85	-4.958934
322	60	-4.959313
200	15	-4.959369
537	169	-4.959967
109	308	-4.960886
109	145	-4.9613986
624	31	-4.9616036
451	666	-4.962376
489	8	-4.9629345
104	297	-4.9632154
498	7	-4.9635754
590	295	-4.964707
526	601	-4.964958
621	184	-4.9654527
113	95	-4.967381
638	70	-4.967945
158	81	-4.968036
584	81	-4.9682684
613	112	-4.9689875
562	496	-4.9696455
267	23	-4.969687
92	130	-4.9707327
109	116	-4.9720016
535	567	-4.9722886
573	285	-4.973282
295	97	-4.973318
485	634	-4.974373
396	48	-4.974552
21	169	-4.974898
44	21	-4.975174
22	402	-4.97535
552	241	-4.9762554
108	38	-4.976995
342	90	-4.9790487
593	171	-4.9801307
329	50	-4.9809847
548	67	-4.981074
510	641	-4.981247
128	273	-4.981814
306	118	-4.9819117
28	159	-4.98383
168	112	-4.9854417
517	565	-4.9855785
521	467	-4.985596
555	608	-4.986825
218	40	-4.98794
225	120	-4.988565
571	92	-4.989526
248	62	-4.991378
190	155	-4.992092
521	70	-4.99256
584	251	-4.9925814
298	89	-4.9938116
316	65	-4.9945316
567	242	-4.9955034
530	583	-4.9966655
130	142	-4.997176
252	17	-5.001111
127	194	-5.0013638
212	17	-5.001756
31	101	-5.0021677
128	21	-5.0023637
554	508	-5.0027275
140	84	-5.0030575
532	122	-5.003203
135	142	-5.0036674
51	207	-5.003737
543	266	-5.004127
582	407	-5.005183
65	78	-5.0066304
25	48	-5.006996
113	114	-5.0091357
309	65	-5.009335
318	71	-5.009622
556	124	-5.009777
576	432	-5.0121555
107	122	-5.0127664
467	14	-5.0128894
609	382	-5.0128994
563	111	-5.013163
532	663	-5.0145283
229	16	-5.015246
174	111	-5.016424
514	482	-5.018306
369	73	-5.018484
202	141	-5.01879
440	23	-5.0191107
366	107	-5.0193214
621	150	-5.0196447
322	14	-5.0203967
44	334	-5.0204964
585	348	-5.020936
568	321	-5.021938
85	229	-5.022265
354	12	-5.023095
581	521	-5.025673
36	19	-5.026699
124	665	-5.0268416
138	138	-5.026973
613	26	-5.028284
21	222	-5.0283113
35	100	-5.0288963
480	666	-5.0289893
104	259	-5.029433
121	99	-5.0303793
497	609	-5.0308127
649	93	-5.0312667
596	294	-5.031458
22	318	-5.031627
42	301	-5.033171
330	8	-5.0345273
135	95	-5.034991
590	127	-5.0367713
648	61	-5.0370345
578	537	-5.038222
582	340	-5.0382977
578	81	-5.0383034
242	108	-5.0392094
107	653	-5.040456
588	392	-5.04107
532	149	-5.0412426
414	654	-5.0422764
579	119	-5.042502
539	548	-5.042834
575	426	-5.045278
656	102	-5.045557
46	162	-5.045646
542	244	-5.0466757
113	105	-5.0480504
668	101	-5.048185
556	222	-5.0499797
567	91	-5.0518975
255	181	-5.0527797
17	48	-5.0552063
548	532	-5.055402
567	465	-5.0563893
348	119	-5.057273
92	223	-5.057658
605	24	-5.057921
241	191	-5.0579934
145	260	-5.058143
29	216	-5.0583467
572	74	-5.0585947
32	257	-5.0587106
193	43	-5.059959
216	9	-5.060467
600	446	-5.0606594
111	255	-5.061572
70	236	-5.0618773
664	102	-5.0655117
595	314	-5.066233
87	233	-5.0668235
552	521	-5.0668507
370	105	-5.0678844
241	12	-5.0684285
497	30	-5.0684485
99	161	-5.0688014
615	361	-5.069821
560	594	-5.0711584
471	10	-5.0712757
364	76	-5.0717206
149	178	-5.0723066
305	72	-5.074817
595	306	-5.075022
614	31	-5.0768375
46	83	-5.0769997
589	117	-5.0785995
536	536	-5.0792313
187	12	-5.079347
143	224	-5.0795803
498	621	-5.0810137
621	209	-5.081764
538	352	-5.0822067
308	654	-5.0829754
612	58	-5.0836134
76	237	-5.0839
21	38	-5.084268
650	97	-5.0863667
258	15	-5.087201
618	271	-5.087731
509	649	-5.0884132
59	155	-5.08882
148	73	-5.090355
556	78	-5.091733
200	190	-5.09225
224	205	-5.093039
79	138	-5.0932274
92	23	-5.095927
113	306	-5.0961614
610	9	-5.096213
191	160	-5.0964737
507	26	-5.0968184
221	16	-5.098825
460	642	-5.100212
536	482	-5.102312
107	105	-5.1042466
528	540	-5.1049223
128	107	-5.10574
511	583	-5.1064544
196	89	-5.1069345
582	152	-5.107782
652	35	-5.1082797
569	445	-5.108483
179	9	-5.1117845
543	515	-5.112726
582	245	-5.1146502
582	398	-5.1161695
41	18	-5.1162214
21	110	-5.1174817
167	211	-5.1178613
113	297	-5.1186953
211	180	-5.1189
529	429	-5.1196938
572	453	-5.11988
543	652	-5.1201563
210	44	-5.120691
429	67	-5.1207933
578	545	-5.1232038
589	328	-5.12344
533	542	-5.124524
524	617	-5.12544
600	454	-5.125758
588	499	-5.1258464
358	32	-5.126204
33	671	-5.1266317
589	281	-5.126749
134	187	-5.1277127
522	16	-5.1281548
227	6	-5.12844
170	10	-5.1287136
618	110	-5.1295686
95	175	-5.130247
675	79	-5.1344347
468	44	-5.135189
584	280	-5.1358633
180	69	-5.136902
339	14	-5.1369033
32	208	-5.1372566
396	12	-5.1394258
87	116	-5.139849
93	229	-5.140031
563	473	-5.140112
561	228	-5.140186
578	412	-5.1407404
289	17	-5.1414266
177	61	-5.143652
86	121	-5.1441793
87	27	-5.1442804
20	231	-5.1444135
573	437	-5.1448812
229	44	-5.1509604
565	49	-5.1510825
516	19	-5.1511683
45	87	-5.1529784
959	627	-5.1532664
233	12	-5.1533213
612	64	-5.155013
109	99	-5.15701
111	23	-5.15773
29	648	-5.1587324
140	134	-5.1600223
550	504	-5.161125
40	8	-5.161736
496	613	-5.162348
185	59	-5.16323
182	62	-5.163898
216	19	-5.165694
537	666	-5.166254
542	298	-5.166674
542	558	-5.166797
542	542	-5.1669116
563	131	-5.167006
97	267	-5.1673365
522	563	-5.1684685
471	612	-5.1688795
32	178	-5.1695766
312	69	-5.170058
312	10	-5.170595
542	28	-5.1706324
21	163	-5.1706343
638	92	-5.170648
232	19	-5.1711144
578	247	-5.1745
380	12	-5.175415
92	58	-5.1762886
388	12	-5.176537
158	86	-5.1789603
405	26	-5.1790996
531	550	-5.181288
326	71	-5.1814914
173	206	-5.182621
461	46	-5.1829786
272	43	-5.184195
332	672	-5.1851196
258	60	-5.1882915
56	242	-5.188531
525	681	-5.1889987
111	44	-5.190288
63	132	-5.190977
573	465	-5.191401
581	365	-5.191463
425	26	-5.191721
211	12	-5.1944766
73	126	-5.19485
561	207	-5.195067
188	103	-5.1954675
614	51	-5.19709
49	6	-5.198756
176	203	-5.1989517
418	73	-5.200291
572	276	-5.200387
180	107	-5.2009716
593	124	-5.201368
565	587	-5.2017117
318	15	-5.2018366
239	162	-5.201856
57	84	-5.2020636
281	96	-5.2025785
668	76	-5.202732
614	21	-5.203949
543	457	-5.205149
368	11	-5.20531
173	162	-5.205964
575	48	-5.2070494
197	146	-5.207276
96	31	-5.2073116
530	591	-5.2085752
568	83	-5.2086215
50	245	-5.2105727
569	273	-5.2107315
376	11	-5.2109547
528	561	-5.2116647
92	122	-5.212699
641	65	-5.2129726
307	21	-5.2133055
147	18	-5.213518
534	384	-5.2137322
616	338	-5.213746
646	49	-5.214313
227	64	-5.214563
215	213	-5.2145786
25	436	-5.214992
553	615	-5.2158093
39	166	-5.2158427
105	671	-5.217429
567	363	-5.218225
404	48	-5.2196674
454	650	-5.2198005
166	168	-5.220496
33	348	-5.2207546
80	9	-5.221187
69	127	-5.2215867
488	642	-5.2217803
369	654	-5.222388
299	157	-5.224385
522	605	-5.2248516
25	59	-5.2256546
559	158	-5.2257743
557	29	-5.2262425
77	23	-5.2263556
132	136	-5.226751
551	553	-5.227141
612	104	-5.228523
560	399	-5.2299943
31	19	-5.2309856
98	302	-5.2310386
243	8	-5.2340164
219	12	-5.2352295
163	8	-5.240632
498	654	-5.2411003
552	466	-5.241173
148	81	-5.2413116
379	32	-5.2416954
193	147	-5.243189
570	189	-5.243485
59	290	-5.2434855
396	658	-5.244776
214	41	-5.2456417
376	19	-5.2461133
26	446	-5.246343
552	201	-5.246918
574	406	-5.248294
32	268	-5.2483315
283	134	-5.2485437
563	35	-5.248805
583	94	-5.250716
520	463	-5.2508264
380	28	-5.2514477
570	209	-5.253176
132	191	-5.253313
493	556	-5.255771
571	111	-5.255934
643	98	-5.2561994
25	309	-5.257529
622	177	-5.263349
552	70	-5.264263
127	672	-5.265044
71	284	-5.265913
477	669	-5.2661605
524	452	-5.2662287
228	123	-5.2668643
574	83	-5.267853
620	26	-5.268085
265	15	-5.268312
314	652	-5.2687516
576	343	-5.2699714
417	41	-5.270615
621	239	-5.270914
374	4	-5.272871
110	303	-5.273601
584	384	-5.275934
515	54	-5.275934
548	58	-5.2784104
21	215	-5.279671
541	332	-5.2797523
609	17	-5.279791
322	139	-5.2807045
373	16	-5.2823405
565	164	-5.2834983
486	574	-5.284488
558	131	-5.285616
162	61	-5.2896547
577	16	-5.291046
408	653	-5.2912493
579	98	-5.2944136
128	99	-5.294436
233	6	-5.2950015
570	348	-5.295028
597	182	-5.295107
557	433	-5.2960505
653	42	-5.2976418
669	71	-5.299758
87	306	-5.300557
93	10	-5.300706
540	567	-5.3013287
195	158	-5.3023667
111	667	-5.3025174
162	120	-5.305045
397	21	-5.3055778
536	656	-5.3063602
98	157	-5.306463
202	153	-5.3069706
21	446	-5.308294
552	624	-5.3087716
603	14	-5.310313
84	10	-5.3107815
546	453	-5.3122044
270	17	-5.3123326
101	10	-5.313472
176	72	-5.3137026
541	19	-5.314805
632	16	-5.3180246
503	670	-5.318071
58	201	-5.3184624
116	671	-5.3184843
585	509	-5.318574
570	197	-5.3196306
344	36	-5.32455
25	108	-5.325199
102	51	-5.3271174
83	19	-5.3276796
301	71	-5.328051
603	438	-5.3280635
35	253	-5.328482
236	17	-5.331089
546	520	-5.3311796
571	35	-5.3315535
558	145	-5.332871
86	57	-5.3332753
92	233	-5.3342576
302	119	-5.334327
29	211	-5.336807
89	19	-5.3369117
584	264	-5.337059
150	8	-5.3375034
41	249	-5.338154
590	135	-5.3382454
53	79	-5.338677
958	618	-5.3386965
117	305	-5.3399863
598	193	-5.340612
242	29	-5.3414993
561	198	-5.3421545
241	69	-5.3425374
311	73	-5.343257
481	12	-5.343821
47	24	-5.3441978
26	23	-5.34501
46	208	-5.346664
510	589	-5.3475285
476	12	-5.3475432
647	65	-5.3483562
560	65	-5.3499684
48	329	-5.351528
636	77	-5.351903
516	8	-5.3523774
167	81	-5.3528214
541	552	-5.353094
567	120	-5.353162
227	202	-5.353405
406	657	-5.354489
83	241	-5.3547926
657	19	-5.355122
223	38	-5.3551745
249	14	-5.356015
538	524	-5.356433
583	375	-5.356486
561	463	-5.3580794
342	10	-5.3581023
476	662	-5.358126
400	654	-5.358363
476	596	-5.358767
85	178	-5.35927
523	559	-5.3593826
381	19	-5.360552
549	31	-5.361131
83	235	-5.361191
124	95	-5.3612356
385	62	-5.362953
24	166	-5.3640347
615	38	-5.3647757
187	7	-5.365635
26	125	-5.366457
153	18	-5.366531
85	23	-5.366625
63	240	-5.367119
73	184	-5.367838
564	148	-5.369215
259	180	-5.370054
15	65	-5.3708334
531	415	-5.372111
562	416	-5.376407
53	86	-5.3777094
143	664	-5.378002
182	15	-5.37809
621	144	-5.3785434
45	8	-5.3799443
458	673	-5.379982
296	80	-5.3799996
503	25	-5.3803363
187	54	-5.382462
27	30	-5.382642
550	514	-5.3828797
77	127	-5.3849907
550	618	-5.3857675
21	157	-5.386734
636	41	-5.388115
568	332	-5.3886437
448	670	-5.3894258
44	32	-5.390177
397	16	-5.3902335
579	252	-5.390249
226	166	-5.3909125
128	664	-5.391222
410	48	-5.3921394
100	18	-5.3933907
399	30	-5.3945427
619	253	-5.3948445
16	43	-5.395089
139	223	-5.3964143
554	54	-5.3976116
338	89	-5.3983626
540	496	-5.398584
242	59	-5.3987207
549	457	-5.399886
197	61	-5.4006577
517	681	-5.400789
322	72	-5.4020023
537	18	-5.40332
228	36	-5.404215
581	166	-5.406546
569	435	-5.407457
417	26	-5.4082494
133	102	-5.409167
132	148	-5.4097743
22	263	-5.4112186
30	64	-5.4124103
114	39	-5.4138193
582	87	-5.4138594
234	45	-5.4155736
485	7	-5.4159613
192	151	-5.416405
325	104	-5.418308
392	49	-5.418796
77	28	-5.4193964
524	8	-5.4199643
540	205	-5.4208455
201	145	-5.4223714
96	120	-5.42258
26	172	-5.4233127
524	95	-5.4235654
640	18	-5.4239163
355	82	-5.427006
265	31	-5.427046
616	332	-5.4275665
568	68	-5.4276986
105	34	-5.428068
21	78	-5.428168
324	672	-5.4285455
587	150	-5.4287677
21	281	-5.428829
38	671	-5.4298205
598	0	-5.4304895
636	59	-5.431625
215	14	-5.4332643
124	108	-5.4336834
334	10	-5.435
111	655	-5.4351473
224	43	-5.4359074
163	213	-5.437141
279	37	-5.4400945
31	405	-5.4405246
507	8	-5.440668
30	9	-5.4423056
568	449	-5.4424515
25	346	-5.444078
545	633	-5.444521
294	128	-5.444644
75	118	-5.4454
50	671	-5.4463787
584	99	-5.4466605
34	14	-5.446823
389	19	-5.4478226
31	261	-5.447876
575	265	-5.4487405
52	10	-5.4487753
172	242	-5.449188
523	567	-5.4502015
572	324	-5.4508758
588	243	-5.4515266
589	291	-5.452076
575	77	-5.452392
32	563	-5.4529696
33	198	-5.453268
466	10	-5.4533916
570	223	-5.4536605
596	287	-5.454191
119	92	-5.4543195
598	215	-5.454393
536	559	-5.4553084
106	110	-5.455338
142	76	-5.457896
192	95	-5.4580665
332	91	-5.4581704
507	515	-5.4584603
673	73	-5.458793
75	145	-5.461062
101	42	-5.461618
283	106	-5.463408
157	8	-5.463675
89	227	-5.4640946
117	293	-5.4641676
502	653	-5.466454
109	313	-5.4671392
665	65	-5.467497
21	97	-5.4688745
528	609	-5.470639
374	103	-5.471556
629	12	-5.4715714
564	459	-5.471777
510	21	-5.4718046
559	419	-5.4720407
19	340	-5.472246
591	167	-5.472343
464	673	-5.4738708
621	170	-5.4740233
563	490	-5.4740295
103	655	-5.4749026
128	138	-5.4750147
186	165	-5.4758153
597	197	-5.4764
460	10	-5.4773307
583	162	-5.477948
589	307	-5.477968
27	228	-5.4784384
578	347	-5.479873
601	10	-5.480157
596	470	-5.482095
589	506	-5.482685
586	247	-5.483228
405	18	-5.4868746
96	224	-5.4869137
484	668	-5.48726
21	438	-5.4876823
91	652	-5.487775
241	17	-5.4880247
220	68	-5.488791
479	40	-5.48932
532	538	-5.490045
385	95	-5.4902663
8	65	-5.490516
594	484	-5.4906397
550	509	-5.4923043
32	496	-5.493822
563	106	-5.494067
626	27	-5.494204
115	653	-5.4943895
316	664	-5.4944
518	628	-5.4944844
225	15	-5.494507
514	580	-5.495041
445	23	-5.496468
543	641	-5.4965806
54	6	-5.4967527
553	461	-5.497144
146	136	-5.497326
595	178	-5.4991245
83	310	-5.4992805
8	43	-5.4994245
586	120	-5.5004463
32	54	-5.502093
402	8	-5.503135
401	12	-5.503366
25	413	-5.5063205
21	227	-5.5064483
590	495	-5.5077176
137	19	-5.5091596
580	380	-5.5094123
109	201	-5.5105953
634	37	-5.5124474
570	10	-5.512551
20	23	-5.517668
527	565	-5.519255
69	134	-5.51953
293	18	-5.5209575
45	247	-5.5220985
583	156	-5.5230713
360	78	-5.523723
24	160	-5.525054
248	156	-5.52653
89	11	-5.526805
53	17	-5.5272155
596	278	-5.5274296
117	113	-5.528554
21	345	-5.528776
48	19	-5.5291405
330	100	-5.5294437
302	14	-5.5310793
214	175	-5.5314226
29	166	-5.531772
532	161	-5.531812
22	652	-5.533414
349	14	-5.5341425
392	13	-5.5345054
644	17	-5.535232
204	149	-5.535404
21	416	-5.535442
327	63	-5.536058
545	34	-5.536334
92	158	-5.536649
158	17	-5.5375395
644	62	-5.5376077
321	65	-5.539439
21	208	-5.539732
137	191	-5.5398817
583	413	-5.5414314
569	98	-5.5417805
21	51	-5.5429945
563	152	-5.544335
621	231	-5.5456443
596	261	-5.5457706
198	226	-5.547761
203	57	-5.5507107
30	182	-5.5512404
653	7	-5.5536184
252	60	-5.5537286
365	27	-5.5537944
493	59	-5.554639
21	60	-5.5555296
566	87	-5.556915
384	11	-5.5574465
83	61	-5.557713
626	35	-5.55793
516	575	-5.558011
46	295	-5.558699
619	106	-5.5596967
385	20	-5.5599008
335	54	-5.560098
237	13	-5.5605683
595	480	-5.56075
42	91	-5.5610576
455	10	-5.5615916
65	193	-5.5626297
959	679	-5.563192
287	101	-5.5634084
100	671	-5.564636
124	245	-5.566732
316	672	-5.5680985
8	33	-5.5684776
272	31	-5.5685015
536	551	-5.568668
17	121	-5.569166
102	126	-5.569282
459	17	-5.5703487
76	66	-5.570854
563	119	-5.5721846
382	4	-5.572415
636	85	-5.5733776
96	213	-5.573619
85	15	-5.573851
306	664	-5.5745063
22	235	-5.5748463
541	648	-5.5760922
48	204	-5.576941
516	673	-5.57701
545	470	-5.57734
30	351	-5.577797
570	106	-5.5778847
376	25	-5.578169
514	29	-5.5784063
572	289	-5.5784783
569	19	-5.5789156
60	197	-5.5793853
617	73	-5.5805597
584	524	-5.581787
106	142	-5.5826797
578	451	-5.583589
308	12	-5.586288
578	88	-5.5904994
507	658	-5.5905604
107	154	-5.5924582
215	72	-5.5940824
36	171	-5.594999
89	362	-5.5957775
25	155	-5.5963025
31	419	-5.596931
106	47	-5.5976334
584	256	-5.5991364
635	0	-5.599728
122	671	-5.6000876
637	9	-5.60152
482	658	-5.6025143
30	644	-5.6034474
501	605	-5.603461
136	226	-5.6045017
6	597	-5.6059766
325	75	-5.6060596
392	4	-5.6062603
557	505	-5.6070127
217	126	-5.60703
66	316	-5.6087613
656	55	-5.6091228
278	134	-5.61076
528	595	-5.6109567
588	3	-5.6118355
26	661	-5.6123576
331	13	-5.615351
253	151	-5.615357
317	142	-5.6159286
546	538	-5.6163654
332	47	-5.6180162
237	5	-5.6184416
42	169	-5.618516
22	179	-5.619344
31	558	-5.6194987
530	575	-5.62061
77	179	-5.6214795
581	531	-5.6215143
39	45	-5.62238
29	96	-5.623149
568	338	-5.623309
247	108	-5.6233225
546	510	-5.6235857
564	21	-5.6262903
25	429	-5.6266007
236	64	-5.6276445
237	21	-5.628129
546	505	-5.6287246
142	182	-5.6288834
33	665	-5.6290393
538	555	-5.6295366
8	49	-5.6296306
134	233	-5.6301613
338	672	-5.630607
429	23	-5.631401
580	393	-5.6321197
266	35	-5.632614
652	19	-5.633537
279	107	-5.634276
297	123	-5.635408
595	6	-5.6354494
132	24	-5.6360555
168	106	-5.6364465
170	170	-5.63747
192	194	-5.6376023
193	59	-5.637981
21	259	-5.6384873
632	7	-5.638916
107	19	-5.639302
45	671	-5.6394563
250	105	-5.6402173
372	70	-5.641085
544	485	-5.6425443
573	160	-5.642612
189	189	-5.6435566
118	19	-5.6465845
104	207	-5.6484184
246	58	-5.648518
26	222	-5.648646
136	99	-5.650218
352	8	-5.6503696
571	427	-5.651093
101	105	-5.6514416
569	183	-5.651551
312	15	-5.651978
197	162	-5.6523275
536	662	-5.653602
265	43	-5.6537986
463	13	-5.6547885
501	618	-5.6552114
32	203	-5.6552362
581	302	-5.6558146
193	51	-5.6558776
93	108	-5.6562467
35	264	-5.65629
318	109	-5.656486
20	396	-5.656934
17	192	-5.6573606
160	216	-5.657992
6	61	-5.659032
596	201	-5.6595182
661	62	-5.6596103
546	477	-5.660214
588	146	-5.6602845
29	672	-5.6610193
530	555	-5.6610312
572	562	-5.6634774
81	177	-5.663733
413	42	-5.6638885
108	299	-5.6639113
556	612	-5.6639495
184	71	-5.6647882
246	11	-5.664977
299	93	-5.6687603
343	672	-5.6692038
578	10	-5.6695895
377	15	-5.6725006
107	322	-5.6725383
571	318	-5.673726
21	310	-5.6746573
572	567	-5.6751003
205	87	-5.675832
306	17	-5.6763353
393	28	-5.6769056
262	98	-5.677256
30	578	-5.677417
487	57	-5.677673
24	406	-5.6787176
552	65	-5.6808987
144	82	-5.6845794
532	671	-5.684583
571	419	-5.684962
159	126	-5.6855125
552	218	-5.6857967
554	502	-5.6860533
267	11	-5.6867223
529	674	-5.6875577
67	241	-5.6889715
20	69	-5.68909
559	150	-5.691068
34	299	-5.6923695
511	665	-5.6929827
113	312	-5.6930013
575	166	-5.693825
534	376	-5.694592
12	44	-5.694914
563	160	-5.6953197
283	100	-5.695759
663	29	-5.696282
512	661	-5.696547
95	164	-5.696938
567	36	-5.696989
101	22	-5.6975927
70	151	-5.697627
490	21	-5.6985297
508	597	-5.6988735
580	501	-5.69919
95	19	-5.7001843
566	141	-5.701416
566	583	-5.70146
43	14	-5.701512
570	52	-5.701694
16	337	-5.7017093
127	145	-5.7018223
25	129	-5.702626
362	4	-5.7037206
79	173	-5.70374
212	51	-5.7041955
63	154	-5.705341
151	174	-5.7061224
315	74	-5.706223
262	48	-5.706488
74	314	-5.7070003
77	12	-5.7074776
238	114	-5.7083044
199	186	-5.7086673
501	613	-5.7091284
545	182	-5.709743
573	176	-5.7108526
113	203	-5.7118535
26	134	-5.712578
95	305	-5.7136507
194	55	-5.7140346
564	409	-5.7140627
262	12	-5.7143774
97	665	-5.7156754
102	301	-5.715781
8	144	-5.7178836
21	104	-5.7180333
52	29	-5.7184715
614	10	-5.719348
648	10	-5.7194486
542	293	-5.7196565
104	119	-5.7200003
30	483	-5.720094
644	57	-5.720449
100	223	-5.7220836
32	79	-5.7228312
149	89	-5.7235937
38	15	-5.724349
272	96	-5.726104
205	180	-5.727074
593	241	-5.7285953
34	272	-5.729424
598	242	-5.729622
176	14	-5.729776
124	137	-5.7304792
133	195	-5.7314396
51	23	-5.731567
312	77	-5.7320886
106	42	-5.7321677
210	80	-5.7327228
75	241	-5.733629
479	589	-5.7339454
260	31	-5.734937
553	237	-5.735507
615	43	-5.7371473
564	211	-5.73719
623	132	-5.7373104
533	578	-5.737889
110	141	-5.7379227
557	447	-5.739192
136	133	-5.7393417
617	315	-5.739666
74	130	-5.7397337
299	83	-5.7404575
645	42	-5.741179
263	55	-5.741422
583	240	-5.7443733
232	41	-5.7447734
103	146	-5.746376
224	124	-5.7474594
587	396	-5.7480454
230	61	-5.7482767
572	69	-5.7487984
21	30	-5.74943
588	320	-5.7520943
604	427	-5.7525525
183	168	-5.754315
91	310	-5.754489
12	50	-5.754833
597	274	-5.755493
195	189	-5.756557
530	681	-5.7568674
171	79	-5.7586536
37	210	-5.759558
551	470	-5.761141
149	219	-5.761408
413	25	-5.7614846
585	298	-5.762087
555	23	-5.765429
97	114	-5.7654943
246	70	-5.765813
574	357	-5.7660193
597	187	-5.7663717
87	7	-5.7663765
118	152	-5.766724
21	86	-5.766872
280	169	-5.768082
343	60	-5.7686996
166	85	-5.7688823
142	189	-5.76958
480	60	-5.770632
24	393	-5.771129
402	668	-5.7711425
562	469	-5.771409
539	517	-5.7722807
101	154	-5.773369
490	652	-5.7745805
372	32	-5.775434
268	144	-5.778275
576	338	-5.7783856
507	42	-5.7813616
8	345	-5.783042
155	128	-5.783285
367	665	-5.7840514
114	302	-5.784725
568	227	-5.7852526
617	355	-5.787062
534	563	-5.787616
302	75	-5.78763
339	43	-5.7893267
74	122	-5.789419
577	300	-5.7899837
34	402	-5.7905235
89	271	-5.7910914
112	245	-5.7916436
586	336	-5.793078
17	185	-5.793101
21	286	-5.7932396
470	6	-5.7933426
508	510	-5.794676
361	654	-5.7969646
673	84	-5.7980866
182	85	-5.8026094
556	33	-5.803772
41	208	-5.804593
41	37	-5.808176
75	7	-5.8086915
331	56	-5.808925
209	60	-5.8097677
452	676	-5.809932
16	70	-5.81158
169	15	-5.811809
388	33	-5.8126187
511	593	-5.815179
81	13	-5.815846
566	9	-5.816948
524	105	-5.8169546
86	138	-5.8181577
288	671	-5.819026
21	92	-5.8251967
577	240	-5.8258395
105	316	-5.826371
273	39	-5.827039
66	17	-5.827364
325	6	-5.829507
120	200	-5.8301554
30	609	-5.8305826
8	242	-5.8321576
495	34	-5.8324575
214	129	-5.833129
380	62	-5.8361473
503	46	-5.840708
559	474	-5.841396
128	198	-5.8422904
520	7	-5.842598
570	88	-5.842767
503	527	-5.84304
118	309	-5.8435144
575	305	-5.8447037
498	669	-5.8448834
596	211	-5.8450975
132	672	-5.846409
549	48	-5.8464293
208	134	-5.847045
162	172	-5.8478007
564	420	-5.8480496
34	656	-5.8485246
287	107	-5.8488846
581	542	-5.850468
5	593	-5.8505645
589	312	-5.8509336
22	132	-5.8534813
560	166	-5.855898
566	101	-5.856856
30	628	-5.8579135
542	283	-5.8579383
378	654	-5.8579445
621	158	-5.8584404
139	80	-5.8592215
8	254	-5.85967
25	418	-5.859731
590	257	-5.8609276
621	260	-5.8610716
546	489	-5.861867
608	13	-5.8622236
238	31	-5.8628235
26	305	-5.8635893
579	111	-5.8638434
60	28	-5.863906
617	79	-5.8647733
255	12	-5.865293
184	66	-5.865623
394	654	-5.8657055
118	297	-5.8661804
566	426	-5.8667345
532	366	-5.8683157
506	640	-5.868757
17	412	-5.8688345
586	137	-5.8690057
149	652	-5.8692117
516	632	-5.8732076
172	98	-5.874446
665	7	-5.874724
492	50	-5.8752747
543	524	-5.8758774
18	242	-5.8762136
153	179	-5.876219
17	61	-5.876274
373	28	-5.8767486
172	107	-5.877952
21	433	-5.8780804
109	10	-5.8785343
636	49	-5.878683
49	15	-5.880145
8	248	-5.880605
79	117	-5.880823
27	665	-5.88279
78	142	-5.8828254
110	151	-5.8836966
54	665	-5.884195
571	119	-5.884449
645	13	-5.884666
97	12	-5.885035
590	287	-5.8850646
169	207	-5.887296
183	238	-5.887598
583	4	-5.8902116
79	17	-5.8907814
16	35	-5.8908296
575	94	-5.8916674
563	375	-5.8919
580	351	-5.8924494
545	25	-5.89333
570	203	-5.8946548
579	149	-5.894912
295	102	-5.8954525
510	36	-5.895575
6	262	-5.897185
511	7	-5.8980823
636	4	-5.8990464
25	54	-5.8992877
541	234	-5.899736
524	677	-5.8997865
631	45	-5.9000835
139	8	-5.900266
87	653	-5.901209
121	111	-5.9012933
421	25	-5.9036107
512	636	-5.904599
583	403	-5.906751
17	226	-5.906985
192	90	-5.907031
630	1	-5.908597
141	219	-5.9101906
385	15	-5.9104214
119	667	-5.9115424
233	36	-5.9116344
6	268	-5.9123435
180	89	-5.912345
226	128	-5.913188
199	86	-5.91478
566	40	-5.915068
584	285	-5.9151626
38	300	-5.9157004
17	329	-5.916097
554	10	-5.9181967
168	101	-5.9190764
204	83	-5.919152
54	246	-5.9197903
57	18	-5.92038
120	247	-5.921189
566	384	-5.9223027
466	677	-5.9223914
246	31	-5.923032
62	287	-5.9235487
89	665	-5.9236073
362	30	-5.924604
208	52	-5.924816
370	2	-5.925415
99	656	-5.9262996
271	12	-5.927257
16	232	-5.928511
285	19	-5.928683
37	5	-5.9290066
185	198	-5.9292307
100	130	-5.931042
300	665	-5.9325786
284	672	-5.9336605
439	61	-5.9344006
154	78	-5.935034
615	55	-5.93748
118	210	-5.938128
30	195	-5.9386787
651	15	-5.9394236
563	172	-5.939801
487	646	-5.9401326
647	100	-5.9411545
563	136	-5.9424524
641	11	-5.94295
70	672	-5.944157
212	145	-5.944436
54	198	-5.9449434
12	68	-5.945055
587	277	-5.9451814
621	87	-5.9453244
498	21	-5.9456725
579	258	-5.9462852
30	615	-5.9470534
528	118	-5.947377
234	164	-5.9477687
533	165	-5.947968
572	448	-5.949045
591	175	-5.9492583
43	261	-5.9497447
178	168	-5.950173
248	187	-5.9509745
580	385	-5.952819
25	671	-5.9543867
13	415	-5.9552093
107	256	-5.9553404
338	8	-5.956511
531	154	-5.957631
153	218	-5.958479
558	498	-5.9586787
300	672	-5.959943
403	85	-5.9602365
525	552	-5.961328
551	27	-5.961521
658	7	-5.9622793
585	326	-5.964365
378	2	-5.964856
563	500	-5.9648814
571	341	-5.965468
573	170	-5.965712
232	122	-5.966007
193	164	-5.9663863
581	137	-5.967398
590	140	-5.9680285
25	19	-5.968661
24	27	-5.9690104
549	631	-5.9703174
22	8	-5.9706383
583	112	-5.970735
525	99	-5.972514
560	223	-5.9744167
306	8	-5.975624
959	614	-5.9759574
561	598	-5.9770136
259	151	-5.977504
587	402	-5.978394
125	141	-5.9785714
569	77	-5.978753
25	450	-5.978818
8	70	-5.97895
206	145	-5.9801965
596	255	-5.980297
544	497	-5.9815464
576	384	-5.9818425
537	540	-5.9824233
12	34	-5.9826074
279	102	-5.9831786
105	310	-5.983211
328	673	-5.9840264
20	82	-5.9841895
532	571	-5.985519
8	169	-5.985576
145	218	-5.9863005
585	167	-5.9863367
21	73	-5.986796
522	613	-5.9874973
566	403	-5.9894586
6	609	-5.990082
611	403	-5.9904785
10	339	-5.9918933
294	14	-5.9938364
58	80	-5.9949174
156	12	-5.9951215
559	107	-5.995816
466	623	-5.996262
211	150	-5.9966044
334	64	-5.9970403
604	434	-5.997528
649	104	-5.998437
549	480	-5.9990172
572	40	-5.9993725
