x_coord	y_coord	score
204	327	-0.15131125
203	323	-0.26813093
202	319	-0.45803455
206	331	-0.46263385
213	352	-0.4644154
212	348	-0.6407848
210	342	-0.6456313
200	315	-0.6529664
214	356	-0.66738105
207	335	-0.6723357
251	465	-0.78571904
156	143	-0.8379723
128	317	-0.85020447
149	122	-0.8506088
206	339	-0.8651422
236	422	-0.8994819
213	360	-0.913234
238	426	-0.9153497
157	147	-0.92154026
151	127	-0.9230251
252	469	-0.9301226
199	311	-1.0009587
156	151	-1.0091721
239	430	-1.0212864
148	118	-1.0397708
129	321	-1.0444112
207	324	-1.0551498
208	346	-1.0893116
232	408	-1.0957361
241	434	-1.1206125
137	69	-1.1231474
139	78	-1.1255282
157	155	-1.1304106
234	418	-1.1352688
215	364	-1.1371024
157	138	-1.1502552
231	404	-1.1585943
128	312	-1.1716185
210	355	-1.1728268
250	461	-1.1924045
255	475	-1.1924813
153	137	-1.1954733
209	351	-1.20437
137	74	-1.2086186
243	445	-1.2343048
138	65	-1.2476501
203	334	-1.2539641
143	92	-1.2563596
243	440	-1.256545
199	322	-1.2606244
67	70	-1.2675599
83	149	-1.2721617
206	320	-1.2739111
141	83	-1.2771647
209	553	-1.2788019
235	429	-1.2909293
234	412	-1.2911537
258	483	-1.2935544
153	146	-1.3016295
152	142	-1.3055114
125	309	-1.3088846
152	133	-1.3113167
147	126	-1.3158764
211	338	-1.3201443
137	82	-1.3238683
256	479	-1.3268721
245	449	-1.3287463
204	314	-1.3311265
262	491	-1.3540187
198	307	-1.3625503
207	549	-1.3671513
152	153	-1.3722847
200	326	-1.3734121
216	368	-1.3740716
155	130	-1.3815536
171	205	-1.3844618
77	118	-1.3844872
148	130	-1.3869948
260	487	-1.3968475
217	580	-1.4019619
251	473	-1.402566
130	37	-1.4096963
215	574	-1.4111662
264	503	-1.4167364
156	159	-1.4210418
213	568	-1.4243293
236	433	-1.430958
147	114	-1.4478154
219	374	-1.4488281
137	61	-1.4517252
156	134	-1.4653419
142	87	-1.4657046
197	318	-1.4879444
263	499	-1.4888953
75	114	-1.489198
205	343	-1.4905883
144	96	-1.4955592
230	400	-1.4971503
65	61	-1.5005347
211	564	-1.5102
217	359	-1.5105492
129	326	-1.514862
78	122	-1.5153346
256	471	-1.5173444
219	586	-1.5319061
206	545	-1.535972
158	163	-1.5383817
251	457	-1.5476447
66	75	-1.5520401
196	314	-1.5631244
66	66	-1.5654253
201	330	-1.574509
209	328	-1.5756234
123	301	-1.5787987
230	413	-1.5797056
173	209	-1.583416
171	213	-1.5863748
170	201	-1.5864906
228	407	-1.590905
210	332	-1.5932317
161	170	-1.5958469
117	283	-1.5970774
239	438	-1.5975587
264	508	-1.6016983
196	301	-1.6023672
124	305	-1.6064231
227	395	-1.6133767
312	647	-1.6206747
219	380	-1.6239972
79	127	-1.6339895
117	276	-1.6440455
311	643	-1.6514685
62	388	-1.6572521
255	466	-1.6597933
83	144	-1.6670399
153	123	-1.6672028
264	495	-1.6721729
64	57	-1.6724252
173	451	-1.6833446
220	385	-1.686852
74	110	-1.6892072
247	453	-1.6935073
277	541	-1.6989238
84	153	-1.6995811
209	558	-1.7010349
279	545	-1.7070243
295	595	-1.7071735
71	89	-1.7202532
131	33	-1.7246013
162	174	-1.7297051
273	529	-1.7317483
203	310	-1.7358708
136	57	-1.7380702
217	353	-1.7423446
141	73	-1.7465811
310	639	-1.7628678
215	372	-1.7634271
100	219	-1.7652491
225	389	-1.7700398
297	599	-1.7809165
275	537	-1.7829875
220	590	-1.7830043
281	549	-1.784878
128	306	-1.785319
214	344	-1.79229
138	86	-1.7951088
122	297	-1.8078463
165	434	-1.8083773
271	525	-1.8169888
157	167	-1.8177319
266	512	-1.8197646
274	533	-1.8290815
167	438	-1.8292264
145	121	-1.8304421
205	541	-1.8310258
247	464	-1.8377825
58	381	-1.8399799
115	272	-1.8404821
254	462	-1.8426795
226	402	-1.8536098
57	370	-1.8571863
81	132	-1.8589464
195	310	-1.8591869
219	365	-1.86306
120	291	-1.8733537
149	136	-1.87418
62	393	-1.874398
170	217	-1.8855661
311	651	-1.8872962
244	431	-1.8895413
119	287	-1.9064543
242	427	-1.9065688
245	436	-1.9115891
251	452	-1.9162049
246	457	-1.9163076
237	415	-1.9193753
139	90	-1.9215174
222	377	-1.9251704
163	426	-1.9279306
152	158	-1.9311849
134	39	-1.9363841
132	43	-1.9385955
247	444	-1.9438645
143	100	-1.951189
309	634	-1.9576378
171	197	-1.9685533
252	478	-1.9694556
217	570	-1.9726026
220	370	-1.9737246
71	94	-1.9755659
233	425	-1.9779679
219	594	-1.9838835
132	318	-1.9899176
160	158	-1.9944
83	137	-1.9968877
248	468	-1.9969252
216	349	-1.9993503
143	79	-2.000471
99	215	-2.004083
260	496	-2.0051637
67	86	-2.0060005
74	105	-2.0203266
231	396	-2.0213957
202	338	-2.0224814
64	397	-2.0274792
160	152	-2.0287592
209	359	-2.029916
295	590	-2.032494
219	576	-2.0327575
55	366	-2.041262
84	503	-2.0453856
104	232	-2.0479965
57	377	-2.0483708
93	190	-2.0493393
290	579	-2.0506554
163	178	-2.0510755
291	583	-2.0552886
262	482	-2.0554733
259	476	-2.056365
223	393	-2.0598838
169	442	-2.0625653
269	515	-2.0633717
61	384	-2.078326
141	68	-2.083109
314	640	-2.0836833
127	34	-2.0913339
154	164	-2.0984185
152	119	-2.1023765
441	652	-2.1066542
158	173	-2.1105442
281	555	-2.114652
141	62	-2.1179059
249	448	-2.118028
101	224	-2.1337461
235	405	-2.1376076
223	382	-2.139245
187	277	-2.1427915
224	398	-2.1429057
113	268	-2.1500366
449	652	-2.1524105
313	636	-2.152929
239	443	-2.1529942
239	419	-2.1533043
258	492	-2.156822
72	101	-2.1591387
87	403	-2.1594515
165	193	-2.162999
147	106	-2.1668398
162	166	-2.1688983
156	126	-2.1709886
242	453	-2.1742766
164	430	-2.1753566
205	554	-2.176696
216	377	-2.1798377
124	313	-2.183511
140	58	-2.184308
211	365	-2.1865635
271	519	-2.190438
269	530	-2.193851
196	296	-2.1958652
460	652	-2.1969237
77	131	-2.1970475
264	486	-2.1970675
197	520	-2.1981187
131	640	-2.1991239
159	425	-2.2036178
267	500	-2.205606
216	565	-2.206989
268	504	-2.2072055
160	141	-2.2130725
130	331	-2.2183459
134	66	-2.2219713
194	510	-2.22496
171	447	-2.2261877
125	320	-2.2275317
315	650	-2.2283232
92	185	-2.2295272
175	203	-2.2343853
69	78	-2.234567
303	615	-2.2426577
134	47	-2.2449205
150	149	-2.2514658
197	525	-2.2614713
148	143	-2.2626507
148	110	-2.2639987
63	53	-2.2670178
187	265	-2.2730956
221	582	-2.2773163
165	199	-2.2812784
134	77	-2.2882602
79	113	-2.2888439
194	305	-2.289365
294	586	-2.290014
135	51	-2.2999294
91	418	-2.3011246
80	444	-2.3011875
266	490	-2.3013089
254	484	-2.30885
315	644	-2.3111513
127	302	-2.314655
132	644	-2.3159218
215	584	-2.3161952
86	396	-2.3178518
269	509	-2.3186915
165	185	-2.319805
234	401	-2.3200026
220	390	-2.3252184
229	391	-2.3266125
210	546	-2.327555
225	606	-2.3292716
226	411	-2.3298676
85	507	-2.3321223
209	542	-2.3424873
130	636	-2.3511512
175	455	-2.351971
241	423	-2.3534665
304	624	-2.3547146
221	598	-2.3549657
79	136	-2.3584566
303	620	-2.3614032
298	603	-2.3642125
166	204	-2.3663914
229	417	-2.3680723
65	401	-2.3693616
200	303	-2.3804028
305	628	-2.3819406
159	131	-2.388333
195	514	-2.392051
203	537	-2.3953161
124	31	-2.3961253
212	369	-2.3969355
281	540	-2.396951
78	109	-2.3993654
62	380	-2.40088
213	578	-2.4038317
268	522	-2.407139
71	73	-2.4096465
120	280	-2.4137876
207	562	-2.4194353
282	562	-2.4202828
91	181	-2.4236042
283	544	-2.4368212
226	385	-2.4384427
83	499	-2.4435215
203	548	-2.4500396
95	213	-2.4525926
164	189	-2.453055
83	486	-2.4539402
294	602	-2.4562829
279	533	-2.4580069
285	565	-2.4655466
195	292	-2.4688425
445	651	-2.4689546
291	591	-2.4729807
101	229	-2.4759612
238	411	-2.4776227
58	387	-2.4776747
74	121	-2.4813151
161	145	-2.4826887
139	54	-2.4838674
192	300	-2.4873016
144	117	-2.4883685
260	502	-2.4887016
32	34	-2.4888353
119	271	-2.491306
140	95	-2.491979
188	260	-2.4929805
224	406	-2.4946952
71	113	-2.495605
267	526	-2.4961586
276	548	-2.4997058
256	488	-2.5003054
83	157	-2.5031695
55	361	-2.5044837
145	84	-2.5051818
124	293	-2.5061603
133	323	-2.5116563
208	652	-2.5120316
130	29	-2.5123248
290	587	-2.5139112
436	652	-2.5156617
80	452	-2.520359
117	267	-2.5233536
81	448	-2.524329
173	193	-2.528332
290	573	-2.5289237
209	569	-2.5332057
75	125	-2.533521
83	491	-2.5355642
126	38	-2.5359778
126	298	-2.542831
93	208	-2.5534022
134	85	-2.5545025
306	638	-2.5555997
303	607	-2.5558307
143	55	-2.558239
121	308	-2.5593588
235	437	-2.564986
179	256	-2.5673928
238	650	-2.5678642
309	629	-2.5739043
220	356	-2.574171
285	557	-2.5775356
213	557	-2.5812516
130	629	-2.5825214
172	517	-2.584096
94	194	-2.585882
87	392	-2.5865574
208	316	-2.5894895
122	284	-2.5923238
71	84	-2.5926082
112	275	-2.5941336
44	646	-2.5976388
103	236	-2.597724
134	337	-2.5996249
223	587	-2.6035886
87	410	-2.6044824
116	290	-2.6051693
79	440	-2.606075
80	140	-2.6090622
169	221	-2.6105518
151	115	-2.6110873
132	55	-2.6121686
67	91	-2.6140342
114	280	-2.6143537
206	354	-2.6143656
84	495	-2.6196346
165	171	-2.6208286
302	611	-2.621799
307	642	-2.6219563
207	536	-2.6219983
132	313	-2.6248717
224	602	-2.6270647
60	374	-2.6289163
160	135	-2.629309
216	383	-2.6331737
177	211	-2.6343594
106	248	-2.6428688
163	439	-2.6440568
175	198	-2.6451435
144	111	-2.648615
88	489	-2.6488862
147	99	-2.6525385
231	421	-2.6526217
131	50	-2.6533432
271	536	-2.6542056
167	446	-2.6550457
90	177	-2.6551301
90	413	-2.6563802
153	169	-2.6588025
66	81	-2.659744
76	99	-2.661358
84	386	-2.6616385
143	125	-2.661835
266	518	-2.6670444
81	119	-2.6672611
113	260	-2.667622
214	561	-2.6705618
133	71	-2.6706045
198	529	-2.6707933
160	429	-2.674178
135	35	-2.6772995
76	436	-2.6802423
131	309	-2.6806571
278	552	-2.684534
89	399	-2.6857042
295	582	-2.6859787
147	93	-2.6871452
216	589	-2.6911764
100	233	-2.6921976
212	550	-2.6944344
168	209	-2.6957119
130	623	-2.6966915
137	348	-2.697065
174	216	-2.6978116
274	544	-2.6983247
275	524	-2.699198
83	128	-2.6996164
171	437	-2.706111
33	39	-2.7098804
159	177	-2.7099693
86	167	-2.7111118
127	42	-2.7138236
83	480	-2.7170076
88	481	-2.7199543
64	405	-2.7242775
286	561	-2.7271042
277	528	-2.7324479
65	385	-2.7347398
285	551	-2.735349
240	449	-2.7356071
213	651	-2.7371793
260	509	-2.7396748
120	304	-2.7420337
188	270	-2.7436218
262	513	-2.7472525
273	513	-2.7485242
99	210	-2.748967
92	422	-2.7492907
94	217	-2.7505515
268	496	-2.751047
109	511	-2.7511494
166	175	-2.7518854
221	402	-2.7589734
82	123	-2.7608056
135	89	-2.7620656
202	544	-2.7632124
54	380	-2.7664018
123	288	-2.7664156
223	593	-2.7691472
928	664	-2.7696164
130	336	-2.773988
178	251	-2.775124
291	596	-2.7764156
132	649	-2.776953
219	602	-2.7773464
264	532	-2.7884705
66	389	-2.7909675
308	646	-2.7932248
314	632	-2.7944803
205	349	-2.794849
279	559	-2.7967381
143	107	-2.7975929
196	288	-2.8014374
96	475	-2.8042016
260	472	-2.8049588
183	263	-2.8089285
161	433	-2.8110294
211	573	-2.8124268
190	503	-2.816332
192	295	-2.8164973
99	193	-2.8168242
136	93	-2.817042
95	425	-2.8205132
247	472	-2.8211858
162	182	-2.821477
111	32	-2.8231456
303	599	-2.8240392
208	402	-2.835478
191	284	-2.8359709
78	104	-2.8389986
219	651	-2.8399978
173	220	-2.8418772
88	475	-2.8421912
111	519	-2.844681
134	30	-2.8448558
91	486	-2.8511496
99	490	-2.8531806
108	252	-2.8537066
101	496	-2.854073
72	117	-2.85479
215	340	-2.8554575
104	243	-2.8592532
171	513	-2.8594232
96	187	-2.8604033
141	350	-2.8612018
146	89	-2.8631213
177	450	-2.8666818
147	607	-2.8731596
137	342	-2.8756368
95	479	-2.877394
221	361	-2.878082
128	643	-2.8839424
84	163	-2.8859162
84	400	-2.8948138
70	109	-2.8986487
286	569	-2.9013276
173	441	-2.9054546
182	470	-2.9055085
169	452	-2.9062235
110	515	-2.909573
221	607	-2.916112
30	182	-2.9181657
216	389	-2.92121
152	96	-2.9232101
123	35	-2.92584
105	228	-2.9271185
200	298	-2.927433
56	32	-2.929266
207	311	-2.9300773
31	187	-2.9305658
129	46	-2.9322827
165	215	-2.937062
104	221	-2.937456
71	68	-2.9379284
91	404	-2.9396203
386	625	-2.9403546
200	75	-2.9404314
95	419	-2.9411328
94	204	-2.9431665
304	603	-2.9484665
183	258	-2.9526148
214	335	-2.9554977
75	95	-2.9556527
168	431	-2.9562917
190	280	-2.9580944
317	637	-2.9592664
45	641	-2.9608607
204	533	-2.9619405
90	193	-2.9630253
465	652	-2.9634008
220	397	-2.9637897
163	162	-2.9641979
151	394	-2.9681568
155	426	-2.9685264
248	440	-2.9716926
87	485	-2.9750497
191	507	-2.9784868
202	652	-2.9784875
172	189	-2.9799001
272	540	-2.9826102
73	77	-2.9848032
142	51	-2.9876
196	283	-2.9894462
454	652	-2.9910767
101	502	-2.9933949
108	234	-2.9934533
178	245	-2.9940555
68	58	-3.0002444
298	608	-3.0009072
118	295	-3.0009964
242	459	-3.0014665
305	633	-3.0016792
255	458	-3.0017939
120	32	-3.0027237
188	299	-3.0028071
103	216	-3.004537
172	509	-3.0060656
63	72	-3.0096726
166	181	-3.0099044
210	321	-3.013509
67	54	-3.0141778
133	328	-3.0187435
59	365	-3.0194867
44	635	-3.021069
199	293	-3.0213878
131	63	-3.022749
79	146	-3.0250835
83	511	-3.0256414
111	283	-3.0268745
308	625	-3.0282574
201	526	-3.0291526
226	379	-3.0294373
105	32	-3.0309
121	275	-3.0311131
75	432	-3.0311239
144	59	-3.034018
223	373	-3.0346174
171	523	-3.0379412
76	139	-3.0380306
124	609	-3.0399458
112	264	-3.0401978
193	521	-3.0435047
167	425	-3.043593
61	369	-3.0446684
175	446	-3.045017
87	471	-3.0458786
208	411	-3.047019
162	422	-3.0483477
121	316	-3.0504253
91	478	-3.054445
130	67	-3.05464
111	256	-3.057017
82	392	-3.059992
196	325	-3.0609334
91	173	-3.0627067
91	493	-3.068159
144	129	-3.0698838
199	533	-3.0705066
226	610	-3.0743766
204	306	-3.0773594
290	567	-3.0773609
188	292	-3.0825183
281	566	-3.0839994
127	51	-3.0845995
177	463	-3.0853643
67	394	-3.0876176
87	500	-3.087908
189	499	-3.090336
192	289	-3.0932364
298	587	-3.094896
64	49	-3.0952983
126	27	-3.0969396
184	474	-3.0978537
147	461	-3.0997906
43	650	-3.101981
293	576	-3.102366
80	435	-3.104397
206	566	-3.1044123
198	651	-3.1093636
178	229	-3.1107213
93	200	-3.1174068
169	192	-3.117833
119	300	-3.1183333
87	150	-3.1199446
150	165	-3.1228077
133	341	-3.1228902
133	81	-3.1233857
191	276	-3.1267438
95	487	-3.1274538
96	483	-3.1290743
91	409	-3.1295536
744	662	-3.1298912
267	535	-3.1319962
206	406	-3.132794
179	261	-3.134927
150	465	-3.1354778
151	92	-3.1375697
138	38	-3.138406
217	394	-3.1453123
103	506	-3.1453712
299	594	-3.1454213
157	122	-3.1478865
32	113	-3.1491554
187	283	-3.1496494
61	39	-3.149741
130	24	-3.1500742
187	303	-3.1507244
242	651	-3.1523902
206	398	-3.1532617
173	225	-3.1544676
319	651	-3.1589952
158	181	-3.1590457
69	62	-3.1600666
259	468	-3.164228
54	374	-3.1660342
190	514	-3.173434
199	335	-3.1734977
213	380	-3.1771288
271	586	-3.178247
84	476	-3.1788816
748	663	-3.1791532
80	388	-3.1811738
234	651	-3.1814466
186	488	-3.1858463
89	188	-3.1860342
106	239	-3.1861558
178	215	-3.186456
137	43	-3.1897614
307	650	-3.1913195
216	402	-3.1915843
210	373	-3.1960163
147	152	-3.198955
299	619	-3.2020063
178	237	-3.2027125
299	614	-3.204855
257	499	-3.20491
181	466	-3.2072783
229	472	-3.2092903
392	629	-3.2096786
84	451	-3.2107925
263	528	-3.2132018
113	55	-3.2133522
92	482	-3.2146468
230	387	-3.2148466
286	581	-3.2165124
88	388	-3.2183554
87	171	-3.2187786
235	647	-3.2246337
95	182	-3.2246487
56	357	-3.227637
205	529	-3.229319
199	539	-3.2304094
96	429	-3.2306366
91	498	-3.2315645
165	220	-3.2330222
282	536	-3.2331145
252	445	-3.2346942
111	248	-3.2359507
216	598	-3.2361252
60	56	-3.2361538
96	221	-3.2378545
123	24	-3.2393818
286	574	-3.2419524
78	68	-3.243107
275	518	-3.2440379
75	442	-3.244851
138	48	-3.245024
72	428	-3.2463372
313	628	-3.2486055
68	99	-3.2489898
171	505	-3.2530344
156	189	-3.2540967
99	184	-3.2545664
91	212	-3.2550187
108	244	-3.2550485
81	456	-3.2571602
179	266	-3.2590091
130	618	-3.2606158
127	639	-3.2622092
276	556	-3.263129
149	385	-3.2635088
235	397	-3.2645094
80	154	-3.2645152
248	433	-3.2671359
208	368	-3.2673526
286	547	-3.2686388
155	176	-3.268995
199	516	-3.2696335
243	463	-3.2700443
258	551	-3.2703097
271	501	-3.2710562
126	622	-3.2713666
61	400	-3.2716105
66	410	-3.275076
207	364	-3.2771301
116	546	-3.2773461
161	418	-3.281514
95	471	-3.282445
233	392	-3.2865741
125	325	-3.2885454
260	531	-3.2935941
111	38	-3.2955017
235	442	-3.2955096
99	204	-3.2956276
195	278	-3.297317
83	470	-3.2980516
87	416	-3.2985578
126	21	-3.3017633
110	271	-3.302948
186	214	-3.3041854
301	627	-3.3046086
188	287	-3.3054428
111	525	-3.3086507
144	65	-3.3092554
55	24	-3.3107464
163	138	-3.3130703
151	606	-3.31434
77	447	-3.3146377
163	155	-3.319481
187	256	-3.3195574
148	389	-3.319826
138	32	-3.3202405
134	637	-3.3219194
96	438	-3.3231528
75	90	-3.323344
87	156	-3.324761
130	59	-3.3262715
71	434	-3.3281145
57	113	-3.3283517
79	93	-3.330804
384	651	-3.3314831
60	35	-3.3318
106	195	-3.3364625
33	30	-3.3385746
307	619	-3.342573
248	479	-3.3442214
101	240	-3.3486211
108	507	-3.351632
85	133	-3.353507
100	189	-3.358787
135	333	-3.3597968
210	407	-3.362742
164	211	-3.363184
146	457	-3.367435
178	206	-3.3730795
141	345	-3.373947
187	495	-3.3791804
223	578	-3.3801565
116	263	-3.3840873
126	55	-3.3843055
266	481	-3.384791
268	485	-3.3852065
250	483	-3.3856227
91	426	-3.3862216
147	54	-3.3870955
442	648	-3.3871696
99	480	-3.388992
294	607	-3.3915875
80	483	-3.3918896
81	506	-3.3952553
297	577	-3.395497
188	307	-3.3961504
258	463	-3.4006944
294	629	-3.4022496
145	133	-3.4025269
157	185	-3.4033854
138	338	-3.403979
239	646	-3.404397
188	510	-3.4062195
182	252	-3.4066968
121	571	-3.4113383
168	188	-3.4119427
263	478	-3.4121168
177	194	-3.415183
155	116	-3.4156668
183	268	-3.4160414
61	60	-3.4177709
42	623	-3.4212778
121	28	-3.4222806
229	607	-3.4266617
125	613	-3.4341478
318	633	-3.4343102
201	342	-3.436415
79	73	-3.4366162
318	641	-3.4381618
147	393	-3.438325
120	563	-3.4389865
200	398	-3.4394124
76	192	-3.4396703
92	474	-3.4420147
66	95	-3.4422731
206	627	-3.4423032
110	279	-3.442365
85	515	-3.4434056
218	345	-3.4440217
88	467	-3.4486778
138	353	-3.4499965
163	149	-3.45052
103	492	-3.4508064
107	314	-3.4509876
303	641	-3.4514606
235	627	-3.452593
113	50	-3.4531116
148	50	-3.4537623
924	662	-3.453939
128	648	-3.455406
107	36	-3.455754
124	604	-3.456465
125	47	-3.4600048
208	532	-3.461407
262	538	-3.462589
179	233	-3.4633315
213	329	-3.463381
80	460	-3.463609
179	454	-3.4636629
186	502	-3.4640718
96	561	-3.464528
147	80	-3.466077
175	467	-3.467577
69	104	-3.4706101
108	259	-3.4748418
254	449	-3.4752288
202	402	-3.4770696
264	523	-3.4773679
282	570	-3.4774592
162	414	-3.4783828
145	69	-3.4796448
68	404	-3.481484
60	50	-3.4831467
97	433	-3.484462
188	252	-3.486478
80	382	-3.4865508
148	58	-3.4879198
228	603	-3.491835
129	340	-3.492675
55	384	-3.4958827
83	441	-3.4965625
238	455	-3.496829
151	460	-3.4971974
215	398	-3.4973834
124	618	-3.4975388
224	651	-3.498241
148	424	-3.5011091
84	192	-3.5012567
144	46	-3.5044253
90	395	-3.5045447
203	522	-3.5045822
197	329	-3.5061207
184	482	-3.5064628
31	171	-3.5065246
133	633	-3.5077436
318	647	-3.5077908
302	636	-3.509065
145	74	-3.509943
96	467	-3.5104272
110	328	-3.511548
84	445	-3.5122886
172	433	-3.5150619
100	244	-3.5161266
102	249	-3.5179496
155	433	-3.5188587
278	563	-3.5197332
151	173	-3.522042
97	225	-3.5233252
154	112	-3.5265384
94	176	-3.5279918
138	101	-3.5280142
100	453	-3.5281541
82	102	-3.531233
195	506	-3.5324273
299	583	-3.5325203
246	513	-3.5336077
286	586	-3.5341182
201	263	-3.5387702
220	350	-3.5404449
98	200	-3.544552
98	277	-3.545219
225	416	-3.545995
245	424	-3.5462418
114	286	-3.5467901
103	211	-3.5472422
126	627	-3.54773
235	608	-3.547886
217	647	-3.549212
101	466	-3.5493283
236	446	-3.5521464
104	499	-3.5558844
194	652	-3.557277
161	186	-3.5576894
182	277	-3.558992
122	577	-3.5598335
78	63	-3.5601048
58	392	-3.5605278
164	443	-3.5605457
198	511	-3.5612285
115	33	-3.562076
79	81	-3.5634534
184	300	-3.5637343
59	107	-3.5643985
128	393	-3.565108
150	103	-3.5652485
190	651	-3.5653303
30	177	-3.5662937
158	421	-3.5663435
232	475	-3.5684774
120	312	-3.5706186
95	495	-3.5706987
104	511	-3.5720634
88	184	-3.575099
101	484	-3.5753562
170	176	-3.5766292
186	478	-3.5768368
182	230	-3.5769284
126	329	-3.5776188
100	462	-3.582669
176	459	-3.5836914
126	508	-3.5857015
81	466	-3.588031
171	456	-3.5883257
61	211	-3.5886345
247	428	-3.58956
118	554	-3.5913985
200	289	-3.5924885
155	453	-3.5930574
213	386	-3.5931275
43	627	-3.5946884
84	406	-3.5951364
194	321	-3.5958626
229	651	-3.5975308
90	216	-3.5978882
206	372	-3.5980809
76	163	-3.5988848
276	586	-3.6017501
72	422	-3.6040368
214	406	-3.605006
212	325	-3.6099834
117	259	-3.6116514
107	518	-3.6119492
113	252	-3.6131766
384	629	-3.613262
191	267	-3.61393
128	608	-3.620438
84	461	-3.620672
104	297	-3.6209564
258	535	-3.6234686
260	545	-3.6235864
148	156	-3.6246815
75	135	-3.6255372
239	407	-3.6260974
179	201	-3.6272886
127	383	-3.627349
179	271	-3.6274126
57	131	-3.630971
147	42	-3.6311545
159	437	-3.63135
107	324	-3.632343
221	572	-3.6326823
62	43	-3.6343565
42	631	-3.6364977
107	200	-3.6369557
246	650	-3.6388514
109	267	-3.6389802
143	460	-3.6391206
110	238	-3.640827
29	299	-3.6411543
175	514	-3.6414347
144	371	-3.64188
55	353	-3.6420934
127	378	-3.6451669
57	121	-3.6469886
209	647	-3.6511765
212	412	-3.652339
88	421	-3.6534226
65	40	-3.6556218
314	605	-3.65861
98	499	-3.659231
306	612	-3.6599605
161	219	-3.6601963
40	312	-3.6608393
211	538	-3.6637392
179	241	-3.664777
29	31	-3.6649165
165	450	-3.6664767
49	230	-3.667091
119	559	-3.6674159
244	467	-3.6690488
60	30	-3.6695578
388	652	-3.6697
67	414	-3.6708047
46	290	-3.6728616
67	334	-3.6745305
69	338	-3.6748633
255	453	-3.675386
214	594	-3.6764872
304	645	-3.6767726
225	597	-3.6768444
173	527	-3.6778152
181	248	-3.67858
41	638	-3.6808972
160	127	-3.681509
89	56	-3.6816254
96	445	-3.6818445
86	141	-3.6830568
184	208	-3.6832323
151	107	-3.68402
177	219	-3.684089
189	491	-3.6846137
107	502	-3.6868234
41	326	-3.6888037
141	42	-3.689233
91	470	-3.689584
203	294	-3.6897883
147	453	-3.6917775
92	278	-3.6957448
244	481	-3.6961315
45	343	-3.696369
91	168	-3.6974108
73	129	-3.6980145
270	489	-3.698371
80	98	-3.6995323
141	114	-3.7000976
80	475	-3.7006555
111	43	-3.7011654
170	413	-3.7028964
84	208	-3.7041416
156	95	-3.7068229
175	522	-3.7080028
73	63	-3.7098842
152	423	-3.7129984
133	346	-3.7130249
162	203	-3.7156727
96	451	-3.7173638
178	471	-3.7179525
113	61	-3.7193205
76	451	-3.7199745
201	552	-3.7204452
68	398	-3.7209253
68	127	-3.7220895
166	167	-3.7221043
81	396	-3.7223136
123	567	-3.7237577
78	57	-3.724214
126	635	-3.724614
29	38	-3.7247422
110	296	-3.7282481
64	107	-3.7287123
71	124	-3.72886
69	131	-3.7297375
96	249	-3.7309346
137	415	-3.733907
147	62	-3.7349977
141	120	-3.7353935
148	397	-3.7361085
150	456	-3.7365918
206	377	-3.738467
215	604	-3.738805
147	416	-3.7398293
94	415	-3.7412043
398	652	-3.7412689
51	355	-3.7414603
71	418	-3.7443457
80	162	-3.7446084
745	666	-3.7447798
243	418	-3.7523801
165	419	-3.7532964
111	231	-3.754046
72	438	-3.75437
132	305	-3.7561812
182	333	-3.7568629
227	422	-3.7587254
115	526	-3.7602303
268	539	-3.7625206
101	197	-3.7627187
267	587	-3.763203
80	374	-3.7633004
125	600	-3.7660735
154	449	-3.7671013
208	416	-3.7697206
82	90	-3.7705133
167	576	-3.7716398
102	564	-3.7731938
40	281	-3.7736783
169	604	-3.7742293
59	396	-3.7745235
202	71	-3.7752862
152	602	-3.7754886
111	321	-3.7755146
96	461	-3.7758858
294	572	-3.775966
260	558	-3.7768216
87	145	-3.7775872
137	409	-3.7777178
32	26	-3.7788713
193	365	-3.7791078
303	649	-3.7792645
153	100	-3.7793064
149	161	-3.779588
130	19	-3.7807143
119	23	-3.7809994
77	455	-3.781746
154	415	-3.782112
146	147	-3.7823455
64	36	-3.783115
194	502	-3.783255
98	237	-3.7834022
204	558	-3.7839499
152	469	-3.7846074
392	637	-3.789497
300	623	-3.790748
388	630	-3.7908869
152	401	-3.7910166
116	541	-3.7918437
172	501	-3.7929194
64	157	-3.7941961
132	402	-3.794473
271	594	-3.7947526
118	350	-3.7963018
111	316	-3.7973495
112	291	-3.798172
272	505	-3.798771
99	472	-3.7998724
295	611	-3.8004818
132	602	-3.8024151
29	304	-3.8032773
312	601	-3.8039467
85	99	-3.8040059
51	333	-3.8040211
127	575	-3.8041165
169	172	-3.8045838
107	205	-3.8050327
82	110	-3.8054402
285	539	-3.8060336
58	207	-3.8080664
123	384	-3.808593
79	87	-3.811053
182	553	-3.811307
231	468	-3.8119762
88	162	-3.8142393
49	351	-3.8167462
91	503	-3.816887
171	428	-3.817011
243	647	-3.8174572
135	641	-3.8185656
119	36	-3.8189788
176	190	-3.8190353
251	437	-3.8198223
41	286	-3.820373
291	563	-3.8217466
75	72	-3.8224485
62	215	-3.822957
279	505	-3.8236475
144	423	-3.8238332
85	455	-3.8241088
187	229	-3.8250844
273	551	-3.825443
85	382	-3.8260272
121	488	-3.8263552
113	512	-3.8270714
236	642	-3.8288262
147	437	-3.8290462
86	50	-3.8295052
235	633	-3.8302372
155	441	-3.8305492
59	23	-3.831821
188	312	-3.8318546
146	139	-3.8319201
148	169	-3.835988
146	467	-3.8361933
204	301	-3.8375463
173	230	-3.838026
222	647	-3.8382113
225	583	-3.8414643
142	456	-3.8416862
213	392	-3.8433647
187	506	-3.8453119
68	135	-3.8457966
246	527	-3.846852
52	370	-3.8476293
77	172	-3.8488405
115	73	-3.8490975
74	81	-3.8502765
191	257	-3.851182
96	232	-3.852691
185	273	-3.852775
188	631	-3.8547401
56	349	-3.8547468
121	601	-3.856031
258	527	-3.8560877
58	616	-3.857675
231	458	-3.8578942
287	543	-3.8582692
99	507	-3.8583102
46	302	-3.859102
99	424	-3.8625133
61	361	-3.8628201
184	498	-3.8632395
134	25	-3.8635008
89	207	-3.8652682
212	588	-3.8660016
202	268	-3.8666856
79	471	-3.8671954
241	414	-3.8673017
210	397	-3.868039
60	137	-3.8708527
54	28	-3.8709083
219	406	-3.8709798
200	284	-3.8725407
80	430	-3.8732743
81	166	-3.8736672
238	402	-3.8742332
66	418	-3.8751519
160	190	-3.8774662
144	364	-3.8780358
74	59	-3.8786526
114	522	-3.879567
173	251	-3.8800178
273	582	-3.880694
215	553	-3.8824687
119	550	-3.8830993
84	519	-3.8832178
182	216	-3.885437
58	611	-3.88648
30	108	-3.8868654
388	641	-3.8887513
123	52	-3.8899376
262	519	-3.8899763
165	278	-3.8904781
188	484	-3.893194
148	603	-3.894679
223	366	-3.895078
129	397	-3.8981228
196	274	-3.8981328
145	441	-3.8989153
248	519	-3.8989427
99	457	-3.9027345
142	354	-3.9030256
56	270	-3.903322
275	590	-3.9042842
199	547	-3.9043941
122	328	-3.9044213
84	413	-3.90483
271	578	-3.9050663
250	511	-3.9066215
181	212	-3.9068065
75	188	-3.9069147
98	255	-3.90712
283	578	-3.9086525
169	184	-3.9095516
152	388	-3.9097714
123	41	-3.9100957
195	270	-3.9105806
41	643	-3.9133992
76	427	-3.9136882
196	370	-3.914773
86	238	-3.9174473
56	37	-3.917456
137	397	-3.9174817
47	294	-3.9181979
83	95	-3.9185896
68	649	-3.9186761
80	210	-3.9200478
64	149	-3.9205565
51	347	-3.920906
222	611	-3.9222338
132	92	-3.9224627
271	555	-3.9242873
929	669	-3.924722
37	304	-3.9248636
115	28	-3.925198
189	518	-3.9259856
144	433	-3.928757
43	619	-3.9296463
205	570	-3.929731
88	459	-3.9300277
121	266	-3.9301867
127	64	-3.9304175
226	590	-3.9320245
110	287	-3.9321365
162	196	-3.932706
111	398	-3.93395
91	147	-3.9342413
132	607	-3.9342508
178	224	-3.9344282
275	560	-3.934965
30	117	-3.9358966
184	293	-3.9371195
130	613	-3.9373705
63	88	-3.9374938
154	180	-3.9375007
78	77	-3.938098
211	582	-3.9383323
55	276	-3.940057
197	134	-3.940413
92	430	-3.9422123
180	475	-3.9468873
317	629	-3.947174
193	317	-3.9473112
89	556	-3.9473326
41	331	-3.9484658
71	55	-3.95005
206	525	-3.9501822
78	150	-3.9507902
41	316	-3.9537137
144	166	-3.9543846
155	461	-3.9568353
290	600	-3.9612954
212	401	-3.963947
174	569	-3.963984
197	72	-3.9646168
61	132	-3.9654303
64	101	-3.9654338
68	426	-3.9662254
67	226	-3.967428
61	68	-3.96789
243	509	-3.971005
120	608	-3.9722097
100	282	-3.9726095
96	243	-3.972999
70	342	-3.974816
146	38	-3.9750204
45	325	-3.9757316
87	129	-3.9761577
173	185	-3.9770007
230	647	-3.9774306
28	293	-3.9785137
147	409	-3.9792457
93	434	-3.979553
192	313	-3.9802773
168	519	-3.982288
166	130	-3.9823303
266	558	-3.9829464
219	341	-3.9831507
202	346	-3.983734
123	332	-3.9839694
38	290	-3.9842362
280	510	-3.9865663
205	358	-3.986719
173	473	-3.9868226
76	208	-3.9869387
274	509	-3.9903727
142	176	-3.9919016
41	337	-3.9922333
91	141	-3.9937246
62	411	-3.9937882
102	207	-3.995059
70	34	-3.995529
232	432	-3.995876
135	97	-3.9960353
201	605	-3.9964442
86	175	-3.996587
107	224	-3.9968746
384	621	-3.9981744
102	475	-3.9988227
751	666	-3.999118
242	514	-4.0003304
88	528	-4.00198
66	381	-4.0025783
55	265	-4.003802
186	469	-4.004267
250	528	-4.0055966
60	103	-4.006792
65	377	-4.0076213
56	620	-4.0076275
39	308	-4.009122
138	175	-4.0104213
164	134	-4.011624
47	286	-4.0141296
195	532	-4.015155
140	393	-4.01547
928	658	-4.0161943
47	278	-4.0169387
121	321	-4.018002
271	493	-4.0183525
118	567	-4.019369
70	139	-4.0194654
190	237	-4.0203204
146	449	-4.0203843
296	625	-4.020581
107	191	-4.021097
163	207	-4.022716
136	646	-4.0227613
217	608	-4.0243864
752	662	-4.0260143
175	436	-4.026082
257	513	-4.0263486
151	452	-4.026381
250	651	-4.026437
59	275	-4.0270114
5	229	-4.027564
432	651	-4.027755
84	197	-4.0279336
104	488	-4.028166
95	502	-4.029174
237	490	-4.0291944
149	370	-4.0293207
79	189	-4.0297694
287	590	-4.0298624
109	51	-4.030183
149	428	-4.030686
298	631	-4.032503
90	265	-4.0327225
50	620	-4.034619
139	461	-4.0352693
205	290	-4.0365434
39	380	-4.0388546
82	66	-4.038867
187	248	-4.039335
32	424	-4.0394597
174	380	-4.0399256
295	617	-4.040649
86	233	-4.040973
140	110	-4.0413823
101	560	-4.0415697
187	218	-4.042797
43	309	-4.042982
152	409	-4.0436006
75	85	-4.0439363
299	573	-4.044054
173	462	-4.0440717
229	382	-4.0455303
107	319	-4.0466948
113	66	-4.0481315
272	497	-4.0483494
191	249	-4.048679
172	424	-4.0493255
57	53	-4.050524
194	528	-4.0508943
85	54	-4.051662
183	204	-4.0543594
65	32	-4.054753
183	226	-4.05577
98	565	-4.0559745
91	221	-4.0560627
279	500	-4.0569854
143	608	-4.057284
46	630	-4.057855
278	521	-4.0579453
255	495	-4.0580444
133	626	-4.058435
201	276	-4.060288
261	554	-4.0610194
77	177	-4.061058
80	193	-4.062223
128	603	-4.0657506
66	153	-4.066886
233	462	-4.067392
115	535	-4.067936
137	403	-4.0684543
36	35	-4.0693507
74	143	-4.069829
281	529	-4.070073
124	504	-4.0702844
32	158	-4.071131
150	419	-4.071347
92	463	-4.071607
51	341	-4.071999
76	52	-4.072042
188	354	-4.073037
142	415	-4.074633
145	348	-4.074668
166	224	-4.07681
266	583	-4.0768967
209	381	-4.0770144
89	197	-4.078117
126	521	-4.079476
100	436	-4.0795903
95	145	-4.0796385
67	645	-4.0800276
50	359	-4.0805383
277	514	-4.0814714
199	280	-4.0817685
220	567	-4.0834446
91	135	-4.0836473
39	296	-4.084787
67	422	-4.085058
75	555	-4.0866666
34	551	-4.0876017
148	381	-4.0878363
282	516	-4.090045
68	146	-4.0910387
95	274	-4.091496
39	277	-4.091776
155	404	-4.093161
198	543	-4.093654
158	413	-4.0953803
188	233	-4.0954885
270	480	-4.0965996
214	432	-4.0967026
148	295	-4.097432
94	257	-4.0981936
51	23	-4.0983305
393	633	-4.09841
134	622	-4.0990205
201	611	-4.0997896
123	18	-4.100226
252	515	-4.1012187
107	28	-4.1017814
50	366	-4.1047626
71	23	-4.1059256
107	276	-4.107033
164	142	-4.1076274
82	232	-4.1079993
264	473	-4.109095
42	292	-4.1095953
134	393	-4.109714
29	93	-4.1105585
149	46	-4.1122737
90	560	-4.1140747
84	378	-4.1144934
185	25	-4.1146073
37	31	-4.116005
105	256	-4.116565
85	120	-4.1178637
314	654	-4.118403
103	192	-4.118513
60	298	-4.119721
268	472	-4.1198306
149	350	-4.1199045
108	522	-4.1206245
38	624	-4.1216483
65	278	-4.122972
108	292	-4.1232047
447	647	-4.123224
45	335	-4.124067
66	44	-4.124597
40	322	-4.1257515
233	454	-4.1280494
58	601	-4.1286187
181	479	-4.1299148
83	114	-4.130592
111	531	-4.131405
5	224	-4.132181
5	218	-4.1335745
174	178	-4.133735
47	312	-4.134553
142	170	-4.134766
126	571	-4.1352534
40	647	-4.1356525
154	457	-4.1368113
98	179	-4.137297
112	243	-4.138603
143	180	-4.1394267
311	622	-4.1404653
144	158	-4.141008
112	508	-4.141053
237	623	-4.1424665
603	656	-4.1430264
258	541	-4.1433783
36	286	-4.1434026
202	373	-4.1438437
257	555	-4.1451
143	397	-4.1455574
229	426	-4.1472864
161	268	-4.147433
131	598	-4.1492524
124	392	-4.1503124
72	206	-4.1519055
197	259	-4.1524796
167	504	-4.153173
121	612	-4.153854
145	427	-4.15401
51	615	-4.155651
121	250	-4.155808
114	226	-4.155838
77	196	-4.1577835
32	167	-4.158207
151	434	-4.1586485
79	479	-4.1587257
224	335	-4.159007
276	594	-4.1592345
124	336	-4.1594305
170	237	-4.162534
182	236	-4.1629486
45	298	-4.1634774
141	410	-4.163969
85	181	-4.1640444
196	385	-4.1640625
41	344	-4.1642423
107	210	-4.1645775
147	374	-4.164711
145	162	-4.16524
90	274	-4.1652875
150	88	-4.166093
271	547	-4.16672
192	583	-4.166995
63	415	-4.1680818
136	603	-4.1691365
183	221	-4.1710153
293	537	-4.171487
45	330	-4.1715665
41	300	-4.172164
61	111	-4.1733775
155	91	-4.1735787
265	542	-4.173825
102	278	-4.1742024
257	505	-4.174581
175	242	-4.1752768
174	238	-4.1764317
126	497	-4.1767044
39	620	-4.178464
138	168	-4.1790314
213	646	-4.1793413
68	121	-4.180174
182	327	-4.1802273
227	375	-4.181636
287	595	-4.1817703
163	577	-4.1817875
213	543	-4.1828938
396	628	-4.183494
118	574	-4.1845136
56	57	-4.1863117
253	491	-4.1866083
139	423	-4.187089
243	473	-4.18728
51	277	-4.1879873
77	167	-4.1880474
210	389	-4.1884403
175	255	-4.188466
122	492	-4.1885667
150	413	-4.1888685
64	306	-4.188987
174	385	-4.189356
64	165	-4.1909146
70	409	-4.191126
254	531	-4.191554
152	187	-4.192086
204	280	-4.1935062
55	335	-4.194253
100	446	-4.1944156
175	565	-4.1948214
289	531	-4.1949596
192	253	-4.196772
140	360	-4.1977124
115	39	-4.1985865
192	263	-4.1992173
156	198	-4.201176
66	217	-4.201863
84	326	-4.202377
130	74	-4.2026553
44	282	-4.202884
34	559	-4.2038827
60	304	-4.2040973
289	631	-4.2055426
202	352	-4.2068806
167	509	-4.2073655
170	573	-4.2074633
171	469	-4.2075214
65	436	-4.208245
182	565	-4.2086735
57	307	-4.209289
307	606	-4.2097554
96	281	-4.2112317
77	467	-4.211489
235	483	-4.2122264
256	547	-4.2134323
84	187	-4.214063
225	362	-4.2143946
209	577	-4.2146115
68	50	-4.2156086
87	522	-4.215626
64	172	-4.216139
38	635	-4.21719
88	450	-4.2186193
446	655	-4.2188554
115	79	-4.219534
64	300	-4.221157
49	33	-4.221648
169	528	-4.221666
84	437	-4.222918
45	23	-4.2229624
5	212	-4.223116
84	219	-4.2240653
182	244	-4.226329
168	248	-4.2272005
391	624	-4.2282305
90	203	-4.228554
206	634	-4.2303767
115	314	-4.23117
68	431	-4.2312746
171	577	-4.2315774
47	306	-4.231578
141	35	-4.2318993
246	485	-4.2347126
183	557	-4.2355595
315	609	-4.2356086
103	515	-4.236309
322	631	-4.236533
5	234	-4.2366486
193	497	-4.2367826
380	652	-4.2369423
207	619	-4.237339
33	441	-4.2376046
103	479	-4.2383595
160	215	-4.2384477
126	513	-4.238534
80	502	-4.238658
67	328	-4.2395034
183	282	-4.2395673
289	538	-4.240639
280	525	-4.240863
178	552	-4.241644
131	509	-4.2431016
66	161	-4.2438536
212	534	-4.244028
49	337	-4.2444506
158	467	-4.245197
229	442	-4.246417
244	490	-4.247781
100	441	-4.2489514
277	567	-4.249099
70	40	-4.249579
451	671	-4.249753
184	492	-4.2499046
129	348	-4.2499914
384	643	-4.250383
195	537	-4.2510037
36	300	-4.2521305
98	271	-4.25236
203	395	-4.2525935
161	410	-4.253443
109	394	-4.2534995
87	211	-4.2540402
216	413	-4.2546353
94	264	-4.255247
32	121	-4.257487
107	218	-4.258265
136	608	-4.2583547
162	114	-4.259074
197	375	-4.259382
116	231	-4.259412
134	20	-4.2594905
147	401	-4.2606134
115	551	-4.2627563
39	192	-4.2631044
185	465	-4.2634935
134	412	-4.2645
131	385	-4.2651186
149	363	-4.265949
179	528	-4.2660127
87	124	-4.266573
26	34	-4.266988
188	244	-4.2672563
253	441	-4.267467
120	262	-4.268685
34	545	-4.270729
169	417	-4.27144
103	293	-4.271512
127	402	-4.272003
437	648	-4.2737823
210	420	-4.2740383
607	654	-4.275941
93	564	-4.2759743
224	628	-4.2765174
126	579	-4.2767587
296	568	-4.276828
94	457	-4.2779813
289	550	-4.27845
79	488	-4.278659
139	28	-4.2790346
72	414	-4.27969
210	593	-4.2800107
113	402	-4.2802567
176	518	-4.2812643
131	88	-4.2816625
114	516	-4.2818456
323	652	-4.2819
46	624	-4.28213
100	430	-4.2829967
282	585	-4.283518
235	472	-4.2843876
37	328	-4.2850113
229	463	-4.2852616
30	309	-4.2855206
62	615	-4.287753
35	23	-4.287885
203	365	-4.28795
173	173	-4.289214
186	515	-4.290767
75	147	-4.2912474
135	104	-4.2918057
444	662	-4.2919474
91	153	-4.292242
121	480	-4.2925653
104	461	-4.2931676
107	42	-4.2932515
49	324	-4.2933445
62	64	-4.2957788
66	208	-4.2958145
142	317	-4.296411
504	652	-4.296556
258	446	-4.296801
234	603	-4.296804
117	89	-4.298298
128	344	-4.298412
105	49	-4.29876
205	623	-4.2998543
166	412	-4.300124
237	479	-4.301405
172	551	-4.3046756
222	410	-4.3049283
86	215	-4.3056364
197	339	-4.3064656
197	264	-4.306714
92	239	-4.306871
184	288	-4.3072658
58	199	-4.307473
150	177	-4.307894
196	255	-4.3081403
86	59	-4.309105
92	440	-4.309351
111	333	-4.310252
275	598	-4.3107023
47	649	-4.311077
232	447	-4.3116436
92	270	-4.312015
273	568	-4.312829
64	619	-4.3153243
45	320	-4.3156543
183	337	-4.316288
204	285	-4.3165274
124	642	-4.3170133
28	112	-4.3190074
56	117	-4.3198104
30	42	-4.321223
109	56	-4.3212633
301	579	-4.324142
269	476	-4.3242483
118	227	-4.324825
133	398	-4.3251314
53	329	-4.3254023
203	563	-4.3254313
210	601	-4.3265686
92	247	-4.3272195
136	320	-4.3276005
73	446	-4.329659
231	480	-4.3302836
224	358	-4.3307986
143	153	-4.331676
35	310	-4.3325458
301	590	-4.333421
147	612	-4.3337145
141	437	-4.3354
34	277	-4.336012
40	376	-4.3362985
143	452	-4.3363175
477	652	-4.336409
43	276	-4.3382273
218	433	-4.3391666
122	555	-4.339255
69	306	-4.340803
178	326	-4.3435607
205	603	-4.343698
159	368	-4.3451037
276	606	-4.348022
76	459	-4.348536
96	352	-4.34883
321	636	-4.3489137
63	432	-4.3510456
152	221	-4.351374
393	652	-4.3516173
184	561	-4.3518405
70	192	-4.3518925
76	288	-4.3539686
920	664	-4.3542275
218	337	-4.3543763
94	138	-4.355318
92	128	-4.3563075
201	617	-4.356431
65	232	-4.3569155
51	247	-4.3576274
83	316	-4.358859
131	301	-4.359377
117	309	-4.3595023
162	223	-4.3596797
106	283	-4.3598537
288	650	-4.360139
120	616	-4.3629665
139	431	-4.3632584
55	109	-4.363314
57	321	-4.3647137
110	196	-4.365054
90	507	-4.365727
167	137	-4.36632
139	105	-4.367104
29	287	-4.369095
178	278	-4.3693695
250	523	-4.369412
49	27	-4.3699107
115	299	-4.3701158
168	281	-4.370563
186	567	-4.37194
60	127	-4.3733306
281	574	-4.373463
39	197	-4.373713
36	169	-4.3737717
54	388	-4.374463
173	481	-4.375469
150	650	-4.3760495
212	629	-4.376539
49	299	-4.3769155
135	599	-4.377233
157	193	-4.3776584
269	543	-4.3779583
83	106	-4.380164
327	651	-4.3804874
34	445	-4.3821564
227	644	-4.3825517
148	471	-4.383613
76	482	-4.384031
134	617	-4.3840733
69	276	-4.384157
105	310	-4.38481
149	405	-4.385062
216	497	-4.3866115
80	369	-4.387436
122	623	-4.3879704
57	607	-4.3880963
142	341	-4.388434
66	341	-4.390094
130	514	-4.3902574
206	388	-4.391232
275	502	-4.391714
127	118	-4.3920193
239	607	-4.3925176
125	631	-4.393094
167	581	-4.3931727
64	372	-4.393488
131	377	-4.393585
289	558	-4.393921
191	241	-4.3939223
49	242	-4.3958626
176	510	-4.3960137
79	158	-4.3967037
247	646	-4.3967915
208	393	-4.399237
376	651	-4.3999443
192	575	-4.402657
288	554	-4.4029775
147	34	-4.404838
38	630	-4.4049273
187	358	-4.4050145
237	637	-4.4056463
176	316	-4.4062
124	596	-4.406923
285	630	-4.4073267
270	559	-4.4081063
403	651	-4.409135
213	416	-4.40919
188	362	-4.409498
381	625	-4.409634
179	133	-4.409734
311	615	-4.4113245
155	605	-4.411542
170	277	-4.41161
154	104	-4.4118013
81	33	-4.412212
56	135	-4.414738
193	373	-4.4151077
199	638	-4.4157453
165	499	-4.4169164
244	520	-4.4196672
65	310	-4.4210453
180	197	-4.4210906
123	256	-4.4219174
224	615	-4.4222846
178	568	-4.4223866
204	410	-4.422629
122	499	-4.422757
46	616	-4.4227858
151	440	-4.4235945
89	64	-4.4249563
73	176	-4.4257383
172	531	-4.426053
49	225	-4.4267006
196	379	-4.427103
93	54	-4.4275656
111	300	-4.427748
202	381	-4.4288354
237	393	-4.4294343
270	590	-4.429639
157	99	-4.430133
100	369	-4.430324
33	273	-4.430662
204	272	-4.430996
6	239	-4.4311275
192	245	-4.43119
267	554	-4.432364
34	567	-4.432534
54	612	-4.4336557
920	658	-4.4340243
137	357	-4.434828
92	234	-4.4356837
95	411	-4.436178
143	419	-4.4364333
71	30	-4.4393015
403	629	-4.439324
33	306	-4.4403524
137	113	-4.440534
80	53	-4.442525
85	555	-4.4425697
103	201	-4.4432044
28	89	-4.443526
135	162	-4.444305
236	612	-4.4451017
143	375	-4.445507
182	486	-4.445849
396	638	-4.446206
77	385	-4.4466643
116	305	-4.447337
188	209	-4.4479575
116	255	-4.448362
234	388	-4.448451
66	350	-4.4487824
259	459	-4.4488544
130	504	-4.4504094
126	488	-4.4508486
243	524	-4.451126
113	235	-4.4512134
109	535	-4.4514523
167	252	-4.4519696
227	467	-4.4523973
54	20	-4.453137
62	642	-4.4540014
171	497	-4.454302
114	221	-4.455079
120	545	-4.45515
106	187	-4.455312
64	139	-4.456429
127	128	-4.4566555
166	380	-4.4573727
131	102	-4.459073
244	505	-4.4602847
179	330	-4.46123
115	324	-4.4616017
189	638	-4.4616995
81	173	-4.4617305
80	424	-4.4629664
304	595	-4.46398
175	506	-4.4642587
125	563	-4.4647837
110	227	-4.4649487
85	242	-4.465783
87	46	-4.46612
82	78	-4.4663253
155	108	-4.4663563
150	77	-4.466809
46	347	-4.46707
83	85	-4.4672155
142	465	-4.468367
32	191	-4.468825
126	60	-4.470486
311	597	-4.4706335
91	523	-4.470647
83	417	-4.4707413
174	374	-4.471617
154	437	-4.472277
146	175	-4.4729733
263	469	-4.4733033
197	139	-4.4741144
48	184	-4.474195
106	495	-4.4742804
120	232	-4.4751515
64	365	-4.475401
70	46	-4.475435
262	550	-4.47758
160	364	-4.478082
86	247	-4.4789295
205	649	-4.4797997
221	643	-4.4800763
133	351	-4.4807587
76	280	-4.4823956
76	155	-4.4824452
372	671	-4.482611
137	634	-4.482773
209	528	-4.483675
66	23	-4.4843388
268	289	-4.484356
182	547	-4.4855347
31	22	-4.4880385
68	302	-4.488573
123	379	-4.4890585
33	125	-4.4893484
137	427	-4.490018
293	633	-4.4900603
177	425	-4.490648
70	210	-4.4916196
72	164	-4.49199
218	550	-4.492773
384	671	-4.4928956
177	442	-4.493301
180	460	-4.4941683
187	223	-4.494443
92	226	-4.496063
207	521	-4.497358
166	124	-4.4977517
242	410	-4.4978204
160	372	-4.4979773
55	8	-4.4983115
275	490	-4.4986057
192	369	-4.498606
215	547	-4.498698
214	638	-4.49929
210	625	-4.49935
90	60	-4.5004025
174	417	-4.500738
111	504	-4.5009685
102	259	-4.501697
94	557	-4.5019875
174	246	-4.5020003
174	412	-4.502396
205	612	-4.502589
959	656	-4.502697
45	187	-4.5027075
86	103	-4.5033216
106	272	-4.503523
66	111	-4.5035377
65	222	-4.5037923
134	524	-4.505007
34	437	-4.505177
154	233	-4.5085983
231	626	-4.508742
224	425	-4.509196
63	78	-4.510208
76	226	-4.5103307
101	34	-4.5123887
740	666	-4.51281
102	181	-4.513258
164	271	-4.5143723
100	569	-4.515414
755	668	-4.5161786
40	34	-4.5170665
105	465	-4.5178094
140	365	-4.5186863
56	125	-4.5190115
87	225	-4.519108
108	307	-4.519635
144	30	-4.5198994
387	637	-4.5200405
85	229	-4.5208364
109	214	-4.5209136
152	367	-4.5232015
113	350	-4.523602
127	16	-4.523828
61	349	-4.524055
130	84	-4.524147
205	74	-4.524268
223	353	-4.524906
272	563	-4.526735
90	282	-4.5272155
111	26	-4.5275927
98	261	-4.5277004
61	144	-4.527717
142	311	-4.5278244
103	471	-4.528688
93	72	-4.529911
103	38	-4.530877
132	360	-4.5310044
162	120	-4.5316973
35	116	-4.531932
136	315	-4.5321245
92	67	-4.5321465
321	627	-4.532714
288	627	-4.533268
143	321	-4.5334682
37	188	-4.5339484
60	404	-4.5342755
204	608	-4.534998
189	627	-4.5363646
130	578	-4.536533
55	345	-4.5371904
72	484	-4.5373435
67	142	-4.5375543
170	465	-4.537981
188	473	-4.5389137
120	354	-4.5390797
185	453	-4.5391374
288	527	-4.539348
187	583	-4.5394235
308	602	-4.5442734
251	487	-4.5444894
286	599	-4.5450377
217	332	-4.545288
911	670	-4.547495
5	244	-4.547547
54	206	-4.5478606
40	167	-4.5487504
226	370	-4.54971
169	233	-4.549717
216	643	-4.550351
254	526	-4.550543
278	581	-4.552668
149	355	-4.552934
227	430	-4.5529375
83	322	-4.553234
240	483	-4.553424
54	603	-4.553644
57	41	-4.5541854
30	97	-4.554287
120	484	-4.5546904
34	93	-4.556914
108	528	-4.557661
235	450	-4.558608
182	304	-4.5591764
70	349	-4.559221
70	442	-4.5596666
179	125	-4.559898
150	448	-4.560432
172	487	-4.5604367
42	422	-4.5614142
72	153	-4.5622272
127	70	-4.563401
86	263	-4.563987
92	447	-4.564249
71	225	-4.564495
233	622	-4.565661
260	450	-4.5658174
289	604	-4.566083
128	10	-4.566188
186	238	-4.5668406
146	200	-4.566928
168	259	-4.5688543
71	333	-4.5691605
193	492	-4.569592
35	281	-4.5696917
217	558	-4.570523
78	231	-4.570721
242	643	-4.571003
42	157	-4.572214
170	285	-4.5730605
61	438	-4.5747323
180	500	-4.575452
124	647	-4.5758457
122	56	-4.576595
166	471	-4.5774765
169	228	-4.577737
80	227	-4.5778427
191	230	-4.5793915
223	344	-4.580293
135	383	-4.5824137
152	84	-4.5835686
138	419	-4.5842323
153	384	-4.5846224
167	570	-4.584902
233	383	-4.585298
301	569	-4.5853662
159	603	-4.5854077
120	95	-4.5856514
69	156	-4.585733
153	352	-4.586418
254	543	-4.586534
49	282	-4.587147
143	383	-4.5871778
137	329	-4.5875716
82	61	-4.5885015
58	311	-4.588906
85	40	-4.589901
124	279	-4.5903196
51	377	-4.5912943
119	51	-4.5914702
201	634	-4.5919127
33	555	-4.592612
415	652	-4.593216
133	416	-4.593471
78	185	-4.5935836
116	562	-4.594968
191	579	-4.5954833
135	109	-4.5955644
67	318	-4.5956454
39	181	-4.5958405
179	576	-4.5962534
211	597	-4.596491
73	37	-4.5979624
123	68	-4.5992165
91	261	-4.5992823
392	642	-4.5999813
80	236	-4.6000643
102	286	-4.6006
445	671	-4.602129
506	662	-4.603235
127	290	-4.605639
256	517	-4.605686
179	385	-4.606575
165	606	-4.6067843
303	585	-4.6069484
163	404	-4.607434
315	614	-4.6078954
111	208	-4.608767
153	445	-4.6104774
42	85	-4.610522
395	623	-4.610675
428	652	-4.6111684
46	316	-4.6114993
401	625	-4.6115313
174	259	-4.612655
206	596	-4.6127305
50	601	-4.6128645
294	543	-4.613344
273	472	-4.6147947
66	322	-4.6148615
55	598	-4.616056
66	286	-4.6175594
157	250	-4.6179457
311	610	-4.618527
54	440	-4.618557
229	598	-4.618641
51	293	-4.618952
138	457	-4.619309
187	205	-4.619344
196	397	-4.620332
77	284	-4.620836
141	307	-4.621548
42	304	-4.621797
924	656	-4.622848
182	322	-4.623673
286	520	-4.6238747
35	295	-4.624399
110	47	-4.6250634
259	523	-4.62536
212	424	-4.6257105
91	511	-4.625952
106	130	-4.626231
190	25	-4.62747
70	231	-4.6279826
41	601	-4.6300945
87	346	-4.630156
150	183	-4.63089
248	507	-4.63092
142	144	-4.6324415
197	251	-4.6326575
68	166	-4.632854
50	611	-4.633271
134	158	-4.6336856
267	468	-4.634666
157	446	-4.63611
172	544	-4.6363974
26	28	-4.6365633
61	123	-4.636605
65	271	-4.637063
149	635	-4.6372914
206	639	-4.638846
736	662	-4.6409073
303	575	-4.6415677
36	27	-4.6425433
148	66	-4.6433673
116	531	-4.643826
86	92	-4.6447554
257	442	-4.645077
58	214	-4.6457214
172	370	-4.645751
237	496	-4.646217
367	671	-4.646753
66	623	-4.648298
267	562	-4.6484194
183	571	-4.6486254
115	319	-4.648687
180	137	-4.6487246
223	339	-4.648903
102	396	-4.648929
123	340	-4.6490674
87	442	-4.649099
144	379	-4.6495442
74	48	-4.6500015
177	572	-4.6502113
65	124	-4.6508007
35	563	-4.6519756
164	552	-4.652602
46	500	-4.652669
91	518	-4.652911
223	420	-4.654493
144	387	-4.654985
140	605	-4.6551776
201	648	-4.6557446
238	475	-4.6558475
86	559	-4.6560993
169	408	-4.6564803
117	84	-4.6571884
177	129	-4.6579633
958	660	-4.6591372
223	331	-4.659303
47	220	-4.6593776
61	204	-4.659929
172	583	-4.659975
28	168	-4.660619
119	383	-4.660975
156	87	-4.6610937
163	466	-4.6615605
211	313	-4.6615844
40	273	-4.662185
81	215	-4.6634336
61	638	-4.665866
227	625	-4.66603
123	270	-4.667933
150	299	-4.668038
206	574	-4.668587
244	498	-4.668888
279	492	-4.670429
41	201	-4.670797
285	533	-4.6711726
959	669	-4.6729183
65	130	-4.674712
159	406	-4.675169
106	288	-4.6754327
127	373	-4.6755223
114	569	-4.675765
140	400	-4.676982
156	203	-4.677248
32	360	-4.677266
131	96	-4.6774154
76	352	-4.680287
250	533	-4.6802936
30	154	-4.680425
149	73	-4.6806116
33	433	-4.6833262
115	557	-4.684402
262	456	-4.684916
167	515	-4.684932
107	23	-4.6860876
759	670	-4.68627
45	211	-4.6868773
291	637	-4.6869726
273	486	-4.687277
64	331	-4.688562
144	604	-4.688859
496	652	-4.689218
81	178	-4.6903787
80	496	-4.6912646
164	282	-4.691528
140	298	-4.691676
236	459	-4.692113
932	666	-4.6923594
162	447	-4.69246
87	425	-4.6926117
159	462	-4.694435
102	265	-4.6947007
248	491	-4.6950397
225	473	-4.6950545
180	447	-4.695484
35	110	-4.695957
156	219	-4.6967297
32	539	-4.696979
100	512	-4.6974406
368	578	-4.697799
176	322	-4.6986213
508	672	-4.69869
157	400	-4.6993747
138	621	-4.6996703
179	25	-4.6997323
61	219	-4.700085
37	639	-4.7010965
139	385	-4.701538
177	389	-4.702228
139	334	-4.7034445
38	39	-4.7035017
88	429	-4.7057242
64	294	-4.7061734
166	118	-4.7064905
47	356	-4.70704
200	256	-4.707068
30	128	-4.7075467
262	562	-4.7080464
199	271	-4.7088714
129	78	-4.7097063
106	329	-4.710615
92	252	-4.71168
230	378	-4.711766
117	251	-4.7122006
744	671	-4.712334
138	576	-4.7133102
92	527	-4.7133656
90	230	-4.713428
61	355	-4.714001
370	509	-4.7146764
34	43	-4.714925
279	602	-4.7149286
255	509	-4.7157288
123	63	-4.7166247
184	509	-4.716698
65	212	-4.7167716
123	403	-4.717998
127	134	-4.718153
181	540	-4.718415
227	457	-4.7200594
30	103	-4.720371
93	63	-4.721135
175	234	-4.721725
138	468	-4.7217307
212	317	-4.7233906
49	637	-4.7241216
198	403	-4.724554
91	159	-4.724939
164	495	-4.7251196
109	562	-4.7251453
103	520	-4.7267203
118	19	-4.7271185
180	508	-4.7272153
262	465	-4.7272954
172	477	-4.7275863
102	167	-4.727678
136	629	-4.7281547
110	311	-4.7290297
87	644	-4.729112
94	132	-4.7296286
91	243	-4.7298894
125	396	-4.729992
470	652	-4.7303767
33	449	-4.730448
272	572	-4.7304835
78	378	-4.7314343
152	610	-4.731978
251	430	-4.732475
221	414	-4.7335887
103	456	-4.733916
918	669	-4.734238
199	79	-4.7355747
34	184	-4.7359695
169	244	-4.737092
57	327	-4.7383947
187	316	-4.738511
194	131	-4.7393575
377	671	-4.7400866
53	251	-4.7400994
81	403	-4.7404957
140	160	-4.740629
161	274	-4.7408595
231	436	-4.741141
195	631	-4.741194
131	521	-4.7415032
190	213	-4.741945
78	492	-4.743409
57	301	-4.7438693
180	514	-4.7439933
202	629	-4.744816
41	185	-4.747095
173	606	-4.7471805
115	239	-4.7480006
107	263	-4.7490807
231	643	-4.7491364
196	362	-4.7493854
123	638	-4.7494335
225	621	-4.7497087
228	586	-4.7500243
100	298	-4.75029
322	648	-4.750444
227	446	-4.7510676
49	237	-4.7513995
131	574	-4.7518444
265	566	-4.752307
221	441	-4.75288
136	362	-4.7530212
176	310	-4.7532063
155	396	-4.75333
72	196	-4.753753
299	564	-4.7538476
127	525	-4.7542086
365	499	-4.754553
137	439	-4.756326
219	562	-4.7563624
60	271	-4.7584815
85	32	-4.758574
146	219	-4.758772
235	617	-4.759189
69	283	-4.759546
159	442	-4.7596936
58	434	-4.7610373
74	184	-4.7611613
299	639	-4.7611747
304	653	-4.761321
228	614	-4.7619667
34	106	-4.762167
90	455	-4.762741
89	532	-4.7651005
153	80	-4.7658944
37	650	-4.766586
202	643	-4.7670913
23	287	-4.768705
32	368	-4.768893
107	382	-4.7700686
61	168	-4.7723594
78	393	-4.772887
62	610	-4.773098
117	489	-4.773764
123	102	-4.7743063
206	297	-4.774586
65	346	-4.7752643
84	373	-4.775698
33	375	-4.7760363
60	75	-4.776198
40	616	-4.778266
39	61	-4.7790437
225	571	-4.7796283
219	554	-4.779767
197	647	-4.7797785
243	494	-4.779981
231	485	-4.7802906
82	204	-4.780338
265	578	-4.782068
203	517	-4.782837
193	639	-4.7839384
218	612	-4.7840366
278	571	-4.78413
49	196	-4.7860503
959	613	-4.786078
89	435	-4.7861238
81	556	-4.786395
186	412	-4.786786
126	387	-4.78766
266	546	-4.787945
242	628	-4.7887135
108	402	-4.789126
104	434	-4.790214
127	106	-4.790498
165	455	-4.790546
60	164	-4.7905765
144	445	-4.7906723
151	236	-4.7906857
102	273	-4.7919345
594	554	-4.794317
117	603	-4.795025
40	23	-4.7950406
289	644	-4.7950797
117	611	-4.79544
246	637	-4.7966394
124	583	-4.79691
182	504	-4.7975464
43	381	-4.7978024
788	662	-4.7981687
250	495	-4.798974
148	29	-4.7999024
231	611	-4.800077
170	297	-4.80051
5	160	-4.8009458
59	267	-4.801701
183	536	-4.8022394
134	577	-4.8031497
95	508	-4.804182
228	594	-4.804911
99	418	-4.8055906
294	621	-4.80647
185	520	-4.806895
53	261	-4.807505
53	323	-4.807782
76	219	-4.8079314
188	322	-4.8084707
299	650	-4.8090935
463	671	-4.809225
152	379	-4.810455
210	633	-4.812086
127	98	-4.8124466
216	423	-4.8127284
371	651	-4.8128138
50	289	-4.8129625
164	375	-4.812967
114	46	-4.813816
5	206	-4.8139863
164	369	-4.814978
91	391	-4.81509
37	318	-4.815246
146	192	-4.815354
275	610	-4.8158636
176	557	-4.8159533
138	24	-4.8163924
87	536	-4.8167157
930	654	-4.816976
283	589	-4.8172855
75	159	-4.818668
205	265	-4.8195186
137	625	-4.8195744
66	440	-4.820796
30	147	-4.821078
273	477	-4.822068
70	185	-4.823022
142	405	-4.8234982
64	28	-4.8239255
77	32	-4.823935
136	651	-4.824191
233	491	-4.824288
278	496	-4.824434
155	237	-4.825907
181	193	-4.8259354
147	288	-4.8261566
140	303	-4.8265634
39	205	-4.827001
69	150	-4.828658
46	418	-4.829107
111	539	-4.829697
125	264	-4.829953
51	433	-4.8301663
251	647	-4.8303747
188	370	-4.830583
181	524	-4.8306594
116	328	-4.8315454
109	64	-4.8323684
39	372	-4.8334956
112	545	-4.8344445
48	274	-4.8350472
145	360	-4.835727
172	402	-4.8368716
84	297	-4.837518
228	476	-4.838002
134	612	-4.8381257
5	101	-4.839236
201	377	-4.8394527
189	366	-4.8429117
387	648	-4.8433757
290	546	-4.845501
114	608	-4.8461266
156	365	-4.84622
29	124	-4.8463674
128	294	-4.846804
239	398	-4.847579
191	359	-4.848708
62	186	-4.8501086
129	582	-4.85168
279	597	-4.8528132
56	341	-4.8534026
225	453	-4.853545
154	225	-4.8535657
127	493	-4.8546524
756	664	-4.855677
124	8	-4.856025
45	352	-4.8575487
104	452	-4.8582773
198	642	-4.8589644
151	61	-4.859785
69	246	-4.8602767
56	104	-4.860632
241	624	-4.8623333
162	470	-4.864421
34	622	-4.8652673
61	646	-4.8660765
247	419	-4.866439
102	574	-4.8669233
220	619	-4.867262
190	226	-4.8673477
407	652	-4.868167
87	112	-4.8682485
115	334	-4.869067
124	559	-4.869483
284	285	-4.8695693
161	251	-4.870386
130	366	-4.870535
56	70	-4.870706
119	43	-4.8712144
35	173	-4.8720307
275	130	-4.8724074
59	6	-4.872518
55	230	-4.8730383
140	487	-4.873244
295	638	-4.87329
242	477	-4.873382
20	217	-4.873917
105	301	-4.8742175
220	627	-4.874321
169	474	-4.87555
81	304	-4.8757105
158	450	-4.875872
84	431	-4.876128
925	667	-4.8768086
175	580	-4.8769064
449	662	-4.877062
104	368	-4.8778253
96	367	-4.879131
33	50	-4.8805094
305	581	-4.8809967
5	154	-4.8810964
70	221	-4.882148
142	184	-4.882271
168	273	-4.8824396
176	548	-4.8831205
125	517	-4.883179
147	599	-4.8845305
274	602	-4.886773
150	217	-4.8875723
44	181	-4.887701
375	509	-4.887971
130	410	-4.888879
420	652	-4.890481
175	429	-4.8906713
83	643	-4.8925776
191	634	-4.8936157
132	457	-4.894161
915	666	-4.894309
81	516	-4.894492
168	404	-4.8951344
146	186	-4.8956227
229	451	-4.8957114
120	47	-4.8962226
88	566	-4.8966675
54	280	-4.897041
292	649	-4.897475
95	171	-4.899395
140	128	-4.8994317
179	300	-4.9010706
192	567	-4.902831
206	644	-4.903093
137	324	-4.904396
183	530	-4.904532
257	561	-4.90498
389	671	-4.9055223
165	286	-4.9062014
119	325	-4.907418
27	185	-4.90791
603	662	-4.90818
145	623	-4.908907
74	410	-4.9091854
266	464	-4.909958
157	44	-4.9099846
200	388	-4.910244
34	573	-4.9104304
172	169	-4.9127355
132	594	-4.914389
185	576	-4.914434
242	528	-4.915457
40	66	-4.915711
60	345	-4.916882
123	110	-4.9170427
202	567	-4.917136
58	279	-4.917328
89	544	-4.917428
62	93	-4.917539
39	216	-4.9181404
151	303	-4.9181676
176	182	-4.9184875
76	418	-4.918624
173	406	-4.9187207
33	195	-4.919015
70	310	-4.9190173
175	265	-4.9191227
178	306	-4.9193196
133	16	-4.919506
127	254	-4.9196053
30	163	-4.92289
293	645	-4.922932
153	347	-4.9230065
49	627	-4.9240694
63	227	-4.924123
48	179	-4.9246626
138	117	-4.9247813
27	173	-4.925701
156	255	-4.926229
31	283	-4.9271007
192	488	-4.928352
217	437	-4.929145
187	457	-4.929683
70	216	-4.929863
457	649	-4.9302325
740	661	-4.931185
86	289	-4.931603
52	302	-4.9317837
161	257	-4.9322305
133	581	-4.9326468
147	641	-4.9329762
455	672	-4.9334445
125	651	-4.9341435
49	270	-4.935151
149	345	-4.9365497
235	466	-4.9366097
159	117	-4.936696
173	25	-4.9370985
100	374	-4.9372115
66	314	-4.9377713
122	246	-4.9381814
166	462	-4.938204
424	651	-4.9384346
176	122	-4.938786
58	317	-4.93885
114	340	-4.9388685
128	93	-4.9400196
447	667	-4.940884
225	462	-4.9412837
56	49	-4.9415126
693	670	-4.943379
69	170	-4.9434004
106	398	-4.9439945
191	415	-4.9440527
126	483	-4.9441676
319	623	-4.9450407
6	248	-4.945474
213	530	-4.9455547
155	359	-4.9456453
113	601	-4.9457774
22	89	-4.9461093
177	186	-4.94611
156	473	-4.9463534
139	124	-4.946376
73	488	-4.9467487
284	512	-4.946932
64	627	-4.9470687
411	651	-4.9478292
142	136	-4.949212
67	115	-4.949863
26	23	-4.950127
443	644	-4.9517255
52	234	-4.952113
131	110	-4.9521503
62	20	-4.9527507
81	23	-4.9539795
45	34	-4.9552016
95	151	-4.956218
440	661	-4.95715
92	536	-4.9574327
383	639	-4.9584055
75	275	-4.9586625
127	123	-4.959051
130	389	-4.9594297
89	296	-4.959749
200	369	-4.9604177
45	169	-4.961685
176	476	-4.961759
87	341	-4.961763
119	236	-4.9617963
86	201	-4.961967
165	384	-4.962508
215	428	-4.9626803
99	175	-4.96287
92	351	-4.963131
45	204	-4.9636955
158	113	-4.963708
86	330	-4.9651585
236	599	-4.966804
103	315	-4.967115
128	595	-4.9673433
436	660	-4.969494
154	649	-4.970352
31	46	-4.9726624
76	476	-4.9733953
315	624	-4.9735
167	524	-4.9736395
230	371	-4.974325
177	604	-4.9754753
249	423	-4.9758625
62	650	-4.976346
116	346	-4.9764814
143	470	-4.977977
784	666	-4.978167
49	188	-4.9788494
31	428	-4.979428
152	374	-4.9797044
83	523	-4.980217
105	483	-4.980713
112	614	-4.981899
254	552	-4.9821115
92	164	-4.9827952
121	90	-4.983732
215	539	-4.983773
442	656	-4.9838285
46	423	-4.9839
283	594	-4.9849463
145	634	-4.9866524
397	632	-4.9868774
99	146	-4.9872756
30	547	-4.9876366
169	398	-4.988076
293	532	-4.98829
307	598	-4.988735
76	370	-4.9887447
192	326	-4.989123
170	376	-4.9891467
57	247	-4.9904127
70	160	-4.990531
296	561	-4.9909472
165	400	-4.9910645
114	619	-4.992789
370	583	-4.9933763
151	55	-4.993395
126	285	-4.993464
48	266	-4.9940176
53	298	-4.9946737
136	478	-4.9969287
66	187	-4.9990067
271	599	-4.999657
53	226	-5.0001583
72	452	-5.00033
246	642	-5.000784
139	638	-5.002949
252	539	-5.0031905
84	422	-5.0033565
5	91	-5.0034676
6	169	-5.003514
196	476	-5.0050435
100	163	-5.0057683
216	628	-5.006216
43	69	-5.006664
221	623	-5.006934
374	665	-5.008
92	286	-5.0089245
170	291	-5.009358
219	328	-5.0098
113	308	-5.0100555
160	210	-5.010132
161	110	-5.0106254
133	10	-5.011351
192	380	-5.0114284
205	384	-5.0114665
206	276	-5.011992
200	621	-5.0120997
107	470	-5.013095
129	652	-5.0146985
196	627	-5.0147552
279	591	-5.015262
45	192	-5.0156956
931	661	-5.016088
129	415	-5.0172005
752	671	-5.0183816
51	607	-5.018813
193	587	-5.0189486
252	499	-5.020014
170	381	-5.020338
133	517	-5.020382
100	353	-5.020809
225	566	-5.0211496
621	653	-5.0212965
284	646	-5.021356
54	170	-5.021449
185	651	-5.021937
83	650	-5.0227547
5	200	-5.023292
226	434	-5.0238094
220	424	-5.0245476
57	592	-5.0246067
113	573	-5.0256305
202	361	-5.025669
284	652	-5.02642
958	652	-5.026482
172	539	-5.026676
89	384	-5.026929
274	481	-5.0289164
176	499	-5.0289702
238	389	-5.0295534
92	50	-5.029755
58	191	-5.029935
196	127	-5.030189
745	657	-5.0306334
139	600	-5.0308437
65	290	-5.031083
57	225	-5.0312505
322	640	-5.0316505
55	257	-5.031814
149	625	-5.031836
34	420	-5.032689
6	97	-5.0328355
68	641	-5.03291
115	22	-5.0343385
26	181	-5.0349116
211	522	-5.034977
34	291	-5.0354643
80	220	-5.036247
73	291	-5.0363975
103	326	-5.0370016
165	565	-5.0371747
171	256	-5.037282
57	145	-5.037351
60	156	-5.0378184
53	243	-5.037978
299	645	-5.038173
139	164	-5.0400915
177	612	-5.040905
163	459	-5.0416174
250	643	-5.041811
49	212	-5.042183
264	460	-5.0430665
158	458	-5.044934
88	96	-5.0451646
326	647	-5.045636
152	597	-5.0457
162	379	-5.0458374
128	590	-5.046356
165	234	-5.047669
528	672	-5.047997
372	579	-5.0484934
123	120	-5.04885
289	610	-5.048876
120	476	-5.0492043
227	438	-5.0493484
386	664	-5.049742
450	656	-5.050493
116	355	-5.0507526
62	321	-5.0514317
959	618	-5.051673
779	654	-5.051921
250	503	-5.053206
166	488	-5.054324
362	305	-5.056032
52	319	-5.0562825
60	293	-5.0566373
498	662	-5.057283
165	548	-5.0576563
75	215	-5.058164
178	483	-5.058385
184	308	-5.060602
1	220	-5.061001
736	671	-5.0610027
194	238	-5.0619307
115	247	-5.063331
93	541	-5.063355
636	654	-5.063628
189	647	-5.065679
125	274	-5.065827
134	406	-5.06598
123	588	-5.0662785
40	112	-5.0670743
397	671	-5.0677385
98	288	-5.068126
193	234	-5.06938
49	253	-5.0697465
277	388	-5.070457
40	177	-5.0709286
87	651	-5.0709457
210	643	-5.071505
181	518	-5.071993
168	585	-5.072262
83	427	-5.0728903
208	307	-5.073857
87	268	-5.074486
67	236	-5.074582
49	206	-5.0747538
207	515	-5.074889
38	439	-5.075312
238	513	-5.0755424
284	526	-5.0755467
72	405	-5.0758057
103	43	-5.0758758
358	306	-5.07601
184	200	-5.076405
246	415	-5.077341
196	579	-5.077827
104	568	-5.078711
132	355	-5.0791636
19	213	-5.079541
127	501	-5.080566
131	371	-5.080609
56	294	-5.0806956
67	297	-5.081077
123	12	-5.0817842
78	36	-5.0822725
47	362	-5.0823293
61	160	-5.083471
179	395	-5.0834746
28	190	-5.0835133
512	611	-5.084411
318	606	-5.0848317
88	251	-5.0852695
147	647	-5.085452
191	571	-5.0865746
77	292	-5.0870967
197	366	-5.087884
321	644	-5.0887976
238	463	-5.0889244
50	438	-5.09265
109	498	-5.0929193
186	549	-5.0932555
246	630	-5.094172
122	349	-5.0942087
61	196	-5.096024
116	615	-5.0963435
199	394	-5.0963874
262	444	-5.097062
117	578	-5.097261
72	316	-5.0975204
36	120	-5.0976915
126	250	-5.097905
198	68	-5.0998955
58	19	-5.1016
131	139	-5.101872
959	664	-5.1019487
142	198	-5.102239
787	654	-5.1023235
287	516	-5.102942
29	62	-5.1034436
51	70	-5.1034484
95	568	-5.1037784
305	591	-5.1042714
255	232	-5.104874
228	359	-5.1065645
51	597	-5.1074414
139	369	-5.107514
35	603	-5.107521
195	389	-5.1078825
53	54	-5.1101665
242	636	-5.1107693
29	85	-5.1113577
112	304	-5.1119537
168	612	-5.1120825
241	487	-5.112974
109	339	-5.115827
325	635	-5.116281
959	623	-5.116298
36	132	-5.1165247
181	495	-5.1173935
97	572	-5.117403
89	119	-5.117613
291	618	-5.1179147
75	348	-5.1186585
25	39	-5.1191483
152	31	-5.1192417
99	294	-5.120335
136	472	-5.120381
120	335	-5.120793
119	537	-5.1210275
29	251	-5.1216655
137	580	-5.1220484
93	400	-5.122093
315	598	-5.1231904
73	171	-5.1232643
44	196	-5.1235466
39	605	-5.123635
196	471	-5.1243916
285	635	-5.124441
152	43	-5.1247244
173	614	-5.1257215
51	37	-5.1262307
188	346	-5.126812
133	528	-5.12781
105	268	-5.127931
113	565	-5.127954
268	550	-5.1283755
58	588	-5.129317
214	623	-5.1309357
34	179	-5.131071
119	495	-5.1317015
200	556	-5.1326017
224	349	-5.1337085
45	228	-5.133883
79	318	-5.1344852
101	48	-5.1355042
5	165	-5.135678
226	575	-5.135853
153	642	-5.136168
46	30	-5.1368985
179	283	-5.1380324
502	672	-5.1387453
196	76	-5.1393895
211	605	-5.139518
104	440	-5.140312
142	190	-5.1412907
49	19	-5.142444
42	385	-5.143276
228	365	-5.1436152
1	211	-5.1436834
48	645	-5.1445255
256	438	-5.144639
437	671	-5.1448116
64	337	-5.145376
101	383	-5.145616
407	627	-5.145668
41	596	-5.146983
176	532	-5.146992
160	583	-5.1474085
107	12	-5.147873
269	567	-5.1480045
166	152	-5.148523
186	461	-5.1485696
197	613	-5.1493
30	446	-5.1497593
389	620	-5.1498775
51	547	-5.1499496
118	222	-5.151638
6	150	-5.1517396
104	306	-5.152686
46	38	-5.153068
73	479	-5.1531744
170	117	-5.1533456
65	354	-5.153568
91	123	-5.154131
132	144	-5.1552763
43	153	-5.1555
29	313	-5.155607
146	576	-5.1575775
41	418	-5.1575947
43	62	-5.1585917
112	217	-5.159139
60	621	-5.159912
152	474	-5.161586
139	611	-5.161919
323	334	-5.1623044
148	444	-5.162631
37	644	-5.1629124
91	345	-5.163583
33	582	-5.1638966
136	435	-5.1640015
57	186	-5.1640015
959	607	-5.164022
132	153	-5.16404
94	545	-5.165061
20	223	-5.1655507
63	8	-5.1665053
131	587	-5.1670833
134	532	-5.1682568
533	623	-5.169188
55	210	-5.1694727
554	664	-5.169601
227	524	-5.169864
151	38	-5.170587
307	587	-5.1706204
89	551	-5.1712866
47	165	-5.1732006
190	643	-5.1738544
748	670	-5.176822
272	468	-5.1772876
238	630	-5.178513
157	269	-5.1799526
159	206	-5.1800666
54	165	-5.180133
181	584	-5.180166
105	177	-5.1802287
61	152	-5.1802664
161	398	-5.1813064
77	40	-5.1816425
907	671	-5.1816645
30	378	-5.1817226
75	366	-5.1820107
165	619	-5.182873
604	272	-5.18304
111	383	-5.184569
45	216	-5.1849847
126	361	-5.1853504
185	544	-5.185854
136	297	-5.1859565
73	285	-5.1859994
87	107	-5.186451
86	67	-5.188202
254	434	-5.189122
104	426	-5.1891365
87	258	-5.1904125
292	528	-5.1906557
28	72	-5.1910977
149	620	-5.191174
585	551	-5.1918154
161	453	-5.1924767
278	487	-5.193096
77	306	-5.1942806
233	638	-5.194318
138	389	-5.195034
49	373	-5.195463
217	418	-5.1955976
31	364	-5.196071
28	159	-5.1961007
70	19	-5.196295
146	213	-5.196845
958	673	-5.1972613
267	593	-5.197547
168	141	-5.1977577
33	268	-5.1980267
43	27	-5.1989326
197	499	-5.1990037
78	361	-5.20121
70	324	-5.201376
165	256	-5.2014456
223	429	-5.201509
83	71	-5.202421
97	141	-5.2024937
77	559	-5.2026925
98	266	-5.202914
270	281	-5.2037673
33	343	-5.2038717
229	572	-5.204631
192	410	-5.2048173
180	318	-5.205075
34	636	-5.205307
208	293	-5.2055063
356	671	-5.206062
153	192	-5.2062063
108	351	-5.2063518
108	462	-5.2066317
62	488	-5.2066536
191	525	-5.2080607
106	474	-5.209716
5	252	-5.210114
83	224	-5.211123
37	342	-5.2116385
514	672	-5.21213
106	138	-5.21234
165	560	-5.2133684
35	627	-5.213496
111	72	-5.215068
103	392	-5.216872
75	381	-5.218135
275	577	-5.218363
36	537	-5.218752
21	34	-5.218825
156	246	-5.2198067
38	334	-5.2198205
139	453	-5.2209463
134	166	-5.2209606
441	672	-5.2209864
115	396	-5.2219276
35	457	-5.22262
104	354	-5.2229853
99	158	-5.223002
87	334	-5.2242975
122	628	-5.224794
34	19	-5.2253647
61	249	-5.2253737
154	76	-5.22583
127	479	-5.2264767
107	457	-5.2265325
63	325	-5.2265725
1	228	-5.2273617
216	535	-5.2273693
108	145	-5.228079
243	580	-5.228129
170	129	-5.2286396
254	650	-5.229027
36	314	-5.229195
599	654	-5.2293015
7	108	-5.231512
163	571	-5.2315197
127	111	-5.232567
139	491	-5.232638
58	260	-5.233201
185	526	-5.2339425
196	346	-5.2343097
153	634	-5.235486
237	385	-5.2365203
55	174	-5.236548
127	89	-5.2379155
79	300	-5.238441
64	282	-5.2388835
137	594	-5.2393355
134	540	-5.2401314
171	566	-5.2405696
60	148	-5.2410736
81	410	-5.2411346
101	28	-5.242158
77	414	-5.2423005
24	294	-5.242527
56	155	-5.2427735
43	161	-5.242813
34	379	-5.2451777
83	308	-5.2454367
111	203	-5.245583
789	658	-5.246162
195	333	-5.247827
128	468	-5.248141
233	375	-5.248544
145	629	-5.248723
181	142	-5.2488575
98	556	-5.248974
187	623	-5.2511744
168	371	-5.251925
208	615	-5.2522655
107	183	-5.2528806
362	671	-5.2533174
59	172	-5.254055
103	11	-5.2549505
311	590	-5.255838
87	278	-5.2559414
173	491	-5.25607
213	611	-5.256333
71	646	-5.256681
5	195	-5.2569475
131	131	-5.2578516
53	114	-5.2595377
67	242	-5.2605505
137	572	-5.260563
200	356	-5.263454
193	646	-5.264022
2	215	-5.264334
5	416	-5.264341
134	513	-5.264379
120	503	-5.264948
35	618	-5.2658124
96	347	-5.2658324
381	668	-5.2659993
84	36	-5.266031
266	574	-5.2667513
158	265	-5.266865
60	231	-5.2672696
223	557	-5.267306
288	640	-5.267874
159	92	-5.270335
30	133	-5.270809
131	461	-5.272649
175	270	-5.2729807
315	619	-5.2735763
161	230	-5.2736225
134	252	-5.2748647
176	274	-5.2759566
451	648	-5.2766232
164	512	-5.2766333
176	543	-5.2775464
62	192	-5.2780514
240	611	-5.278242
164	584	-5.278304
234	379	-5.2783265
60	118	-5.280785
55	431	-5.281226
107	134	-5.2814074
218	636	-5.282262
272	607	-5.282391
92	651	-5.282743
9	235	-5.2860937
46	158	-5.287066
170	122	-5.287085
156	609	-5.2876525
364	487	-5.2881193
90	115	-5.2882676
214	526	-5.2883544
6	174	-5.288748
72	650	-5.2888308
28	67	-5.2892294
69	270	-5.289457
67	369	-5.290285
119	99	-5.2905912
175	421	-5.2907
64	120	-5.2913933
166	159	-5.2921143
128	567	-5.292184
111	605	-5.2923455
156	211	-5.292732
119	339	-5.29279
196	635	-5.29305
138	287	-5.295278
41	94	-5.2957416
508	653	-5.2957973
42	149	-5.2960725
141	624	-5.296813
198	486	-5.2969956
54	499	-5.2975326
39	350	-5.2982736
177	561	-5.299961
215	322	-5.300865
177	487	-5.3016243
144	204	-5.3028326
61	341	-5.302955
468	671	-5.303229
167	163	-5.303315
166	238	-5.3036237
776	666	-5.304781
911	665	-5.3049054
922	670	-5.3050795
11	114	-5.3057785
77	204	-5.3058925
233	576	-5.3060517
85	303	-5.3078365
74	551	-5.3080716
140	631	-5.30949
187	326	-5.309541
129	472	-5.310156
196	569	-5.3104453
119	597	-5.3108773
242	404	-5.3110113
161	614	-5.3117204
6	87	-5.3121767
41	171	-5.3122253
148	495	-5.312637
76	389	-5.31359
166	623	-5.3136053
81	246	-5.3147745
20	85	-5.3167295
124	260	-5.316918
143	25	-5.3169227
155	594	-5.3171396
607	664	-5.317707
145	314	-5.3178554
141	442	-5.321958
124	353	-5.3219647
172	160	-5.3235445
58	331	-5.323758
178	406	-5.323875
153	229	-5.3248777
97	9	-5.3249507
47	414	-5.3250566
96	372	-5.3252735
165	229	-5.325899
121	472	-5.326012
139	643	-5.3262978
35	598	-5.3265376
187	572	-5.3266077
29	231	-5.3267694
103	321	-5.3267856
229	637	-5.327005
118	55	-5.328395
227	355	-5.3286233
32	88	-5.329342
1	52	-5.3296504
35	577	-5.3301682
74	232	-5.3305664
611	653	-5.3309507
112	391	-5.332284
5	382	-5.3323956
94	58	-5.3327804
466	642	-5.3337317
59	46	-5.3337846
164	518	-5.334942
45	536	-5.3349876
563	606	-5.3351336
317	602	-5.3358707
65	250	-5.3359203
72	180	-5.3363395
20	29	-5.336477
157	385	-5.337021
128	458	-5.3373713
83	638	-5.338356
57	140	-5.338713
78	356	-5.338978
45	600	-5.3390427
203	78	-5.3396573
188	619	-5.340335
140	449	-5.3403926
254	521	-5.3407974
189	466	-5.341446
104	373	-5.341763
75	374	-5.341845
120	396	-5.3423266
288	622	-5.3431935
92	292	-5.3431973
154	343	-5.3432417
959	601	-5.3443875
201	597	-5.3459015
159	360	-5.3459435
162	247	-5.346625
138	18	-5.346667
136	154	-5.3474774
310	655	-5.3477063
36	157	-5.3483906
493	671	-5.3483987
178	287	-5.3485274
2	203	-5.349707
0	207	-5.3503394
210	428	-5.351342
563	614	-5.351567
112	354	-5.3517027
88	540	-5.351775
197	494	-5.351826
117	481	-5.353448
293	551	-5.3536763
36	358	-5.3538527
380	642	-5.3539577
409	632	-5.354393
200	411	-5.3544397
65	266	-5.3546357
119	80	-5.354909
105	430	-5.355962
780	664	-5.3578744
108	153	-5.358744
34	101	-5.3593273
188	450	-5.359434
127	586	-5.35979
105	7	-5.361568
132	546	-5.362064
208	589	-5.3623652
119	402	-5.362522
6	25	-5.3629937
234	595	-5.364067
92	341	-5.3641067
43	397	-5.3648825
120	581	-5.366218
149	339	-5.3665404
370	667	-5.366547
161	607	-5.367748
20	209	-5.3678727
561	610	-5.3683386
167	268	-5.3693337
162	237	-5.3694553
171	535	-5.3699045
66	637	-5.3713636
186	340	-5.371546
239	577	-5.3720465
144	638	-5.373271
119	331	-5.3733563
201	406	-5.3736386
64	632	-5.3741455
50	381	-5.374421
164	25	-5.3744326
191	337	-5.374473
141	140	-5.374682
239	602	-5.375752
183	580	-5.3772163
272	287	-5.377253
38	465	-5.3774858
142	577	-5.3782997
144	299	-5.37844
45	407	-5.3785577
293	557	-5.379083
71	401	-5.3808184
28	77	-5.3818355
74	344	-5.382029
142	149	-5.3828006
51	9	-5.3829947
79	644	-5.383134
50	422	-5.383267
239	517	-5.384775
47	249	-5.3852468
38	569	-5.3861675
199	349	-5.3866234
76	501	-5.387069
108	159	-5.3877144
44	103	-5.389335
138	180	-5.389659
21	41	-5.3897004
246	624	-5.3899674
227	579	-5.390054
73	386	-5.390069
108	436	-5.3907084
78	552	-5.390957
85	81	-5.3910136
34	453	-5.3917522
111	558	-5.3922305
73	339	-5.392632
42	40	-5.3928022
75	463	-5.3931665
50	429	-5.394158
54	624	-5.3942995
228	629	-5.3943596
96	357	-5.3953166
118	620	-5.3963304
104	120	-5.396701
90	327	-5.39679
175	118	-5.3970456
155	370	-5.3970485
29	194	-5.3978257
433	672	-5.3985047
200	601	-5.3992743
151	629	-5.3995037
122	116	-5.399547
86	273	-5.3996434
156	582	-5.400368
93	553	-5.400399
931	673	-5.400688
172	301	-5.40102
135	310	-5.4013824
740	672	-5.4015822
146	318	-5.4020867
786	679	-5.4026628
36	149	-5.4028344
260	566	-5.402932
70	288	-5.4030337
135	422	-5.4033422
59	430	-5.403364
238	180	-5.403474
307	577	-5.404255
31	382	-5.4043136
371	513	-5.404534
8	221	-5.4050946
216	617	-5.405122
23	171	-5.4066024
66	193	-5.406991
161	474	-5.407259
187	401	-5.4073606
462	648	-5.4075346
126	369	-5.4083095
51	385	-5.408505
80	199	-5.408609
523	672	-5.4092503
192	472	-5.409558
41	210	-5.409829
79	365	-5.410721
150	291	-5.412443
113	83	-5.4126587
179	402	-5.412921
160	96	-5.4129224
4	407	-5.412983
5	265	-5.4131465
84	529	-5.413385
136	590	-5.4150267
69	292	-5.415588
46	545	-5.41582
145	303	-5.416615
175	536	-5.417422
5	189	-5.4178433
194	402	-5.4180617
47	369	-5.4192195
198	587	-5.419889
162	261	-5.4202085
30	276	-5.4207206
184	449	-5.4209075
93	81	-5.421177
108	60	-5.4213214
53	132	-5.4215474
122	634	-5.422055
52	273	-5.4222283
5	411	-5.4226165
46	200	-5.423145
165	475	-5.4240465
164	536	-5.424414
112	76	-5.4245334
105	126	-5.4253073
174	397	-5.425643
459	670	-5.426915
105	54	-5.427266
145	616	-5.427658
180	490	-5.427721
66	256	-5.427778
167	145	-5.4285564
134	367	-5.429161
110	188	-5.429818
29	421	-5.4309006
502	664	-5.4309945
160	497	-5.4314528
57	242	-5.431587
121	242	-5.4318323
41	220	-5.431945
45	612	-5.4320416
79	49	-5.432218
159	376	-5.4336925
38	449	-5.4337454
53	593	-5.434776
167	263	-5.435283
150	359	-5.4362426
66	176	-5.436375
112	344	-5.4363985
55	314	-5.436968
139	294	-5.439829
107	491	-5.439836
154	313	-5.4403057
43	74	-5.4406323
58	643	-5.44064
215	492	-5.440749
140	266	-5.441364
41	117	-5.442346
289	523	-5.4443483
592	558	-5.4446297
264	451	-5.4454074
61	176	-5.445672
74	470	-5.4459085
44	272	-5.4463115
57	66	-5.446397
112	554	-5.446981
118	379	-5.4485946
907	666	-5.449157
284	626	-5.449714
319	611	-5.450421
158	577	-5.4508867
220	503	-5.4512467
62	482	-5.4523363
35	591	-5.452343
308	594	-5.4523673
166	113	-5.4525056
493	662	-5.453195
41	269	-5.4533114
57	253	-5.453875
71	353	-5.4539924
20	229	-5.4548693
179	433	-5.455088
64	428	-5.455529
104	445	-5.4563074
110	379	-5.4575224
87	323	-5.457618
9	230	-5.4578047
24	93	-5.4583187
168	532	-5.458597
916	662	-5.4589505
180	533	-5.4595666
173	587	-5.4604
81	312	-5.4605384
196	213	-5.461425
89	318	-5.4616404
292	641	-5.4619565
61	334	-5.4623394
103	578	-5.4628234
165	243	-5.4630866
30	18	-5.4631453
130	251	-5.4632034
123	551	-5.4632707
252	426	-5.463272
153	27	-5.4633303
88	350	-5.463569
512	652	-5.4641867
454	668	-5.4664464
128	530	-5.466582
208	269	-5.466997
93	574	-5.467164
56	149	-5.4672837
30	552	-5.467741
142	220	-5.4682994
62	419	-5.4694014
240	506	-5.4700537
68	27	-5.4702663
0	48	-5.4718966
141	648	-5.4725976
105	525	-5.473164
117	243	-5.47372
83	266	-5.474128
156	389	-5.474927
4	399	-5.4754415
151	646	-5.4758244
30	535	-5.4766994
182	314	-5.4775586
100	364	-5.4779763
35	371	-5.47864
1	199	-5.478749
30	436	-5.4788
81	240	-5.4788284
221	448	-5.4792795
169	133	-5.4795585
435	656	-5.4798603
170	112	-5.4798656
196	247	-5.480621
735	666	-5.480803
239	471	-5.480976
158	103	-5.4811134
195	242	-5.4829445
138	615	-5.4832163
185	330	-5.4832625
283	639	-5.483309
129	160	-5.483857
133	466	-5.4848814
187	350	-5.485022
30	198	-5.485156
590	551	-5.4862294
338	673	-5.4872274
267	285	-5.487569
116	93	-5.487893
122	592	-5.4880366
45	433	-5.48826
57	195	-5.489003
42	501	-5.4890704
64	501	-5.490783
284	603	-5.491891
255	238	-5.493018
222	435	-5.493077
85	293	-5.4951944
37	86	-5.495275
107	335	-5.4954743
198	503	-5.4960113
141	325	-5.4962816
121	106	-5.4968214
176	494	-5.49796
218	542	-5.498103
134	431	-5.4985385
8	184	-5.499299
599	664	-5.49935
135	120	-5.5008845
122	134	-5.501487
62	83	-5.5022817
166	388	-5.5025444
195	604	-5.5029016
122	388	-5.5035305
190	330	-5.505251
385	633	-5.505407
101	311	-5.5055795
756	673	-5.506762
166	483	-5.507965
475	671	-5.508493
168	479	-5.5085354
195	623	-5.508649
106	532	-5.509269
178	413	-5.5094104
135	290	-5.5098066
116	12	-5.510517
72	492	-5.51137
87	639	-5.5114737
56	93	-5.511932
580	548	-5.5127015
121	507	-5.5150766
123	74	-5.5153785
58	490	-5.51627
53	536	-5.5165114
41	611	-5.5181046
237	501	-5.5186257
208	287	-5.5195804
5	178	-5.520279
87	285	-5.520494
5	377	-5.520906
105	561	-5.52146
70	7	-5.521811
383	647	-5.522588
179	119	-5.522648
177	175	-5.522803
19	205	-5.5234256
188	587	-5.5237746
141	132	-5.5242023
5	260	-5.5246096
198	63	-5.52511
158	48	-5.525583
107	650	-5.5256796
146	208	-5.5257545
254	644	-5.5259995
173	390	-5.5262814
168	553	-5.5264683
186	334	-5.52755
54	290	-5.5276585
69	384	-5.5277667
223	468	-5.527824
30	372	-5.528034
401	672	-5.529707
364	495	-5.5297503
383	655	-5.5304136
100	150	-5.531003
217	442	-5.531078
72	279	-5.5313687
489	664	-5.53137
152	479	-5.532212
180	381	-5.5323806
806	671	-5.5327196
73	456	-5.5332255
68	488	-5.5335903
283	507	-5.5340457
98	576	-5.534753
160	243	-5.534865
80	325	-5.5351152
197	618	-5.5364685
188	201	-5.5364804
401	633	-5.5368605
49	66	-5.5374784
66	361	-5.5381155
71	266	-5.5391583
232	630	-5.5402646
292	614	-5.541181
260	439	-5.541312
107	576	-5.541858
203	259	-5.542492
81	28	-5.5430975
108	343	-5.5433416
69	378	-5.5440607
219	546	-5.5447226
55	16	-5.5455165
196	482	-5.54602
361	498	-5.546025
360	310	-5.5466013
151	614	-5.548688
498	671	-5.5493417
153	47	-5.549503
220	27	-5.550724
556	672	-5.5511775
36	324	-5.5512996
40	102	-5.551761
194	563	-5.5523767
139	377	-5.5528865
38	444	-5.553247
12	110	-5.553486
29	271	-5.554077
85	25	-5.554747
223	552	-5.555073
80	296	-5.555381
376	581	-5.55554
192	423	-5.5555825
351	671	-5.555594
689	672	-5.5559297
155	497	-5.5560217
214	29	-5.5563326
95	513	-5.5567093
44	114	-5.556994
64	246	-5.557215
59	596	-5.5572286
31	350	-5.5574617
243	575	-5.5577188
57	100	-5.5588126
191	222	-5.558818
111	549	-5.559728
6	112	-5.559862
107	168	-5.560545
102	387	-5.5606437
38	423	-5.560846
54	589	-5.560978
62	200	-5.5623717
510	660	-5.5627584
130	233	-5.563136
20	235	-5.56508
111	166	-5.5651946
135	462	-5.5662103
30	474	-5.5662265
176	584	-5.566664
37	270	-5.5679398
5	337	-5.568074
284	275	-5.56816
57	203	-5.5682387
152	516	-5.5685806
742	654	-5.569126
90	314	-5.569523
69	481	-5.569931
5	421	-5.5702667
196	354	-5.570752
61	606	-5.571249
146	570	-5.5718737
295	652	-5.5722957
43	89	-5.573114
25	177	-5.573954
72	371	-5.574278
225	327	-5.5763135
584	559	-5.5768886
96	339	-5.577274
85	550	-5.577291
152	51	-5.5776844
39	108	-5.57804
45	584	-5.5784216
96	297	-5.5792174
295	547	-5.5798516
173	313	-5.579978
50	169	-5.5803657
58	627	-5.5803723
187	406	-5.5804844
59	634	-5.580716
83	260	-5.5814443
193	341	-5.581653
147	196	-5.5818844
132	296	-5.581961
163	602	-5.582512
70	624	-5.584332
130	498	-5.584642
53	161	-5.5846496
309	583	-5.58544
164	395	-5.585949
109	568	-5.586282
75	319	-5.5863757
24	299	-5.5864477
51	308	-5.5864925
241	394	-5.5868564
181	391	-5.5875797
159	394	-5.587686
500	653	-5.587922
69	447	-5.5898495
8	104	-5.59044
108	425	-5.591853
190	384	-5.593916
0	224	-5.5941606
147	499	-5.594454
127	268	-5.5944686
532	671	-5.5950084
87	87	-5.5952754
223	458	-5.5956707
60	11	-5.5958185
186	554	-5.5959716
69	619	-5.596394
488	671	-5.5965075
111	192	-5.597646
208	282	-5.5977006
32	416	-5.598314
262	652	-5.5986423
65	444	-5.598791
139	481	-5.5994763
115	485	-5.599935
9	243	-5.60053
572	551	-5.6011887
793	662	-5.601674
271	132	-5.6020637
35	385	-5.602079
45	541	-5.602603
79	627	-5.602752
85	563	-5.602805
79	651	-5.603492
71	299	-5.604
9	188	-5.6041336
52	106	-5.6042857
160	595	-5.604509
184	396	-5.6051674
390	665	-5.605719
89	572	-5.6057987
274	126	-5.605987
166	290	-5.608121
393	672	-5.609019
190	477	-5.609247
162	29	-5.609354
190	398	-5.610421
46	84	-5.61052
376	643	-5.611023
134	283	-5.611328
51	313	-5.611517
175	284	-5.6116447
134	237	-5.611912
220	508	-5.614752
154	242	-5.615932
33	61	-5.616091
42	265	-5.616584
282	289	-5.6180015
180	651	-5.6186657
142	291	-5.619434
5	403	-5.61966
225	561	-5.620707
120	344	-5.6210194
106	173	-5.6216598
47	262	-5.6218204
57	234	-5.6219254
37	260	-5.62336
98	414	-5.6241817
292	256	-5.6247177
39	396	-5.625172
45	592	-5.625907
229	618	-5.626142
177	140	-5.626353
92	76	-5.626728
68	374	-5.62713
129	406	-5.627436
252	548	-5.6298013
30	317	-5.629976
150	232	-5.6309595
175	29	-5.6309786
26	9	-5.631332
122	414	-5.6316905
374	516	-5.631729
167	592	-5.6321692
374	585	-5.6325274
185	196	-5.6325393
226	634	-5.6325703
57	61	-5.633801
47	71	-5.6338816
142	620	-5.634533
135	536	-5.6347675
77	505	-5.635342
66	492	-5.6355324
611	672	-5.635856
69	251	-5.6366963
75	565	-5.637025
76	576	-5.6383724
281	390	-5.6386857
789	666	-5.6399126
72	303	-5.640233
370	499	-5.640281
52	156	-5.64088
39	51	-5.6409593
62	313	-5.6413364
105	19	-5.641515
83	250	-5.6425653
164	544	-5.6432323
37	461	-5.643245
156	355	-5.6433268
75	267	-5.6433825
516	610	-5.643735
22	25	-5.6444983
80	351	-5.645003
83	340	-5.646064
152	213	-5.646335
82	631	-5.646538
230	527	-5.6467247
107	376	-5.6468606
53	122	-5.6474485
325	643	-5.648185
40	360	-5.6486588
44	377	-5.649085
59	584	-5.6502805
354	553	-5.6505375
73	43	-5.651094
286	607	-5.651743
136	129	-5.6533523
147	223	-5.653647
181	296	-5.6541533
49	41	-5.6549034
188	563	-5.6560435
174	279	-5.6563077
34	631	-5.657562
50	417	-5.657866
56	12	-5.6581645
205	592	-5.6585927
5	362	-5.6589956
28	50	-5.6609797
400	637	-5.661225
109	141	-5.6614647
164	528	-5.661627
89	100	-5.661701
161	279	-5.6630774
158	81	-5.6640487
97	135	-5.6640644
49	113	-5.665017
796	679	-5.6654253
131	480	-5.6659145
146	310	-5.6660824
172	601	-5.6675215
199	507	-5.667595
171	266	-5.6676855
158	40	-5.668031
44	19	-5.6696696
44	223	-5.6702166
362	522	-5.670635
167	294	-5.6709633
156	381	-5.671197
96	155	-5.671605
43	109	-5.6716146
175	134	-5.671621
258	433	-5.672623
34	153	-5.6732006
30	568	-5.673344
45	427	-5.675207
930	681	-5.6754236
152	248	-5.675811
6	256	-5.676774
1	159	-5.676867
240	521	-5.6772346
5	270	-5.6773415
89	354	-5.677408
71	554	-5.67766
241	502	-5.678288
39	163	-5.6783447
42	414	-5.6785965
60	283	-5.680498
134	506	-5.6807213
173	305	-5.6811223
54	488	-5.681179
222	638	-5.6812267
85	254	-5.6815124
627	653	-5.6816554
93	531	-5.6819067
161	623	-5.682305
152	591	-5.682318
233	497	-5.6837716
134	388	-5.6841087
73	561	-5.6841526
143	642	-5.684479
160	520	-5.684576
136	486	-5.6849365
111	406	-5.6857457
152	638	-5.6863046
109	600	-5.686811
290	284	-5.687205
233	581	-5.687347
57	639	-5.6875696
33	252	-5.687897
175	329	-5.688075
124	410	-5.689126
179	438	-5.689378
55	179	-5.689726
20	284	-5.6906085
91	337	-5.6909246
156	34	-5.6918316
101	23	-5.6921325
9	225	-5.692269
151	69	-5.6931477
147	326	-5.6940136
199	564	-5.694082
536	672	-5.6943197
39	70	-5.6947064
211	514	-5.695382
189	374	-5.6954117
378	664	-5.6959763
50	192	-5.6960564
63	423	-5.6969
68	628	-5.6985035
370	517	-5.6986175
197	583	-5.698783
79	277	-5.699246
37	581	-5.6992793
39	455	-5.6994896
165	365	-5.700224
484	616	-5.70065
112	577	-5.701155
31	356	-5.7017174
131	280	-5.701869
200	571	-5.7027326
172	556	-5.7028713
504	658	-5.703049
38	560	-5.70379
117	103	-5.7048655
810	672	-5.7050853
44	176	-5.7052517
96	362	-5.705553
33	202	-5.7057805
32	10	-5.706302
89	34	-5.706606
111	433	-5.706783
153	623	-5.7074327
53	238	-5.708933
95	406	-5.7096624
41	535	-5.7098804
268	652	-5.712924
76	315	-5.7136207
1	233	-5.7157927
926	672	-5.7160172
97	167	-5.7160544
266	455	-5.716261
62	254	-5.716776
43	531	-5.717118
42	393	-5.71759
150	199	-5.717848
36	614	-5.7179914
749	659	-5.7185345
61	241	-5.719231
106	347	-5.7192426
31	459	-5.7198777
285	611	-5.720013
169	547	-5.720749
6	144	-5.721432
54	584	-5.722035
201	625	-5.7222977
79	512	-5.7229967
5	83	-5.7239747
245	531	-5.724444
364	516	-5.7256017
52	50	-5.725693
169	493	-5.725848
325	338	-5.7258935
182	28	-5.726548
177	377	-5.726762
1	194	-5.727186
6	75	-5.7275805
198	84	-5.728619
54	198	-5.7287707
133	114	-5.7305455
57	218	-5.730607
71	257	-5.7313437
53	629	-5.7314024
9	153	-5.731613
113	213	-5.7325215
792	654	-5.7333107
122	468	-5.734074
37	212	-5.7348456
102	421	-5.7354183
206	421	-5.7381024
281	631	-5.7384305
83	534	-5.7386775
84	349	-5.738843
39	19	-5.7402864
41	583	-5.7408557
263	570	-5.741766
169	27	-5.7422304
202	513	-5.7423263
319	618	-5.74259
959	629	-5.7438703
281	643	-5.7442603
237	509	-5.7443438
2	237	-5.745028
405	623	-5.7453437
216	654	-5.7457356
157	621	-5.746462
120	15	-5.7468295
51	542	-5.747402
116	69	-5.7475705
163	503	-5.747964
37	124	-5.748317
35	586	-5.749684
72	295	-5.7501607
189	197	-5.750285
103	401	-5.750553
59	414	-5.7510076
405	635	-5.751337
120	650	-5.7514815
124	345	-5.752014
135	172	-5.752121
207	471	-5.7533555
130	487	-5.753947
47	596	-5.755546
73	496	-5.757018
54	393	-5.7582383
267	598	-5.7586923
48	107	-5.760142
172	561	-5.760153
122	375	-5.7618127
861	654	-5.762147
35	351	-5.7631297
168	543	-5.763735
262	582	-5.7641416
152	65	-5.7641635
135	555	-5.7641697
207	581	-5.764234
281	606	-5.76536
186	540	-5.7655935
291	653	-5.7657456
29	440	-5.765792
143	286	-5.766015
76	23	-5.7661023
123	130	-5.7662253
161	515	-5.7673893
149	25	-5.767546
200	593	-5.7679634
111	11	-5.7679768
101	378	-5.7681074
73	307	-5.7681336
146	651	-5.76871
161	45	-5.768961
72	460	-5.769041
128	258	-5.7695527
83	333	-5.769719
78	399	-5.769799
70	357	-5.769998
161	100	-5.770371
34	68	-5.770623
589	555	-5.7708187
41	133	-5.7711563
161	386	-5.77127
200	472	-5.771334
30	141	-5.7722187
130	476	-5.7728605
131	126	-5.773642
405	671	-5.773649
38	541	-5.7740774
63	237	-5.7743554
175	298	-5.7743893
303	565	-5.7744207
80	572	-5.774918
250	638	-5.7749963
77	619	-5.7750006
75	572	-5.775249
75	623	-5.7755213
53	185	-5.7759485
159	64	-5.7763557
243	608	-5.7771893
191	427	-5.777405
113	414	-5.7785316
174	293	-5.7797008
142	572	-5.7801075
399	663	-5.780518
148	487	-5.7809362
62	494	-5.7812667
423	672	-5.781867
229	567	-5.782182
5	426	-5.7822843
208	511	-5.7833147
197	553	-5.7843204
41	125	-5.784549
73	271	-5.785185
156	481	-5.7857366
38	368	-5.78576
916	656	-5.786128
34	607	-5.786374
114	380	-5.7868137
110	149	-5.787555
598	555	-5.7884417
428	671	-5.7886505
149	511	-5.788713
33	15	-5.7892265
10	118	-5.7896447
959	648	-5.790736
120	641	-5.791513
929	677	-5.7938237
317	342	-5.796384
435	644	-5.7969346
6	122	-5.7969484
185	635	-5.7976804
67	10	-5.7977853
242	620	-5.7979503
85	75	-5.798637
9	179	-5.798932
208	302	-5.799186
121	541	-5.8010283
68	198	-5.8016644
258	651	-5.8017325
143	295	-5.8017435
88	379	-5.801756
171	366	-5.801837
195	358	-5.8022947
216	318	-5.8023915
29	203	-5.8032727
129	439	-5.8038855
9	158	-5.804054
70	391	-5.8043942
60	288	-5.804734
153	295	-5.8048205
49	537	-5.8052187
131	550	-5.8055496
209	609	-5.8056927
121	85	-5.8057814
55	397	-5.8059683
71	367	-5.806444
169	385	-5.8067474
590	562	-5.80748
148	504	-5.8078437
171	156	-5.8081346
8	215	-5.808537
194	541	-5.8092213
126	475	-5.809597
196	27	-5.809762
31	564	-5.8098116
127	462	-5.809858
174	126	-5.81042
460	664	-5.8105674
354	523	-5.8108335
126	554	-5.8108935
95	161	-5.8112082
39	364	-5.8114166
397	647	-5.811714
318	655	-5.8123064
10	247	-5.812469
71	320	-5.812639
117	375	-5.8132296
159	226	-5.813557
5	390	-5.814382
254	558	-5.8148894
279	384	-5.8154397
136	544	-5.8157353
148	595	-5.8176146
169	618	-5.817772
53	214	-5.818178
41	426	-5.818249
773	670	-5.818485
457	655	-5.818929
131	423	-5.820111
167	539	-5.8206096
91	578	-5.8206506
156	487	-5.821453
87	307	-5.8214793
5	353	-5.821726
131	255	-5.822087
326	639	-5.8227415
141	590	-5.822757
135	585	-5.822825
168	600	-5.824228
163	523	-5.8242407
182	341	-5.824723
50	498	-5.8252892
74	362	-5.825449
73	202	-5.827095
201	252	-5.827209
281	670	-5.827441
392	648	-5.8275204
162	106	-5.828076
81	291	-5.8293314
37	98	-5.8301187
132	135	-5.8301415
306	572	-5.8311267
110	610	-5.8312993
9	251	-5.8314066
119	392	-5.83144
135	549	-5.8314815
34	464	-5.8315043
52	5	-5.832022
439	643	-5.8320875
790	681	-5.8328366
128	352	-5.832974
119	75	-5.8333297
187	29	-5.8339467
80	520	-5.8340707
58	649	-5.8341246
100	343	-5.834284
44	359	-5.834322
88	374	-5.834746
52	118	-5.834971
285	411	-5.835305
211	620	-5.835493
42	98	-5.8365793
155	320	-5.836696
382	663	-5.836697
239	571	-5.8369136
491	652	-5.836931
10	173	-5.8375144
5	330	-5.8379493
2	168	-5.8388143
103	114	-5.839376
161	33	-5.8407917
135	302	-5.841255
232	367	-5.841335
100	358	-5.8414254
605	672	-5.841882
141	270	-5.84239
617	654	-5.843701
25	86	-5.8443356
148	330	-5.8445716
43	389	-5.846443
285	619	-5.8464994
50	576	-5.846626
115	384	-5.8467293
29	455	-5.847132
92	333	-5.847248
131	121	-5.8478
41	591	-5.8484654
81	39	-5.8487463
52	145	-5.849241
9	100	-5.8515306
172	610	-5.8523455
135	482	-5.853095
352	547	-5.8541207
6	30	-5.854602
131	288	-5.855114
224	533	-5.8564615
533	615	-5.8568864
198	608	-5.85718
9	92	-5.857763
170	394	-5.8578863
53	42	-5.857978
35	164	-5.8581085
276	289	-5.858817
220	513	-5.8588514
41	525	-5.8596745
45	577	-5.860013
122	512	-5.860115
61	97	-5.8602624
399	621	-5.860416
4	358	-5.8607264
130	275	-5.861112
158	260	-5.861196
79	346	-5.8626213
4	317	-5.8629866
38	574	-5.86338
115	623	-5.8646708
190	553	-5.865277
183	437	-5.865344
8	192	-5.8654914
418	673	-5.865734
115	146	-5.8658323
135	248	-5.8660717
155	207	-5.8665667
49	590	-5.8668704
161	479	-5.86756
117	413	-5.868453
56	286	-5.868569
227	346	-5.868584
173	164	-5.8687043
89	42	-5.868954
161	285	-5.870573
115	170	-5.870986
813	681	-5.8715606
238	527	-5.8740435
179	608	-5.8754025
216	522	-5.875835
5	432	-5.8767323
101	302	-5.8771687
46	233	-5.8771863
33	406	-5.877218
232	361	-5.8773
97	32	-5.87768
366	507	-5.877868
34	248	-5.8793106
541	672	-5.879365
411	625	-5.879465
138	254	-5.8817835
80	566	-5.881959
372	528	-5.8825617
178	292	-5.8834133
30	560	-5.885631
141	21	-5.88577
139	475	-5.88621
119	59	-5.8873615
1	97	-5.8876586
175	113	-5.887846
101	53	-5.888855
44	588	-5.8890495
10	200	-5.8896837
108	369	-5.8897676
331	652	-5.891089
38	266	-5.8911223
910	681	-5.891665
312	586	-5.89182
920	681	-5.8919024
146	582	-5.8919697
548	672	-5.892352
226	640	-5.8934216
91	23	-5.8934903
47	605	-5.8937507
153	520	-5.8938904
247	411	-5.8942595
113	376	-5.89468
195	413	-5.895086
173	288	-5.895518
57	159	-5.8963118
5	367	-5.8968687
30	227	-5.8972197
30	247	-5.897956
4	185	-5.8983173
84	368	-5.9016695
128	145	-5.9019585
193	137	-5.901967
29	432	-5.9028783
27	45	-5.9029193
959	677	-5.903062
200	576	-5.90337
39	565	-5.903973
146	342	-5.9057317
371	625	-5.905929
273	614	-5.907358
184	384	-5.9078083
31	478	-5.9085946
480	671	-5.9104853
158	30	-5.9111056
35	492	-5.914214
377	627	-5.914675
180	189	-5.915632
115	97	-5.916431
113	425	-5.916587
182	411	-5.9172115
1	103	-5.9172664
364	309	-5.9177203
30	466	-5.917914
31	257	-5.9191647
180	429	-5.919326
49	131	-5.91933
806	679	-5.9207196
183	400	-5.9224796
155	586	-5.9224806
110	620	-5.9225283
6	138	-5.9226017
116	216	-5.9229865
138	373	-5.923253
489	616	-5.923576
190	462	-5.923855
89	71	-5.9242887
123	524	-5.924289
117	473	-5.924685
190	419	-5.924712
122	228	-5.9248586
197	467	-5.924891
453	664	-5.9249053
133	441	-5.925046
110	473	-5.9263244
108	615	-5.926793
298	557	-5.926989
39	355	-5.927131
280	610	-5.927188
632	653	-5.9280014
1	404	-5.928254
193	73	-5.9299965
163	508	-5.930022
1	164	-5.930071
34	647	-5.930579
181	148	-5.930696
228	26	-5.931159
263	586	-5.9312468
333	672	-5.9322877
10	168	-5.932294
104	341	-5.932515
366	574	-5.932562
92	87	-5.9325895
72	329	-5.9326525
130	6	-5.933329
432	661	-5.935889
724	654	-5.9362845
35	429	-5.9376664
54	515	-5.9407806
51	221	-5.9411182
135	125	-5.942249
68	633	-5.9425244
261	238	-5.94306
93	118	-5.9445615
83	345	-5.9446416
763	669	-5.944935
111	372	-5.9452057
277	395	-5.9461937
30	386	-5.9470882
75	236	-5.9473176
135	560	-5.947752
153	307	-5.948165
49	258	-5.9484816
325	673	-5.9488134
130	284	-5.9496546
105	602	-5.95075
783	653	-5.9511967
143	216	-5.9512362
5	325	-5.9520826
191	405	-5.9523535
143	598	-5.9528832
26	155	-5.9535065
59	90	-5.9535327
958	633	-5.954023
376	623	-5.9542446
40	121	-5.954701
42	137	-5.954836
314	594	-5.955044
63	317	-5.9551635
113	160	-5.9566374
908	677	-5.957426
47	488	-5.959108
58	442	-5.9594746
191	217	-5.9600105
285	673	-5.9608617
119	637	-5.9609704
43	81	-5.961024
210	518	-5.961134
39	388	-5.9611406
9	196	-5.9619303
170	106	-5.962001
29	342	-5.962386
50	389	-5.9631104
49	103	-5.9634256
28	56	-5.9634542
84	544	-5.9635034
478	665	-5.96356
5	372	-5.9653277
31	589	-5.965752
4	394	-5.9657826
1	153	-5.9659834
190	129	-5.9663386
362	503	-5.966369
113	500	-5.9669733
284	259	-5.9673653
52	58	-5.9674845
144	329	-5.968864
294	286	-5.969987
194	65	-5.970162
138	282	-5.9709353
206	585	-5.9709516
50	633	-5.97103
202	586	-5.9712973
200	148	-5.9716153
9	163	-5.971625
143	337	-5.973276
958	681	-5.973653
37	610	-5.973772
296	642	-5.9741783
158	59	-5.974311
249	633	-5.9744205
149	334	-5.974474
109	466	-5.9759727
73	248	-5.976684
259	234	-5.9780817
276	279	-5.9783044
194	123	-5.978508
59	514	-5.978738
131	148	-5.9791226
80	287	-5.979235
315	662	-5.9793143
4	386	-5.979912
45	439	-5.980594
582	554	-5.9809775
236	184	-5.9812346
37	556	-5.983255
176	170	-5.983395
82	577	-5.9834514
186	445	-5.98378
797	654	-5.9838486
137	14	-5.984324
221	498	-5.9846635
154	337	-5.984787
219	323	-5.9849505
128	542	-5.9856477
54	446	-5.9857974
234	553	-5.9858336
71	235	-5.9859056
114	18	-5.9872365
149	491	-5.987423
86	311	-5.9878306
45	95	-5.9879613
1	44	-5.9879627
122	520	-5.9887676
364	511	-5.990215
461	656	-5.9907045
111	628	-5.9911513
199	479	-5.9913006
405	609	-5.9916143
286	281	-5.99169
39	43	-5.992003
283	374	-5.9932146
210	486	-5.995235
16	25	-5.995685
109	6	-5.996772
8	209	-5.9982285
102	555	-5.9983983
117	408	-5.9988656
178	418	-5.9999228
