x_coord	y_coord	score
34	378	-0.4278986
58	474	-0.47146767
32	369	-0.5075594
39	395	-0.5786983
35	382	-0.5833409
87	625	-0.5988706
156	497	-0.6031716
157	503	-0.60413295
32	374	-0.60984164
88	631	-0.6418199
31	364	-0.6449517
37	386	-0.6458885
773	652	-0.66423947
43	409	-0.6685367
44	414	-0.721308
37	391	-0.7265953
57	470	-0.7412282
46	420	-0.7584473
154	490	-0.77624553
60	478	-0.7789116
152	485	-0.79015887
158	507	-0.7966361
41	401	-0.8087299
157	493	-0.8096973
165	551	-0.815389
174	621	-0.826595
85	613	-0.8520875
163	538	-0.8537751
30	360	-0.86390585
87	619	-0.86715853
72	537	-0.8683276
27	355	-0.8748025
89	635	-0.8952128
42	405	-0.90928805
925	651	-0.9101132
162	542	-0.9131639
37	399	-0.9141451
157	511	-0.92045593
88	639	-0.9377674
73	542	-0.9547833
62	483	-0.9614774
72	531	-0.9791529
57	464	-0.9916296
163	547	-0.9935682
58	482	-0.9948691
778	652	-0.9952843
77	563	-0.99783397
47	424	-1.0013142
72	523	-1.0070775
175	626	-1.0314339
27	363	-1.0531467
87	609	-1.0618768
173	617	-1.0670556
64	489	-1.071096
81	579	-1.08532
65	503	-1.0909187
28	367	-1.093496
69	513	-1.1024469
81	567	-1.1068919
62	473	-1.1532454
36	373	-1.16403
162	534	-1.169728
66	499	-1.1734068
42	418	-1.1803423
158	515	-1.1930164
767	652	-1.1939203
164	555	-1.1942533
33	387	-1.1954794
85	605	-1.1960683
67	509	-1.2004111
48	416	-1.2020428
51	433	-1.2048024
28	350	-1.2242278
83	601	-1.2269225
56	460	-1.2285273
71	527	-1.2301141
154	506	-1.2305865
63	493	-1.2314675
75	546	-1.2330133
31	381	-1.2362783
81	562	-1.2369148
71	519	-1.2400677
783	652	-1.2405891
89	643	-1.2611153
50	428	-1.2648276
90	647	-1.2661425
51	438	-1.2814591
81	573	-1.2893398
152	472	-1.2905574
84	622	-1.3073746
152	480	-1.3104495
174	613	-1.3155097
43	397	-1.3207932
555	652	-1.3209772
77	550	-1.338063
151	467	-1.3407457
153	494	-1.3417137
47	432	-1.3446829
47	410	-1.3469723
77	558	-1.3514078
143	555	-1.3553127
53	466	-1.3603567
38	379	-1.3664669
31	356	-1.3698348
166	544	-1.390444
78	570	-1.3924047
43	423	-1.4039156
60	487	-1.4051789
89	615	-1.4053816
919	651	-1.4055583
34	394	-1.4065566
55	455	-1.408256
41	390	-1.422604
175	631	-1.4247957
145	563	-1.4319928
139	419	-1.4371281
75	534	-1.4400458
161	552	-1.4482249
52	442	-1.4517912
158	489	-1.4528056
159	519	-1.4534504
177	618	-1.4577681
159	529	-1.4611838
91	628	-1.4701647
165	559	-1.470892
927	641	-1.478475
81	585	-1.4834758
76	554	-1.4853902
38	404	-1.4860506
83	617	-1.4937338
145	433	-1.4963951
153	501	-1.5134377
67	495	-1.513465
76	539	-1.5186862
137	399	-1.5193317
35	366	-1.5226994
28	373	-1.549033
46	406	-1.5527443
154	514	-1.5527647
51	446	-1.5534813
54	473	-1.5588917
163	530	-1.5634927
50	421	-1.5687336
29	377	-1.5699196
229	653	-1.571242
158	524	-1.5769747
26	359	-1.5785975
144	548	-1.5824325
160	499	-1.5898277
69	505	-1.5935509
927	647	-1.5979314
66	485	-1.6059287
171	591	-1.6065294
82	597	-1.6095451
45	402	-1.6128309
549	652	-1.6131876
169	619	-1.6288983
147	439	-1.6348134
84	629	-1.6393538
225	652	-1.640445
55	477	-1.6438241
926	634	-1.6463505
139	403	-1.647525
162	526	-1.6520443
42	330	-1.6541466
156	484	-1.660122
85	634	-1.6639093
915	653	-1.6661878
54	449	-1.6713437
92	632	-1.6805342
67	517	-1.6852268
63	507	-1.6857499
90	622	-1.6857536
143	567	-1.6932954
763	650	-1.6954972
26	346	-1.6971829
77	577	-1.6988212
91	651	-1.6999505
61	469	-1.7028486
150	476	-1.7042006
150	489	-1.7067652
178	650	-1.7111362
139	411	-1.7125419
155	518	-1.7131091
45	428	-1.7160959
61	499	-1.7192523
52	462	-1.7223417
42	335	-1.7377836
166	535	-1.7425152
82	589	-1.7425803
172	603	-1.7445756
83	593	-1.7507826
172	595	-1.7534686
140	415	-1.7568185
150	463	-1.7593305
41	385	-1.7605801
144	429	-1.7639354
177	635	-1.7654309
142	540	-1.7722211
39	410	-1.7829719
146	443	-1.7855667
147	447	-1.7880154
81	557	-1.7993839
33	398	-1.8021901
926	628	-1.8178142
170	582	-1.8212965
75	567	-1.8227583
137	407	-1.8235606
172	609	-1.8243465
178	623	-1.8262178
92	640	-1.8296506
135	395	-1.8341272
34	361	-1.8355659
759	652	-1.8364305
170	614	-1.8465437
474	653	-1.8478438
137	387	-1.8485457
167	540	-1.851743
165	564	-1.859691
78	543	-1.8683269
161	558	-1.8696995
69	534	-1.8726803
148	452	-1.8806412
84	570	-1.8858727
161	510	-1.8870023
72	509	-1.8873682
170	623	-1.8958821
87	600	-1.9083693
217	652	-1.9107277
84	576	-1.9204112
161	504	-1.923104
64	477	-1.926626
58	450	-1.930337
210	653	-1.931286
93	636	-1.9396102
171	586	-1.9431312
51	454	-1.9472897
82	609	-1.9514393
78	582	-1.9591005
32	352	-1.9613743
147	568	-1.9680909
84	582	-1.9717478
159	546	-1.9903501
177	640	-2.0032141
143	536	-2.0078468
147	457	-2.011505
144	559	-2.0160866
147	584	-2.0238478
31	347	-2.0292175
159	537	-2.0348618
153	510	-2.0379894
553	656	-2.0438843
68	522	-2.0509343
73	515	-2.052261
755	650	-2.0593698
33	403	-2.0645554
235	653	-2.0749807
57	446	-2.0751708
792	652	-2.078305
143	423	-2.082369
46	436	-2.0903668
47	440	-2.095461
744	652	-2.1067808
59	491	-2.107027
167	531	-2.11293
928	614	-2.1173058
736	653	-2.1224914
38	333	-2.1234212
38	369	-2.1328351
85	586	-2.1359508
140	531	-2.1367338
41	325	-2.1387475
75	526	-2.1428363
80	547	-2.146511
172	578	-2.14823
64	512	-2.1494
567	652	-2.1504667
38	328	-2.1568098
205	652	-2.1578069
136	391	-2.1639428
143	544	-2.1661408
171	599	-2.1684797
60	503	-2.1715794
149	435	-2.1733675
89	604	-2.1782088
148	483	-2.1825447
221	653	-2.185218
545	653	-2.1883996
145	580	-2.188465
56	486	-2.1891303
84	638	-2.1931167
81	551	-2.1959827
161	495	-2.1979074
163	522	-2.2149155
561	652	-2.2213423
177	610	-2.2217088
726	652	-2.2276924
239	652	-2.2353861
145	461	-2.2363377
147	468	-2.2460208
147	573	-2.2464395
50	458	-2.2465951
168	594	-2.2475138
751	652	-2.2499363
31	391	-2.2520466
44	393	-2.2528455
143	437	-2.256587
70	501	-2.2601345
133	388	-2.2707837
175	606	-2.2734811
29	343	-2.2847474
86	596	-2.290815
60	461	-2.2915485
158	541	-2.293887
929	631	-2.3026495
147	592	-2.303593
260	651	-2.3052738
59	457	-2.3056374
39	415	-2.3089614
291	616	-2.3099728
54	416	-2.311135
76	530	-2.3119268
31	268	-2.3121321
51	470	-2.3290722
34	326	-2.331033
50	450	-2.3350146
176	644	-2.3412514
143	572	-2.344431
69	540	-2.3481417
180	654	-2.349744
167	611	-2.3507123
79	639	-2.3510234
85	564	-2.3528752
156	479	-2.358132
135	383	-2.3626835
549	658	-2.3738918
93	644	-2.3760288
79	536	-2.3779168
144	451	-2.3942409
71	547	-2.395781
52	412	-2.3967085
708	652	-2.3973525
929	652	-2.4029267
162	514	-2.4118671
139	394	-2.4194098
46	457	-2.4200563
56	420	-2.427141
81	635	-2.4293222
169	606	-2.4306548
73	551	-2.4314392
67	526	-2.432711
87	650	-2.4327865
759	660	-2.433049
179	627	-2.4343102
166	615	-2.4371088
178	614	-2.4395952
94	625	-2.4455261
175	600	-2.447386
175	592	-2.4478216
158	533	-2.460165
558	658	-2.4648736
146	552	-2.4676745
167	588	-2.467749
56	440	-2.4701698
166	527	-2.4740624
876	607	-2.4839416
53	425	-2.4867065
176	596	-2.4895413
136	416	-2.4946725
171	627	-2.500191
151	456	-2.502453
85	642	-2.503672
144	416	-2.504962
160	564	-2.5053668
87	591	-2.5155852
68	491	-2.532013
139	524	-2.533006
147	473	-2.5388045
73	562	-2.5467374
65	452	-2.5547035
154	522	-2.5564246
33	338	-2.5601501
40	339	-2.5635822
26	340	-2.563993
54	430	-2.5675864
168	576	-2.5783684
38	362	-2.5820336
144	532	-2.582544
86	646	-2.592729
168	602	-2.5962796
137	492	-2.5966222
907	652	-2.6008213
541	652	-2.6051402
59	426	-2.608459
112	643	-2.6108916
140	427	-2.6154594
111	634	-2.6177738
75	573	-2.6179621
65	460	-2.6194031
921	627	-2.6203763
928	624	-2.6257966
150	444	-2.6268387
60	511	-2.6269655
81	625	-2.6279874
143	455	-2.629616
80	647	-2.6300323
58	414	-2.635818
36	356	-2.6388466
732	652	-2.6472778
42	455	-2.6537652
168	554	-2.6548424
923	631	-2.6627944
155	475	-2.663409
150	497	-2.6636298
81	540	-2.6659012
190	576	-2.6682477
81	643	-2.6711886
42	433	-2.6718318
287	615	-2.6719944
35	314	-2.673173
91	611	-2.676877
67	481	-2.679515
160	485	-2.6800458
167	523	-2.6813588
376	653	-2.6814885
54	481	-2.6823084
150	507	-2.6830454
924	622	-2.6857314
167	568	-2.6869164
173	636	-2.689705
33	330	-2.6908753
138	536	-2.6912036
547	662	-2.6916583
139	431	-2.6917217
133	401	-2.692991
166	622	-2.6935577
25	370	-2.694199
43	381	-2.6958408
137	500	-2.701059
770	655	-2.7130113
47	447	-2.714034
80	631	-2.7159698
40	375	-2.7219417
64	464	-2.7275772
137	379	-2.7295952
145	477	-2.7296677
29	385	-2.731989
243	653	-2.7332559
102	595	-2.7336626
23	351	-2.7349029
39	422	-2.7353365
138	423	-2.7358234
754	660	-2.7369232
28	608	-2.738717
41	427	-2.741772
52	406	-2.7437863
143	526	-2.7456825
155	468	-2.7470224
573	652	-2.750891
151	449	-2.7543151
45	389	-2.7557387
49	465	-2.7565806
143	412	-2.7615347
56	547	-2.7635047
138	517	-2.7643895
64	520	-2.765641
111	628	-2.7656965
55	436	-2.766014
157	450	-2.7660503
863	651	-2.76737
45	339	-2.7783163
59	516	-2.784221
73	649	-2.7856157
721	652	-2.7887986
108	613	-2.7927506
80	621	-2.7953231
149	493	-2.797694
61	453	-2.8002481
137	374	-2.8005018
166	584	-2.8006546
112	651	-2.8011482
740	654	-2.8020487
201	651	-2.8028178
87	579	-2.8078
142	441	-2.8089051
58	507	-2.8098185
46	462	-2.812479
466	653	-2.8125858
580	652	-2.8139842
57	384	-2.8185153
763	655	-2.8210793
514	653	-2.828661
62	448	-2.830519
34	334	-2.8313856
291	609	-2.8339915
903	653	-2.834287
254	645	-2.8357294
59	375	-2.8383484
88	654	-2.8407483
135	412	-2.8446736
144	576	-2.845073
70	487	-2.845649
226	656	-2.845772
142	407	-2.8465009
95	650	-2.8519456
25	336	-2.8607695
554	660	-2.8615026
916	626	-2.8668027
103	607	-2.8718328
147	556	-2.872109
35	269	-2.872353
66	537	-2.873093
929	538	-2.874417
169	562	-2.8748946
190	582	-2.8761387
68	530	-2.8775012
240	619	-2.8786552
558	664	-2.879593
56	410	-2.8815331
60	422	-2.8825142
526	653	-2.888377
30	600	-2.8896108
149	512	-2.890788
141	398	-2.891797
151	517	-2.8935673
56	367	-2.8962505
80	605	-2.898089
32	407	-2.8981798
65	470	-2.901127
911	651	-2.9043477
100	599	-2.9056954
228	649	-2.9101343
57	551	-2.911251
37	348	-2.9118173
747	660	-2.912071
93	618	-2.9124856
256	652	-2.914594
135	420	-2.9151857
162	491	-2.9160826
46	334	-2.919431
61	523	-2.9203167
146	487	-2.9209328
252	641	-2.9240587
35	322	-2.9254057
57	498	-2.9259696
98	359	-2.9281774
66	456	-2.932159
137	486	-2.9332762
141	373	-2.9351208
149	562	-2.936346
47	453	-2.9413748
27	266	-2.9423041
66	543	-2.945246
80	613	-2.9471521
182	576	-2.9473228
42	461	-2.9474063
143	446	-2.9507065
176	588	-2.9508727
117	26	-2.9510036
45	327	-2.9515011
151	440	-2.953082
159	454	-2.954203
111	620	-2.9602945
921	647	-2.9635596
42	343	-2.9640205
109	606	-2.9659379
97	605	-2.9674678
188	472	-2.9686792
787	651	-2.9688246
25	376	-2.9709299
114	638	-2.9735622
91	593	-2.9765294
46	374	-2.9766846
191	572	-2.9767978
148	386	-2.9768488
73	641	-2.9796176
168	548	-2.9808297
33	411	-2.9902241
213	656	-2.9923973
75	645	-2.9945571
31	315	-2.9948425
89	585	-2.9954374
41	366	-2.9983354
78	588	-2.9983513
89	548	-3.0009325
60	430	-3.001828
90	597	-3.0031245
139	549	-3.004413
36	344	-3.0062547
149	502	-3.0107658
151	390	-3.0108776
32	311	-3.0139804
136	532	-3.0148578
71	497	-3.016279
32	299	-3.0177596
702	652	-3.0194833
37	454	-3.0220206
194	583	-3.0234745
165	580	-3.026596
132	392	-3.0291073
764	660	-3.0307446
194	575	-3.0319085
262	645	-3.0321875
27	612	-3.032987
87	573	-3.038639
34	318	-3.0407734
133	375	-3.0408077
140	390	-3.0409586
149	399	-3.042872
47	398	-3.0467923
77	484	-3.0474095
223	648	-3.0478344
23	364	-3.0512064
53	568	-3.0525835
810	619	-3.0527596
131	384	-3.0580342
602	652	-3.0588207
174	583	-3.0591154
868	607	-3.059875
260	641	-3.0601
79	651	-3.062451
461	653	-3.0635269
167	628	-3.0642283
794	600	-3.0670118
101	603	-3.0684638
39	320	-3.0707176
85	559	-3.0721235
174	648	-3.0739794
929	637	-3.0793748
95	629	-3.081165
147	421	-3.0826344
176	481	-3.0835407
53	525	-3.0858696
264	652	-3.0918734
149	578	-3.0949948
104	611	-3.095324
46	384	-3.0965123
154	464	-3.0977523
169	572	-3.0978308
802	617	-3.1002278
58	543	-3.101009
796	651	-3.1014388
99	609	-3.1023903
181	619	-3.1047616
81	532	-3.108673
478	654	-3.1090477
71	483	-3.111381
64	533	-3.1119475
161	568	-3.1124892
57	557	-3.1134372
232	650	-3.1165643
180	646	-3.1169617
143	465	-3.1186094
205	511	-3.1197321
928	619	-3.1201062
786	600	-3.1217458
49	403	-3.1220615
747	649	-3.122678
923	615	-3.127441
930	610	-3.1290872
288	619	-3.1299698
139	565	-3.1357334
30	395	-3.1376727
96	601	-3.1382895
71	452	-3.1383646
277	617	-3.1404612
147	516	-3.1455178
155	527	-3.145823
49	502	-3.1484554
79	594	-3.1487632
562	662	-3.149368
62	544	-3.1504493
175	653	-3.1504645
146	588	-3.152349
150	395	-3.1553855
107	630	-3.1621938
161	574	-3.1621993
30	327	-3.1624396
56	512	-3.165141
60	442	-3.165419
157	353	-3.17445
470	652	-3.178457
506	652	-3.181629
46	366	-3.1831646
39	268	-3.184328
42	370	-3.1860838
142	386	-3.1920114
84	554	-3.1926925
110	639	-3.193831
76	521	-3.196803
50	510	-3.20019
552	664	-3.2012322
92	655	-3.2019026
103	615	-3.2041862
240	656	-3.2047255
75	637	-3.207082
164	507	-3.212419
73	557	-3.2129717
150	431	-3.2153683
880	609	-3.2175622
148	596	-3.2191489
218	656	-3.2194135
193	579	-3.2226853
774	656	-3.224275
180	631	-3.2266054
74	601	-3.2269309
31	303	-3.2281091
167	633	-3.22856
897	653	-3.2287533
120	407	-3.2300901
114	647	-3.2302115
565	665	-3.2307427
173	641	-3.231528
153	632	-3.23282
186	575	-3.2340252
97	593	-3.2350996
107	47	-3.23583
79	600	-3.2363658
27	312	-3.2371855
51	521	-3.2373102
213	650	-3.2386138
29	400	-3.2387488
137	506	-3.2393372
151	383	-3.2416708
63	527	-3.2438717
37	433	-3.2442338
139	557	-3.2455342
137	512	-3.2474587
115	633	-3.249441
27	317	-3.253645
543	661	-3.253769
203	656	-3.253772
925	611	-3.2541008
73	579	-3.2565265
153	460	-3.256533
557	648	-3.2606623
75	653	-3.2612736
875	651	-3.2616627
37	426	-3.2657301
96	633	-3.265778
133	406	-3.267192
183	552	-3.267616
73	504	-3.2690918
106	597	-3.2699726
127	369	-3.2709336
102	362	-3.2730973
104	42	-3.2732286
83	544	-3.275236
39	352	-3.2791991
31	323	-3.2796743
75	480	-3.2801926
596	652	-3.28435
56	537	-3.292901
73	474	-3.2933245
118	397	-3.2946346
33	434	-3.2980661
26	380	-3.302391
91	552	-3.3029616
109	624	-3.3065832
472	662	-3.30756
209	649	-3.308545
139	436	-3.3118675
167	598	-3.3127794
58	388	-3.3129506
463	663	-3.3144987
50	474	-3.314589
917	634	-3.3146603
40	357	-3.3155146
539	664	-3.3168645
67	474	-3.3184412
23	331	-3.3207958
95	597	-3.3235772
131	397	-3.325088
59	370	-3.3266246
147	426	-3.328574
148	370	-3.3291378
198	648	-3.32922
138	370	-3.3309274
161	582	-3.336405
537	653	-3.3378017
155	441	-3.3378644
63	540	-3.3407505
89	541	-3.3410692
193	472	-3.3412828
451	653	-3.3414495
175	358	-3.3416336
236	658	-3.3427393
58	380	-3.343141
23	343	-3.3435442
173	574	-3.3460996
141	475	-3.3474522
102	357	-3.347569
135	426	-3.3483942
185	399	-3.35043
820	617	-3.3571787
84	548	-3.3585792
52	400	-3.3594675
34	442	-3.3601367
145	383	-3.3621562
254	637	-3.3635454
147	391	-3.3642285
141	459	-3.3683293
61	383	-3.3705757
56	561	-3.3711288
170	558	-3.3773315
98	26	-3.3783538
49	535	-3.382577
38	458	-3.383557
27	279	-3.3846805
530	652	-3.385609
111	610	-3.3871722
929	532	-3.3872867
275	652	-3.3876803
52	485	-3.3888094
141	520	-3.3918207
29	337	-3.3967829
92	589	-3.3980253
69	462	-3.3985443
53	517	-3.40149
146	541	-3.4033384
97	551	-3.4056332
181	638	-3.406116
258	647	-3.4064262
164	518	-3.406918
58	520	-3.4089572
48	330	-3.4109092
172	353	-3.413826
28	596	-3.4185739
52	366	-3.418986
56	502	-3.4220512
202	647	-3.4234703
29	616	-3.4244032
43	362	-3.4262502
880	603	-3.4286153
43	439	-3.4306579
47	379	-3.4344387
471	656	-3.4377925
77	489	-3.4393127
155	436	-3.441938
85	494	-3.4448006
107	618	-3.4471354
876	612	-3.4482725
67	448	-3.4506137
295	615	-3.4509344
50	382	-3.4510887
35	448	-3.4525664
128	388	-3.452593
27	304	-3.4569123
276	621	-3.4575086
757	656	-3.4607747
142	369	-3.4608033
46	469	-3.4632688
142	378	-3.463822
910	627	-3.4644
467	662	-3.4646003
178	603	-3.4674294
881	621	-3.467904
136	521	-3.4690769
147	362	-3.4709494
157	550	-3.4710732
51	394	-3.4714584
77	513	-3.473313
119	403	-3.47498
86	532	-3.4772995
108	590	-3.4778478
63	548	-3.478301
63	427	-3.4783413
770	648	-3.4786947
149	522	-3.4789288
77	616	-3.481216
71	478	-3.4834228
159	346	-3.4838197
83	652	-3.485165
930	644	-3.4855762
185	556	-3.48773
456	653	-3.4905186
29	272	-3.4912705
188	540	-3.4933553
914	612	-3.4946473
154	453	-3.4955952
922	635	-3.496462
57	565	-3.500794
47	343	-3.5021026
232	656	-3.503399
37	462	-3.5035293
192	468	-3.5036657
29	604	-3.5037894
32	415	-3.5045629
49	494	-3.504763
197	652	-3.5098114
199	617	-3.510098
63	434	-3.5107121
922	654	-3.5134087
77	476	-3.5152988
124	583	-3.517147
562	657	-3.5177915
51	506	-3.5178614
158	555	-3.5180824
89	556	-3.5238352
56	494	-3.5259743
176	472	-3.5275085
201	640	-3.5301552
157	445	-3.5305796
864	582	-3.5305994
25	270	-3.532251
167	639	-3.5355382
241	660	-3.536861
97	543	-3.5385864
34	264	-3.5400481
112	615	-3.5421474
57	524	-3.5436842
145	374	-3.5440876
44	347	-3.547071
60	535	-3.5480087
43	465	-3.5507793
48	498	-3.5508478
52	355	-3.55129
185	579	-3.5528686
36	419	-3.5537875
189	568	-3.5564935
117	641	-3.5597572
93	607	-3.562394
86	483	-3.5625782
82	484	-3.568046
782	648	-3.5686097
191	586	-3.5689192
696	653	-3.5691721
164	500	-3.570497
607	652	-3.5724404
141	362	-3.5726178
102	24	-3.5732741
27	299	-3.5741723
872	609	-3.576493
219	646	-3.5793698
70	458	-3.579964
207	507	-3.580284
52	390	-3.5803099
286	611	-3.5835767
132	415	-3.5838401
158	429	-3.5851083
248	637	-3.5881917
166	643	-3.5907745
91	660	-3.5912232
37	439	-3.592416
77	627	-3.5930264
165	607	-3.5930674
74	613	-3.5934513
85	488	-3.5935745
135	432	-3.5949583
198	573	-3.5974233
551	648	-3.5975852
164	592	-3.5978925
220	611	-3.5986917
139	451	-3.6007626
51	478	-3.600898
166	512	-3.6022756
171	566	-3.60388
105	626	-3.6086752
140	503	-3.6088169
116	393	-3.61337
130	411	-3.6176383
122	413	-3.6184518
183	623	-3.6196373
150	407	-3.6210916
158	472	-3.622194
132	380	-3.622998
35	308	-3.623168
31	294	-3.6235147
116	45	-3.624241
176	362	-3.6242657
573	665	-3.6257124
42	449	-3.6261177
162	617	-3.6279368
44	444	-3.6290185
50	542	-3.630006
54	372	-3.630094
88	568	-3.6314173
55	529	-3.636214
183	615	-3.63705
923	642	-3.6415987
100	351	-3.6430955
927	607	-3.6431825
295	608	-3.644026
476	661	-3.6451952
191	638	-3.647265
74	633	-3.6475222
535	663	-3.650084
806	618	-3.6549973
931	627	-3.6555538
160	578	-3.6561232
498	652	-3.6565955
95	613	-3.6590543
254	619	-3.659595
106	603	-3.6606987
99	90	-3.6620212
80	528	-3.662382
158	463	-3.6642635
49	514	-3.6653886
115	363	-3.668355
49	387	-3.6693783
122	368	-3.6698482
56	362	-3.6729584
252	633	-3.6756003
33	427	-3.6763654
93	539	-3.680328
141	382	-3.6806154
139	571	-3.6811705
30	333	-3.6821654
89	536	-3.6830506
138	542	-3.683645
110	42	-3.6846676
187	480	-3.6848981
149	417	-3.6853683
82	369	-3.6864195
546	666	-3.6870787
138	553	-3.6901863
51	530	-3.6928592
381	653	-3.6936913
163	587	-3.6946924
109	594	-3.695783
52	538	-3.6958714
89	561	-3.6982431
122	388	-3.6998718
157	560	-3.7029452
929	526	-3.704297
163	612	-3.7044008
161	645	-3.7045214
157	598	-3.7047868
27	392	-3.7061121
106	634	-3.7062762
55	490	-3.7064335
143	402	-3.7073278
30	307	-3.7073877
139	496	-3.7078643
129	403	-3.709641
933	534	-3.7100074
98	532	-3.7110124
118	389	-3.7121284
151	403	-3.7142425
134	515	-3.7202206
23	356	-3.721509
186	637	-3.7242289
251	651	-3.7248018
64	553	-3.7264318
459	662	-3.729477
119	416	-3.7351701
917	658	-3.735834
236	649	-3.7364492
219	605	-3.7366436
281	615	-3.7376456
85	528	-3.737736
137	528	-3.7380629
794	617	-3.738431
157	631	-3.7385867
202	575	-3.7395802
124	591	-3.7429502
917	646	-3.7447588
81	524	-3.745009
143	585	-3.7454815
130	424	-3.7456932
96	547	-3.7477102
167	347	-3.7489686
117	651	-3.7495463
124	364	-3.7511451
776	648	-3.7521148
21	272	-3.7538717
463	657	-3.7540913
71	566	-3.7541587
179	551	-3.7549312
145	491	-3.7564633
159	437	-3.756661
165	573	-3.756946
101	38	-3.7573814
73	468	-3.7580192
73	585	-3.758281
69	582	-3.7599568
143	481	-3.7605238
96	639	-3.7623723
475	657	-3.7635756
739	660	-3.7638438
171	632	-3.7640097
169	438	-3.7642844
104	591	-3.7643354
29	652	-3.7669897
64	444	-3.7708588
189	561	-3.7727032
29	638	-3.7734556
40	316	-3.774187
156	407	-3.7756603
64	612	-3.7762341
152	639	-3.7779934
31	278	-3.7784197
149	411	-3.7788382
54	533	-3.78013
107	650	-3.7801628
77	610	-3.7829263
562	671	-3.7862792
123	417	-3.786689
29	262	-3.7898355
33	422	-3.7912943
759	647	-3.791971
68	574	-3.7967432
147	545	-3.7982702
938	523	-3.799396
82	491	-3.8025277
183	634	-3.805297
868	615	-3.8058233
188	545	-3.8059928
94	355	-3.806133
141	490	-3.8070853
800	652	-3.8089519
25	404	-3.80926
73	597	-3.8096006
106	26	-3.8100662
132	370	-3.8109984
146	509	-3.814251
189	536	-3.8158445
857	651	-3.8176584
75	606	-3.8176928
67	549	-3.8182173
79	509	-3.821412
135	539	-3.8224978
68	466	-3.82419
914	631	-3.8248658
168	352	-3.8267128
30	592	-3.826892
180	580	-3.82905
48	361	-3.8296645
910	614	-3.82973
54	573	-3.8317835
160	468	-3.8326743
547	671	-3.8346946
71	636	-3.835764
108	357	-3.8371758
48	370	-3.8385568
64	604	-3.841183
247	652	-3.8412569
29	566	-3.8421707
148	378	-3.8434732
134	509	-3.8441126
209	657	-3.8450365
81	496	-3.8450592
913	623	-3.8451812
127	393	-3.8458247
141	508	-3.8491406
798	621	-3.8496778
131	419	-3.8504455
910	635	-3.8507621
141	514	-3.8518283
83	480	-3.852229
816	619	-3.8522727
193	653	-3.8531117
869	621	-3.8535118
159	641	-3.8544796
173	468	-3.8555925
103	620	-3.857816
48	483	-3.8600218
556	670	-3.8600368
929	556	-3.8608894
252	615	-3.8626692
143	471	-3.8628533
98	589	-3.864528
186	585	-3.8661509
32	610	-3.867562
84	536	-3.8679905
123	423	-3.8680766
83	501	-3.8684843
65	616	-3.8698676
819	612	-3.870319
79	338	-3.8704355
113	25	-3.8706484
159	649	-3.8734128
569	666	-3.8746724
27	324	-3.8776338
93	350	-3.8780386
59	528	-3.880208
35	302	-3.880666
743	662	-3.880687
166	359	-3.882859
94	555	-3.883632
82	385	-3.8836954
82	377	-3.884634
164	450	-3.8849046
207	516	-3.8851492
138	440	-3.8863816
128	363	-3.8870618
43	321	-3.8887033
898	611	-3.894364
80	348	-3.895131
716	652	-3.8954337
542	656	-3.9000642
79	517	-3.901838
158	458	-3.9049463
790	602	-3.9055989
746	656	-3.906273
143	393	-3.9111068
271	651	-3.9133136
518	652	-3.914448
116	629	-3.920088
137	481	-3.9201202
151	526	-3.9212677
199	644	-3.9221513
168	342	-3.9231672
184	548	-3.9240243
932	615	-3.9249
566	656	-3.9277225
177	485	-3.9296408
29	632	-3.9299693
181	557	-3.9300709
95	535	-3.9311302
50	376	-3.932067
172	508	-3.9323485
91	581	-3.932351
800	600	-3.9333887
49	526	-3.9339647
32	438	-3.9346733
127	375	-3.9377203
911	607	-3.9387789
41	471	-3.9388583
155	538	-3.9401405
33	274	-3.9409
52	563	-3.9412818
145	521	-3.9422345
770	660	-3.9424164
146	396	-3.9424431
202	507	-3.943039
181	611	-3.9452736
171	652	-3.9469006
752	656	-3.9482224
93	544	-3.9496055
61	418	-3.9512484
712	653	-3.9552467
219	617	-3.9560401
155	544	-3.9574838
64	582	-3.9577258
115	36	-3.9582255
73	491	-3.9616258
813	616	-3.961875
203	515	-3.9629264
159	476	-3.9640698
170	456	-3.9650452
932	475	-3.9654222
177	476	-3.9661124
131	358	-3.9668932
185	569	-3.9681456
180	662	-3.9699678
179	501	-3.9706662
690	651	-3.9710689
236	618	-3.9714375
152	594	-3.9729025
185	589	-3.9737904
161	633	-3.9741266
150	366	-3.9743211
876	617	-3.9749613
12	314	-3.9767838
171	357	-3.9771001
791	613	-3.9774258
62	438	-3.9807074
170	528	-3.9820313
96	621	-3.9824014
918	614	-3.9897914
223	615	-3.9900055
167	503	-3.990465
246	641	-3.9912295
940	515	-3.992257
157	390	-3.9961529
57	393	-3.996298
198	582	-4.0000668
191	478	-4.001364
201	610	-4.0016704
96	528	-4.0062456
68	562	-4.0087705
156	565	-4.01478
187	468	-4.016972
74	373	-4.0170817
99	614	-4.017289
934	527	-4.017461
188	552	-4.0189424
106	643	-4.0196686
188	619	-4.020871
160	590	-4.021013
108	490	-4.0210876
958	480	-4.02336
37	273	-4.025741
23	314	-4.027784
38	445	-4.029779
197	471	-4.031434
451	662	-4.032158
97	37	-4.0332546
171	346	-4.033522
154	532	-4.0337567
70	602	-4.034043
151	567	-4.0345645
53	386	-4.0348353
567	671	-4.035641
153	626	-4.0367007
183	386	-4.0383883
145	358	-4.0408173
918	630	-4.041279
31	670	-4.042102
167	647	-4.0424075
585	652	-4.0428996
156	602	-4.0429354
44	355	-4.0435443
171	513	-4.044551
146	499	-4.045571
76	620	-4.0474925
225	643	-4.047718
52	558	-4.048622
97	571	-4.0491557
52	550	-4.0491786
705	655	-4.0503793
56	404	-4.0506105
132	536	-4.052309
180	379	-4.052359
188	652	-4.05314
48	490	-4.05345
118	411	-4.053991
140	561	-4.0542216
185	528	-4.0548406
172	464	-4.055064
77	505	-4.055843
552	671	-4.0604877
211	510	-4.0606093
775	671	-4.0638103
108	36	-4.0655046
118	645	-4.0658674
244	621	-4.066768
48	349	-4.0670896
161	342	-4.0684595
127	357	-4.068963
85	505	-4.069979
224	619	-4.0731034
128	653	-4.073158
190	634	-4.073318
130	432	-4.0733914
173	484	-4.0751143
567	661	-4.0755954
215	603	-4.077036
70	624	-4.07748
127	383	-4.0798883
140	580	-4.0812936
173	366	-4.0817385
720	658	-4.0822597
809	614	-4.0838113
68	555	-4.083812
170	644	-4.0838714
58	328	-4.0841527
107	351	-4.085396
271	619	-4.0861425
22	224	-4.086876
43	266	-4.0880423
466	666	-4.088119
60	554	-4.0917234
194	569	-4.091956
185	562	-4.0923142
86	477	-4.092861
784	582	-4.094863
122	427	-4.095262
242	649	-4.095961
891	653	-4.097187
86	524	-4.0973935
189	529	-4.0975337
196	480	-4.097643
27	620	-4.0983205
70	631	-4.098417
103	32	-4.099022
867	633	-4.0993323
818	623	-4.099604
864	609	-4.102174
170	543	-4.1031103
27	291	-4.103593
22	347	-4.104579
74	589	-4.1064086
87	348	-4.1065803
112	488	-4.1066995
34	457	-4.107477
103	631	-4.108101
161	596	-4.1094656
277	625	-4.1096997
28	408	-4.1101294
799	614	-4.1113143
168	468	-4.1119733
172	361	-4.113358
29	283	-4.1140647
102	80	-4.1149487
190	590	-4.116092
150	374	-4.116121
540	671	-4.116278
894	612	-4.1200924
173	460	-4.122054
711	671	-4.123215
64	572	-4.126124
159	586	-4.1269536
150	354	-4.128764
195	639	-4.128766
108	362	-4.130623
54	554	-4.1313095
266	648	-4.1313252
69	598	-4.132385
114	625	-4.132559
66	628	-4.134838
279	611	-4.1355195
538	660	-4.1362753
91	572	-4.1373577
118	544	-4.1377006
183	651	-4.137718
147	535	-4.1402164
708	658	-4.1402745
112	46	-4.1406517
147	527	-4.140787
63	600	-4.1413527
94	91	-4.141454
262	637	-4.142259
180	480	-4.142784
122	400	-4.1428857
178	584	-4.1439466
176	579	-4.1456575
455	649	-4.1478076
88	491	-4.1482754
596	671	-4.1487613
138	445	-4.1487913
61	391	-4.1489344
292	620	-4.149687
874	603	-4.1528177
41	272	-4.1541805
139	463	-4.154824
929	564	-4.156466
112	367	-4.1579223
79	344	-4.1581097
38	311	-4.1583886
70	588	-4.1589794
145	505	-4.160692
53	499	-4.160869
85	380	-4.16359
62	564	-4.164011
64	558	-4.1644363
118	637	-4.1660585
153	398	-4.1662855
169	450	-4.1675434
904	649	-4.168457
168	516	-4.169011
906	634	-4.1691403
605	665	-4.169307
114	41	-4.169487
147	600	-4.1697974
757	640	-4.1711926
132	438	-4.1734543
157	610	-4.1741533
603	671	-4.175857
458	666	-4.1770573
110	601	-4.1782136
613	672	-4.1782203
91	532	-4.1787333
72	570	-4.179469
957	484	-4.179576
75	456	-4.180348
152	362	-4.185069
447	664	-4.18573
386	654	-4.187615
121	392	-4.187983
228	611	-4.1916685
98	539	-4.1959147
52	347	-4.1970406
120	420	-4.1982884
25	396	-4.200813
141	485	-4.2026787
519	671	-4.202787
146	406	-4.203144
151	583	-4.2051773
176	354	-4.207774
155	411	-4.208558
166	454	-4.209626
261	655	-4.209813
259	634	-4.2105837
115	356	-4.211011
91	346	-4.2127347
757	633	-4.212911
158	627	-4.213107
73	628	-4.213187
90	576	-4.2133145
128	416	-4.2137084
54	381	-4.2140164
160	637	-4.2141547
265	615	-4.215654
859	633	-4.215703
161	358	-4.2166786
214	646	-4.216996
98	565	-4.217105
942	509	-4.2173824
929	544	-4.2181935
181	531	-4.2193527
891	620	-4.2195554
102	587	-4.220115
21	233	-4.220869
105	638	-4.222067
154	643	-4.2223263
706	672	-4.2239923
28	588	-4.2243233
71	447	-4.2245026
163	625	-4.224787
25	384	-4.225769
87	659	-4.2262306
22	360	-4.2274876
958	472	-4.227764
158	423	-4.228304
122	383	-4.2285066
10	310	-4.229311
56	357	-4.2299805
216	612	-4.230003
789	617	-4.2306385
958	448	-4.2330914
70	471	-4.2333784
610	665	-4.2346563
78	493	-4.234979
250	621	-4.2351837
14	268	-4.2351904
80	655	-4.237496
123	373	-4.2378554
191	556	-4.2392797
48	518	-4.2400966
866	603	-4.240649
26	232	-4.24092
133	362	-4.2416725
232	615	-4.245531
175	350	-4.2457094
95	585	-4.245899
223	607	-4.24622
160	480	-4.24661
83	511	-4.247103
455	663	-4.247771
240	664	-4.248012
930	479	-4.248059
24	320	-4.248866
571	670	-4.249617
157	572	-4.250408
66	623	-4.254178
202	620	-4.254598
70	328	-4.254714
49	547	-4.256493
39	466	-4.256505
16	316	-4.256649
743	648	-4.2572327
364	671	-4.2573047
276	629	-4.2574987
29	624	-4.258086
75	593	-4.258806
164	601	-4.2592077
622	672	-4.25974
197	578	-4.260612
70	594	-4.2612753
179	591	-4.2625346
28	628	-4.262808
176	489	-4.2639384
116	30	-4.2645693
26	328	-4.265791
864	617	-4.2667146
60	560	-4.2694325
73	617	-4.270455
197	511	-4.2709293
875	621	-4.2711873
853	615	-4.271713
370	653	-4.272038
133	502	-4.2725596
701	659	-4.2734723
277	633	-4.274994
63	328	-4.275941
94	24	-4.275957
124	577	-4.2761583
29	412	-4.2777824
628	671	-4.2778144
25	308	-4.2778525
35	279	-4.279338
926	655	-4.2832355
749	664	-4.2834425
72	383	-4.2834454
26	295	-4.284031
222	658	-4.284696
179	658	-4.286197
722	672	-4.2868996
279	654	-4.287152
18	320	-4.2885036
89	496	-4.290373
194	649	-4.2905717
138	455	-4.293468
751	647	-4.293664
605	648	-4.2937336
65	608	-4.294592
561	667	-4.296507
458	657	-4.297256
273	615	-4.2978134
45	473	-4.298609
52	360	-4.2987194
143	591	-4.299531
119	371	-4.29978
932	523	-4.3010187
906	611	-4.3011136
96	654	-4.301404
590	671	-4.305955
166	496	-4.306417
921	619	-4.3069243
281	621	-4.3080482
929	603	-4.308073
531	665	-4.3094435
140	575	-4.310365
157	400	-4.311827
30	258	-4.311943
177	376	-4.3123198
98	556	-4.313954
913	647	-4.3160853
63	371	-4.3168774
906	626	-4.320002
91	565	-4.3207245
82	364	-4.322049
181	572	-4.3224993
822	621	-4.324854
535	671	-4.3254313
55	377	-4.326177
181	515	-4.327833
769	671	-4.327884
180	471	-4.3281918
151	572	-4.328713
26	601	-4.329061
180	547	-4.3312716
177	368	-4.331374
734	660	-4.332146
187	613	-4.3358245
62	387	-4.3360596
577	664	-4.33623
151	423	-4.3364472
76	385	-4.3367343
35	672	-4.337572
83	519	-4.337805
64	423	-4.341384
104	483	-4.341402
102	85	-4.3442683
150	587	-4.345943
127	398	-4.3461537
19	268	-4.346363
173	501	-4.348935
800	610	-4.3497624
184	473	-4.350157
133	476	-4.35443
223	635	-4.356112
197	484	-4.361641
83	342	-4.3633194
159	614	-4.3634505
154	432	-4.3645253
447	651	-4.3657403
168	462	-4.365854
182	642	-4.366408
48	356	-4.3681803
163	353	-4.369736
235	666	-4.3698826
154	393	-4.370405
118	384	-4.3712606
256	614	-4.3719096
160	653	-4.3719487
755	645	-4.379313
755	664	-4.38029
238	645	-4.3832436
194	635	-4.3836355
173	522	-4.3842406
123	404	-4.3870926
779	656	-4.3885484
85	388	-4.3888474
181	566	-4.389384
23	325	-4.389709
240	613	-4.395876
570	657	-4.3960032
103	46	-4.396384
166	651	-4.3976808
29	660	-4.399167
106	583	-4.4005857
136	546	-4.4013
205	503	-4.4021835
160	362	-4.405189
240	637	-4.40562
64	587	-4.40589
19	313	-4.4072704
157	370	-4.4084907
174	570	-4.408688
119	365	-4.408726
16	310	-4.4088664
287	607	-4.4093127
19	388	-4.411928
159	622	-4.412896
894	649	-4.4140635
54	351	-4.4154115
148	531	-4.416152
170	536	-4.417326
49	337	-4.417587
178	575	-4.4181013
161	608	-4.4182205
156	635	-4.421201
199	636	-4.422056
173	517	-4.424426
206	609	-4.4246507
23	400	-4.4250045
155	590	-4.427489
179	599	-4.429099
919	623	-4.429782
131	512	-4.42995
43	278	-4.430352
636	671	-4.4310684
185	460	-4.4310956
19	218	-4.4318466
161	447	-4.43254
58	337	-4.4367423
932	621	-4.436872
98	365	-4.4370456
8	306	-4.4387264
942	525	-4.4388747
612	652	-4.439422
140	358	-4.4396067
203	615	-4.442771
181	497	-4.44476
277	603	-4.445205
523	665	-4.451149
227	605	-4.4522843
70	614	-4.4530144
259	618	-4.455172
959	476	-4.4552226
202	519	-4.4552817
123	587	-4.4553814
27	579	-4.458035
887	651	-4.458121
131	428	-4.459224
148	635	-4.459731
167	413	-4.459988
806	623	-4.461333
536	667	-4.461346
793	671	-4.462337
165	375	-4.4632626
869	651	-4.463357
227	660	-4.463695
794	622	-4.4653196
534	650	-4.465516
879	544	-4.4656186
109	32	-4.4663577
485	572	-4.466547
110	28	-4.468568
915	605	-4.4689546
444	671	-4.4691515
810	641	-4.469762
203	606	-4.469781
246	633	-4.4699044
65	632	-4.4706855
904	630	-4.4714103
51	327	-4.4721093
707	665	-4.473029
165	363	-4.474097
178	460	-4.4744573
180	607	-4.4745097
721	662	-4.475344
153	549	-4.480592
194	644	-4.4819303
527	671	-4.484369
19	327	-4.48449
728	660	-4.488648
103	89	-4.4894686
26	388	-4.4908133
763	671	-4.491738
173	372	-4.4919276
185	627	-4.491966
61	568	-4.492238
931	648	-4.494122
154	579	-4.4952908
104	647	-4.4953904
906	606	-4.4963207
33	597	-4.496647
59	435	-4.4969544
898	616	-4.498691
443	653	-4.4987955
12	320	-4.499885
132	542	-4.500124
157	618	-4.5010242
102	575	-4.5019455
164	486	-4.50339
180	595	-4.503792
907	639	-4.50461
477	666	-4.5065174
25	634	-4.5074644
64	577	-4.508588
77	470	-4.508733
720	666	-4.510302
197	613	-4.5107965
169	426	-4.512755
927	552	-4.5130477
266	643	-4.513408
702	671	-4.5145063
27	584	-4.51459
607	672	-4.5148144
880	651	-4.5154014
101	453	-4.515765
183	544	-4.5180526
272	623	-4.5180793
184	438	-4.5183516
451	648	-4.518868
184	536	-4.519901
68	619	-4.5205135
477	650	-4.520754
33	606	-4.520999
68	442	-4.5211253
773	582	-4.5212226
197	521	-4.521484
885	544	-4.5228252
128	379	-4.5233736
310	654	-4.5241885
166	490	-4.5244465
915	642	-4.524799
25	275	-4.5328293
37	470	-4.533231
462	668	-4.5348406
717	671	-4.5359
201	482	-4.5382595
493	664	-4.538377
90	664	-4.5402303
938	613	-4.5405107
182	456	-4.542007
907	660	-4.543223
161	432	-4.5456543
98	643	-4.545712
19	378	-4.545772
33	567	-4.54616
11	214	-4.546873
111	51	-4.54993
436	671	-4.5501733
144	365	-4.550189
100	548	-4.5511947
6	617	-4.5528927
31	585	-4.5535417
933	542	-4.55376
82	475	-4.5544353
644	671	-4.5546618
205	660	-4.554686
176	465	-4.5553837
867	625	-4.55551
959	452	-4.5557942
941	519	-4.556208
260	622	-4.5563073
618	671	-4.557756
895	608	-4.5589623
189	642	-4.5595107
162	457	-4.5600243
779	672	-4.560635
100	94	-4.5616975
29	666	-4.561778
109	646	-4.5620527
106	51	-4.562109
160	442	-4.5625205
211	515	-4.5626974
155	349	-4.5633216
109	394	-4.5659513
576	671	-4.566633
23	624	-4.568725
153	415	-4.569554
904	657	-4.570325
97	576	-4.5705657
916	618	-4.572027
72	609	-4.5740933
20	337	-4.5754333
102	367	-4.5760484
144	595	-4.5762005
132	531	-4.57624
46	477	-4.5766473
11	206	-4.5769696
271	611	-4.5774674
99	584	-4.5785804
186	631	-4.5790477
177	530	-4.579693
739	650	-4.58086
910	655	-4.5826535
931	560	-4.583264
126	626	-4.583769
77	497	-4.58447
177	495	-4.5844903
121	28	-4.58451
60	366	-4.5848575
909	631	-4.588283
160	350	-4.589382
50	279	-4.589488
757	671	-4.590274
823	614	-4.592861
860	584	-4.5950003
31	573	-4.595402
133	496	-4.5954375
292	605	-4.596398
74	349	-4.59642
522	654	-4.5978117
123	396	-4.6001287
921	659	-4.600155
206	646	-4.601494
79	382	-4.603562
563	648	-4.610755
22	373	-4.611723
107	486	-4.6119456
33	453	-4.612114
129	494	-4.6137404
116	368	-4.6147785
100	106	-4.6162286
199	605	-4.617702
31	289	-4.618195
19	227	-4.6190033
895	643	-4.619639
207	604	-4.620031
94	666	-4.621108
155	606	-4.6237583
16	236	-4.6238227
84	351	-4.6254153
935	538	-4.6286254
938	529	-4.629327
959	468	-4.6305056
359	671	-4.631156
181	397	-4.63249
59	407	-4.6334276
133	490	-4.6348157
28	536	-4.635526
45	270	-4.636379
195	517	-4.6369395
30	419	-4.6373596
154	386	-4.637426
582	671	-4.6375127
152	600	-4.6379323
104	478	-4.638227
273	635	-4.638377
20	238	-4.638914
202	583	-4.6439514
261	630	-4.6439667
10	224	-4.6451354
152	379	-4.6453557
19	213	-4.6453824
43	351	-4.645413
128	407	-4.6465955
18	384	-4.6476665
95	559	-4.6486106
151	358	-4.6503124
957	489	-4.6526327
83	373	-4.6533527
243	670	-4.653358
69	606	-4.6551447
101	624	-4.6554565
254	629	-4.6559553
119	359	-4.656101
787	671	-4.6561856
75	328	-4.657391
919	641	-4.657967
56	397	-4.6580653
127	565	-4.658172
104	459	-4.6601152
959	33	-4.660151
122	548	-4.6608524
959	444	-4.661598
401	654	-4.662074
121	379	-4.66212
28	648	-4.6625714
47	323	-4.663099
370	671	-4.663665
221	642	-4.664028
33	614	-4.666921
74	341	-4.6670194
134	555	-4.6671233
193	565	-4.6676865
727	672	-4.6681504
10	218	-4.6682143
190	623	-4.668352
958	456	-4.6695623
930	511	-4.6699786
198	621	-4.6703014
42	476	-4.670464
175	526	-4.67062
60	574	-4.671125
164	466	-4.6711955
534	656	-4.672265
73	461	-4.6733236
804	612	-4.6738496
502	651	-4.6743975
74	361	-4.674688
186	532	-4.6749234
124	596	-4.67502
507	671	-4.6753497
39	671	-4.6754827
128	585	-4.6756115
21	368	-4.675737
26	227	-4.6759253
194	589	-4.6767206
88	392	-4.677886
250	627	-4.6783705
114	372	-4.678953
154	557	-4.6793113
513	671	-4.67954
196	467	-4.680549
44	484	-4.6823134
127	645	-4.68462
168	446	-4.6865687
881	613	-4.688834
139	366	-4.691386
249	644	-4.6914105
39	277	-4.6915956
121	438	-4.691712
694	672	-4.6920137
32	620	-4.6930695
154	622	-4.6934667
438	652	-4.6940575
126	633	-4.6950636
189	523	-4.695817
131	518	-4.696618
163	640	-4.6980233
185	512	-4.6983733
169	485	-4.698704
92	519	-4.6998878
158	385	-4.700679
180	667	-4.7024803
175	505	-4.70395
245	658	-4.7040095
13	272	-4.70689
10	371	-4.707641
130	672	-4.708082
137	474	-4.7092705
174	454	-4.711105
906	616	-4.711475
542	667	-4.7124004
751	671	-4.7126465
705	661	-4.7131333
795	612	-4.7136803
47	507	-4.714048
271	641	-4.714883
902	614	-4.71596
958	440	-4.716529
793	648	-4.716596
712	666	-4.716913
195	476	-4.717512
223	602	-4.717977
23	608	-4.7184443
900	650	-4.7200327
23	301	-4.7203355
78	501	-4.7218947
173	561	-4.722209
938	511	-4.7225556
916	671	-4.722743
188	464	-4.723714
905	643	-4.7243037
860	616	-4.7243667
96	87	-4.724608
948	486	-4.726025
301	602	-4.7260785
16	324	-4.726474
958	464	-4.726531
218	637	-4.7272167
219	600	-4.7316494
159	410	-4.7324424
169	432	-4.7326837
28	570	-4.733187
94	568	-4.733196
126	412	-4.733328
70	371	-4.733739
185	609	-4.7338004
158	417	-4.7344785
523	672	-4.734578
27	562	-4.735896
183	450	-4.73629
96	523	-4.7387514
182	467	-4.742746
34	601	-4.744037
123	431	-4.7454953
109	654	-4.7458086
200	545	-4.7465334
134	366	-4.746613
84	467	-4.746763
26	287	-4.7480545
25	567	-4.7482195
135	452	-4.7483635
899	632	-4.749222
22	392	-4.7502112
134	525	-4.752005
87	397	-4.7527914
775	660	-4.753716
155	420	-4.7543817
112	359	-4.755584
942	491	-4.756477
847	651	-4.7573752
173	492	-4.757799
880	597	-4.7588854
171	472	-4.759287
211	611	-4.7593493
17	222	-4.7607174
156	341	-4.7615414
85	515	-4.7617283
539	638	-4.762792
60	613	-4.7632933
292	672	-4.763786
212	642	-4.7645197
650	665	-4.764846
812	623	-4.7653265
164	339	-4.765873
186	516	-4.7661843
90	528	-4.767204
108	77	-4.768134
67	568	-4.770637
179	383	-4.771263
531	672	-4.7722125
191	549	-4.7723126
199	658	-4.7728972
86	471	-4.773385
161	388	-4.7736926
591	652	-4.7748823
789	625	-4.7758327
273	647	-4.776002
932	634	-4.7776766
93	506	-4.7800503
948	460	-4.7807083
87	500	-4.7827396
71	654	-4.7837024
194	617	-4.7841444
157	377	-4.7850075
105	579	-4.7863584
76	367	-4.7871404
23	264	-4.7872324
108	482	-4.787333
197	490	-4.791096
181	509	-4.7926035
182	586	-4.7934666
35	296	-4.793998
119	424	-4.7943196
448	672	-4.7943897
927	662	-4.794949
780	581	-4.7961197
16	331	-4.797639
12	238	-4.7976966
163	408	-4.798655
489	570	-4.800986
480	662	-4.8015532
229	645	-4.802535
482	653	-4.803548
918	662	-4.8038087
51	342	-4.8051543
802	671	-4.8053646
112	480	-4.805502
133	484	-4.806262
328	653	-4.807459
959	38	-4.808562
47	276	-4.8092394
190	648	-4.8097863
79	332	-4.8099904
188	484	-4.811701
761	636	-4.811927
102	471	-4.812081
166	370	-4.8125896
354	671	-4.81278
134	442	-4.8128347
201	601	-4.813046
153	611	-4.813621
57	570	-4.813904
105	455	-4.8144493
67	591	-4.815632
900	671	-4.817654
190	460	-4.8190436
95	662	-4.8221946
162	424	-4.824196
759	665	-4.825227
128	484	-4.825413
465	671	-4.8260336
165	437	-4.826239
184	381	-4.826929
476	670	-4.82815
20	206	-4.82928
135	550	-4.8297057
47	539	-4.831912
122	538	-4.83224
788	596	-4.8346896
38	653	-4.8376975
300	606	-4.8377285
950	506	-4.8379817
9	300	-4.8387814
25	593	-4.841017
128	436	-4.8431406
265	620	-4.8453317
181	375	-4.845582
97	32	-4.84701
139	469	-4.84705
162	629	-4.847292
259	611	-4.847778
170	498	-4.848144
191	609	-4.8483186
27	574	-4.848884
47	531	-4.8489633
191	668	-4.8493776
223	595	-4.851102
118	539	-4.8518677
193	464	-4.8520393
898	657	-4.8529873
135	567	-4.8530803
261	660	-4.854364
28	643	-4.8554816
74	500	-4.856866
764	646	-4.856994
113	396	-4.8585153
778	448	-4.8601475
126	426	-4.8617043
154	427	-4.861738
199	591	-4.862117
474	647	-4.8628864
155	584	-4.8635554
113	388	-4.8639083
910	603	-4.863936
132	547	-4.8643064
806	639	-4.8652024
211	637	-4.866066
177	555	-4.866772
119	632	-4.866859
277	639	-4.8692627
126	554	-4.870969
115	400	-4.872825
110	494	-4.873466
452	666	-4.875941
884	607	-4.876458
115	621	-4.8765445
9	268	-4.8766437
156	364	-4.877153
191	594	-4.877471
10	376	-4.877502
942	497	-4.878394
198	557	-4.8847575
697	661	-4.8862615
503	663	-4.887561
122	556	-4.888034
440	672	-4.888291
66	636	-4.8913717
109	586	-4.8914294
948	472	-4.8918257
180	562	-4.8921723
265	610	-4.8943233
167	407	-4.895329
785	462	-4.895344
733	672	-4.895558
866	671	-4.8958364
802	622	-4.8974185
807	651	-4.898284
913	659	-4.898386
187	451	-4.8993535
92	511	-4.901457
934	611	-4.902955
942	484	-4.904842
191	492	-4.9052234
38	262	-4.9054656
911	619	-4.9058437
498	664	-4.905876
93	498	-4.905922
9	367	-4.9062266
169	493	-4.906477
684	653	-4.906545
6	611	-4.9066687
214	608	-4.9068146
571	648	-4.907101
103	76	-4.908329
83	460	-4.90838
26	259	-4.9091597
65	393	-4.9092216
246	617	-4.912268
57	333	-4.9125834
164	461	-4.9136395
12	326	-4.913708
227	671	-4.9142494
124	652	-4.914485
180	364	-4.9154944
202	500	-4.916055
257	656	-4.9163303
324	652	-4.9171085
471	666	-4.91715
123	573	-4.9176664
137	361	-4.919353
207	642	-4.920929
885	620	-4.921293
101	544	-4.9214473
74	657	-4.9219146
119	38	-4.9220257
948	494	-4.9222856
277	658	-4.922722
112	353	-4.9229393
268	654	-4.9232864
181	484	-4.92391
724	659	-4.9240584
21	616	-4.9272594
51	333	-4.927756
184	430	-4.9283504
69	640	-4.9283767
195	672	-4.9296894
376	671	-4.930156
10	384	-4.931081
75	451	-4.9322352
959	433	-4.932502
146	353	-4.9329686
169	364	-4.933103
198	527	-4.9331903
129	478	-4.9334583
68	397	-4.9344993
211	605	-4.9369507
100	527	-4.9372234
115	405	-4.937679
226	667	-4.938099
166	417	-4.9385614
244	629	-4.9394107
212	671	-4.9402337
129	488	-4.94125
949	490	-4.9414024
620	667	-4.9421554
256	623	-4.9422374
861	606	-4.942338
272	655	-4.9428024
64	596	-4.9428077
118	376	-4.9429083
96	95	-4.9429564
22	210	-4.944986
959	27	-4.9459867
78	352	-4.9460597
23	408	-4.9470253
957	494	-4.947133
179	357	-4.9481854
12	263	-4.9485083
19	607	-4.9493775
115	547	-4.9499745
75	377	-4.950203
217	660	-4.950497
185	521	-4.95085
930	518	-4.9519687
44	492	-4.9556417
157	359	-4.956436
714	659	-4.957161
905	671	-4.9575996
151	350	-4.9589353
34	652	-4.9593277
64	344	-4.9602513
632	672	-4.960378
244	666	-4.961443
581	665	-4.963752
96	347	-4.9640965
234	662	-4.9651723
168	422	-4.9652376
128	534	-4.965546
150	629	-4.9663033
104	653	-4.966485
235	612	-4.967079
30	656	-4.969992
209	617	-4.970204
84	656	-4.970865
186	496	-4.9716187
35	667	-4.972821
19	350	-4.974041
66	430	-4.974065
126	569	-4.9762487
900	628	-4.9770527
152	653	-4.977428
896	661	-4.9787345
153	371	-4.9790487
124	408	-4.979396
176	514	-4.979968
271	629	-4.9840317
461	672	-4.984952
908	622	-4.984985
112	591	-4.985023
184	500	-4.9854636
192	482	-4.9874463
70	644	-4.987824
598	667	-4.9883065
91	502	-4.989194
172	476	-4.9893866
114	655	-4.9899373
239	668	-4.9902034
640	670	-4.99108
17	231	-4.991524
921	670	-4.9922876
6	311	-4.994399
183	434	-4.995143
941	535	-4.995667
747	640	-4.9959645
129	539	-4.9962783
27	671	-4.996401
959	76	-4.9971905
903	661	-4.997999
120	43	-4.9981346
940	505	-4.998425
203	579	-5.0000634
305	654	-5.000522
102	641	-5.001842
701	664	-5.0031443
98	79	-5.0041394
152	541	-5.004653
169	376	-5.006027
619	652	-5.007326
68	385	-5.009098
29	426	-5.0102057
19	599	-5.0107384
167	383	-5.010778
128	592	-5.010919
577	656	-5.011364
614	667	-5.0120997
644	665	-5.012115
164	636	-5.012568
135	357	-5.0128946
67	340	-5.0154014
31	580	-5.0162745
200	540	-5.0167727
543	648	-5.0170836
472	672	-5.0176544
249	672	-5.0176706
218	621	-5.0178413
114	543	-5.0189614
931	548	-5.0194917
133	571	-5.020252
273	607	-5.0205736
5	621	-5.0211916
298	672	-5.021629
872	616	-5.0221806
165	442	-5.0244093
113	376	-5.0258765
94	360	-5.02719
200	672	-5.027592
92	393	-5.027742
232	620	-5.0278063
25	220	-5.0299673
149	624	-5.03095
173	554	-5.0309606
277	672	-5.0316772
23	573	-5.0322514
448	656	-5.033448
155	382	-5.033623
60	396	-5.0358434
129	500	-5.036116
807	671	-5.0361605
264	633	-5.0376525
11	233	-5.0376616
172	341	-5.0378046
158	395	-5.03803
115	49	-5.0393553
503	670	-5.039463
13	221	-5.040542
192	544	-5.041007
171	532	-5.0414863
178	372	-5.0417495
198	632	-5.0422196
826	617	-5.0422993
139	584	-5.042463
184	593	-5.0431542
892	616	-5.0440316
307	672	-5.0443845
199	664	-5.045467
96	581	-5.046723
797	646	-5.046779
902	608	-5.0478764
23	630	-5.048084
865	587	-5.049381
122	355	-5.0500603
30	430	-5.050186
199	516	-5.051203
863	621	-5.0512557
124	622	-5.0545864
176	450	-5.055536
499	671	-5.058937
127	420	-5.05899
402	662	-5.059069
910	671	-5.059205
959	88	-5.0597844
517	665	-5.0605364
135	559	-5.060616
22	620	-5.0606933
181	523	-5.0608716
797	672	-5.061625
261	672	-5.0635552
43	672	-5.063556
934	519	-5.066009
763	666	-5.0678124
604	656	-5.0681515
950	500	-5.0685353
153	561	-5.0689034
148	606	-5.0702233
203	571	-5.0702853
181	490	-5.070546
106	366	-5.0715923
242	625	-5.0726814
16	339	-5.0727835
947	482	-5.0742354
626	667	-5.074474
456	671	-5.076578
784	656	-5.078129
16	205	-5.079468
161	376	-5.080272
68	375	-5.08055
234	644	-5.080672
62	378	-5.08206
93	38	-5.0823827
242	643	-5.0832353
151	537	-5.0833697
73	661	-5.0837493
861	671	-5.0843015
689	672	-5.0865803
781	644	-5.087308
453	657	-5.0878406
510	654	-5.089672
224	639	-5.0905247
267	639	-5.0906525
959	460	-5.0917277
99	651	-5.092889
63	620	-5.0929866
611	648	-5.0939784
856	582	-5.097299
287	654	-5.0988116
116	532	-5.099072
937	533	-5.099221
15	216	-5.1008096
152	671	-5.1008997
790	621	-5.101604
170	418	-5.101914
796	638	-5.1027694
116	524	-5.1031537
489	666	-5.10347
957	500	-5.1038423
739	671	-5.1040244
860	654	-5.1067386
177	535	-5.106836
124	478	-5.1079144
131	506	-5.1094427
212	660	-5.10962
56	577	-5.1101184
197	498	-5.110233
15	226	-5.110486
15	304	-5.1128697
648	670	-5.1137934
207	613	-5.114912
868	580	-5.1150174
796	596	-5.115895
259	626	-5.11635
916	638	-5.116419
56	617	-5.118329
54	330	-5.118976
83	334	-5.119015
944	479	-5.120454
895	671	-5.1206207
37	283	-5.1209
106	573	-5.121334
114	383	-5.121576
114	413	-5.1224174
959	82	-5.122431
166	389	-5.124336
250	658	-5.124568
231	667	-5.1248364
527	663	-5.126262
206	638	-5.1263433
959	108	-5.126567
120	582	-5.1266136
870	602	-5.127864
95	494	-5.1304173
203	635	-5.1310744
814	671	-5.1339936
253	611	-5.135708
260	665	-5.1358376
219	594	-5.1358852
120	620	-5.1361628
198	506	-5.1381125
47	522	-5.138204
495	670	-5.1386595
64	367	-5.1387334
201	624	-5.1393423
170	489	-5.1400795
17	264	-5.1402617
228	616	-5.1411405
118	668	-5.14379
46	295	-5.145042
231	604	-5.1451564
877	625	-5.146612
284	618	-5.148304
696	665	-5.149507
159	404	-5.1496296
10	296	-5.1517215
48	672	-5.1529655
118	550	-5.153374
630	665	-5.153857
25	236	-5.1541533
652	671	-5.154287
181	671	-5.155915
476	641	-5.1561704
143	495	-5.156838
207	584	-5.157392
39	303	-5.1580524
33	285	-5.1601777
37	660	-5.160286
179	453	-5.160498
820	672	-5.1615853
201	523	-5.1617155
65	419	-5.1628165
674	671	-5.1634216
193	513	-5.165582
163	471	-5.167108
698	670	-5.168742
214	616	-5.1692915
490	652	-5.169418
194	603	-5.170227
852	651	-5.1711287
218	671	-5.171347
108	56	-5.172321
35	258	-5.172557
15	335	-5.172943
19	576	-5.1731167
948	478	-5.173997
144	653	-5.1740537
188	671	-5.1741242
933	639	-5.1751075
99	630	-5.175502
109	502	-5.1757545
14	567	-5.1770577
177	519	-5.1772943
889	647	-5.178303
121	451	-5.179701
236	672	-5.181545
101	552	-5.1857505
66	437	-5.1859617
116	421	-5.18726
68	353	-5.187374
75	337	-5.191268
882	617	-5.1962385
746	671	-5.197816
89	508	-5.198103
94	343	-5.199359
710	662	-5.201487
821	608	-5.203018
923	605	-5.20317
153	616	-5.2037363
116	54	-5.2055144
112	670	-5.205681
102	463	-5.206145
125	639	-5.2065377
6	370	-5.207542
938	627	-5.20915
121	459	-5.210243
899	620	-5.2131124
22	381	-5.213235
98	667	-5.213511
181	540	-5.213604
152	553	-5.2173305
752	667	-5.218937
256	660	-5.220585
207	671	-5.2209725
395	654	-5.221193
84	393	-5.222018
350	672	-5.2221026
186	455	-5.222555
778	455	-5.2228947
771	665	-5.2241483
104	108	-5.224357
892	626	-5.225296
434	664	-5.2253184
193	560	-5.22547
190	518	-5.226576
932	483	-5.227397
573	660	-5.2274756
13	582	-5.2279778
921	538	-5.228067
737	664	-5.2281895
110	373	-5.228738
211	583	-5.231674
192	613	-5.234937
71	671	-5.2350497
92	524	-5.235184
64	316	-5.2374454
214	590	-5.238782
122	543	-5.2391925
440	664	-5.239642
19	565	-5.2403283
217	641	-5.2405615
111	658	-5.240928
593	666	-5.2412195
73	427	-5.241647
88	102	-5.2421823
746	645	-5.2426205
928	522	-5.2438784
527	657	-5.24562
160	604	-5.245925
55	612	-5.249653
921	609	-5.2498345
149	612	-5.2501593
115	417	-5.250942
47	264	-5.2528343
69	648	-5.2548575
753	641	-5.2558384
364	653	-5.2561526
22	604	-5.2583404
33	630	-5.258575
44	534	-5.2619185
119	625	-5.2627196
106	565	-5.2627907
761	146	-5.263354
810	635	-5.2637095
747	634	-5.2637534
240	631	-5.264362
19	363	-5.264795
716	665	-5.2649517
117	380	-5.26496
959	427	-5.2653694
130	666	-5.265988
794	608	-5.266641
196	609	-5.266914
788	579	-5.2675533
45	313	-5.2676444
19	344	-5.268226
281	671	-5.269019
185	668	-5.2709394
89	480	-5.2716913
5	607	-5.2719216
93	515	-5.272176
954	504	-5.2731466
63	414	-5.2732143
176	668	-5.2740936
283	653	-5.2755227
155	648	-5.2761884
11	380	-5.277035
171	480	-5.2777467
90	26	-5.278104
156	652	-5.2785587
31	561	-5.2795067
117	672	-5.280045
61	609	-5.2814937
248	668	-5.2815785
806	633	-5.28162
9	323	-5.282167
264	666	-5.282801
827	672	-5.28286
265	658	-5.283037
68	360	-5.2833524
191	630	-5.2836556
7	272	-5.2837067
938	608	-5.2839966
601	664	-5.2853317
89	486	-5.2868624
163	392	-5.286961
211	505	-5.2871823
127	547	-5.288518
959	504	-5.288532
892	660	-5.2887154
431	671	-5.289847
37	289	-5.29038
74	354	-5.2905183
134	671	-5.291006
932	507	-5.291322
255	672	-5.293695
70	337	-5.29408
555	644	-5.295025
940	633	-5.296574
21	309	-5.2979636
58	353	-5.2989697
288	671	-5.2990427
209	588	-5.3007035
884	671	-5.304053
66	331	-5.3050756
81	360	-5.305151
774	446	-5.305543
19	355	-5.307797
761	631	-5.3084383
180	389	-5.309265
959	517	-5.309812
25	639	-5.310062
194	622	-5.310214
362	667	-5.311823
198	668	-5.3127327
176	661	-5.312837
482	666	-5.3135347
43	480	-5.315118
197	625	-5.315619
113	604	-5.3157988
814	612	-5.3162227
754	637	-5.316236
7	215	-5.3175135
125	672	-5.3202977
92	670	-5.321047
277	648	-5.3224006
67	652	-5.323166
656	672	-5.3245955
122	564	-5.326676
288	603	-5.327414
10	210	-5.3285303
726	664	-5.3290305
163	428	-5.3293786
128	579	-5.3303375
86	365	-5.3303895
142	354	-5.331343
23	256	-5.333749
136	632	-5.33428
177	542	-5.335551
23	215	-5.3355756
870	670	-5.335735
88	520	-5.3363905
197	586	-5.3384953
190	598	-5.338855
891	609	-5.3388724
227	597	-5.3414345
158	671	-5.3433795
133	456	-5.343887
638	665	-5.3477464
893	544	-5.349826
481	670	-5.3500338
283	658	-5.3505154
876	599	-5.3520575
161	371	-5.352524
62	340	-5.3532133
895	637	-5.353768
927	671	-5.355315
889	671	-5.3596735
853	671	-5.3599954
49	272	-5.360406
938	619	-5.360494
54	324	-5.360919
231	672	-5.362098
882	625	-5.363695
39	666	-5.367254
612	661	-5.3678946
215	597	-5.3683376
83	328	-5.3712716
767	667	-5.371531
479	658	-5.3724885
959	94	-5.3741364
798	642	-5.374823
97	510	-5.375697
118	520	-5.376865
90	357	-5.377631
783	673	-5.379513
176	509	-5.3805637
761	641	-5.3808427
127	27	-5.3813176
11	564	-5.382099
189	511	-5.383805
931	568	-5.3839054
29	553	-5.3842216
600	648	-5.385093
162	413	-5.386321
172	656	-5.3866496
102	531	-5.387017
62	355	-5.3871245
273	602	-5.388372
948	466	-5.389156
463	649	-5.3895593
206	520	-5.3895993
780	660	-5.390102
940	480	-5.390373
12	388	-5.390425
89	342	-5.390727
64	349	-5.394396
131	563	-5.3957415
29	235	-5.395997
378	663	-5.396555
586	669	-5.398454
98	381	-5.3988223
745	666	-5.399086
74	332	-5.400175
44	291	-5.4009576
784	454	-5.401058
180	505	-5.4043603
19	581	-5.405026
135	461	-5.4056773
942	530	-5.409271
82	456	-5.4098444
865	629	-5.4136524
368	667	-5.4165087
340	653	-5.4182053
106	657	-5.4187703
173	377	-5.419146
207	592	-5.4191685
433	652	-5.4192963
49	567	-5.4196105
171	414	-5.421543
854	632	-5.4220233
124	435	-5.4226284
538	649	-5.425412
685	671	-5.426453
78	371	-5.4279428
905	528	-5.4287896
43	488	-5.4289656
952	484	-5.4303484
959	45	-5.4313464
386	671	-5.433689
97	83	-5.433879
8	315	-5.4341726
85	338	-5.434381
180	527	-5.4344897
130	468	-5.4350557
532	660	-5.435233
104	489	-5.4364047
410	662	-5.43708
908	648	-5.4372945
166	474	-5.4377317
794	662	-5.439417
161	366	-5.4395413
128	543	-5.4395714
136	644	-5.4426665
344	652	-5.4442453
159	338	-5.445835
82	355	-5.446505
932	606	-5.4465084
173	673	-5.446991
8	237	-5.4481783
99	561	-5.4483123
959	421	-5.448356
789	609	-5.448361
62	625	-5.4491544
644	654	-5.449975
80	389	-5.450683
77	460	-5.4513154
97	502	-5.45155
122	635	-5.4517045
108	381	-5.4539013
223	662	-5.4541554
30	224	-5.454676
130	453	-5.454726
941	639	-5.458053
273	671	-5.458356
881	631	-5.459096
131	472	-5.4599233
16	258	-5.4604726
835	672	-5.461052
88	352	-5.461392
934	630	-5.4614525
34	624	-5.462291
165	672	-5.4629955
101	580	-5.4635863
206	574	-5.464056
133	448	-5.4649887
202	490	-5.465741
680	629	-5.465918
227	636	-5.4665003
120	534	-5.466641
70	667	-5.4667625
154	345	-5.466922
802	641	-5.467106
60	361	-5.4673266
11	291	-5.4683843
187	604	-5.470391
278	607	-5.4715085
491	671	-5.4718423
585	664	-5.473409
123	629	-5.4735575
71	367	-5.476564
108	347	-5.4766126
959	377	-5.4783516
608	658	-5.4789343
57	343	-5.479291
97	658	-5.479458
27	416	-5.4804854
957	508	-5.4833803
52	275	-5.4858317
66	389	-5.4885263
296	619	-5.489268
285	622	-5.489891
184	647	-5.4902453
798	592	-5.492626
899	639	-5.4932904
256	668	-5.4943557
130	443	-5.4945393
13	575	-5.495386
256	608	-5.4959984
67	426	-5.496204
71	379	-5.496254
193	527	-5.4980874
7	363	-5.498683
183	477	-5.4986925
657	619	-5.4993334
628	661	-5.499554
862	647	-5.499734
38	600	-5.5006413
108	498	-5.501222
62	592	-5.5017033
101	98	-5.503698
97	42	-5.504092
190	664	-5.5048847
181	463	-5.505358
179	401	-5.5071955
92	106	-5.507541
170	442	-5.508179
426	671	-5.5094733
96	105	-5.509598
163	400	-5.5103
107	526	-5.5110264
41	282	-5.5111804
46	511	-5.5120277
6	265	-5.513855
337	672	-5.5147095
119	655	-5.5150523
731	663	-5.516591
282	608	-5.516959
391	671	-5.5171237
490	661	-5.5189457
27	557	-5.51956
788	584	-5.519961
112	528	-5.5228376
693	662	-5.5229454
162	383	-5.5236473
140	588	-5.5237756
59	401	-5.524445
959	369	-5.5250444
309	666	-5.5251827
24	283	-5.5255666
101	535	-5.5257297
946	504	-5.52691
67	411	-5.5270653
99	496	-5.5272675
194	508	-5.5273533
848	671	-5.5281496
17	273	-5.5285993
24	240	-5.529536
185	446	-5.530031
958	104	-5.530155
202	555	-5.5308414
773	644	-5.531425
102	567	-5.532073
144	671	-5.5327015
281	662	-5.533089
46	318	-5.5333138
2	282	-5.5336533
7	221	-5.5341954
636	661	-5.5351434
66	323	-5.5358214
25	206	-5.5360255
221	668	-5.536156
43	667	-5.5364866
53	580	-5.5377517
942	539	-5.5380397
299	616	-5.538618
104	93	-5.538654
144	633	-5.538726
309	658	-5.539017
13	368	-5.5395327
45	503	-5.541579
42	652	-5.541699
14	209	-5.54184
918	667	-5.5422835
120	434	-5.5436373
24	666	-5.544534
266	672	-5.5447936
102	50	-5.5451326
12	603	-5.5457044
360	652	-5.546379
79	464	-5.5474787
11	199	-5.547498
52	584	-5.548221
303	670	-5.549383
136	653	-5.5502014
194	553	-5.5505075
827	612	-5.5507107
948	454	-5.5515103
879	671	-5.5515437
198	549	-5.553499
959	3	-5.5536904
62	332	-5.554598
336	652	-5.5552807
44	260	-5.5555215
120	590	-5.5562677
54	672	-5.5563126
87	671	-5.556751
182	371	-5.556769
232	609	-5.5567966
189	400	-5.5569563
124	602	-5.5574007
582	656	-5.560209
24	597	-5.561569
959	523	-5.562896
856	618	-5.5629177
183	403	-5.5641146
177	672	-5.5641847
895	631	-5.564203
942	472	-5.56447
380	667	-5.5649858
106	470	-5.5651984
136	639	-5.565455
786	588	-5.5661397
952	495	-5.5661626
374	667	-5.5676355
27	216	-5.567782
73	443	-5.5692854
841	672	-5.5693645
282	603	-5.569686
122	442	-5.5698757
192	539	-5.571008
91	94	-5.571075
789	631	-5.571136
778	461	-5.57579
168	335	-5.5770245
887	643	-5.5771084
223	672	-5.5788245
269	633	-5.5790725
6	603	-5.579445
85	361	-5.58016
111	666	-5.5801625
112	75	-5.581249
273	660	-5.5828247
107	662	-5.5830517
52	283	-5.583757
265	603	-5.5859513
106	112	-5.5870275
13	299	-5.5883923
106	669	-5.591263
183	442	-5.592151
79	452	-5.592199
122	464	-5.593046
580	660	-5.5937448
810	627	-5.5940914
99	636	-5.598238
428	665	-5.598457
120	516	-5.5987206
942	551	-5.6003704
45	299	-5.6026645
20	612	-5.603518
120	476	-5.6058836
7	356	-5.606879
30	246	-5.6071033
12	332	-5.607669
30	674	-5.6082478
37	616	-5.608321
130	522	-5.608662
941	501	-5.6103883
38	293	-5.612002
59	324	-5.6124625
692	667	-5.614958
123	47	-5.616444
789	464	-5.616452
634	667	-5.6175585
795	634	-5.617684
151	647	-5.618865
49	25	-5.620103
910	642	-5.6226196
776	666	-5.622927
175	550	-5.624427
167	399	-5.624522
938	648	-5.624558
622	663	-5.626403
577	648	-5.6281404
112	506	-5.6299076
160	667	-5.630309
26	212	-5.630341
215	668	-5.6305914
857	673	-5.6315207
252	669	-5.632156
694	647	-5.633139
383	657	-5.6340537
187	385	-5.634973
33	461	-5.635709
10	258	-5.6360207
127	530	-5.6371126
901	542	-5.6375513
206	541	-5.637613
47	283	-5.638378
129	551	-5.6389575
795	667	-5.639537
198	567	-5.6402164
902	636	-5.643369
236	640	-5.6434436
60	603	-5.6439757
724	668	-5.6457524
621	590	-5.6461835
17	603	-5.6466084
18	595	-5.6471205
190	656	-5.6478367
148	641	-5.648095
881	548	-5.648635
785	660	-5.6506467
4	625	-5.652733
168	655	-5.652885
184	390	-5.6533637
959	512	-5.653492
959	100	-5.653794
112	597	-5.655401
959	531	-5.6566834
73	345	-5.6579013
126	559	-5.6589236
23	670	-5.659143
869	584	-5.659149
123	24	-5.659758
22	297	-5.6603155
446	660	-5.660627
150	620	-5.661213
90	380	-5.661509
946	499	-5.6631145
201	472	-5.664272
604	661	-5.664744
185	492	-5.6651044
99	663	-5.6658354
640	652	-5.6659784
118	528	-5.66661
11	586	-5.668151
132	583	-5.6692185
164	481	-5.669403
123	360	-5.670053
96	671	-5.6711946
12	364	-5.672075
938	541	-5.6721845
246	662	-5.672245
782	669	-5.6742635
895	623	-5.6743007
778	577	-5.674576
179	436	-5.6754804
230	641	-5.6757183
263	625	-5.6759863
854	564	-5.676413
52	668	-5.6771083
119	33	-5.679798
3	614	-5.6806707
18	371	-5.68084
928	667	-5.6810946
3	600	-5.683227
786	628	-5.6837797
952	510	-5.6838117
679	672	-5.684129
5	302	-5.6845856
399	658	-5.6856413
29	253	-5.6859837
166	379	-5.6863413
783	578	-5.6863823
942	644	-5.6876826
33	661	-5.6920147
71	393	-5.6925435
38	299	-5.6928716
547	647	-5.693617
927	599	-5.693816
197	595	-5.6944304
205	600	-5.6967435
118	616	-5.696854
120	576	-5.6983924
24	537	-5.699921
30	231	-5.6999564
12	394	-5.700885
148	672	-5.7018614
15	563	-5.702611
511	650	-5.702932
276	667	-5.70296
86	463	-5.704331
50	571	-5.705277
104	12	-5.70637
133	465	-5.706883
140	631	-5.707239
189	499	-5.710071
91	389	-5.71012
178	569	-5.710262
14	555	-5.7107286
209	501	-5.7110286
108	389	-5.7112803
808	610	-5.7122836
874	671	-5.7127504
11	570	-5.7136283
86	376	-5.7139015
533	604	-5.714264
855	637	-5.7146864
660	671	-5.7150083
16	244	-5.715237
418	665	-5.7159643
163	420	-5.7160864
196	502	-5.7177396
589	665	-5.7179627
905	534	-5.719405
62	410	-5.7202215
175	438	-5.7211366
6	378	-5.7214174
320	654	-5.723277
424	663	-5.7232842
99	506	-5.723389
184	655	-5.7235785
19	300	-5.723631
255	664	-5.724368
6	233	-5.724422
954	478	-5.7247663
313	672	-5.725864
831	671	-5.726394
860	624	-5.7269697
23	290	-5.7269998
88	9	-5.7280607
104	379	-5.728695
97	519	-5.7298613
93	30	-5.7306805
116	113	-5.7312446
923	663	-5.7313995
166	330	-5.7316465
959	68	-5.7322
894	656	-5.732267
112	55	-5.732502
927	576	-5.7326035
222	590	-5.7329226
375	657	-5.733497
942	629	-5.7336535
27	191	-5.734033
296	604	-5.7357106
78	363	-5.7361555
689	661	-5.7362437
958	112	-5.736976
42	310	-5.738854
123	36	-5.7396894
128	658	-5.740059
219	633	-5.7403426
185	598	-5.7413216
733	656	-5.7416162
100	377	-5.742888
140	672	-5.743445
798	604	-5.74459
888	612	-5.7454042
136	581	-5.745776
102	670	-5.74789
193	660	-5.749065
113	662	-5.7491665
880	590	-5.7493353
124	486	-5.749555
175	344	-5.7539988
938	642	-5.754094
766	674	-5.757497
873	631	-5.7576985
108	532	-5.757819
275	643	-5.760111
120	306	-5.7610445
355	652	-5.7625575
253	655	-5.763648
202	667	-5.7644167
74	665	-5.764944
71	324	-5.7655845
515	649	-5.770115
779	634	-5.7719393
669	671	-5.7743735
201	496	-5.774576
646	661	-5.775818
884	601	-5.7762957
187	488	-5.777132
196	494	-5.7771454
83	660	-5.777608
891	641	-5.7776194
191	487	-5.7780223
247	624	-5.7783895
323	672	-5.7788105
748	617	-5.778923
381	672	-5.780813
60	347	-5.7813134
171	386	-5.783073
22	278	-5.7835736
173	399	-5.7845125
959	416	-5.7877107
507	665	-5.7882648
163	334	-5.7885046
469	648	-5.7893333
68	348	-5.7895174
172	447	-5.7895436
782	447	-5.790224
383	662	-5.7918153
511	667	-5.7925224
959	409	-5.7930565
747	629	-5.7940025
368	661	-5.7942934
812	651	-5.794421
92	34	-5.794874
73	435	-5.795366
129	464	-5.7970467
919	603	-5.798845
113	476	-5.7992415
4	269	-5.7993345
131	460	-5.799488
19	305	-5.7996764
86	356	-5.8001094
418	672	-5.8010983
54	336	-5.801124
47	668	-5.801468
904	665	-5.8019304
872	654	-5.804756
113	409	-5.804878
240	673	-5.8050575
7	319	-5.8057656
899	664	-5.8079467
113	484	-5.808911
642	600	-5.8099155
775	574	-5.811481
959	120	-5.812636
123	643	-5.813659
847	633	-5.814242
35	656	-5.8148227
535	640	-5.8155403
46	543	-5.8172398
363	663	-5.8173146
789	662	-5.818416
11	279	-5.818694
194	665	-5.8189535
127	347	-5.819331
874	525	-5.820085
523	643	-5.821248
934	513	-5.8212976
148	652	-5.822225
130	556	-5.822234
757	628	-5.822863
186	395	-5.823202
41	287	-5.82363
130	631	-5.8256593
250	664	-5.82754
128	573	-5.8281612
74	397	-5.8294163
345	672	-5.829538
77	660	-5.8299437
36	609	-5.830178
180	424	-5.8310046
955	536	-5.8323812
164	404	-5.8337555
6	297	-5.8341303
847	621	-5.8343825
877	528	-5.835117
172	667	-5.835718
793	628	-5.8357844
729	655	-5.835969
2	618	-5.836971
272	665	-5.837166
107	385	-5.837448
903	623	-5.8381553
139	592	-5.8398247
192	496	-5.8399506
106	72	-5.8403497
13	599	-5.8403983
72	388	-5.8428416
210	601	-5.844324
195	599	-5.8450885
90	362	-5.846933
106	375	-5.8473635
125	352	-5.8516617
261	607	-5.8518457
942	649	-5.852209
854	611	-5.8524227
355	665	-5.853757
278	599	-5.853834
368	675	-5.8543296
860	610	-5.854465
91	405	-5.854867
314	653	-5.8557024
7	280	-5.8569903
305	606	-5.8576107
805	662	-5.857831
48	551	-5.8579335
19	623	-5.858298
129	526	-5.8605213
826	623	-5.8610053
45	23	-5.8615375
112	105	-5.863842
385	667	-5.8647146
75	669	-5.865428
772	674	-5.8657374
478	637	-5.8688316
132	591	-5.86946
129	45	-5.8705654
23	589	-5.8710814
176	380	-5.872675
86	663	-5.8737206
109	60	-5.8747354
87	324	-5.8754015
64	336	-5.876562
405	653	-5.876746
121	671	-5.879241
90	90	-5.879964
49	314	-5.8804245
6	225	-5.880869
942	556	-5.8823385
108	22	-5.8825655
116	612	-5.8828373
867	599	-5.883001
248	648	-5.8845277
118	512	-5.884606
166	395	-5.8850493
50	291	-5.88692
130	649	-5.887402
3	306	-5.888146
896	667	-5.8884478
783	570	-5.8890347
794	579	-5.8901644
102	540	-5.8902965
176	546	-5.891079
110	294	-5.8932867
202	631	-5.8960066
810	647	-5.896151
66	671	-5.8962717
71	357	-5.8964734
20	627	-5.8966665
7	207	-5.8970065
720	599	-5.897087
9	287	-5.897667
60	584	-5.898132
955	520	-5.8985415
7	292	-5.900716
11	559	-5.901002
883	647	-5.9011493
949	537	-5.9016075
107	673	-5.9019036
102	447	-5.9020114
14	621	-5.9021893
797	625	-5.902426
203	486	-5.903027
111	80	-5.904293
192	532	-5.904312
112	112	-5.9047337
113	500	-5.905474
908	667	-5.9085064
215	511	-5.9092264
23	248	-5.9099827
403	672	-5.910958
163	477	-5.9121623
408	671	-5.9126
238	627	-5.9129887
100	467	-5.914574
4	258	-5.9163575
244	612	-5.9165645
819	651	-5.9174438
878	655	-5.9198337
959	15	-5.9202576
130	624	-5.9204187
437	667	-5.920593
20	261	-5.9209943
527	649	-5.9210296
33	677	-5.9224963
19	672	-5.922868
170	410	-5.9232407
116	22	-5.923464
396	672	-5.9241147
63	312	-5.924836
234	636	-5.925127
99	102	-5.9254704
779	572	-5.926636
19	588	-5.9267335
777	642	-5.926868
176	422	-5.927982
944	468	-5.928294
146	627	-5.9284635
459	648	-5.929644
181	411	-5.9351406
959	393	-5.935675
656	665	-5.936965
486	662	-5.9372134
929	658	-5.9393077
337	666	-5.939379
100	479	-5.9405246
786	448	-5.9417076
105	450	-5.9417834
55	605	-5.94243
861	588	-5.9425807
21	569	-5.9431224
599	655	-5.9434857
114	538	-5.943721
662	621	-5.9439936
858	578	-5.9440746
160	329	-5.944147
25	651	-5.9445896
959	22	-5.945687
116	106	-5.9457793
305	665	-5.9460545
14	276	-5.94701
122	614	-5.951246
440	656	-5.9521384
76	673	-5.953585
134	628	-5.9546123
617	588	-5.955758
863	613	-5.9563513
200	478	-5.956804
516	674	-5.958953
104	549	-5.9614964
89	516	-5.961512
101	486	-5.9621973
2	287	-5.964351
44	517	-5.964671
228	601	-5.96595
84	10	-5.9677153
176	430	-5.9678154
942	612	-5.967847
325	666	-5.968353
930	487	-5.9690013
485	672	-5.9690337
31	446	-5.969889
175	565	-5.970178
82	397	-5.970768
892	668	-5.970783
359	677	-5.97199
769	642	-5.972788
97	6	-5.9730797
121	648	-5.975515
206	621	-5.975796
277	663	-5.9760647
526	639	-5.977355
122	529	-5.977938
1	622	-5.977953
9	228	-5.9780784
664	672	-5.9812746
866	654	-5.983523
99	514	-5.9836626
494	653	-5.983876
688	665	-5.9839406
34	553	-5.98417
50	320	-5.984199
59	316	-5.9858937
784	592	-5.986142
45	527	-5.9867687
144	639	-5.9882565
288	625	-5.988454
638	599	-5.988969
173	539	-5.9890103
784	624	-5.9897666
101	441	-5.9899487
329	672	-5.990424
790	668	-5.9910893
104	102	-5.991583
51	613	-5.9917555
108	398	-5.9919906
248	613	-5.994421
169	671	-5.9958296
39	486	-5.9964366
195	629	-5.9974446
617	664	-5.9978433
