x_coord	y_coord	score
330	648	-0.2991594
190	518	-0.37250173
144	219	-0.40978795
268	481	-0.43774727
191	522	-0.44859433
332	653	-0.501897
179	293	-0.50400966
194	530	-0.5078362
142	214	-0.50977
182	299	-0.51920104
197	534	-0.52402055
271	486	-0.5300563
329	644	-0.5512546
178	289	-0.5551326
148	425	-0.5689354
114	354	-0.57168216
193	526	-0.57438266
265	474	-0.5787731
247	432	-0.58161706
334	659	-0.5831964
79	532	-0.60688055
145	223	-0.6072084
327	638	-0.6174625
295	548	-0.63350534
297	552	-0.63969976
213	359	-0.65055513
189	514	-0.6604684
214	364	-0.6632676
138	209	-0.67740303
217	367	-0.677781
291	540	-0.69560987
81	536	-0.6971079
59	246	-0.7274884
248	436	-0.7306098
98	579	-0.75558746
218	373	-0.7624093
116	359	-0.7722335
185	303	-0.7766588
97	575	-0.77991855
199	541	-0.7864864
152	433	-0.79129446
246	428	-0.79546607
326	634	-0.8078569
294	544	-0.8125951
216	585	-0.8186524
138	403	-0.81883574
192	320	-0.829291
83	540	-0.83140707
63	254	-0.84567213
97	124	-0.84863675
140	408	-0.85909885
194	519	-0.8643131
186	510	-0.8714355
216	590	-0.8726493
57	240	-0.88536084
233	629	-0.88628757
87	548	-0.8880436
222	379	-0.89005834
94	565	-0.8904535
61	250	-0.8925164
137	204	-0.8944546
77	528	-0.89655286
112	350	-0.89821166
51	227	-0.9004631
250	440	-0.9008436
309	581	-0.9044344
272	490	-0.906659
217	578	-0.90874517
322	624	-0.9153033
149	429	-0.91653717
209	556	-0.9216205
122	366	-0.9286431
290	534	-0.92897284
96	571	-0.9317001
138	398	-0.9340422
147	421	-0.9361315
335	663	-0.938977
94	118	-0.944033
196	327	-0.94420433
219	593	-0.9481219
230	618	-0.9489361
205	555	-0.9555932
286	523	-0.96151817
146	227	-0.9620129
228	614	-0.9624816
232	399	-0.9693444
321	620	-0.97085834
88	553	-0.97353435
299	557	-0.9762417
199	332	-0.97632015
201	545	-0.9842632
119	363	-0.9886701
269	477	-0.99545515
223	383	-0.9968338
212	570	-0.998188
232	622	-0.99985623
323	628	-1.001672
142	412	-1.0033908
193	515	-1.0038285
303	565	-1.0053716
186	505	-1.0084476
258	456	-1.0088017
288	530	-1.0093025
65	258	-1.009677
213	574	-1.0136937
204	340	-1.0168862
107	142	-1.0191418
174	483	-1.0231005
191	316	-1.0308604
83	291	-1.0319417
182	499	-1.0386806
317	607	-1.0418904
230	395	-1.0437052
156	439	-1.0470086
85	295	-1.0499913
233	634	-1.0503979
254	448	-1.0509114
100	127	-1.051949
177	487	-1.0526953
272	482	-1.0532109
239	419	-1.0560653
130	193	-1.0599833
263	470	-1.06151
133	197	-1.0618275
208	560	-1.064244
134	201	-1.0696799
222	374	-1.0712907
84	545	-1.0729403
126	378	-1.0772638
123	372	-1.0778257
164	259	-1.0835953
176	285	-1.0924499
157	443	-1.0931673
92	114	-1.0947589
144	416	-1.0966831
212	355	-1.1025465
165	263	-1.1032289
331	640	-1.1037507
49	223	-1.1073817
130	380	-1.1152859
253	444	-1.1169715
181	494	-1.1182171
75	524	-1.1193475
69	264	-1.1216828
240	652	-1.1226068
92	557	-1.1252863
185	515	-1.1255146
196	538	-1.1282136
203	551	-1.1292655
134	387	-1.1330309
334	649	-1.1371619
238	648	-1.1381462
168	467	-1.1393034
193	324	-1.1536217
317	602	-1.1554704
187	310	-1.1587182
54	237	-1.1602536
284	519	-1.1647398
224	387	-1.1648741
121	177	-1.1657876
200	336	-1.1667818
231	403	-1.1724585
183	295	-1.1726407
243	423	-1.1731638
40	211	-1.1739205
327	630	-1.1751698
120	173	-1.1763883
148	417	-1.1792853
211	565	-1.1836307
161	451	-1.1837202
320	614	-1.1838775
280	513	-1.1871529
178	491	-1.1901127
279	507	-1.1988431
111	150	-1.1988698
241	656	-1.1996174
209	350	-1.2037883
126	185	-1.2054839
302	561	-1.2056432
311	586	-1.2096694
295	556	-1.2100394
81	287	-1.211829
173	479	-1.2145387
208	552	-1.2148786
330	657	-1.2157589
305	570	-1.2157685
313	599	-1.2258344
129	189	-1.2276481
256	452	-1.2312542
312	590	-1.234193
87	303	-1.2359513
39	207	-1.2382597
52	233	-1.2403802
152	426	-1.2409521
165	461	-1.2417232
163	455	-1.2429802
245	660	-1.2430804
125	181	-1.2464229
227	610	-1.2475392
236	638	-1.2486213
137	394	-1.2504548
149	231	-1.2525691
91	110	-1.2572972
238	415	-1.2601238
92	307	-1.2629683
197	527	-1.2674847
93	561	-1.2675298
200	537	-1.2796845
86	299	-1.28506
196	523	-1.2865359
131	384	-1.2914518
206	344	-1.291606
193	535	-1.2917804
213	581	-1.2995952
125	651	-1.3016477
261	466	-1.3034374
333	645	-1.310787
272	496	-1.3154228
167	268	-1.318509
220	597	-1.3187957
257	460	-1.319038
127	374	-1.321867
163	255	-1.322287
98	120	-1.3288661
111	346	-1.3334706
94	313	-1.3362801
130	657	-1.3368767
322	632	-1.3371855
267	485	-1.3451784
141	206	-1.3548617
123	572	-1.3572665
220	589	-1.360099
119	556	-1.362344
285	527	-1.3662307
229	391	-1.3690847
120	562	-1.3720297
119	169	-1.374633
169	272	-1.3780658
110	146	-1.3799739
37	203	-1.38663
118	164	-1.3866841
84	533	-1.3929408
142	404	-1.3997786
336	655	-1.400368
264	478	-1.4027649
114	154	-1.4055818
186	500	-1.4084212
209	358	-1.4089019
313	594	-1.412014
134	399	-1.4160682
226	606	-1.4231015
121	641	-1.4253265
306	574	-1.42704
160	447	-1.4271885
101	586	-1.4277012
178	297	-1.4290363
115	158	-1.4316624
330	635	-1.4357882
218	574	-1.4366482
221	370	-1.4420129
99	131	-1.4477104
143	210	-1.4488024
91	105	-1.4509423
172	473	-1.451525
151	422	-1.4521387
236	411	-1.4565481
328	652	-1.4565765
112	358	-1.4575101
243	431	-1.4595644
205	348	-1.4669319
238	642	-1.4696629
242	427	-1.4703364
126	177	-1.4739568
121	566	-1.4758013
188	306	-1.477691
138	390	-1.480725
118	355	-1.4811643
129	588	-1.481262
96	113	-1.4815216
190	508	-1.4820427
212	561	-1.4822657
213	368	-1.4884392
128	582	-1.4887935
123	645	-1.4913003
65	263	-1.4929309
146	410	-1.4988409
235	407	-1.5024388
186	519	-1.5032642
174	281	-1.5050424
85	286	-1.5052861
280	518	-1.506607
141	222	-1.5082433
140	218	-1.5089779
118	367	-1.5109761
203	540	-1.5164338
120	634	-1.516919
126	656	-1.5174556
70	269	-1.5233471
251	433	-1.5240132
48	219	-1.5264273
237	633	-1.527448
278	503	-1.5274559
290	545	-1.5274904
155	429	-1.529273
149	224	-1.5297475
236	403	-1.5309622
205	547	-1.5330658
87	542	-1.5336678
230	626	-1.5341147
321	610	-1.534344
36	199	-1.5352736
323	637	-1.5368845
129	653	-1.5398661
116	630	-1.5418208
294	537	-1.5459375
93	122	-1.5465832
112	618	-1.5522976
88	100	-1.5540547
268	489	-1.5598912
156	434	-1.5599318
181	503	-1.5609478
66	502	-1.5626365
212	586	-1.5703318
61	242	-1.5734881
106	138	-1.5742162
126	369	-1.5785702
122	376	-1.5813496
129	661	-1.5848552
246	664	-1.585531
226	380	-1.5862373
82	283	-1.5903723
69	259	-1.5951614
244	653	-1.5953454
192	312	-1.5956072
131	592	-1.5977199
151	235	-1.5982163
125	576	-1.6018463
219	582	-1.6056808
86	537	-1.6116138
195	331	-1.612306
275	493	-1.6152525
170	279	-1.6165375
325	642	-1.6172588
247	424	-1.618002
28	649	-1.6210393
339	664	-1.6243017
887	28	-1.6243212
146	215	-1.6279498
31	239	-1.6299855
244	435	-1.6326466
55	244	-1.6330491
223	391	-1.6412228
189	527	-1.6424127
215	594	-1.6440784
235	625	-1.6458322
162	251	-1.6473808
226	394	-1.6485234
336	667	-1.6488922
58	236	-1.6493416
316	611	-1.6526806
218	378	-1.6534188
218	363	-1.6554097
175	292	-1.6577356
121	649	-1.6578846
184	307	-1.6586227
45	214	-1.6598221
67	253	-1.6637156
261	461	-1.6646165
281	522	-1.6650358
32	195	-1.6661423
209	573	-1.6671407
276	497	-1.6684583
77	277	-1.6703734
117	552	-1.6742823
34	206	-1.6760321
229	630	-1.6766896
291	549	-1.6771631
286	535	-1.6804744
102	577	-1.6806649
224	601	-1.6887143
84	98	-1.6888335
325	621	-1.6928612
326	625	-1.6941274
84	551	-1.6988405
172	468	-1.7012787
90	300	-1.7015429
313	604	-1.7029394
119	371	-1.7044985
138	200	-1.7088947
178	497	-1.7094921
110	611	-1.7110604
130	388	-1.7147505
101	573	-1.715875
184	559	-1.7185072
173	288	-1.7196735
177	480	-1.7210978
185	496	-1.72252
298	545	-1.7271833
284	514	-1.7273413
310	576	-1.7316344
216	569	-1.7354068
32	200	-1.7360148
289	526	-1.738571
153	243	-1.7390264
317	597	-1.7390707
169	463	-1.7406284
30	231	-1.741815
245	668	-1.7421972
102	134	-1.744391
181	488	-1.7445755
173	276	-1.7448714
232	613	-1.7450241
122	360	-1.7480994
158	247	-1.7491012
129	578	-1.7500625
89	296	-1.7532706
254	439	-1.7542163
142	226	-1.7559749
64	247	-1.7629617
213	557	-1.7641339
98	567	-1.7693633
228	385	-1.7726314
200	341	-1.7741514
130	665	-1.7755163
248	444	-1.7769688
297	561	-1.7771366
81	279	-1.779344
305	578	-1.7831738
207	564	-1.7847818
181	304	-1.7852968
80	543	-1.7853171
116	349	-1.7862428
234	394	-1.7867936
96	319	-1.795591
132	392	-1.7958176
239	424	-1.7983176
240	660	-1.8078206
164	465	-1.8082238
208	354	-1.8105097
81	527	-1.8105379
88	292	-1.8113526
118	638	-1.813613
151	437	-1.8145536
143	420	-1.8165777
338	660	-1.8178881
32	244	-1.8180503
107	348	-1.8200835
152	239	-1.822204
136	407	-1.8235956
148	220	-1.8270478
275	487	-1.8308595
95	109	-1.8324497
224	596	-1.8329757
200	328	-1.8336056
29	235	-1.8350164
273	500	-1.8356732
133	205	-1.8381218
260	473	-1.8405399
199	549	-1.841711
245	439	-1.8433766
74	79	-1.8439472
208	568	-1.8459586
102	582	-1.8476099
109	354	-1.8485223
233	641	-1.851976
72	75	-1.8564775
331	662	-1.8579488
250	429	-1.8603538
93	303	-1.8627613
30	598	-1.86739
88	308	-1.8683832
144	424	-1.8697014
76	520	-1.870082
117	643	-1.8771746
192	328	-1.8788183
86	104	-1.8836184
96	128	-1.8854403
220	602	-1.8872951
204	559	-1.8905003
29	653	-1.894876
134	381	-1.8981696
272	504	-1.8983579
226	619	-1.8998159
65	498	-1.9012114
90	119	-1.9087188
244	419	-1.9127349
55	230	-1.9153315
169	264	-1.9183651
36	210	-1.9189143
91	550	-1.9223962
44	218	-1.9231346
107	149	-1.9237391
44	210	-1.9260341
186	298	-1.9268953
182	507	-1.927397
58	253	-1.93317
196	321	-1.93604
284	531	-1.9362745
317	621	-1.9388007
156	449	-1.9390472
114	622	-1.9406881
137	214	-1.9447482
31	187	-1.9458365
283	508	-1.9468517
131	376	-1.9487209
162	443	-1.9498402
74	531	-1.9537915
111	157	-1.9564856
124	172	-1.9568498
129	198	-1.9612025
176	476	-1.9634563
94	578	-1.9641428
87	114	-1.97077
197	513	-1.9709134
123	637	-1.9742548
73	273	-1.9757024
109	594	-1.976419
119	160	-1.9777205
129	596	-1.9821262
64	494	-1.9822611
214	372	-1.9830897
326	647	-1.9838759
130	184	-1.9882886
164	448	-1.9926411
196	335	-2.002703
161	459	-2.0041544
254	457	-2.0062172
190	531	-2.008403
213	351	-2.0116372
73	266	-2.012344
238	629	-2.0124493
241	645	-2.0132563
104	589	-2.0139973
201	533	-2.0145314
265	465	-2.0147772
46	226	-2.0152926
223	592	-2.0165904
301	553	-2.0172522
234	617	-2.0201354
182	555	-2.0223253
121	182	-2.0236907
60	257	-2.0244076
313	582	-2.024925
115	364	-2.0261352
216	598	-2.026283
109	599	-2.0298312
97	583	-2.033542
287	539	-2.0366955
31	602	-2.0378847
78	87	-2.0389178
127	647	-2.0407557
237	655	-2.0415583
112	626	-2.0438504
28	642	-2.0439658
126	383	-2.0466502
125	568	-2.0469346
256	464	-2.047189
113	614	-2.047255
321	605	-2.0505655
94	553	-2.051173
88	559	-2.0545328
243	649	-2.0556712
324	616	-2.058258
46	635	-2.0589516
167	471	-2.0624247
66	267	-2.0633907
212	591	-2.0639758
231	609	-2.0655828
880	31	-2.0666208
79	523	-2.0680416
319	627	-2.068683
132	584	-2.068759
81	92	-2.073178
194	510	-2.07701
76	535	-2.0775666
219	382	-2.0786405
292	553	-2.082828
30	593	-2.0829318
227	398	-2.0835736
252	453	-2.0850403
223	609	-2.0868158
268	471	-2.0888052
210	362	-2.0929923
77	272	-2.094279
269	493	-2.0946543
204	335	-2.0952733
186	314	-2.0971928
124	563	-2.0972648
103	130	-2.1033952
210	577	-2.1043189
180	484	-2.1074793
131	669	-2.10786
151	645	-2.1085377
63	490	-2.111086
152	441	-2.112265
206	543	-2.1165893
247	656	-2.117592
195	317	-2.1201446
250	449	-2.1205246
163	267	-2.1273494
96	558	-2.128844
239	408	-2.1302195
45	222	-2.1335862
235	645	-2.133733
308	589	-2.1350172
297	541	-2.1361904
187	523	-2.1389053
86	110	-2.1432745
115	634	-2.145966
128	573	-2.147111
109	606	-2.1478813
122	654	-2.14819
133	190	-2.1501715
309	571	-2.152284
90	312	-2.1533396
883	27	-2.1536877
158	253	-2.1537957
217	358	-2.156012
143	230	-2.1572165
145	428	-2.1582217
101	123	-2.1585498
48	231	-2.160653
269	499	-2.1612115
188	319	-2.161342
197	500	-2.1625476
212	553	-2.1638212
173	488	-2.1641364
124	580	-2.1662772
148	434	-2.1670508
90	567	-2.170285
99	323	-2.172859
93	574	-2.174231
182	290	-2.1824305
307	585	-2.1831195
195	506	-2.1839385
37	379	-2.1849165
115	546	-2.185323
210	346	-2.185358
171	284	-2.1865196
314	615	-2.1871583
186	563	-2.1882222
133	597	-2.1884947
133	662	-2.1914554
276	510	-2.1920831
109	342	-2.1926553
71	522	-2.197247
52	241	-2.2063262
302	573	-2.2106824
117	626	-2.211335
78	81	-2.2113416
232	388	-2.2128103
209	548	-2.2140622
56	249	-2.2147799
301	569	-2.219994
33	419	-2.2218146
215	564	-2.2264996
125	191	-2.2266247
130	202	-2.2269104
307	566	-2.2277792
167	456	-2.23123
52	220	-2.2349048
153	230	-2.2349272
339	670	-2.237728
300	549	-2.2390218
224	613	-2.2451754
122	166	-2.246419
32	608	-2.2468247
262	457	-2.2472262
29	411	-2.2508178
103	141	-2.2516782
67	506	-2.2532175
78	539	-2.254069
114	162	-2.2541752
258	469	-2.2542338
122	553	-2.2548833
140	417	-2.2562733
282	504	-2.256902
138	413	-2.25741
292	529	-2.2649386
48	639	-2.266034
231	408	-2.2671666
39	385	-2.2700393
137	384	-2.2708542
49	215	-2.271861
222	366	-2.2796438
96	309	-2.2808897
258	447	-2.281336
202	345	-2.2814374
77	282	-2.284013
230	637	-2.2849548
236	398	-2.2849786
309	593	-2.2855842
122	187	-2.2890282
241	412	-2.2915018
226	375	-2.293596
41	215	-2.295336
161	439	-2.2995412
89	123	-2.3012521
30	191	-2.3048725
98	315	-2.3057663
260	451	-2.3073227
196	544	-2.310613
118	155	-2.313451
192	577	-2.3139021
85	94	-2.3169575
123	559	-2.318661
119	548	-2.319003
168	260	-2.3219593
316	591	-2.3251288
148	638	-2.3266444
222	395	-2.3290024
170	482	-2.3304732
288	518	-2.3349903
31	415	-2.3359663
226	624	-2.3380988
133	403	-2.3434258
62	486	-2.343563
142	399	-2.3438604
109	589	-2.3483653
249	667	-2.3489814
175	494	-2.3609698
246	672	-2.3616273
190	503	-2.3623457
71	514	-2.3639014
42	204	-2.364274
153	650	-2.3666103
172	269	-2.3696487
159	243	-2.374855
43	393	-2.3762226
315	587	-2.3798037
116	617	-2.3808494
134	210	-2.3837478
157	453	-2.3840146
228	602	-2.3848763
129	180	-2.3879077
280	499	-2.3888938
86	118	-2.3929946
70	503	-2.3941696
169	477	-2.3949084
152	247	-2.397305
54	472	-2.4004142
166	452	-2.4023018
241	664	-2.4062297
263	482	-2.406586
27	405	-2.4094443
126	592	-2.4131339
37	195	-2.4153883
123	390	-2.418672
28	183	-2.4195085
130	371	-2.420416
204	536	-2.4210095
135	593	-2.4219398
61	261	-2.42214
220	386	-2.4225001
72	527	-2.4264283
27	590	-2.427192
106	585	-2.4350586
44	389	-2.4350932
134	588	-2.4410076
97	562	-2.443558
92	126	-2.445459
119	570	-2.4466233
40	200	-2.446771
112	572	-2.4515584
81	548	-2.452054
33	234	-2.4524498
92	317	-2.4534018
126	642	-2.4544358
49	236	-2.4575331
90	545	-2.4605196
75	516	-2.4694707
115	345	-2.4718342
298	565	-2.4761171
156	425	-2.4780204
125	586	-2.4789605
204	352	-2.4800155
41	627	-2.4818459
293	562	-2.482546
115	167	-2.4849017
198	518	-2.4854908
222	585	-2.4969683
209	582	-2.4977405
51	469	-2.501432
116	172	-2.5042276
121	386	-2.5066137
208	338	-2.5103588
199	324	-2.5111532
53	464	-2.51269
167	256	-2.513485
207	539	-2.5165513
46	630	-2.516945
146	405	-2.5190654
77	91	-2.5191023
167	276	-2.519156
240	637	-2.5221167
121	627	-2.524999
105	344	-2.5254757
83	302	-2.5271811
306	562	-2.5287564
137	196	-2.5290859
27	637	-2.529599
279	494	-2.5303776
164	271	-2.5320067
35	605	-2.5362458
147	236	-2.5369542
131	649	-2.5372288
776	28	-2.5376148
332	666	-2.5385575
73	261	-2.5393813
29	227	-2.5400615
115	149	-2.5404277
82	298	-2.5496473
236	621	-2.5497007
189	302	-2.5519166
219	606	-2.5528715
80	96	-2.553379
230	381	-2.5538328
41	619	-2.554969
194	496	-2.5557797
184	491	-2.5562446
125	660	-2.5578468
112	631	-2.5589533
133	654	-2.5622785
102	569	-2.563259
44	397	-2.5646758
225	371	-2.5686467
73	71	-2.5694191
48	211	-2.5697184
321	600	-2.5707777
135	601	-2.5732446
41	633	-2.5732634
129	400	-2.5767741
183	311	-2.5774038
109	615	-2.5787895
235	651	-2.5792217
71	508	-2.5806239
173	464	-2.5811527
125	363	-2.581291
156	240	-2.5814617
153	445	-2.582861
213	545	-2.5834892
123	631	-2.5834968
132	673	-2.5860791
235	418	-2.5865161
131	396	-2.5913794
167	282	-2.595357
134	658	-2.5974288
312	608	-2.5980763
198	553	-2.5983734
69	499	-2.5989752
222	617	-2.6006608
186	554	-2.6023886
216	354	-2.602745
34	423	-2.605322
201	556	-2.605648
115	650	-2.606766
321	641	-2.6117728
108	619	-2.6127152
117	176	-2.613165
304	557	-2.6132236
125	394	-2.6134014
27	585	-2.6151931
141	395	-2.6151948
85	280	-2.622085
286	543	-2.6235383
97	588	-2.6248226
120	618	-2.6262386
153	253	-2.626342
220	612	-2.628783
54	224	-2.636448
276	515	-2.636522
304	582	-2.641878
203	563	-2.6480696
335	671	-2.6580591
62	238	-2.6595392
309	598	-2.6601381
129	206	-2.6612704
186	572	-2.6648002
147	244	-2.66773
77	76	-2.6728747
295	533	-2.6751447
108	153	-2.6789873
120	575	-2.6824648
99	116	-2.6870368
273	478	-2.6898737
211	541	-2.692954
98	135	-2.6934516
108	570	-2.6966498
155	646	-2.6975832
177	501	-2.6988153
181	286	-2.700121
120	402	-2.7007115
214	602	-2.7007654
113	550	-2.7009
159	431	-2.7009056
106	133	-2.7013688
118	375	-2.703003
92	101	-2.7057416
50	461	-2.7066212
33	248	-2.7073457
32	650	-2.7108245
189	323	-2.7116244
331	631	-2.7146037
30	204	-2.7191985
106	575	-2.719221
41	381	-2.719393
81	274	-2.7194571
82	88	-2.7267096
55	468	-2.7334697
259	477	-2.7346745
102	553	-2.7372148
155	236	-2.738188
37	214	-2.739983
287	510	-2.742613
265	498	-2.7428544
290	522	-2.743142
27	632	-2.7454224
120	351	-2.7459364
38	426	-2.7464128
183	551	-2.7473888
62	300	-2.7509563
119	397	-2.7511547
232	412	-2.7519224
129	569	-2.7519712
291	557	-2.753845
111	362	-2.755775
280	526	-2.7579317
89	563	-2.759946
176	471	-2.763002
239	430	-2.7645156
134	666	-2.7651317
104	145	-2.7658498
105	352	-2.766261
159	666	-2.766668
214	377	-2.7676752
152	641	-2.7686784
110	579	-2.769
38	244	-2.7738798
125	399	-2.7762258
122	381	-2.7764866
115	557	-2.7786605
160	261	-2.7792966
106	560	-2.7805257
63	505	-2.785867
63	482	-2.786463
151	257	-2.7880712
48	644	-2.7896428
28	242	-2.7899332
319	636	-2.7905068
384	28	-2.7924047
249	661	-2.7987278
265	460	-2.7989705
884	32	-2.8024404
112	542	-2.8024697
111	538	-2.8027065
27	579	-2.8031218
148	240	-2.804555
164	424	-2.8053632
209	366	-2.805581
82	102	-2.8061664
876	29	-2.8103333
181	511	-2.8109589
162	246	-2.8112094
106	580	-2.8170674
89	96	-2.822398
136	220	-2.8268561
255	435	-2.8280554
208	587	-2.832312
264	488	-2.8327355
36	374	-2.839011
171	459	-2.8390934
205	571	-2.844029
31	589	-2.8440857
25	652	-2.8443413
89	287	-2.8455033
192	539	-2.8461447
31	407	-2.847718
115	370	-2.8495364
188	481	-2.8504813
94	324	-2.8506334
29	420	-2.8538153
85	266	-2.8543124
84	557	-2.854814
28	657	-2.8586566
133	580	-2.8594103
29	247	-2.860783
114	639	-2.862521
34	597	-2.8662562
201	349	-2.8664882
265	492	-2.8667324
248	652	-2.8695102
198	509	-2.870134
257	443	-2.871451
155	654	-2.876222
40	219	-2.8764026
148	633	-2.877141
156	257	-2.8795807
203	331	-2.8806772
268	503	-2.8824844
251	655	-2.8826766
85	528	-2.8846977
29	179	-2.8857758
891	27	-2.886677
33	612	-2.8873577
100	338	-2.8880656
313	619	-2.8907247
100	327	-2.89456
152	418	-2.8974373
168	287	-2.8975685
73	83	-2.8976495
277	521	-2.8999383
129	405	-2.9025662
287	548	-2.903467
33	654	-2.907725
40	250	-2.9096134
73	89	-2.9100165
55	476	-2.9106205
232	605	-2.9113631
48	457	-2.9119198
201	528	-2.9157598
25	646	-2.9196413
97	305	-2.9199493
199	505	-2.9237425
89	271	-2.9247215
79	292	-2.9284205
195	492	-2.9301312
214	538	-2.9323525
70	80	-2.9329991
62	501	-2.9384716
139	421	-2.940109
40	390	-2.940968
322	645	-2.9416962
239	613	-2.9434617
314	625	-2.946708
49	653	-2.9526205
83	113	-2.9538798
88	532	-2.9555008
220	570	-2.9555392
135	608	-2.9570613
330	626	-2.9581048
179	282	-2.9602628
142	202	-2.9609132
278	490	-2.962169
328	665	-2.9646113
110	584	-2.9668236
111	141	-2.9696505
325	612	-2.9718335
120	623	-2.9755049
102	348	-2.9759429
301	577	-2.9761543
189	497	-2.9801562
101	592	-2.9805262
80	519	-2.9805982
33	377	-2.9810514
170	291	-2.9815814
276	483	-2.982559
112	602	-2.9835217
223	399	-2.9865677
42	623	-2.9869776
139	610	-2.987003
134	411	-2.9881094
81	109	-2.988561
232	648	-2.9890645
106	554	-2.9900045
254	468	-2.9910386
102	561	-2.991568
121	611	-2.9941084
42	637	-2.99514
128	600	-2.995524
27	400	-2.9966593
338	651	-3.0067322
113	646	-3.0070088
101	557	-3.0101979
184	318	-3.0108478
165	440	-3.0125306
47	169	-3.0148623
149	413	-3.0152097
210	527	-3.01655
68	495	-3.0177524
114	610	-3.0179262
211	342	-3.0196042
35	383	-3.0198827
37	611	-3.0214705
149	649	-3.024188
160	435	-3.025902
37	240	-3.0269876
210	371	-3.0271099
160	463	-3.0273027
114	341	-3.0280054
114	593	-3.0303783
211	595	-3.0341282
189	485	-3.0346243
114	387	-3.0377421
228	597	-3.0378323
211	531	-3.0380945
240	624	-3.0388968
162	420	-3.0390909
90	538	-3.0400913
246	450	-3.040799
81	84	-3.0420458
36	430	-3.0429766
300	581	-3.0436819
135	377	-3.0439835
29	288	-3.0457134
31	646	-3.046201
33	228	-3.0498033
94	299	-3.0526779
126	664	-3.0530646
225	628	-3.0538077
104	340	-3.0551205
329	669	-3.0582414
142	622	-3.058403
27	456	-3.0586512
95	549	-3.059347
896	27	-3.0612268
166	444	-3.061367
108	564	-3.062017
90	275	-3.064145
188	493	-3.065342
327	660	-3.065442
293	525	-3.0692
222	622	-3.0738258
45	385	-3.0776155
105	593	-3.0781426
117	565	-3.078297
108	338	-3.0784862
163	469	-3.0795267
93	295	-3.0808268
71	255	-3.0826323
242	641	-3.084537
215	383	-3.0863106
130	212	-3.0891914
235	610	-3.0914576
205	357	-3.0944538
240	617	-3.0946586
89	571	-3.095526
249	676	-3.0976927
77	267	-3.097922
217	558	-3.0993512
334	677	-3.101073
135	650	-3.1021054
159	266	-3.1024425
27	601	-3.1044295
130	643	-3.1053388
30	367	-3.1075833
114	588	-3.108312
191	332	-3.1086817
209	535	-3.110714
192	307	-3.1122887
127	636	-3.1136403
30	223	-3.114786
286	505	-3.1157944
111	165	-3.1174428
117	542	-3.1178808
227	634	-3.1182048
272	474	-3.1186268
123	355	-3.1195629
127	668	-3.1198943
74	95	-3.1209881
117	181	-3.1226413
191	573	-3.122968
125	404	-3.1235714
37	420	-3.124081
160	426	-3.1252503
106	523	-3.1257572
30	582	-3.1268194
236	659	-3.1268992
283	538	-3.1272418
126	195	-3.1298265
253	461	-3.130389
241	632	-3.1305454
216	609	-3.1314008
32	373	-3.1317453
85	275	-3.1318393
118	380	-3.1328475
269	507	-3.1329281
94	132	-3.1342113
247	648	-3.1346037
111	567	-3.1357055
272	511	-3.1365457
26	594	-3.1373177
250	671	-3.1389778
46	449	-3.1395311
182	547	-3.1409209
184	567	-3.1410258
101	319	-3.1431239
201	521	-3.143935
235	423	-3.1443172
83	261	-3.1461952
26	230	-3.147259
41	254	-3.1508293
152	636	-3.1509871
98	554	-3.1516838
61	497	-3.1526802
38	434	-3.1544585
380	27	-3.154865
27	461	-3.1556334
132	575	-3.1567523
206	576	-3.1589432
335	641	-3.1600816
113	598	-3.160133
404	33	-3.1617632
191	489	-3.1623104
109	623	-3.162485
70	518	-3.1626952
27	574	-3.163691
121	658	-3.1648982
27	416	-3.166626
88	127	-3.171219
84	306	-3.1720505
177	278	-3.1722689
61	296	-3.1724567
177	456	-3.1744592
32	211	-3.1748378
65	243	-3.1765742
121	344	-3.1783526
95	338	-3.1788287
199	353	-3.1794133
879	26	-3.1799881
110	161	-3.1802957
174	296	-3.1804218
28	196	-3.1819453
251	425	-3.1856017
30	424	-3.1862555
107	158	-3.1865146
318	631	-3.1894324
42	258	-3.1920283
200	560	-3.1924593
140	321	-3.194881
269	467	-3.1966963
43	401	-3.1967204
99	139	-3.1984377
163	277	-3.1993783
46	206	-3.1995726
772	27	-3.2007244
104	335	-3.202403
92	291	-3.2044759
46	165	-3.208636
103	565	-3.2090268
186	475	-3.209039
99	342	-3.2146425
204	567	-3.214756
45	626	-3.2160573
73	278	-3.2174568
110	534	-3.2195663
35	414	-3.2196705
180	477	-3.2216535
240	404	-3.2220495
53	458	-3.2246583
189	536	-3.225518
89	279	-3.2256956
240	609	-3.2263417
129	365	-3.2290037
215	534	-3.2327538
127	553	-3.2335668
47	394	-3.2336433
135	670	-3.2355337
155	421	-3.2356873
100	308	-3.2364624
100	549	-3.2377348
36	601	-3.2383428
33	427	-3.238455
62	266	-3.240884
294	566	-3.2422216
77	288	-3.2422757
116	400	-3.2501268
166	252	-3.2553563
227	593	-3.2561066
40	376	-3.2576828
69	72	-3.2601604
95	104	-3.260254
326	656	-3.2607167
67	491	-3.260877
250	458	-3.261282
137	224	-3.2617843
98	334	-3.2638292
226	402	-3.2658587
140	425	-3.2669303
298	572	-3.2686248
38	236	-3.2701957
138	626	-3.2724018
104	152	-3.2724986
108	359	-3.274719
88	283	-3.27717
113	576	-3.278272
119	392	-3.2788527
185	487	-3.2801433
408	34	-3.2821243
120	591	-3.2822638
68	76	-3.2840824
146	254	-3.2847877
197	557	-3.288205
106	528	-3.2888448
144	629	-3.2903173
146	400	-3.291455
182	518	-3.2917478
147	211	-3.291879
45	443	-3.2927604
288	552	-3.2936091
256	474	-3.2948387
128	672	-3.2953591
338	675	-3.2966273
47	648	-3.2967114
46	618	-3.2982311
253	668	-3.2983491
205	531	-3.2993252
108	627	-3.3004048
47	453	-3.3008816
84	524	-3.3026617
314	578	-3.3034902
114	145	-3.3036115
28	371	-3.3036165
136	315	-3.3036523
126	201	-3.3056774
335	681	-3.3058863
164	433	-3.3073153
32	252	-3.3075373
309	603	-3.309447
48	465	-3.310435
185	528	-3.310523
138	325	-3.3123207
807	31	-3.3132608
240	434	-3.317497
125	597	-3.3176925
221	577	-3.319371
155	261	-3.3196416
236	389	-3.3201165
117	384	-3.320795
103	324	-3.321266
184	482	-3.3219721
192	583	-3.3220127
225	570	-3.3227537
196	340	-3.3227832
188	327	-3.322893
235	27	-3.324184
131	603	-3.3243144
41	614	-3.3249478
157	458	-3.32499
230	644	-3.3297389
28	363	-3.3318648
142	617	-3.3321342
34	190	-3.3370707
52	210	-3.3375769
138	614	-3.337641
80	553	-3.3377974
117	654	-3.3388605
219	392	-3.3390422
77	100	-3.3399663
61	287	-3.3415308
140	313	-3.3416066
32	658	-3.3426342
195	572	-3.3445456
114	580	-3.3450458
206	361	-3.3465204
41	228	-3.347287
281	534	-3.3508348
62	431	-3.3511522
248	420	-3.3525553
217	553	-3.3527737
128	565	-3.353604
143	243	-3.356941
117	613	-3.3574517
39	606	-3.3617449
110	546	-3.3624818
165	429	-3.3630912
128	88	-3.3640182
187	576	-3.3651993
284	500	-3.366127
105	550	-3.3661418
177	301	-3.367961
159	672	-3.3682578
233	384	-3.3690407
78	513	-3.370322
400	35	-3.3710582
320	594	-3.3715842
214	347	-3.373122
329	622	-3.3731844
68	249	-3.3745668
138	380	-3.3768907
181	464	-3.376894
118	185	-3.3807118
98	346	-3.382983
111	635	-3.3868394
127	628	-3.387248
51	647	-3.3881881
412	32	-3.389884
51	245	-3.390197
40	396	-3.3907533
112	367	-3.3909855
59	232	-3.3913872
111	642	-3.3945415
132	218	-3.3971744
192	482	-3.3987694
165	475	-3.401986
93	283	-3.4027102
305	592	-3.4054494
33	286	-3.4068015
368	27	-3.408402
177	465	-3.4085667
164	414	-3.4092276
41	223	-3.410845
136	674	-3.411377
30	292	-3.4114056
100	515	-3.4115093
27	627	-3.4144874
40	438	-3.4147723
334	637	-3.4183972
134	373	-3.4185536
171	492	-3.418678
74	511	-3.4192023
238	393	-3.4212642
79	253	-3.4219792
178	506	-3.4231186
94	535	-3.4239259
44	232	-3.4239535
273	518	-3.426154
144	239	-3.4267251
44	439	-3.4269106
245	644	-3.4271767
81	269	-3.4325686
289	514	-3.4330912
175	272	-3.434881
112	171	-3.4363105
201	515	-3.437218
160	270	-3.440451
66	487	-3.4410188
196	576	-3.4416132
248	454	-3.442872
252	651	-3.4433446
147	644	-3.4447768
208	592	-3.4452868
65	271	-3.448
85	122	-3.4490328
139	308	-3.4500902
78	72	-3.4531903
216	614	-3.453987
101	519	-3.4546325
331	673	-3.454908
94	543	-3.4585192
244	443	-3.458666
141	386	-3.4620073
146	249	-3.462943
50	657	-3.4640493
135	416	-3.4641273
61	478	-3.4643707
88	488	-3.4646719
115	391	-3.4652848
79	105	-3.4655008
123	549	-3.4668148
205	525	-3.469991
451	27	-3.4706585
113	383	-3.4715474
241	438	-3.4717457
104	126	-3.472089
80	257	-3.472707
180	308	-3.4728665
44	197	-3.4736054
138	621	-3.4756813
404	27	-3.478439
36	49	-3.4786136
153	225	-3.4795687
130	176	-3.4811206
66	510	-3.4848728
868	33	-3.4850545
178	625	-3.486852
183	522	-3.4910092
95	539	-3.4934614
53	503	-3.4947493
146	207	-3.5016446
90	577	-3.5017436
143	235	-3.5020554
219	565	-3.5030072
28	175	-3.5046732
100	144	-3.505413
195	548	-3.5054283
56	480	-3.5062335
862	47	-3.508842
173	455	-3.5089548
50	473	-3.5102966
225	408	-3.5103805
159	650	-3.5134413
181	562	-3.514222
104	618	-3.5149853
52	643	-3.5169923
213	606	-3.5218315
101	303	-3.521977
239	603	-3.52289
123	615	-3.5233223
194	486	-3.523495
227	672	-3.5244164
35	369	-3.5284145
54	658	-3.5322788
255	656	-3.532375
120	584	-3.5331438
37	226	-3.5358
114	374	-3.5396461
188	558	-3.5401886
58	227	-3.5406308
182	573	-3.5410855
112	554	-3.5426884
235	598	-3.5451195
373	27	-3.5466084
340	656	-3.5474179
23	577	-3.5479155
151	656	-3.5484087
148	653	-3.549831
247	628	-3.5502055
27	467	-3.552522
104	330	-3.553289
119	406	-3.5542245
231	417	-3.5550616
37	617	-3.5554934
388	27	-3.5575674
36	388	-3.5583487
44	405	-3.5601742
129	607	-3.560648
254	430	-3.5608084
91	321	-3.5664394
133	570	-3.567183
131	611	-3.5672078
102	314	-3.5682871
112	398	-3.569262
44	642	-3.570469
184	467	-3.5707655
28	605	-3.571174
242	628	-3.5725448
42	246	-3.5752976
125	349	-3.5787842
198	495	-3.5801742
236	606	-3.58307
157	658	-3.5834446
198	346	-3.5864937
320	33	-3.5874422
115	537	-3.5880501
44	266	-3.5880523
139	229	-3.5917687
106	603	-3.593484
156	417	-3.5936124
875	33	-3.5941827
216	542	-3.594432
59	483	-3.5947368
103	546	-3.5948982
303	586	-3.5980973
858	49	-3.5988784
218	619	-3.599409
958	181	-3.6001282
377	349	-3.6070561
77	262	-3.6074321
49	504	-3.607561
90	267	-3.6077561
169	486	-3.6078243
173	626	-3.6102226
133	565	-3.6105816
111	652	-3.6110194
53	654	-3.6114933
325	606	-3.6144652
43	162	-3.615515
240	668	-3.6156642
142	391	-3.617094
86	337	-3.618983
124	624	-3.6199005
328	618	-3.6211216
113	175	-3.621602
86	566	-3.625292
35	593	-3.6261735
221	403	-3.6262927
210	376	-3.6267152
324	651	-3.6269336
237	663	-3.6269565
112	337	-3.6274712
51	454	-3.627915
337	646	-3.6287992
169	449	-3.6295583
73	500	-3.6306787
316	31	-3.6325004
216	387	-3.6348126
94	348	-3.6385274
75	252	-3.6386936
32	182	-3.6395526
29	208	-3.6407638
99	297	-3.6444075
171	445	-3.6482487
90	131	-3.649312
180	314	-3.649556
116	561	-3.6496267
29	611	-3.6497223
37	232	-3.649913
135	645	-3.65306
134	627	-3.653553
232	654	-3.654163
283	496	-3.6548731
185	322	-3.655327
121	595	-3.6567605
32	362	-3.6573045
127	547	-3.6586027
221	360	-3.6586745
27	451	-3.6597493
33	215	-3.6605406
412	27	-3.6621673
227	666	-3.6626
162	281	-3.6653244
221	560	-3.6658583
47	622	-3.6665833
37	186	-3.6676917
780	26	-3.66813
124	408	-3.6718726
160	416	-3.673076
205	581	-3.6751785
294	571	-3.6764398
101	353	-3.6765075
105	610	-3.685016
42	240	-3.6852438
245	415	-3.6872492
114	379	-3.6874113
108	308	-3.6899593
32	48	-3.691955
784	28	-3.6920364
168	432	-3.6938412
229	27	-3.695824
65	79	-3.6959252
233	594	-3.6974971
815	28	-3.7023401
871	45	-3.7024224
118	608	-3.7039042
173	265	-3.7061849
400	28	-3.706236
253	660	-3.7064214
29	376	-3.708229
34	290	-3.7084222
125	610	-3.7089314
169	441	-3.7098343
25	409	-3.7142193
129	561	-3.7143447
65	235	-3.7155378
150	409	-3.7171564
74	65	-3.7196395
166	480	-3.7206516
65	297	-3.7221205
178	461	-3.7224681
98	545	-3.725961
363	25	-3.7262797
96	328	-3.7265003
138	605	-3.7276108
279	530	-3.7279546
271	27	-3.7293448
174	498	-3.7315156
181	473	-3.733079
372	31	-3.734848
185	471	-3.7357628
133	677	-3.7374341
201	358	-3.7381427
134	186	-3.7394235
264	27	-3.739644
33	668	-3.7397463
86	484	-3.7409015
88	478	-3.742776
34	410	-3.7442422
69	275	-3.7447612
101	148	-3.7473176
126	359	-3.7508898
383	24	-3.7519436
34	221	-3.7530463
137	655	-3.7531939
419	32	-3.7533665
75	247	-3.7570446
174	451	-3.7586539
155	664	-3.7604353
184	458	-3.7609131
23	583	-3.7627258
43	435	-3.7630398
99	110	-3.7642932
110	137	-3.7643294
144	634	-3.7643783
311	612	-3.7647033
236	427	-3.7647305
131	639	-3.7650697
118	599	-3.7653122
50	205	-3.7653823
75	506	-3.7658894
84	474	-3.76603
142	431	-3.7667878
192	474	-3.7674532
61	426	-3.770036
100	523	-3.7713985
50	634	-3.7715952
192	336	-3.7719226
227	680	-3.773262
63	304	-3.7735946
123	162	-3.774161
617	25	-3.7758212
31	577	-3.7762318
174	621	-3.7769444
87	519	-3.7785358
241	27	-3.7787023
226	589	-3.7789757
48	240	-3.780187
106	533	-3.7812846
253	674	-3.7828374
63	435	-3.783927
931	169	-3.7850757
45	201	-3.787075
342	667	-3.7901738
31	381	-3.7919164
724	28	-3.792765
47	409	-3.7933273
182	450	-3.7941635
111	392	-3.7947376
381	31	-3.7959552
67	204	-3.796574
104	356	-3.7986407
146	387	-3.8009264
124	619	-3.8010268
50	172	-3.80214
97	291	-3.804216
192	563	-3.8073308
121	544	-3.807389
37	253	-3.8078656
214	549	-3.8099484
147	439	-3.810308
48	399	-3.810426
121	663	-3.8116767
313	573	-3.8122134
25	396	-3.8147855
247	637	-3.8159263
136	583	-3.8161082
108	324	-3.8168924
45	503	-3.8172426
131	551	-3.8176358
108	333	-3.8180902
32	53	-3.8193235
94	342	-3.8211823
54	215	-3.8227828
67	441	-3.823221
128	632	-3.8239875
130	409	-3.8260417
228	411	-3.831493
54	204	-3.8329616
186	642	-3.8366244
59	489	-3.8388042
240	399	-3.8398917
41	430	-3.8423517
57	668	-3.8425472
155	267	-3.8431935
57	653	-3.844584
34	663	-3.8522608
49	627	-3.852385
342	673	-3.853526
96	142	-3.8552797
37	393	-3.8566828
135	329	-3.8567684
257	667	-3.85851
768	28	-3.859118
94	333	-3.859648
138	371	-3.8597941
81	78	-3.8602254
225	535	-3.8628833
895	31	-3.8641448
256	652	-3.8654385
24	571	-3.8700008
70	86	-3.8701222
252	664	-3.871812
55	484	-3.8722727
289	561	-3.8740144
199	579	-3.875617
265	506	-3.8756845
210	600	-3.8761065
383	349	-3.8763697
129	350	-3.8768706
109	557	-3.8774686
250	680	-3.8833745
131	361	-3.8838208
75	257	-3.885165
196	313	-3.8853483
128	216	-3.8854733
122	607	-3.8866704
416	28	-3.8867762
107	537	-3.886889
408	28	-3.8876615
146	395	-3.8886456
34	435	-3.8887427
66	239	-3.8892567
958	175	-3.8925183
225	578	-3.8932326
137	663	-3.8952892
28	476	-3.8959649
174	442	-3.8966868
46	656	-3.8974395
93	278	-3.8987393
195	580	-3.8999465
139	594	-3.9041305
47	614	-3.904543
86	90	-3.906611
210	132	-3.907327
201	501	-3.9076097
140	651	-3.909051
200	583	-3.9096968
156	410	-3.9099095
167	436	-3.9133122
392	28	-3.9139414
370	350	-3.9149776
255	648	-3.917893
40	47	-3.9182143
105	517	-3.9182274
339	679	-3.9210882
107	312	-3.922114
32	431	-3.9246054
187	550	-3.9246345
38	622	-3.926754
153	452	-3.929919
57	501	-3.9309657
224	574	-3.933662
104	307	-3.9340882
138	598	-3.934582
142	382	-3.9357083
140	630	-3.9357848
178	452	-3.9360714
159	274	-3.9364755
119	538	-3.9401648
31	401	-3.9407964
60	493	-3.942816
23	588	-3.9458933
245	677	-3.9465842
396	34	-3.9486394
131	623	-3.9486573
31	672	-3.949238
160	23	-3.9513452
66	228	-3.9528177
43	610	-3.9529345
187	294	-3.9546862
56	461	-3.9588315
152	221	-3.959683
88	263	-3.9603252
49	499	-3.9621363
109	551	-3.9628897
191	478	-3.9650543
243	606	-3.9657311
227	640	-3.9659426
42	166	-3.96643
84	480	-3.9673843
199	564	-3.9677022
44	508	-3.967823
36	439	-3.9711776
71	243	-3.9736054
62	292	-3.9748366
792	30	-3.9754775
98	509	-3.9803338
295	578	-3.9814782
217	546	-3.9822047
111	530	-3.9837594
30	282	-3.9870806
111	561	-3.9871097
115	584	-3.987661
93	531	-3.9904077
43	170	-3.9909067
41	262	-3.9922957
193	567	-3.9935677
167	294	-3.9939823
269	462	-3.9941053
138	667	-3.9952297
95	138	-3.9952443
251	465	-3.9978015
126	604	-3.998764
37	656	-3.9990954
119	151	-3.9992046
180	469	-3.9996595
190	643	-4.0006156
174	643	-4.001382
166	418	-4.002958
99	537	-4.002983
77	546	-4.0030766
211	380	-4.003245
51	477	-4.003509
138	590	-4.0039
96	516	-4.004092
82	117	-4.005269
40	602	-4.006335
221	555	-4.007749
751	166	-4.0102863
40	641	-4.0121765
290	507	-4.020424
46	381	-4.020968
57	260	-4.0219235
154	23	-4.023609
809	27	-4.0241218
298	536	-4.0253744
94	287	-4.028786
37	629	-4.0303864
264	453	-4.0304666
26	224	-4.0351825
49	446	-4.035847
144	464	-4.03676
40	42	-4.0368967
240	599	-4.0386405
103	622	-4.039423
54	507	-4.039452
108	632	-4.0404334
76	653	-4.040899
67	483	-4.040935
189	566	-4.0413823
105	318	-4.04149
129	676	-4.042527
958	189	-4.0426006
73	99	-4.043065
199	362	-4.0444565
133	615	-4.044897
90	338	-4.048802
58	473	-4.0489407
148	443	-4.049657
930	95	-4.050019
130	325	-4.0520983
134	308	-4.053479
214	528	-4.054536
959	185	-4.054716
56	664	-4.0573006
27	481	-4.0580983
34	44	-4.0582705
88	316	-4.058657
115	605	-4.0593243
209	523	-4.0604367
345	27	-4.060659
119	580	-4.0612335
108	639	-4.0640864
122	157	-4.0645537
32	616	-4.064998
48	274	-4.0657086
204	585	-4.067477
67	515	-4.069011
27	201	-4.0692906
959	168	-4.071314
364	31	-4.0713706
72	496	-4.072283
106	542	-4.0726
930	100	-4.076829
151	630	-4.077718
39	371	-4.07773
186	532	-4.0778112
243	614	-4.0801053
115	569	-4.0825586
23	292	-4.083039
78	112	-4.084113
145	314	-4.0841775
48	390	-4.088333
86	514	-4.0912576
29	359	-4.0921836
186	580	-4.09238
163	676	-4.0944147
126	209	-4.095711
60	283	-4.096527
179	550	-4.0974607
70	199	-4.0983524
194	552	-4.098804
110	380	-4.099435
69	236	-4.0994473
27	668	-4.0999537
720	27	-4.1004543
279	486	-4.1031713
116	573	-4.1032033
230	376	-4.10418
93	582	-4.1064463
91	527	-4.1066957
27	563	-4.10714
874	48	-4.1073294
50	166	-4.108512
64	75	-4.1088486
80	478	-4.1090302
27	188	-4.1115527
140	672	-4.116261
30	218	-4.1167054
228	676	-4.1183476
29	661	-4.1192956
193	587	-4.1195784
98	533	-4.1198826
27	305	-4.1213784
132	83	-4.1218414
56	219	-4.122125
162	410	-4.124083
27	543	-4.1268144
58	659	-4.13048
50	450	-4.130735
329	677	-4.132106
9	543	-4.132368
128	319	-4.1324697
88	523	-4.132843
135	561	-4.135413
27	472	-4.136399
120	410	-4.136427
97	593	-4.1366487
175	617	-4.137121
39	400	-4.1375847
959	193	-4.1384034
128	557	-4.138859
190	460	-4.1389728
126	168	-4.141273
36	365	-4.141328
217	95	-4.141982
251	647	-4.1429276
102	541	-4.1431165
127	541	-4.1432176
355	25	-4.1436195
128	313	-4.145221
137	569	-4.1453147
121	192	-4.1455092
191	142	-4.1461315
237	385	-4.1470838
214	618	-4.1472387
43	236	-4.1490254
52	638	-4.149221
202	510	-4.1501284
33	620	-4.1543074
141	197	-4.155638
160	239	-4.1559753
864	43	-4.156453
247	610	-4.1581955
224	563	-4.158453
228	662	-4.159185
123	667	-4.1593637
872	30	-4.1594815
242	673	-4.1595473
43	183	-4.160334
110	388	-4.1609626
183	454	-4.1618733
108	645	-4.162197
45	270	-4.1644044
187	331	-4.164599
393	349	-4.1662726
56	211	-4.166691
221	626	-4.167035
128	354	-4.167065
202	575	-4.1672096
56	649	-4.1693587
205	365	-4.169577
107	654	-4.1705747
44	48	-4.173173
179	558	-4.173606
74	285	-4.1751566
68	445	-4.1758823
31	347	-4.177797
114	533	-4.177907
231	424	-4.179481
129	330	-4.1798954
388	32	-4.1807895
73	538	-4.1817875
152	264	-4.181965
62	474	-4.183412
618	29	-4.1834483
129	616	-4.183476
137	678	-4.183576
245	458	-4.1869574
128	620	-4.1876354
234	380	-4.1887565
80	470	-4.18896
29	214	-4.1941447
146	321	-4.19456
185	462	-4.194885
103	652	-4.196646
290	565	-4.1969476
69	90	-4.199072
74	649	-4.2003984
117	501	-4.2004404
96	147	-4.200638
178	620	-4.201601
170	297	-4.2020674
71	534	-4.202115
120	603	-4.204336
215	624	-4.2060013
41	194	-4.2134414
61	670	-4.2135425
133	368	-4.2147155
133	557	-4.21474
223	632	-4.2149873
5	638	-4.215789
169	594	-4.2158012
376	345	-4.2167225
65	86	-4.217497
211	385	-4.2176647
150	216	-4.218007
103	614	-4.220029
57	496	-4.2205095
27	171	-4.221025
199	318	-4.221061
174	648	-4.2222223
840	29	-4.2229834
39	598	-4.223073
136	631	-4.2279468
249	641	-4.2286997
890	31	-4.2288094
88	493	-4.229798
324	31	-4.2301564
67	521	-4.2317424
885	23	-4.2318077
84	508	-4.2326345
179	515	-4.2349324
71	449	-4.235461
114	311	-4.236887
879	35	-4.237218
47	161	-4.2373548
44	377	-4.2381215
764	29	-4.238919
29	395	-4.2393413
447	26	-4.2399077
729	28	-4.2405653
319	588	-4.242243
789	33	-4.244613
207	596	-4.2447
243	447	-4.248604
85	562	-4.249153
180	566	-4.2498107
143	613	-4.249918
53	667	-4.250362
227	584	-4.251086
40	404	-4.2517424
205	520	-4.255182
136	576	-4.2579618
268	512	-4.2581806
164	402	-4.2629695
75	542	-4.263129
125	343	-4.2634664
116	658	-4.2640553
48	440	-4.2645683
212	612	-4.2663207
330	681	-4.2683535
97	520	-4.2710695
132	321	-4.2721334
84	490	-4.2724314
61	654	-4.2745957
76	411	-4.2752023
59	420	-4.275691
98	527	-4.276112
133	88	-4.2784314
82	502	-4.2785683
92	490	-4.280471
245	624	-4.2825685
359	26	-4.283898
172	261	-4.2839646
196	561	-4.284183
25	367	-4.2846937
42	654	-4.2857113
85	311	-4.285727
251	471	-4.2863097
199	587	-4.2869925
33	585	-4.2885666
163	668	-4.288634
168	426	-4.289555
41	647	-4.2910285
8	538	-4.2912197
203	506	-4.291236
180	142	-4.291307
6	330	-4.2944756
311	567	-4.2946653
312	29	-4.29496
88	257	-4.2950044
58	264	-4.2954597
246	632	-4.296
66	200	-4.2972803
44	456	-4.297318
125	205	-4.297715
248	606	-4.299862
117	464	-4.3000374
138	659	-4.3014646
30	665	-4.301795
188	454	-4.3054547
219	652	-4.305693
41	423	-4.3083034
738	28	-4.3133836
88	500	-4.3136387
26	238	-4.3147035
145	308	-4.315031
55	256	-4.3151054
116	335	-4.315143
931	164	-4.317435
859	26	-4.317663
142	317	-4.3182373
70	647	-4.318758
158	279	-4.3192472
30	276	-4.3194633
247	618	-4.3195133
122	318	-4.320503
103	630	-4.3217053
206	602	-4.321856
55	286	-4.3235
214	99	-4.324621
931	46	-4.3251524
708	29	-4.3252196
131	222	-4.3268113
248	462	-4.3287063
66	208	-4.3297606
142	247	-4.333383
82	485	-4.333639
199	571	-4.3340306
67	433	-4.335568
92	329	-4.3366585
70	68	-4.3406916
65	653	-4.3410964
70	453	-4.342678
28	570	-4.34594
175	447	-4.3460245
8	335	-4.3460937
123	539	-4.3463235
97	351	-4.3468432
48	404	-4.347459
155	669	-4.34764
44	187	-4.348884
163	628	-4.3510146
208	333	-4.3513575
144	586	-4.352903
68	525	-4.3533893
38	636	-4.3535748
29	385	-4.353948
92	515	-4.3552337
4	112	-4.355478
320	27	-4.3566484
173	300	-4.3566604
31	355	-4.3574104
132	633	-4.357857
30	464	-4.3585906
120	314	-4.3587418
145	460	-4.360392
62	229	-4.361199
97	504	-4.36202
90	136	-4.362117
623	27	-4.3628097
36	258	-4.3643966
283	546	-4.3655047
54	199	-4.3658395
193	556	-4.3669567
62	439	-4.369192
189	470	-4.371482
317	583	-4.3735704
256	663	-4.3743315
129	172	-4.375621
178	613	-4.3758574
89	252	-4.3765516
387	23	-4.378406
149	447	-4.378548
105	598	-4.3796983
59	469	-4.379783
5	119	-4.3824105
172	438	-4.3827057
310	563	-4.3828907
287	556	-4.3833456
140	645	-4.3885117
93	587	-4.3897014
144	435	-4.390036
82	515	-4.3906174
156	642	-4.3931193
107	129	-4.393143
183	577	-4.3942804
268	578	-4.394538
164	285	-4.3950777
229	576	-4.395554
233	589	-4.396137
27	621	-4.396176
49	183	-4.3964386
38	668	-4.396505
112	656	-4.3973603
93	270	-4.398936
368	32	-4.399142
255	680	-4.399622
133	181	-4.3997
62	509	-4.3999863
181	543	-4.400189
215	391	-4.4027314
228	650	-4.4030476
84	469	-4.403445
139	586	-4.4035506
31	479	-4.4040003
127	536	-4.404413
60	665	-4.406307
294	582	-4.4075284
52	421	-4.407803
28	498	-4.4078126
102	119	-4.410543
60	631	-4.410825
244	516	-4.4114947
247	27	-4.4115906
290	572	-4.4133697
217	350	-4.413617
50	412	-4.414721
226	367	-4.417009
119	340	-4.4175267
36	672	-4.418893
208	606	-4.420725
250	548	-4.421076
959	201	-4.421422
103	298	-4.4216437
103	606	-4.422123
277	479	-4.4229627
133	312	-4.424214
232	428	-4.424969
128	346	-4.425772
53	252	-4.4288125
177	389	-4.4294057
27	298	-4.4297495
350	26	-4.4310856
137	191	-4.4320836
279	27	-4.432305
180	629	-4.4339023
134	364	-4.4339814
81	654	-4.4353566
58	429	-4.4359584
24	656	-4.4368124
396	27	-4.436833
221	410	-4.437699
79	482	-4.43782
155	275	-4.4385924
43	156	-4.4397025
334	27	-4.43996
38	652	-4.4405465
168	638	-4.441756
84	496	-4.4417706
138	298	-4.4431806
866	37	-4.443566
108	365	-4.4441085
34	165	-4.444914
82	461	-4.4466653
169	601	-4.451207
221	648	-4.453644
54	671	-4.4542513
830	30	-4.4546514
52	663	-4.4552417
875	25	-4.4553647
75	104	-4.456166
34	404	-4.456222
92	520	-4.4575753
184	326	-4.4581523
193	303	-4.4588537
31	333	-4.4594584
79	494	-4.4606647
243	407	-4.4613605
79	509	-4.462823
137	304	-4.46313
136	320	-4.4632382
66	429	-4.4638934
107	304	-4.466161
127	484	-4.4677105
6	350	-4.4679594
135	548	-4.4690976
282	542	-4.4695516
96	500	-4.4697113
103	156	-4.470104
814	32	-4.470822
125	412	-4.4708686
163	619	-4.4721766
231	534	-4.472298
45	460	-4.4729786
157	232	-4.4738092
54	413	-4.4748354
302	544	-4.475176
198	489	-4.475628
36	397	-4.476475
135	422	-4.476937
58	505	-4.47919
132	77	-4.47995
77	68	-4.4812713
69	530	-4.482201
64	667	-4.482568
219	398	-4.482852
232	585	-4.48288
50	200	-4.48317
71	492	-4.483816
799	31	-4.4838333
257	672	-4.48422
48	264	-4.486065
249	535	-4.4879513
139	375	-4.4879923
67	301	-4.488442
42	409	-4.4888673
58	465	-4.4890423
90	343	-4.490019
70	63	-4.4918947
89	508	-4.492173
32	351	-4.4937844
100	357	-4.495372
79	301	-4.4980636
92	496	-4.498498
112	307	-4.4985237
27	555	-4.4990416
82	397	-4.4995184
125	479	-4.5030794
384	20	-4.503686
44	41	-4.506987
932	29	-4.507255
175	528	-4.509306
93	353	-4.5111933
110	329	-4.5113425
153	414	-4.5116386
6	342	-4.5128465
958	197	-4.5144815
65	671	-4.515693
48	495	-4.516118
44	251	-4.517278
48	509	-4.5173955
254	644	-4.51769
251	630	-4.5185905
36	54	-4.5189633
217	635	-4.5190268
129	413	-4.5196257
180	640	-4.5201316
108	396	-4.521188
189	647	-4.5225496
39	416	-4.5225806
47	436	-4.523648
25	234	-4.524135
141	656	-4.524882
179	527	-4.5248866
342	661	-4.524994
146	625	-4.5250974
613	27	-4.527468
273	470	-4.527751
55	424	-4.5280714
59	279	-4.529405
230	669	-4.529547
92	143	-4.5320053
90	483	-4.5321326
958	164	-4.5322485
192	466	-4.5327153
164	22	-4.5329857
259	485	-4.5333257
46	173	-4.534286
144	640	-4.5346265
292	511	-4.535264
78	297	-4.535421
259	649	-4.536184
123	534	-4.5365767
248	468	-4.536616
48	602	-4.5377936
24	288	-4.538186
850	29	-4.5388737
256	27	-4.540557
80	498	-4.54112
132	619	-4.543413
41	442	-4.5438614
68	437	-4.54503
176	639	-4.5469203
343	681	-4.547537
23	401	-4.5476184
48	195	-4.5503592
110	317	-4.550422
32	573	-4.5538526
47	258	-4.554641
50	617	-4.555074
114	327	-4.5578713
71	282	-4.557949
84	256	-4.559405
267	456	-4.5600505
286	642	-4.563678
209	108	-4.5642843
261	668	-4.565048
35	625	-4.566717
264	502	-4.5681734
82	182	-4.56869
53	582	-4.568995
38	191	-4.5724216
114	319	-4.5738354
120	327	-4.5740438
83	465	-4.574429
98	151	-4.578229
82	74	-4.5784974
54	408	-4.579729
292	517	-4.579829
75	457	-4.580134
166	247	-4.580769
27	321	-4.581135
31	313	-4.5811863
49	610	-4.582759
163	242	-4.583189
860	33	-4.583458
46	244	-4.585836
34	298	-4.586618
52	481	-4.5876207
53	497	-4.588252
220	112	-4.5885687
151	269	-4.5886703
77	502	-4.5901384
143	324	-4.590355
124	312	-4.591551
222	551	-4.591588
166	408	-4.5944386
225	558	-4.5945463
52	397	-4.59466
772	32	-4.596815
103	639	-4.5970283
59	436	-4.598289
159	645	-4.5985885
174	653	-4.599157
179	318	-4.599569
276	525	-4.6009426
29	428	-4.6009936
149	23	-4.601154
71	442	-4.6022587
212	112	-4.603754
130	309	-4.604178
147	657	-4.6068764
176	385	-4.609176
185	539	-4.6095533
216	631	-4.6107655
704	28	-4.6107717
193	348	-4.612295
341	26	-4.612979
239	23	-4.6134477
52	630	-4.6152325
182	644	-4.616254
397	38	-4.616972
159	467	-4.6170096
74	643	-4.618369
111	371	-4.6193457
278	644	-4.6200356
66	190	-4.62015
179	576	-4.6208572
931	179	-4.6209335
789	27	-4.6222134
62	658	-4.6241484
373	354	-4.625817
925	0	-4.6263742
372	346	-4.6267347
33	177	-4.627102
941	181	-4.6282783
66	479	-4.6285577
61	80	-4.6287766
176	305	-4.6299176
326	672	-4.6299653
296	528	-4.630247
54	183	-4.6335416
31	473	-4.634567
147	258	-4.6352572
316	25	-4.6360345
63	421	-4.636181
104	626	-4.636492
63	225	-4.6367073
308	607	-4.638114
75	224	-4.6396885
170	23	-4.639732
31	339	-4.640073
60	222	-4.640441
28	521	-4.641443
143	304	-4.6420536
182	624	-4.64336
31	458	-4.643494
88	248	-4.6449223
29	390	-4.6456013
102	529	-4.6467853
23	227	-4.6467953
5	127	-4.647496
89	334	-4.647733
4	106	-4.6479015
89	625	-4.647976
455	26	-4.6484914
28	251	-4.6502323
57	292	-4.6519647
25	180	-4.65444
24	641	-4.6548967
132	344	-4.6555386
132	356	-4.6569405
177	378	-4.657784
90	325	-4.657917
635	27	-4.658299
120	336	-4.658621
168	413	-4.659629
58	625	-4.660404
110	526	-4.6618466
123	502	-4.663484
204	327	-4.6650224
191	543	-4.6651382
869	27	-4.666916
71	190	-4.669167
245	602	-4.669521
220	355	-4.670037
26	447	-4.6701455
180	446	-4.671129
168	626	-4.671592
38	411	-4.6716337
261	491	-4.6719575
51	393	-4.6722755
959	156	-4.672476
100	617	-4.673177
136	552	-4.6733046
134	681	-4.6738186
107	649	-4.6747127
136	641	-4.675722
104	361	-4.675879
155	629	-4.677039
22	649	-4.678713
17	557	-4.680457
204	590	-4.681713
142	253	-4.6841407
19	561	-4.6847553
109	376	-4.686601
6	324	-4.687028
8	346	-4.687539
87	504	-4.6877146
117	189	-4.688144
627	25	-4.690567
107	164	-4.6935124
65	71	-4.6936774
92	259	-4.6937804
58	207	-4.6938677
5	633	-4.6944866
11	547	-4.6965327
875	43	-4.6969466
216	395	-4.697003
190	297	-4.6976805
209	136	-4.6977906
949	181	-4.6980624
51	417	-4.6985908
755	164	-4.6992693
255	478	-4.6996126
196	584	-4.6998467
60	617	-4.7021046
39	182	-4.702604
25	391	-4.703806
382	345	-4.704327
28	167	-4.7055707
36	171	-4.7058964
80	412	-4.7063003
379	23	-4.707019
197	482	-4.707207
956	171	-4.707685
145	298	-4.710304
201	492	-4.712707
76	333	-4.7135997
209	100	-4.714491
39	592	-4.7149587
43	452	-4.7150106
33	391	-4.716122
5	134	-4.7166877
144	652	-4.7188697
300	29	-4.719965
67	450	-4.7203116
27	516	-4.7208214
68	232	-4.7229023
168	400	-4.723055
156	462	-4.724299
112	255	-4.7252364
71	59	-4.725267
282	491	-4.7255464
177	600	-4.7262096
453	31	-4.7274585
126	531	-4.727743
186	546	-4.7277713
862	53	-4.728792
49	268	-4.729377
28	559	-4.7302547
780	31	-4.7330227
40	52	-4.733331
45	498	-4.733825
4	123	-4.734359
227	658	-4.734774
803	30	-4.7351522
25	360	-4.7362514
224	637	-4.7367783
180	531	-4.737418
102	511	-4.7376375
284	551	-4.737696
74	461	-4.738373
37	443	-4.7383933
25	375	-4.738462
27	380	-4.7386637
79	474	-4.739276
117	330	-4.739738
237	592	-4.740863
856	31	-4.7409167
864	29	-4.7421827
31	631	-4.742962
26	664	-4.7445283
78	460	-4.746159
156	405	-4.7464285
80	489	-4.7465463
117	665	-4.7466564
79	647	-4.746794
930	90	-4.746839
269	517	-4.7468634
24	413	-4.747779
29	547	-4.74791
15	545	-4.7502694
259	657	-4.7506638
114	404	-4.7525535
80	305	-4.7538295
124	323	-4.7539597
139	244	-4.7548146
246	681	-4.754967
78	395	-4.755657
46	607	-4.755757
19	571	-4.756643
182	649	-4.756933
64	649	-4.7582407
42	179	-4.758457
131	303	-4.760025
32	58	-4.762069
58	612	-4.7632656
420	27	-4.7633176
59	412	-4.7654023
249	623	-4.765525
209	120	-4.767567
177	510	-4.768169
376	30	-4.7683372
28	352	-4.7684064
46	413	-4.7694826
188	465	-4.7695136
151	668	-4.7697954
898	11	-4.770148
110	296	-4.770313
304	550	-4.7705016
146	468	-4.770944
68	279	-4.7711873
96	267	-4.7713118
123	198	-4.771559
88	473	-4.772078
99	654	-4.7738833
238	532	-4.7743573
868	41	-4.7751904
28	310	-4.7754345
104	643	-4.7758636
127	490	-4.7759733
133	333	-4.777196
264	574	-4.7780156
27	502	-4.7786255
163	644	-4.7790737
94	524	-4.779389
288	501	-4.7817426
167	490	-4.781809
318	644	-4.7830477
959	133	-4.785611
70	458	-4.7879553
219	640	-4.788197
140	240	-4.790345
190	403	-4.7917366
31	468	-4.792418
53	169	-4.793278
61	85	-4.793839
14	333	-4.7940187
54	401	-4.7947006
55	490	-4.7950497
30	513	-4.795743
141	351	-4.7966247
319	648	-4.7973127
866	49	-4.797471
931	185	-4.7988257
272	522	-4.7993445
147	391	-4.799582
131	546	-4.8004875
112	323	-4.80049
715	28	-4.8009243
79	233	-4.803258
94	255	-4.803889
146	456	-4.8048086
90	349	-4.805143
196	308	-4.8053555
61	635	-4.805841
195	140	-4.80674
220	534	-4.8068585
143	608	-4.807351
170	622	-4.808411
243	453	-4.8096385
215	343	-4.809783
945	183	-4.809824
10	340	-4.810349
29	329	-4.813636
206	369	-4.813917
119	669	-4.814692
127	220	-4.8163767
77	228	-4.8176217
42	304	-4.8178306
958	205	-4.819416
49	178	-4.819792
10	331	-4.820236
268	646	-4.8214717
32	170	-4.822418
124	671	-4.8227067
182	442	-4.823851
232	580	-4.824235
192	154	-4.8244123
45	431	-4.824743
63	443	-4.8256116
248	614	-4.8263288
114	303	-4.827581
235	431	-4.8283463
68	643	-4.8283515
109	384	-4.828624
241	535	-4.8295302
324	597	-4.829694
30	624	-4.8297286
305	597	-4.8323965
23	175	-4.834687
60	650	-4.835909
139	234	-4.835968
121	530	-4.837015
36	40	-4.837595
66	59	-4.837944
39	161	-4.841621
73	395	-4.8425603
73	635	-4.8440413
152	402	-4.84507
260	662	-4.846268
161	473	-4.847661
147	383	-4.8479686
64	614	-4.848867
238	672	-4.8489966
131	418	-4.850345
224	540	-4.850985
165	290	-4.851238
959	127	-4.852885
72	614	-4.8530912
65	289	-4.853629
58	202	-4.85374
43	274	-4.8546915
4	100	-4.8557725
143	582	-4.855853
325	26	-4.856124
904	11	-4.856628
59	303	-4.857614
34	581	-4.8583083
325	601	-4.858338
76	402	-4.8597617
27	534	-4.859997
139	333	-4.8603
49	585	-4.8605623
74	666	-4.860574
314	630	-4.8611407
724	681	-4.862506
94	274	-4.8635273
131	423	-4.866026
63	513	-4.8662524
104	635	-4.867387
97	284	-4.868265
25	567	-4.8688235
387	348	-4.868909
258	438	-4.8689394
117	470	-4.869896
47	278	-4.870519
161	662	-4.870746
176	268	-4.8709745
227	415	-4.871383
959	140	-4.8724136
206	189	-4.8730936
105	122	-4.873151
176	141	-4.8732133
138	635	-4.874953
159	630	-4.8754926
121	506	-4.875566
118	534	-4.8772845
109	669	-4.8775177
65	425	-4.877615
183	330	-4.8776875
146	671	-4.878204
859	44	-4.879741
164	30	-4.880034
30	302	-4.881953
55	511	-4.88266
114	497	-4.882868
872	53	-4.884912
27	526	-4.8857517
156	400	-4.8858323
101	602	-4.887671
229	372	-4.8902197
27	673	-4.890319
39	154	-4.890435
276	30	-4.890533
243	596	-4.891177
163	614	-4.89181
371	23	-4.8924823
137	367	-4.8928766
333	32	-4.894311
50	670	-4.894521
380	352	-4.8947835
56	629	-4.8964663
116	315	-4.8975353
50	249	-4.898855
124	328	-4.901663
878	46	-4.9017644
196	478	-4.9026737
85	85	-4.905252
87	241	-4.9057527
6	642	-4.905933
18	553	-4.9065695
31	325	-4.907705
153	660	-4.9102864
163	638	-4.9103494
144	378	-4.9105186
42	446	-4.9124455
276	475	-4.9133964
138	429	-4.913942
96	261	-4.9150944
44	427	-4.91524
56	40	-4.9152794
215	108	-4.9154077
69	216	-4.915689
261	680	-4.9164867
367	353	-4.916512
38	266	-4.9170074
31	638	-4.91799
236	572	-4.9180217
71	203	-4.9183426
855	27	-4.9187965
844	28	-4.918972
114	297	-4.9197984
13	328	-4.9203415
265	667	-4.921708
58	197	-4.922081
22	592	-4.9260635
262	495	-4.930118
67	224	-4.930945
127	265	-4.9313726
93	97	-4.9319363
263	448	-4.9341264
57	297	-4.935336
172	636	-4.93564
75	415	-4.935697
147	532	-4.9359813
742	30	-4.936186
8	533	-4.9378123
267	582	-4.938887
78	321	-4.941096
70	488	-4.9411483
96	492	-4.9416313
84	413	-4.942653
156	271	-4.942733
164	672	-4.944942
102	365	-4.9456925
132	316	-4.9461446
79	464	-4.946713
30	318	-4.947403
42	419	-4.948664
77	486	-4.948842
140	681	-4.9495916
70	194	-4.9500656
934	93	-4.950353
173	434	-4.950461
64	275	-4.9508524
241	19	-4.951478
236	667	-4.951667
54	174	-4.954588
108	168	-4.9562755
51	425	-4.9570184
61	643	-4.95814
250	634	-4.9582076
118	255	-4.9598594
169	610	-4.9603496
191	340	-4.9610634
153	457	-4.9612923
131	502	-4.9620657
11	553	-4.9625754
223	654	-4.966382
75	407	-4.966657
285	647	-4.9672914
243	620	-4.967343
871	36	-4.967883
190	553	-4.968618
177	523	-4.9696064
180	193	-4.9697576
384	34	-4.969802
268	30	-4.9703236
959	145	-4.9708357
102	534	-4.9709463
190	651	-4.971476
178	554	-4.974479
245	536	-4.976092
5	542	-4.977122
205	514	-4.9774365
874	39	-4.9776077
76	477	-4.978842
40	367	-4.979028
795	33	-4.979127
70	670	-4.9800987
397	348	-4.981509
27	314	-4.983236
275	25	-4.9835715
796	28	-4.9841805
148	528	-4.9849076
54	428	-4.985196
42	666	-4.9864135
192	146	-4.9873514
258	481	-4.987459
385	353	-4.988341
86	575	-4.9912376
26	423	-4.991273
47	470	-4.991312
59	215	-4.9917564
35	633	-4.9926023
82	610	-4.9928474
52	41	-4.9933023
165	484	-4.994653
113	180	-4.9956756
63	65	-4.997396
219	538	-4.998496
231	673	-4.9990225
31	677	-5.0000753
4	291	-5.000649
215	648	-5.0012603
231	679	-5.0014176
325	668	-5.0017924
262	646	-5.0018272
117	324	-5.0022626
56	347	-5.002271
254	550	-5.002742
36	589	-5.003016
29	272	-5.005741
720	12	-5.007184
167	643	-5.007854
181	536	-5.0082
928	106	-5.0092783
19	340	-5.009973
959	150	-5.0105624
227	566	-5.0106735
225	28	-5.0108495
72	654	-5.0111995
225	646	-5.012483
42	595	-5.013245
169	404	-5.013796
129	92	-5.014468
114	184	-5.014718
27	341	-5.015139
143	471	-5.0159264
106	389	-5.016437
308	558	-5.0196548
232	573	-5.0198445
57	645	-5.019976
173	599	-5.020243
94	508	-5.0203867
258	645	-5.022069
915	47	-5.02243
159	637	-5.023598
36	274	-5.024229
55	453	-5.0243726
211	392	-5.0263095
162	134	-5.026508
233	664	-5.0283093
160	406	-5.0286627
26	192	-5.0291295
221	96	-5.0296087
221	666	-5.0298367
128	334	-5.031248
148	463	-5.031447
79	248	-5.03261
187	584	-5.033085
170	496	-5.0334473
273	645	-5.034128
97	496	-5.0344043
279	630	-5.0353284
161	399	-5.035916
23	672	-5.0368066
107	466	-5.0373235
765	25	-5.037404
188	634	-5.0387025
37	287	-5.038985
31	453	-5.039053
310	616	-5.041346
168	302	-5.041654
192	456	-5.0419607
67	212	-5.0420074
934	99	-5.042436
95	618	-5.04326
25	660	-5.0434036
91	638	-5.0438476
211	95	-5.044049
57	416	-5.0443354
170	417	-5.044654
76	469	-5.04535
189	196	-5.045508
62	201	-5.0459237
178	645	-5.046116
216	114	-5.0463476
93	609	-5.0484657
36	536	-5.0484815
159	677	-5.0501094
83	186	-5.050645
206	166	-5.050843
92	504	-5.0513387
25	386	-5.052631
0	622	-5.052785
181	386	-5.0529585
111	478	-5.053021
131	228	-5.053084
184	402	-5.0533056
84	81	-5.053654
69	651	-5.0541563
14	341	-5.054537
443	27	-5.0569353
178	572	-5.057203
5	139	-5.0582542
234	23	-5.0599227
66	195	-5.062122
76	108	-5.0627503
392	38	-5.062857
92	148	-5.0632973
57	171	-5.064611
107	284	-5.064874
200	591	-5.0676403
165	388	-5.0685177
179	274	-5.068622
75	465	-5.069658
258	677	-5.0697336
932	50	-5.0698
186	289	-5.0703516
38	167	-5.071202
121	521	-5.07126
144	647	-5.071831
119	310	-5.071932
733	30	-5.0728
178	438	-5.072976
23	559	-5.0730333
291	576	-5.0736403
223	681	-5.0746255
66	533	-5.0750475
900	29	-5.075164
7	653	-5.0762877
513	33	-5.0807886
96	100	-5.081158
194	352	-5.0824695
74	197	-5.0827026
181	616	-5.083091
48	46	-5.083625
194	344	-5.0852647
862	39	-5.085596
175	402	-5.0867505
54	536	-5.0884356
44	603	-5.0886455
253	626	-5.0894694
70	94	-5.090929
465	31	-5.0918536
433	28	-5.09208
179	176	-5.092596
178	413	-5.093295
202	598	-5.093634
101	293	-5.0950046
231	659	-5.0964136
9	527	-5.097865
188	335	-5.0980268
252	421	-5.100799
112	672	-5.1013713
17	336	-5.1013966
41	505	-5.1037197
371	358	-5.104172
50	187	-5.104644
212	104	-5.1048055
29	45	-5.105509
949	187	-5.1056485
62	627	-5.106024
220	644	-5.1067386
80	559	-5.107795
168	583	-5.108634
101	597	-5.1088524
27	336	-5.109205
48	664	-5.1107345
74	452	-5.111065
7	554	-5.111612
38	660	-5.112682
260	26	-5.112687
251	25	-5.113524
127	501	-5.1177206
112	491	-5.1192355
212	337	-5.119594
253	545	-5.121629
23	677	-5.122479
31	159	-5.1237836
253	638	-5.123984
95	512	-5.124628
118	146	-5.1252174
56	433	-5.125969
165	602	-5.127015
31	542	-5.128203
70	664	-5.128413
101	506	-5.1287527
48	589	-5.129856
337	31	-5.1310077
163	34	-5.1326737
294	521	-5.1327133
932	173	-5.133167
30	508	-5.1342707
30	436	-5.13498
6	355	-5.1352944
27	348	-5.1368637
204	110	-5.137579
76	497	-5.1376133
43	599	-5.138619
209	515	-5.1387234
96	356	-5.1393547
184	141	-5.140458
5	310	-5.140491
160	622	-5.140627
149	453	-5.141541
194	649	-5.141572
67	677	-5.1417894
51	623	-5.1422477
930	73	-5.1423554
32	561	-5.1434703
75	448	-5.1440506
886	50	-5.145603
172	142	-5.1472793
59	269	-5.1499405
898	221	-5.1503944
215	523	-5.1506476
107	293	-5.15345
721	31	-5.1547203
106	513	-5.155458
28	617	-5.1560354
262	654	-5.1587276
89	620	-5.1601977
138	437	-5.16155
95	639	-5.1615767
959	121	-5.1620893
159	617	-5.1637006
28	530	-5.164372
174	381	-5.1645827
49	191	-5.1654034
134	297	-5.166261
125	675	-5.1675634
57	275	-5.1682477
109	472	-5.168764
76	490	-5.169267
240	679	-5.1694045
75	670	-5.1708226
711	26	-5.171418
193	400	-5.17147
36	648	-5.172167
85	570	-5.1742196
197	357	-5.175188
213	118	-5.1754866
193	194	-5.1762414
102	273	-5.1770043
823	30	-5.1776066
287	632	-5.17815
639	28	-5.1785483
51	279	-5.181767
111	464	-5.182439
107	255	-5.183862
109	460	-5.1842523
149	315	-5.1850963
131	431	-5.1856294
19	332	-5.1860085
166	298	-5.186345
19	643	-5.1868
164	624	-5.188621
631	28	-5.1886396
262	31	-5.1888394
398	23	-5.188949
56	282	-5.189109
131	337	-5.1894884
150	320	-5.1899285
65	663	-5.1908545
287	497	-5.1909637
101	648	-5.192295
171	257	-5.192398
59	442	-5.1924314
121	481	-5.1935515
79	336	-5.1941447
236	584	-5.194275
298	25	-5.194603
179	382	-5.195261
173	522	-5.1955385
58	185	-5.195939
217	102	-5.197996
207	623	-5.198113
174	632	-5.1981354
112	501	-5.1984854
32	343	-5.199225
37	175	-5.1994195
919	0	-5.2010927
264	579	-5.2028456
119	497	-5.2030764
405	37	-5.2033734
83	252	-5.2041535
836	31	-5.204666
141	664	-5.205001
135	503	-5.2050376
56	618	-5.2053304
97	277	-5.205618
294	670	-5.207083
76	220	-5.2077336
13	337	-5.207776
696	28	-5.2081356
89	355	-5.2082195
10	325	-5.20844
19	359	-5.209145
30	163	-5.2095895
212	128	-5.2112784
259	632	-5.212561
244	23	-5.212842
40	270	-5.2129006
58	673	-5.213081
179	665	-5.2137733
20	289	-5.213792
90	92	-5.213878
138	565	-5.2141223
189	639	-5.214128
55	188	-5.214487
4	334	-5.2167735
49	386	-5.217071
37	407	-5.217999
178	519	-5.2187457
100	476	-5.2190766
196	472	-5.219374
86	132	-5.2194166
80	456	-5.223658
99	641	-5.225359
183	391	-5.2257767
113	667	-5.226747
54	586	-5.226936
186	626	-5.2278433
66	681	-5.2281184
93	622	-5.228565
35	158	-5.228658
47	660	-5.228777
223	662	-5.22914
392	345	-5.232006
63	219	-5.232242
386	343	-5.2340093
517	29	-5.2352605
238	516	-5.235305
177	563	-5.2361197
301	540	-5.236225
28	49	-5.2362924
160	654	-5.236645
930	0	-5.2369504
77	612	-5.237359
123	308	-5.2391367
106	373	-5.2407227
23	667	-5.24098
161	481	-5.2417874
139	293	-5.2424026
75	61	-5.242979
254	9	-5.243344
426	27	-5.2436733
228	562	-5.243829
23	170	-5.246343
19	579	-5.2464523
28	485	-5.24866
5	243	-5.248827
169	422	-5.2514625
5	298	-5.252528
26	356	-5.2542977
79	666	-5.254713
28	539	-5.255288
48	420	-5.2554264
38	583	-5.2571917
57	339	-5.2582307
4	306	-5.259887
183	438	-5.2621965
63	205	-5.263197
171	512	-5.263502
45	512	-5.263598
379	358	-5.264108
328	33	-5.2675056
22	231	-5.2686133
277	596	-5.2704663
214	463	-5.2706857
415	24	-5.2706866
44	494	-5.271195
366	348	-5.272051
50	595	-5.2721896
31	535	-5.2723856
74	325	-5.273206
207	381	-5.2736597
27	443	-5.27403
56	635	-5.274617
28	492	-5.274755
447	31	-5.275989
42	174	-5.2764363
84	126	-5.277437
173	613	-5.277963
220	470	-5.278152
93	264	-5.278264
60	639	-5.2783937
150	626	-5.2784615
192	591	-5.2786403
133	349	-5.2790337
56	641	-5.2800875
167	617	-5.2809052
71	631	-5.281027
232	564	-5.2813773
84	408	-5.282064
5	317	-5.282483
106	238	-5.2825484
64	447	-5.2826266
25	325	-5.2840505
72	403	-5.2843328
127	524	-5.2847447
268	632	-5.2855244
12	345	-5.285533
142	355	-5.2893934
7	647	-5.289486
182	633	-5.2896
231	433	-5.289894
73	239	-5.291212
55	343	-5.292286
143	257	-5.2928357
161	19	-5.2936516
51	287	-5.293794
66	657	-5.2944393
26	509	-5.2945495
707	25	-5.295676
34	498	-5.2961874
201	484	-5.2967334
35	477	-5.297228
89	140	-5.297307
171	518	-5.298388
85	245	-5.2990246
265	674	-5.2996416
805	26	-5.2999215
62	610	-5.3010635
92	591	-5.3010945
0	630	-5.303096
263	637	-5.3031106
128	494	-5.3037896
758	28	-5.303932
102	255	-5.30663
152	464	-5.3077183
34	462	-5.3080225
779	107	-5.308879
169	577	-5.3095045
944	178	-5.3095355
23	371	-5.30963
253	608	-5.3107
148	588	-5.311202
125	91	-5.312418
35	294	-5.312967
308	31	-5.314096
135	432	-5.3143334
34	555	-5.3154407
59	189	-5.315533
5	185	-5.317268
66	397	-5.3174267
60	38	-5.3175025
107	477	-5.31787
89	581	-5.317944
4	286	-5.3180737
218	656	-5.318299
52	292	-5.318684
135	360	-5.319956
75	550	-5.3199596
31	565	-5.320092
68	220	-5.321157
16	549	-5.3212
344	677	-5.321288
128	76	-5.322378
3	538	-5.3230076
12	539	-5.323046
245	465	-5.3231635
7	548	-5.3233137
208	185	-5.323747
151	371	-5.324569
180	322	-5.324983
23	284	-5.3252444
131	539	-5.325743
142	526	-5.326291
206	28	-5.3265786
180	132	-5.3272505
32	504	-5.3286815
21	363	-5.328763
125	464	-5.329729
260	578	-5.3300095
134	426	-5.3303323
141	601	-5.3311925
157	20	-5.3312235
175	595	-5.3313584
28	551	-5.3315153
62	308	-5.3318024
66	389	-5.331814
30	155	-5.332487
43	313	-5.3325434
190	547	-5.3325796
7	115	-5.3326764
232	505	-5.333265
146	681	-5.334497
451	22	-5.334794
175	577	-5.334971
91	654	-5.335027
71	209	-5.335456
174	430	-5.3357396
84	198	-5.3395123
26	219	-5.3399024
4	94	-5.340598
182	661	-5.3407083
44	122	-5.3416157
184	587	-5.3429546
65	528	-5.3435383
116	493	-5.343599
73	386	-5.3436904
113	661	-5.3441787
128	82	-5.345477
147	667	-5.3459053
734	26	-5.3468413
59	181	-5.347094
77	116	-5.347371
87	320	-5.3482065
949	176	-5.3483124
6	191	-5.35011
264	658	-5.3502593
14	349	-5.3516808
146	618	-5.3520045
206	374	-5.3524294
35	543	-5.352445
104	161	-5.3532963
246	586	-5.3544674
140	443	-5.3548865
126	512	-5.355418
78	427	-5.357459
416	35	-5.3585067
186	449	-5.358623
121	513	-5.3602624
73	171	-5.3609414
169	589	-5.3626704
110	250	-5.363013
234	550	-5.36357
644	28	-5.36406
121	471	-5.3647265
111	292	-5.365282
116	505	-5.365854
64	284	-5.3658853
227	23	-5.3665037
24	598	-5.366517
392	33	-5.3671975
268	24	-5.368053
136	544	-5.3691797
142	372	-5.370226
25	332	-5.3705854
959	210	-5.3713317
89	198	-5.3714023
959	112	-5.371698
121	489	-5.372354
173	502	-5.3725734
163	633	-5.372975
52	613	-5.3734474
140	329	-5.373785
132	441	-5.374212
55	178	-5.3750114
203	594	-5.3757086
12	321	-5.377155
59	677	-5.377688
728	24	-5.378829
57	606	-5.37902
138	254	-5.3798466
236	678	-5.3799787
95	465	-5.3800397
117	477	-5.381337
31	527	-5.3835773
47	491	-5.383962
175	607	-5.38431
261	499	-5.3844037
189	346	-5.3853664
720	17	-5.385508
104	277	-5.3861074
310	622	-5.3864555
57	166	-5.386957
21	565	-5.3874354
44	464	-5.390328
272	10	-5.3904834
157	613	-5.3907943
810	34	-5.3910074
137	511	-5.3924117
76	423	-5.39254
47	598	-5.3925557
152	394	-5.392853
209	115	-5.392966
26	205	-5.3943872
40	587	-5.394814
300	589	-5.3955107
110	402	-5.3959727
86	181	-5.396287
380	19	-5.397261
4	626	-5.398456
168	34	-5.3990846
180	154	-5.3994184
4	534	-5.399429
214	652	-5.401813
124	338	-5.4038043
79	240	-5.4046845
424	31	-5.4049034
7	461	-5.405005
5	278	-5.406022
174	421	-5.406112
141	532	-5.4062233
939	185	-5.40666
110	132	-5.4073577
151	274	-5.4076266
4	88	-5.4093084
157	283	-5.409615
21	653	-5.4101434
858	21	-5.4107423
69	173	-5.4119306
53	46	-5.4123254
64	90	-5.4124613
19	354	-5.4124885
231	19	-5.412835
269	636	-5.4139028
883	36	-5.4143724
394	20	-5.414864
81	190	-5.4162397
1	634	-5.4177475
121	267	-5.419007
171	618	-5.41944
141	677	-5.4196186
19	324	-5.4228168
105	251	-5.423033
79	348	-5.4237227
54	594	-5.4249773
344	23	-5.424994
61	172	-5.4250655
281	635	-5.427311
68	612	-5.4291816
194	404	-5.429259
30	448	-5.4304957
236	435	-5.4312654
63	470	-5.4317355
149	459	-5.4336505
23	631	-5.435024
249	416	-5.4357085
294	590	-5.4358096
97	271	-5.4359984
169	647	-5.436087
34	358	-5.4361453
299	672	-5.437542
27	432	-5.437604
66	293	-5.4380274
437	27	-5.4381976
206	97	-5.438361
57	457	-5.438768
71	390	-5.4419518
165	592	-5.4427013
31	256	-5.4428988
47	286	-5.443226
30	681	-5.443588
74	481	-5.445923
385	359	-5.446599
5	338	-5.447146
959	46	-5.4492116
139	341	-5.449527
86	351	-5.4495354
235	576	-5.451351
31	92	-5.452201
165	383	-5.4522862
43	670	-5.452635
955	167	-5.452702
271	596	-5.4540315
88	630	-5.454513
40	509	-5.45469
144	91	-5.4580545
252	532	-5.458341
189	588	-5.458453
103	464	-5.459228
197	192	-5.4593925
171	529	-5.4609556
99	621	-5.4617386
6	361	-5.4635396
212	519	-5.4639335
409	38	-5.4641566
125	520	-5.464239
7	416	-5.464396
290	640	-5.4649053
18	672	-5.4656124
65	311	-5.466487
129	341	-5.4671497
108	300	-5.4673367
33	569	-5.468185
93	486	-5.4688582
139	580	-5.469633
208	460	-5.470227
258	564	-5.4703126
179	653	-5.470622
70	463	-5.470737
854	45	-5.471034
86	395	-5.4710455
74	658	-5.4719014
246	411	-5.4721427
169	19	-5.4728694
100	610	-5.4729533
106	289	-5.475057
228	531	-5.4771314
172	304	-5.4792223
103	268	-5.480103
223	641	-5.480405
137	464	-5.480699
143	590	-5.4811707
104	167	-5.4817476
130	298	-5.4829917
226	552	-5.483635
45	37	-5.4854727
38	495	-5.4857216
71	597	-5.4858665
75	293	-5.4860315
163	394	-5.4868183
294	29	-5.486886
220	107	-5.4873
34	278	-5.487731
607	27	-5.487748
56	540	-5.4894423
143	478	-5.489644
160	477	-5.4897757
126	254	-5.491142
776	33	-5.491338
84	402	-5.49225
85	623	-5.49231
176	373	-5.4925156
192	444	-5.493223
257	560	-5.494046
54	128	-5.4941773
140	639	-5.494369
288	636	-5.494451
213	628	-5.4957643
68	635	-5.4961295
34	482	-5.4967875
156	633	-5.4975157
959	59	-5.4985657
329	614	-5.4991317
225	122	-5.4992228
930	160	-5.4995384
273	465	-5.499921
22	405	-5.5005474
167	634	-5.5018926
752	170	-5.5024915
122	526	-5.5040045
109	520	-5.505355
180	149	-5.505687
45	192	-5.505767
145	452	-5.507347
37	503	-5.5075154
49	515	-5.5078764
4	179	-5.5085816
54	142	-5.5097537
118	306	-5.510284
36	559	-5.5103245
129	435	-5.511586
198	154	-5.5128403
14	609	-5.513673
43	373	-5.514074
77	191	-5.5141997
31	64	-5.514357
93	152	-5.51468
66	455	-5.517013
5	144	-5.517047
154	474	-5.517811
160	31	-5.5185103
186	193	-5.5195746
380	35	-5.519807
819	29	-5.520924
176	532	-5.5211463
921	46	-5.521459
130	680	-5.522177
174	193	-5.5228796
35	467	-5.5238576
183	145	-5.525563
110	183	-5.526233
8	320	-5.5268617
71	228	-5.5281553
79	325	-5.5293016
73	625	-5.529306
163	649	-5.529345
459	31	-5.5308857
35	676	-5.531976
151	398	-5.531977
252	29	-5.5329485
65	638	-5.5334973
347	680	-5.5335326
85	618	-5.5337496
286	670	-5.5352535
147	266	-5.53551
8	122	-5.5355163
335	633	-5.5370207
162	680	-5.537462
317	640	-5.537844
955	178	-5.5383515
176	417	-5.538539
152	672	-5.5405097
31	306	-5.540845
188	145	-5.5412016
75	232	-5.544492
50	606	-5.5453424
210	124	-5.5456243
100	468	-5.5458264
175	536	-5.545903
222	101	-5.5459833
268	11	-5.546567
246	532	-5.5478473
930	85	-5.548455
21	395	-5.5484924
177	311	-5.5485444
167	651	-5.5485897
6	163	-5.548757
35	681	-5.548987
32	517	-5.5499144
49	50	-5.549933
62	192	-5.550133
6	560	-5.550149
945	193	-5.5502653
211	621	-5.5508194
401	39	-5.550821
39	474	-5.5516224
240	528	-5.551658
345	670	-5.5525036
375	359	-5.5525155
98	459	-5.553077
182	377	-5.553136
729	680	-5.5539923
48	254	-5.5545464
23	337	-5.554894
62	417	-5.5549555
86	324	-5.5555277
203	192	-5.5565705
110	288	-5.5567636
258	627	-5.5584507
203	621	-5.5585628
12	653	-5.5587015
70	304	-5.558822
330	29	-5.558946
72	321	-5.5591955
126	475	-5.5600915
225	363	-5.5602326
272	31	-5.560612
274	578	-5.560917
60	600	-5.561559
391	24	-5.562476
939	177	-5.5634637
690	28	-5.564005
75	473	-5.5641956
736	12	-5.5652204
193	204	-5.5654254
959	106	-5.566763
151	212	-5.567019
56	35	-5.5676165
40	37	-5.5684977
53	577	-5.5705743
111	238	-5.5709305
184	638	-5.571345
39	479	-5.57147
202	497	-5.572022
57	583	-5.572783
403	23	-5.572938
51	492	-5.572968
44	365	-5.5734444
258	637	-5.5740056
47	155	-5.5742598
852	33	-5.5746803
36	577	-5.5747676
182	160	-5.5748515
67	575	-5.5752616
729	673	-5.575456
5	195	-5.575467
185	630	-5.575785
127	306	-5.5775776
132	448	-5.5775943
122	332	-5.577641
72	438	-5.5783567
264	663	-5.578411
45	118	-5.57859
106	400	-5.5793953
19	293	-5.579464
109	484	-5.5810924
33	551	-5.581128
1	528	-5.583593
157	480	-5.5835958
0	290	-5.5839257
34	547	-5.5846014
253	554	-5.584604
162	487	-5.585076
85	341	-5.5852904
77	598	-5.5859747
54	137	-5.5863237
15	563	-5.5867276
215	472	-5.5874147
220	122	-5.587676
284	627	-5.5879064
249	596	-5.587986
28	56	-5.5884085
62	166	-5.5885377
311	25	-5.589299
111	243	-5.590656
18	575	-5.591169
206	181	-5.591252
222	544	-5.591687
103	281	-5.592204
284	29	-5.592698
142	668	-5.5928345
54	351	-5.5936613
264	566	-5.5940285
2	282	-5.5947127
73	289	-5.595403
466	16	-5.595447
80	670	-5.596246
19	638	-5.5968084
263	629	-5.598756
76	608	-5.599022
38	447	-5.5991993
10	351	-5.5992975
91	643	-5.599399
178	546	-5.5995107
931	193	-5.600171
73	336	-5.6005054
265	679	-5.60143
147	583	-5.601518
55	194	-5.602354
724	14	-5.6024685
223	670	-5.6024804
255	633	-5.603757
244	523	-5.604355
186	650	-5.604556
858	54	-5.6048236
64	321	-5.6052527
32	494	-5.6055384
23	184	-5.605901
134	340	-5.6078577
83	178	-5.6087804
175	541	-5.6106477
197	136	-5.6133265
1	115	-5.6133294
113	332	-5.6142135
235	568	-5.6143155
9	420	-5.6144247
183	7	-5.615812
83	434	-5.6162214
252	475	-5.6178346
0	532	-5.617887
266	642	-5.618689
170	606	-5.61963
887	19	-5.620365
42	111	-5.620643
6	249	-5.621201
130	478	-5.621919
58	407	-5.62245
51	261	-5.6225
174	659	-5.622781
207	386	-5.6232576
37	58	-5.624168
76	243	-5.6252685
51	485	-5.6253576
122	494	-5.6275177
108	658	-5.628595
42	338	-5.628853
261	444	-5.6289105
24	308	-5.629375
19	349	-5.629859
25	681	-5.630015
118	320	-5.6312594
40	120	-5.63198
48	40	-5.6324635
120	673	-5.6324654
88	330	-5.632736
149	324	-5.6331487
69	168	-5.6331863
22	223	-5.6332116
47	303	-5.6345377
207	610	-5.6353607
792	36	-5.6370473
99	472	-5.6373053
263	570	-5.637508
376	20	-5.637665
942	98	-5.6386437
203	323	-5.639412
122	517	-5.6406984
250	517	-5.641138
173	388	-5.641235
7	109	-5.6413093
959	98	-5.6414914
141	513	-5.642864
73	485	-5.644409
116	529	-5.646284
264	511	-5.6467085
331	24	-5.647106
224	113	-5.6483
81	121	-5.648921
158	626	-5.6490083
806	35	-5.649329
185	591	-5.6497836
0	524	-5.651081
201	28	-5.6511145
96	250	-5.651169
280	670	-5.651213
193	600	-5.6519136
21	179	-5.652066
77	617	-5.6530128
130	255	-5.65353
194	644	-5.653611
184	334	-5.65545
126	269	-5.6566343
9	312	-5.657807
473	49	-5.6594067
241	519	-5.6599536
51	377	-5.660744
247	19	-5.6609306
747	29	-5.6627536
199	370	-5.6633177
303	25	-5.66512
226	420	-5.666762
80	407	-5.668425
38	302	-5.6687007
146	474	-5.6695476
127	417	-5.6703696
261	582	-5.6711493
23	636	-5.671326
130	533	-5.672314
271	629	-5.6729083
148	661	-5.6731744
955	184	-5.6742234
77	390	-5.674612
0	638	-5.674929
19	668	-5.6763797
255	426	-5.6770906
54	449	-5.677348
255	14	-5.677464
75	639	-5.678286
85	606	-5.6786394
35	531	-5.679634
261	673	-5.6808286
65	631	-5.681031
145	22	-5.6814632
90	616	-5.682087
950	191	-5.68237
41	126	-5.6823716
218	527	-5.6826253
149	538	-5.6826477
248	582	-5.682702
109	664	-5.682997
949	168	-5.68423
13	604	-5.685912
450	17	-5.6870327
79	642	-5.6876984
81	614	-5.6877575
109	176	-5.688802
280	482	-5.68931
200	366	-5.689598
53	296	-5.68987
957	117	-5.690639
445	18	-5.69142
60	446	-5.6926556
23	553	-5.692799
215	515	-5.6928225
726	32	-5.6934786
151	387	-5.6935525
100	263	-5.693815
192	137	-5.693818
5	238	-5.69626
876	52	-5.700034
63	280	-5.7006097
471	31	-5.700796
82	650	-5.7010007
80	431	-5.7014265
173	18	-5.701532
42	345	-5.7020736
74	419	-5.7022204
235	535	-5.7025785
6	302	-5.70366
195	200	-5.704028
261	505	-5.7045918
170	630	-5.704811
50	429	-5.7059836
130	527	-5.7059884
76	662	-5.7062473
53	332	-5.7065372
469	27	-5.7069144
53	267	-5.707234
288	628	-5.708134
916	10	-5.7085433
69	55	-5.7085648
200	189	-5.708746
135	230	-5.708802
323	590	-5.710011
162	142	-5.710124
62	210	-5.7118626
220	128	-5.7120833
82	565	-5.71214
87	236	-5.7128158
49	575	-5.71282
26	211	-5.7128725
56	602	-5.7137365
360	30	-5.7140007
171	665	-5.71464
144	447	-5.7149534
193	418	-5.7149863
20	328	-5.7150216
238	588	-5.716222
344	12	-5.716623
850	23	-5.71714
94	212	-5.717527
128	225	-5.717683
294	630	-5.718217
476	53	-5.719876
50	283	-5.7206454
1	515	-5.721054
69	98	-5.7215853
223	676	-5.7219872
72	410	-5.7221966
122	202	-5.7224703
41	102	-5.7225423
40	149	-5.7242994
37	361	-5.7247057
93	629	-5.725169
253	536	-5.7258525
71	399	-5.726175
154	468	-5.726335
931	10	-5.7266855
127	508	-5.7271805
164	587	-5.727367
35	282	-5.7279534
33	321	-5.7282796
53	274	-5.7286577
75	677	-5.7299423
19	543	-5.7300367
224	530	-5.7310696
79	435	-5.731106
747	164	-5.7314954
95	613	-5.7320256
71	546	-5.7332077
339	642	-5.733387
95	455	-5.7347364
222	658	-5.735721
290	589	-5.736634
1	520	-5.7368193
1	126	-5.7377763
228	430	-5.73883
159	382	-5.7390194
278	607	-5.7409387
53	436	-5.7426524
92	477	-5.742661
264	10	-5.744448
268	451	-5.744648
252	604	-5.7457876
47	424	-5.7469544
23	342	-5.7475157
307	611	-5.7489605
284	562	-5.750086
52	442	-5.7507234
55	622	-5.7510114
100	287	-5.751087
299	585	-5.751532
186	444	-5.7519264
259	641	-5.752228
282	643	-5.75247
66	596	-5.7534895
100	636	-5.753833
22	166	-5.7538376
19	402	-5.754248
147	548	-5.754579
72	332	-5.7550917
229	538	-5.7551637
182	279	-5.7554445
17	344	-5.7558093
84	421	-5.756267
234	555	-5.756615
208	10	-5.7572947
169	30	-5.7580132
210	617	-5.758116
247	472	-5.7588587
19	308	-5.7588997
37	644	-5.758913
26	437	-5.759111
945	188	-5.7591324
854	50	-5.7602243
61	162	-5.760984
56	439	-5.7617683
941	189	-5.762024
177	433	-5.763235
261	595	-5.7643576
85	347	-5.7646236
107	369	-5.7653074
125	213	-5.7655344
85	333	-5.7657967
175	559	-5.7668395
6	199	-5.7670774
107	172	-5.767421
326	680	-5.7676616
155	386	-5.768138
931	25	-5.7683063
67	307	-5.768761
74	216	-5.7687917
800	27	-5.7696066
184	283	-5.770082
32	440	-5.772023
115	482	-5.772228
258	572	-5.772405
76	681	-5.772953
940	169	-5.774525
959	82	-5.7747874
12	531	-5.7756314
130	282	-5.776264
11	249	-5.7781177
959	90	-5.7798004
180	137	-5.7805176
70	659	-5.780646
263	23	-5.782887
66	560	-5.7832537
75	443	-5.786012
137	526	-5.786036
149	309	-5.786238
23	544	-5.786996
81	309	-5.788792
122	256	-5.7890587
268	656	-5.7903113
204	154	-5.7904935
185	398	-5.792546
5	526	-5.794193
84	429	-5.794464
865	25	-5.7956142
68	285	-5.796264
192	661	-5.79679
0	103	-5.7971225
205	617	-5.7972474
31	41	-5.798071
365	35	-5.799003
44	586	-5.801431
307	554	-5.8017216
63	678	-5.801784
931	156	-5.803035
44	53	-5.80334
187	339	-5.8057575
172	425	-5.8058467
80	606	-5.8065543
140	359	-5.806725
223	414	-5.80852
117	509	-5.80909
760	32	-5.809183
8	131	-5.8103604
215	399	-5.8107753
923	10	-5.812715
481	27	-5.812806
160	641	-5.813567
89	588	-5.8137493
842	33	-5.813777
146	676	-5.8140516
150	594	-5.8141184
1	461	-5.814724
28	268	-5.815169
130	250	-5.8160524
959	51	-5.8163395
203	384	-5.8165164
723	24	-5.816614
108	673	-5.8166337
166	495	-5.8172936
238	580	-5.8176055
92	359	-5.818736
5	175	-5.8187723
131	294	-5.819078
88	411	-5.8192863
205	200	-5.819943
164	340	-5.820952
800	35	-5.8221254
24	624	-5.8232656
25	610	-5.8232656
205	122	-5.823898
137	347	-5.8247566
264	633	-5.825146
63	451	-5.825814
175	551	-5.826414
0	616	-5.826707
1	131	-5.8267417
62	137	-5.8271003
931	201	-5.8271656
79	416	-5.827402
50	147	-5.8279886
957	160	-5.8281136
191	451	-5.828468
43	288	-5.828689
324	664	-5.8292356
127	230	-5.829786
230	551	-5.831528
182	180	-5.83153
66	181	-5.8318543
61	622	-5.8320217
159	349	-5.832066
159	387	-5.83225
440	17	-5.832495
178	604	-5.8324995
70	298	-5.8327885
725	18	-5.8332744
52	132	-5.8336167
8	307	-5.834874
894	10	-5.837368
52	346	-5.837488
478	49	-5.837551
23	300	-5.8375697
13	492	-5.837642
38	452	-5.8376966
67	537	-5.8381095
276	640	-5.8383703
30	68	-5.8392663
122	485	-5.839369
142	660	-5.8401694
71	681	-5.8401756
182	172	-5.840264
190	8	-5.841886
356	29	-5.841936
109	187	-5.8419466
54	336	-5.8428674
271	641	-5.84304
740	14	-5.843542
64	36	-5.8436594
117	251	-5.8438015
334	15	-5.8438363
6	469	-5.8442616
95	647	-5.844282
278	592	-5.844441
224	468	-5.8446345
148	305	-5.8447366
207	104	-5.845255
68	617	-5.845522
125	470	-5.8460736
10	253	-5.8460855
144	262	-5.846259
49	580	-5.8473434
252	620	-5.847655
79	658	-5.8489738
23	417	-5.849137
81	229	-5.8505583
240	442	-5.8507977
54	609	-5.850855
186	614	-5.8511267
43	591	-5.8513193
181	601	-5.851703
265	649	-5.8520494
388	18	-5.853121
59	595	-5.853389
866	21	-5.8535485
959	65	-5.854366
1	120	-5.8552895
233	499	-5.855392
63	524	-5.8556294
6	169	-5.856085
92	605	-5.8561444
241	584	-5.857532
344	31	-5.8587403
136	91	-5.8591266
42	571	-5.860252
62	674	-5.8606887
273	530	-5.861885
37	491	-5.861914
459	2	-5.862466
826	33	-5.8630075
149	294	-5.8640113
785	32	-5.864747
219	118	-5.864872
74	305	-5.8663864
146	270	-5.866837
389	352	-5.867282
173	591	-5.869367
2	346	-5.8712964
244	580	-5.872332
52	530	-5.872708
56	52	-5.8732095
32	34	-5.8736115
23	278	-5.874512
39	292	-5.8746657
42	659	-5.874718
180	580	-5.875803
97	606	-5.8760314
290	580	-5.8764577
307	27	-5.8764653
412	21	-5.8770404
89	634	-5.877382
80	401	-5.877448
196	590	-5.877479
2	295	-5.877614
147	367	-5.877749
11	649	-5.8777504
827	27	-5.877794
927	11	-5.878374
167	306	-5.8792214
19	367	-5.87937
947	172	-5.8795037
19	315	-5.8798213
69	394	-5.880757
366	22	-5.880926
25	548	-5.8814006
219	474	-5.884376
7	520	-5.884754
271	14	-5.88615
144	540	-5.889231
48	570	-5.8892345
170	253	-5.8898435
63	214	-5.891315
786	13	-5.8923297
84	315	-5.8923793
40	499	-5.8932257
240	576	-5.893779
291	656	-5.8947825
98	361	-5.895195
1	109	-5.895528
188	139	-5.896026
211	452	-5.8961515
895	23	-5.896678
23	189	-5.89726
239	523	-5.8980336
175	177	-5.89832
85	579	-5.8991084
896	19	-5.8991694
214	136	-5.9004836
882	48	-5.900679
157	227	-5.9015975
176	408	-5.9036155
238	548	-5.904563
46	594	-5.9048924
275	582	-5.9053507
45	127	-5.9058447
141	192	-5.906241
76	236	-5.9071355
100	625	-5.9075756
179	658	-5.907625
136	444	-5.90976
59	588	-5.910336
96	469	-5.910602
139	573	-5.9110165
258	10	-5.911105
81	244	-5.9113555
88	144	-5.9122934
57	333	-5.912327
911	0	-5.912409
386	38	-5.913147
322	23	-5.913457
700	29	-5.913763
268	524	-5.9138937
11	562	-5.914507
172	377	-5.9148607
133	524	-5.9148617
70	639	-5.914975
735	676	-5.915721
4	274	-5.9163117
19	169	-5.9166617
127	164	-5.9172487
15	527	-5.9198785
21	388	-5.9202943
75	212	-5.921231
38	62	-5.921381
78	313	-5.9221478
103	243	-5.9223833
196	373	-5.9237924
62	531	-5.9238434
258	548	-5.924297
94	461	-5.925005
242	395	-5.925255
908	10	-5.9256186
150	614	-5.925861
70	468	-5.928138
265	515	-5.9287496
778	102	-5.9295883
110	281	-5.9299326
79	198	-5.930317
101	480	-5.930331
162	293	-5.9305377
83	643	-5.9321103
131	482	-5.932271
139	250	-5.9326806
182	421	-5.933713
226	546	-5.9338393
47	292	-5.934092
847	32	-5.934447
69	627	-5.934992
52	389	-5.9360614
128	96	-5.936155
113	267	-5.9375105
60	681	-5.9380207
36	35	-5.938564
145	552	-5.938614
215	639	-5.939047
52	155	-5.939108
174	547	-5.9392433
46	282	-5.939798
71	434	-5.9398284
74	592	-5.93986
959	40	-5.9400716
202	474	-5.940359
72	609	-5.941774
396	352	-5.941843
137	556	-5.9420443
180	404	-5.942274
36	456	-5.9424977
58	544	-5.9431577
127	516	-5.9435244
252	612	-5.944147
468	12	-5.944336
128	238	-5.9443927
138	363	-5.944561
165	664	-5.9447713
903	46	-5.9459047
205	493	-5.9459605
232	530	-5.9465466
146	201	-5.947389
38	313	-5.9474673
116	141	-5.9476647
30	73	-5.9477468
190	191	-5.947926
205	132	-5.9492874
80	420	-5.949614
741	25	-5.9505053
249	553	-5.9506125
75	201	-5.950634
175	516	-5.950663
255	594	-5.9507823
153	314	-5.950973
150	680	-5.951274
67	186	-5.9515314
90	435	-5.952247
171	507	-5.9522963
175	22	-5.9525423
158	485	-5.9527116
165	131	-5.952957
185	618	-5.953047
65	564	-5.953098
116	409	-5.95378
200	112	-5.9547796
36	640	-5.955426
481	21	-5.955541
84	441	-5.955762
155	292	-5.955833
341	15	-5.9560575
122	476	-5.9564495
98	256	-5.9569488
136	460	-5.95753
200	374	-5.958218
171	680	-5.958255
205	69	-5.96196
5	159	-5.962082
930	56	-5.963345
157	601	-5.9636254
162	150	-5.963696
959	77	-5.9641047
88	406	-5.9662504
64	393	-5.9666305
10	357	-5.9667077
74	310	-5.9667354
283	631	-5.9687414
144	482	-5.9691763
23	214	-5.9702983
83	638	-5.9704466
104	395	-5.972382
653	27	-5.9728026
949	591	-5.9743853
213	634	-5.9747033
82	322	-5.9748573
283	555	-5.9762836
32	260	-5.9802523
106	381	-5.980444
34	153	-5.980941
165	378	-5.9812407
299	532	-5.9812737
151	379	-5.9822445
83	239	-5.9827075
51	37	-5.983052
44	152	-5.983083
61	347	-5.983278
930	67	-5.9836802
57	533	-5.984165
5	365	-5.984324
217	664	-5.9847064
240	571	-5.985325
160	289	-5.985396
939	193	-5.985396
39	298	-5.985883
603	29	-5.9860787
7	282	-5.986126
407	24	-5.987137
54	300	-5.9877744
216	130	-5.987796
205	629	-5.9880366
144	578	-5.989175
135	540	-5.989767
147	275	-5.990225
99	159	-5.9902525
196	467	-5.9916134
38	470	-5.991825
19	285	-5.992022
152	278	-5.992025
60	527	-5.9921556
30	96	-5.9929013
66	317	-5.99439
302	637	-5.994871
942	173	-5.9957557
169	389	-5.997822
163	491	-5.9983253
40	308	-5.9985414
155	621	-5.9987535
134	253	-5.999308
300	594	-5.999713
