x_coord	y_coord	score
504	339	0.18052074
502	318	0.08154395
503	333	0.06644449
502	326	0.04738623
507	380	0.019800037
503	343	0.017802298
522	524	0.017501056
503	322	0.008995771
504	347	-0.0124852955
518	489	-0.04326716
506	362	-0.04886642
522	518	-0.052957177
541	648	-0.07845926
523	528	-0.084129155
507	375	-0.10170755
519	502	-0.10456145
518	482	-0.10592398
519	496	-0.1222035
534	604	-0.13221055
535	619	-0.15701577
507	386	-0.16422054
503	314	-0.16908613
537	625	-0.17603058
490	56	-0.17725596
504	358	-0.17873809
505	351	-0.17886007
540	640	-0.19298601
522	513	-0.19356124
539	636	-0.2122153
536	615	-0.21795873
502	310	-0.23879139
534	609	-0.2444713
506	370	-0.25004184
538	632	-0.25201607
531	584	-0.2565264
509	401	-0.25945324
524	539	-0.26068908
542	652	-0.27006102
514	463	-0.27638578
521	508	-0.2800541
490	63	-0.28905052
523	533	-0.28952646
498	237	-0.29086035
504	366	-0.29648757
494	179	-0.30517632
539	644	-0.3175943
518	477	-0.32710984
508	395	-0.32861838
489	72	-0.33573535
494	199	-0.34477594
507	391	-0.34809908
491	52	-0.35298905
489	48	-0.3544966
533	600	-0.36394837
497	257	-0.36602017
531	579	-0.37072352
501	301	-0.3727331
496	241	-0.39554614
509	406	-0.3965199
502	354	-0.39652413
514	458	-0.3988007
522	499	-0.4067397
500	330	-0.40838867
511	419	-0.42035466
503	305	-0.42580956
513	449	-0.42843798
488	44	-0.4310862
543	656	-0.4431349
532	592	-0.4464364
500	293	-0.44826043
496	221	-0.45365876
500	340	-0.46149823
494	184	-0.46764973
491	67	-0.47015998
496	233	-0.4794714
497	245	-0.47982958
489	40	-0.4802493
500	287	-0.48092628
526	545	-0.48282087
505	329	-0.48565617
499	321	-0.48663566
498	261	-0.4877363
500	271	-0.4915594
492	175	-0.4974774
518	512	-0.49753615
490	76	-0.50449014
494	205	-0.5057329
529	569	-0.5062927
511	411	-0.5106455
515	467	-0.5149003
514	453	-0.52316046
498	253	-0.5233139
496	209	-0.5348177
507	355	-0.5360524
529	575	-0.5426953
516	493	-0.54286563
534	596	-0.54680574
535	629	-0.54867685
494	193	-0.55479026
488	36	-0.5582187
490	84	-0.56089985
512	423	-0.56387484
529	561	-0.5724274
527	565	-0.5926347
500	277	-0.5943246
507	335	-0.59579116
500	282	-0.59817547
489	80	-0.59848905
510	415	-0.59895444
494	171	-0.6071275
521	492	-0.6071416
517	506	-0.6113843
499	297	-0.6136406
498	229	-0.61386955
518	471	-0.61833745
497	268	-0.6295333
533	588	-0.6399194
491	88	-0.6399366
499	315	-0.64517343
507	344	-0.65414584
510	383	-0.6632197
496	215	-0.66593444
506	325	-0.6765982
501	350	-0.6818992
527	557	-0.6912754
493	188	-0.69344807
505	398	-0.6970042
492	167	-0.70538116
513	443	-0.7157718
499	335	-0.7448931
513	433	-0.74690473
518	517	-0.7518275
492	45	-0.75650567
539	621	-0.75685304
514	479	-0.76222885
496	249	-0.76274
532	616	-0.76522124
503	296	-0.7827617
513	427	-0.7840239
518	459	-0.7886192
523	504	-0.7889593
535	635	-0.80008197
497	202	-0.8011862
516	499	-0.80415654
525	521	-0.80499053
499	307	-0.81773496
526	553	-0.8217377
519	521	-0.8304775
492	159	-0.8318701
500	265	-0.8340497
521	486	-0.8356749
515	486	-0.85089874
511	439	-0.8569992
519	530	-0.8588679
533	624	-0.86157334
513	471	-0.8621757
506	319	-0.87303185
529	589	-0.8751844
494	225	-0.87634623
530	597	-0.8788483
542	660	-0.88245845
492	154	-0.88532317
530	605	-0.88888335
522	543	-0.8943702
496	274	-0.8949237
518	464	-0.8949357
497	196	-0.90711147
508	348	-0.91191804
509	365	-0.9161032
507	410	-0.93438053
531	612	-0.94266176
526	525	-0.94739926
498	325	-0.95461535
491	104	-0.9559463
495	264	-0.9632232
493	60	-0.964216
527	535	-0.96764123
508	340	-0.9702301
497	290	-0.9749924
523	548	-0.97547305
509	359	-0.98610413
511	392	-0.9866222
493	212	-0.9939704
528	540	-0.9960604
543	643	-0.9974812
491	119	-1.0018191
540	628	-1.0061158
503	373	-1.0090234
491	202	-1.0091678
536	639	-1.0095797
491	163	-1.0105206
492	34	-1.0179423
500	346	-1.0193943
527	549	-1.019594
500	242	-1.024375
518	526	-1.0253088
496	285	-1.0359712
543	664	-1.0366286
520	536	-1.0368556
501	363	-1.0376632
504	383	-1.040508
493	218	-1.0410008
489	92	-1.0437536
526	517	-1.0451603
492	146	-1.0491802
501	256	-1.0540248
511	387	-1.0610144
538	651	-1.061696
505	403	-1.0687602
510	372	-1.0762106
529	601	-1.0775878
491	99	-1.0777688
494	55	-1.0790287
496	279	-1.0798868
487	68	-1.0834764
497	190	-1.0962441
511	466	-1.0965502
505	300	-1.1003659
510	462	-1.1026464
503	379	-1.1082417
531	620	-1.1123182
493	81	-1.114453
496	294	-1.1275997
498	311	-1.1280569
542	633	-1.1281857
493	73	-1.1330541
494	260	-1.1336745
487	53	-1.1391186
515	437	-1.1455948
494	254	-1.1461351
513	490	-1.1481674
510	454	-1.1521925
490	150	-1.1622688
514	503	-1.1679969
487	60	-1.1702569
511	379	-1.1771927
539	655	-1.1819532
490	131	-1.1940035
494	64	-1.1984262
532	572	-1.2152733
538	608	-1.2277256
500	248	-1.2307775
503	290	-1.2331711
491	112	-1.2400267
537	601	-1.2516865
527	581	-1.2556412
494	49	-1.2620081
535	582	-1.2697073
487	87	-1.281462
511	475	-1.2841204
504	394	-1.2863516
500	359	-1.2923247
523	556	-1.30017
501	369	-1.30477
493	93	-1.3072674
525	571	-1.3085798
489	126	-1.3189341
544	668	-1.3248285
491	208	-1.3279517
512	483	-1.3298842
521	474	-1.3359361
516	446	-1.3413368
527	530	-1.3494473
495	298	-1.3605293
486	83	-1.3608159
530	554	-1.3632942
524	560	-1.3640133
512	397	-1.3653507
487	32	-1.3675946
515	420	-1.3679928
514	509	-1.3732644
514	416	-1.3858199
518	452	-1.385916
491	196	-1.390755
536	647	-1.3958424
486	64	-1.3983898
525	510	-1.4159491
506	311	-1.4185101
492	237	-1.4198667
494	77	-1.4325616
535	643	-1.4342316
491	222	-1.436574
532	632	-1.4533778
522	481	-1.4583393
523	564	-1.4616435
499	225	-1.4658015
494	85	-1.4739723
493	128	-1.4820929
493	229	-1.490386
506	414	-1.4962696
486	77	-1.4997897
513	496	-1.505984
498	183	-1.5112708
534	576	-1.5138655
498	355	-1.5142314
487	96	-1.5158118
497	302	-1.5259712
497	176	-1.5283581
543	637	-1.5293264
492	245	-1.5300473
509	458	-1.5323335
493	270	-1.532341
496	318	-1.5392944
508	449	-1.5457963
531	628	-1.5481128
485	130	-1.5494418
493	38	-1.5525398
522	552	-1.5750061
490	180	-1.5874381
515	522	-1.5911534
503	388	-1.5941651
490	192	-1.6021081
525	577	-1.6047158
490	108	-1.6059953
519	540	-1.6218948
490	215	-1.6223536
493	142	-1.6232433
528	593	-1.6260576
487	116	-1.6286585
493	134	-1.6403164
485	41	-1.6449512
493	282	-1.6496648
532	564	-1.652239
499	218	-1.6530602
508	470	-1.6573933
489	135	-1.6588306
491	251	-1.6590314
493	288	-1.6641532
514	518	-1.6642067
490	261	-1.6854366
507	420	-1.6925998
509	431	-1.7034149
440	33	-1.7125126
533	568	-1.7159804
492	123	-1.7172769
487	121	-1.7206461
489	171	-1.7217516
509	492	-1.7256491
507	315	-1.7406211
431	32	-1.7473541
526	585	-1.7537295
484	72	-1.7543523
536	591	-1.758767
495	89	-1.7588273
540	617	-1.7605891
492	276	-1.7820256
513	407	-1.7826079
484	48	-1.7828828
539	612	-1.7852193
504	407	-1.7858859
504	285	-1.7986319
491	241	-1.8045683
496	329	-1.8157787
491	233	-1.827996
524	495	-1.8373678
495	306	-1.8414361
494	115	-1.8475521
499	212	-1.8506317
491	257	-1.8541198
511	500	-1.8544545
503	274	-1.8599136
530	544	-1.8668958
528	609	-1.8794055
508	425	-1.8848236
488	145	-1.886951
512	514	-1.8878176
495	164	-1.8881
509	487	-1.889172
528	615	-1.892304
484	35	-1.8962469
509	480	-1.897124
497	343	-1.9025824
492	292	-1.9055884
491	266	-1.9100698
521	467	-1.9139584
501	233	-1.9254607
515	532	-1.9317706
502	260	-1.9337782
511	506	-1.9500988
390	30	-1.9557537
485	136	-1.957479
490	185	-1.9584553
499	206	-1.9614277
502	252	-1.9648223
490	139	-1.9649067
485	125	-1.9679595
495	314	-1.9821618
484	56	-1.9896687
488	155	-1.993045
532	558	-1.996215
496	338	-2.0087106
494	107	-2.0100043
156	554	-2.017522
545	649	-2.025496
513	526	-2.0310876
487	102	-2.046173
517	441	-2.0499213
484	92	-2.05969
538	597	-2.0683155
509	331	-2.0854638
487	111	-2.0926914
524	489	-2.0961714
518	382	-2.0973442
542	624	-2.1042967
513	402	-2.117577
425	32	-2.1244514
496	157	-2.1257975
499	375	-2.1323411
507	307	-2.1327786
495	97	-2.1364834
519	549	-2.1467009
495	120	-2.1475992
495	322	-2.152093
495	68	-2.1614242
879	31	-2.1651819
490	226	-2.16565
495	151	-2.1756666
499	389	-2.1800723
509	445	-2.1811657
488	160	-2.1831079
503	268	-2.1840992
507	474	-2.1865063
518	388	-2.1917756
507	465	-2.1922827
507	435	-2.1949542
547	654	-2.200887
516	424	-2.2082374
497	349	-2.2085257
499	381	-2.2156634
488	176	-2.2168212
611	30	-2.2192674
494	310	-2.2227104
444	32	-2.2253482
491	30	-2.2256587
160	555	-2.233994
501	397	-2.235857
500	199	-2.2364597
497	168	-2.2389722
517	431	-2.2413504
526	598	-2.245162
531	636	-2.2463293
516	537	-2.2504592
488	254	-2.2554119
495	333	-2.2573543
486	149	-2.2593012
495	103	-2.2615914
475	37	-2.272753
475	114	-2.2766933
485	142	-2.2808716
488	219	-2.2844725
465	62	-2.2853107
498	172	-2.2959528
488	205	-2.2979767
151	554	-2.2997208
537	587	-2.2997556
487	355	-2.3010757
487	166	-2.3015282
487	248	-2.3046796
494	138	-2.306858
522	568	-2.3163373
528	513	-2.3233237
531	548	-2.3242514
486	360	-2.3261144
506	453	-2.3297749
481	128	-2.3357298
497	367	-2.3444405
517	392	-2.349845
517	611	-2.350164
871	31	-2.3518987
492	420	-2.3655882
473	50	-2.3721285
492	301	-2.3749423
494	412	-2.3751876
488	211	-2.3755488
526	501	-2.3761067
474	216	-2.383451
476	118	-2.3874066
511	36	-2.3948464
532	640	-2.3972268
528	631	-2.3972375
518	545	-2.398226
875	29	-2.4037383
496	147	-2.406109
469	64	-2.4076116
528	625	-2.4078367
515	412	-2.4088936
535	654	-2.4148886
514	604	-2.4193723
501	402	-2.4255621
504	279	-2.4278126
486	106	-2.4326482
487	364	-2.434217
508	496	-2.4358926
473	110	-2.438075
500	385	-2.4396799
510	352	-2.4555542
482	68	-2.4767396
527	506	-2.4801278
519	399	-2.4831843
517	595	-2.500021
475	177	-2.5006518
495	42	-2.5046182
473	104	-2.510626
519	407	-2.5112476
546	659	-2.5117
502	238	-2.51491
515	160	-2.5158868
488	236	-2.5222223
489	273	-2.5234563
475	185	-2.5285575
480	34	-2.528903
483	88	-2.533111
488	199	-2.538596
518	377	-2.5390923
473	42	-2.5441308
483	80	-2.5455775
436	32	-2.5496404
484	99	-2.5499456
475	168	-2.5526114
523	582	-2.5552385
507	441	-2.5621865
510	326	-2.5628545
475	122	-2.5635624
487	240	-2.5656993
532	526	-2.5666952
482	139	-2.568535
533	650	-2.5688276
510	510	-2.5716429
475	190	-2.5756555
540	604	-2.5807002
492	425	-2.5841036
513	375	-2.5853472
500	193	-2.58628
469	58	-2.5863748
492	408	-2.588948
518	553	-2.597884
479	213	-2.5996652
529	522	-2.6064823
481	120	-2.6066358
491	415	-2.6087248
532	518	-2.6098385
505	460	-2.616041
520	561	-2.6162915
476	100	-2.6166446
482	279	-2.6189747
526	473	-2.619745
474	209	-2.620631
619	30	-2.6234064
473	56	-2.6244419
514	384	-2.6317227
482	292	-2.6333146
491	297	-2.633513
531	645	-2.635522
482	133	-2.6402574
507	292	-2.6418488
511	44	-2.6574476
527	621	-2.6575232
512	368	-2.663566
530	509	-2.6687648
487	347	-2.6691763
519	415	-2.6783876
210	570	-2.6839867
516	591	-2.6839938
465	50	-2.6860683
570	47	-2.6864104
808	34	-2.7010407
440	39	-2.707033
500	393	-2.7076108
482	274	-2.7093549
564	39	-2.7102506
585	33	-2.7104056
525	590	-2.7119195
539	663	-2.7137718
476	172	-2.7139146
519	557	-2.7162802
488	368	-2.7165132
531	534	-2.717188
495	111	-2.7172604
516	599	-2.7183883
505	501	-2.7208319
505	429	-2.7296734
509	550	-2.7311933
521	573	-2.731543
513	40	-2.73208
478	217	-2.7329586
482	287	-2.7338867
473	62	-2.7389045
526	604	-2.7421782
538	542	-2.7423284
482	297	-2.7463403
571	41	-2.7486317
488	244	-2.749009
534	540	-2.7539787
439	29	-2.7552533
562	338	-2.7588758
482	146	-2.7603314
482	84	-2.7647588
476	181	-2.7670522
497	362	-2.76825
546	672	-2.776573
483	31	-2.7794743
477	162	-2.786271
482	76	-2.7920077
515	168	-2.7923295
493	326	-2.792759
509	322	-2.7928212
493	403	-2.792982
930	111	-2.8018453
382	30	-2.8041806
614	666	-2.8076804
488	230	-2.8124032
610	665	-2.8143935
475	46	-2.8154516
540	667	-2.8244565
484	154	-2.8294818
482	264	-2.830881
505	493	-2.8321002
513	32	-2.832665
495	417	-2.836451
483	252	-2.838164
477	126	-2.8394566
887	31	-2.8400373
222	571	-2.8409662
570	52	-2.842213
491	307	-2.8426738
500	187	-2.8469732
517	619	-2.8484445
480	42	-2.8508744
526	485	-2.851912
487	188	-2.8519983
483	114	-2.8580055
538	579	-2.8595438
476	107	-2.8639843
521	274	-2.8676708
473	198	-2.8700337
627	30	-2.8730612
512	338	-2.8738894
487	258	-2.8750987
539	583	-2.8812633
485	351	-2.8812833
928	30	-2.883928
476	33	-2.8895946
537	157	-2.8982108
481	108	-2.9069488
492	317	-2.907488
500	462	-2.9081552
494	431	-2.9117508
481	283	-2.9142535
421	31	-2.9147058
509	555	-2.9149563
476	92	-2.9158773
482	60	-2.9175472
496	131	-2.925018
930	64	-2.9256423
517	587	-2.9256556
538	659	-2.9258602
509	298	-2.9291909
521	456	-2.9320695
553	342	-2.9338276
505	446	-2.9362888
810	39	-2.9367473
512	362	-2.9372826
568	338	-2.9408996
516	615	-2.9424963
504	423	-2.9453692
478	224	-2.947005
476	195	-2.9482963
474	85	-2.9591398
503	411	-2.9617267
465	70	-2.9748182
805	30	-2.974995
499	441	-2.9756515
514	107	-2.9767742
479	192	-2.9809299
560	344	-2.991324
174	553	-2.9934123
494	346	-2.9955485
473	95	-2.9963999
519	565	-2.99763
513	290	-2.9985015
623	32	-3.0039437
487	264	-3.014746
570	33	-3.0148454
481	238	-3.017971
157	558	-3.021785
513	48	-3.0236547
483	270	-3.0242755
804	36	-3.03046
479	230	-3.0316284
516	371	-3.0378377
524	477	-3.0391247
465	56	-3.0408506
528	639	-3.0499127
487	223	-3.0541053
860	31	-3.0542662
164	550	-3.058226
516	583	-3.0584824
512	103	-3.0603642
163	558	-3.0613155
483	246	-3.0621967
509	534	-3.0634534
497	435	-3.06964
533	514	-3.0706558
490	351	-3.0809867
518	403	-3.0904312
536	153	-3.092468
512	356	-3.0949314
472	182	-3.0982447
522	652	-3.0989933
556	338	-3.104773
469	52	-3.1052623
206	568	-3.10779
483	52	-3.1113698
473	67	-3.1141627
533	530	-3.1217499
579	33	-3.1261806
413	33	-3.1323934
495	31	-3.132608
527	480	-3.133195
478	158	-3.1383429
494	353	-3.1384146
238	570	-3.1402392
500	457	-3.1406887
489	393	-3.1427112
483	260	-3.1433933
473	205	-3.1445084
168	551	-3.1481056
502	228	-3.14869
505	506	-3.149435
493	396	-3.151384
488	269	-3.152681
541	588	-3.1532028
504	482	-3.154341
431	38	-3.1575453
479	184	-3.1575842
542	544	-3.157811
499	449	-3.1618955
541	600	-3.1633556
485	214	-3.166281
475	130	-3.167997
551	556	-3.1684172
483	158	-3.1691763
482	242	-3.17337
484	191	-3.1751935
527	468	-3.1783917
883	32	-3.1839821
429	49	-3.1872537
520	395	-3.1894195
479	38	-3.189566
503	417	-3.193815
528	490	-3.194406
513	612	-3.1954248
511	294	-3.1981423
147	556	-3.198363
911	25	-3.2004547
522	644	-3.2052915
520	448	-3.2059271
516	396	-3.2067049
522	460	-3.207537
471	186	-3.2077622
479	198	-3.2131824
549	552	-3.2151208
513	594	-3.2157238
522	587	-3.221054
491	313	-3.2229798
504	488	-3.223229
496	517	-3.22365
497	141	-3.2240791
496	423	-3.2247612
500	406	-3.2249138
503	433	-3.2250583
511	345	-3.2279043
515	541	-3.2369955
500	468	-3.237521
511	545	-3.2399814
515	152	-3.241669
498	80	-3.247015
564	342	-3.2472763
518	603	-3.248479
810	30	-3.2507026
218	570	-3.2512016
521	578	-3.25304
514	577	-3.256323
858	27	-3.2580996
529	651	-3.259604
534	545	-3.262074
732	111	-3.262248
552	565	-3.2629924
534	522	-3.2635393
562	33	-3.2656116
515	173	-3.2668877
172	549	-3.2678277
498	445	-3.2694278
498	453	-3.2713118
523	640	-3.274123
483	103	-3.2756546
547	663	-3.2784984
479	166	-3.2809076
479	208	-3.2814476
509	283	-3.2835248
214	571	-3.2838185
504	264	-3.2879138
549	650	-3.2886896
489	279	-3.2935798
504	471	-3.2968893
511	52	-3.3001287
486	28	-3.3002
728	114	-3.3061996
487	195	-3.3068626
568	37	-3.315524
473	89	-3.3157103
475	81	-3.316055
543	620	-3.3190553
159	551	-3.3226275
511	521	-3.3259172
485	202	-3.327977
493	388	-3.3317704
513	282	-3.3341975
729	104	-3.3378284
509	303	-3.3378596
474	221	-3.3418655
611	661	-3.3470893
611	669	-3.3522947
490	359	-3.3547325
495	439	-3.3555331
478	150	-3.3556788
539	552	-3.3559253
486	183	-3.3585956
523	595	-3.3590724
575	31	-3.3621526
533	156	-3.364308
427	36	-3.3655086
148	551	-3.373041
507	561	-3.3730662
163	545	-3.374306
306	29	-3.3746312
521	411	-3.3749626
740	111	-3.375513
510	318	-3.375595
513	274	-3.3790307
152	558	-3.3793879
561	81	-3.3804116
570	86	-3.3809032
537	147	-3.38257
540	592	-3.3852181
490	285	-3.386378
529	124	-3.3871374
516	164	-3.3875835
211	574	-3.3888717
473	75	-3.3933604
491	434	-3.3947856
474	71	-3.396405
569	81	-3.3982048
479	203	-3.3993747
530	503	-3.4006681
537	537	-3.4045296
487	372	-3.4052763
544	629	-3.407141
514	133	-3.410118
527	635	-3.4130902
505	478	-3.414369
498	52	-3.4179232
522	636	-3.4191346
472	194	-3.420277
546	640	-3.421322
523	601	-3.421461
503	439	-3.42171
483	218	-3.4235542
608	27	-3.4236236
496	371	-3.4258401
511	278	-3.4269514
492	369	-3.4286091
417	32	-3.428733
606	31	-3.4287462
477	154	-3.4297402
536	527	-3.4301722
226	570	-3.4310849
615	662	-3.4347084
522	385	-3.4357774
929	26	-3.4363112
865	30	-3.4394433
152	550	-3.4406452
478	111	-3.442268
528	497	-3.4429455
498	92	-3.4459748
511	308	-3.448762
525	612	-3.4522212
541	671	-3.4549894
525	647	-3.4567215
482	233	-3.4575403
179	604	-3.45779
527	643	-3.4579933
484	301	-3.4589636
497	513	-3.4591813
477	136	-3.4608338
167	547	-3.462322
510	538	-3.462784
507	33	-3.4632971
886	27	-3.4653385
507	272	-3.4665413
631	31	-3.4671946
536	571	-3.4680872
539	575	-3.4690788
489	343	-3.4699903
484	163	-3.4735842
934	65	-3.474356
498	161	-3.4787261
496	523	-3.4788
484	179	-3.480403
516	156	-3.4816868
464	66	-3.484477
509	288	-3.4872508
472	117	-3.4981713
483	187	-3.5054204
929	60	-3.5061843
549	635	-3.5075712
524	402	-3.5090613
521	391	-3.5099268
477	96	-3.509938
812	35	-3.5130703
563	43	-3.5138154
483	206	-3.516644
534	553	-3.518453
521	648	-3.5200317
542	596	-3.521003
930	105	-3.5279925
492	377	-3.5298913
728	108	-3.5318792
533	144	-3.53189
342	28	-3.5323262
542	609	-3.5324006
469	72	-3.5327988
196	568	-3.5399094
564	51	-3.5411685
497	399	-3.5422385
178	555	-3.5460997
484	367	-3.546963
500	179	-3.5476172
555	33	-3.5486376
508	267	-3.5513184
540	548	-3.5531797
394	31	-3.5533514
477	88	-3.5550232
419	49	-3.5558953
932	46	-3.5569825
931	52	-3.5579164
318	27	-3.558232
585	38	-3.5582848
607	668	-3.5585103
561	73	-3.559981
443	28	-3.562115
413	49	-3.5650034
484	198	-3.5651166
472	99	-3.5659878
551	655	-3.5660124
513	304	-3.5692127
520	269	-3.572698
504	497	-3.5739076
543	553	-3.5741284
562	333	-3.5741827
496	35	-3.5745168
554	333	-3.5798016
488	379	-3.5801327
490	430	-3.5810413
479	248	-3.5814476
523	632	-3.582365
513	299	-3.5828419
508	257	-3.5869536
511	530	-3.5869691
516	366	-3.5906398
502	222	-3.5933762
512	608	-3.5940537
378	31	-3.5941277
497	427	-3.5954874
166	555	-3.600363
547	645	-3.604272
491	321	-3.6043253
551	561	-3.6064882
474	228	-3.6068559
568	344	-3.6075394
555	447	-3.6127405
736	109	-3.6133196
527	655	-3.6134963
498	57	-3.6168334
512	566	-3.6176593
429	28	-3.620792
538	533	-3.6291342
482	256	-3.632516
497	135	-3.6329947
519	607	-3.633947
519	435	-3.6344397
425	51	-3.6359372
546	623	-3.6366727
512	590	-3.637525
478	234	-3.6380026
489	385	-3.6397579
485	173	-3.6422238
465	76	-3.6437492
469	96	-3.6447697
512	624	-3.6515315
544	614	-3.6529956
491	365	-3.6534224
486	309	-3.6551445
536	161	-3.6580029
505	548	-3.6590674
591	33	-3.6624324
507	514	-3.668127
177	550	-3.6771722
408	32	-3.6790314
564	642	-3.6800058
492	330	-3.680419
502	203	-3.681935
618	665	-3.685893
511	314	-3.68654
560	40	-3.6940718
526	461	-3.6969955
583	42	-3.7033644
314	29	-3.7040212
520	372	-3.7043042
431	45	-3.705267
469	111	-3.707148
516	102	-3.7076814
606	23	-3.709866
499	413	-3.7127767
488	338	-3.713132
526	127	-3.7135072
49	62	-3.7138505
486	293	-3.714269
479	30	-3.717218
477	146	-3.7182384
464	44	-3.7243059
544	676	-3.7243521
547	78	-3.7292356
563	77	-3.7300398
731	117	-3.730743
511	270	-3.7308564
514	572	-3.737477
550	641	-3.7379498
444	38	-3.7408855
519	427	-3.7425761
448	30	-3.7430592
740	103	-3.7451952
541	565	-3.7467663
915	27	-3.7472565
503	450	-3.7484522
491	373	-3.7499466
516	145	-3.751058
498	47	-3.751515
870	27	-3.752215
526	275	-3.7554665
512	561	-3.7588785
501	428	-3.7613134
480	47	-3.7619438
932	29	-3.7620807
570	505	-3.7632582
216	575	-3.764984
801	32	-3.7657578
548	628	-3.7674825
555	558	-3.7695904
595	555	-3.7736466
483	167	-3.7767928
491	441	-3.7774951
471	33	-3.778674
905	25	-3.78283
514	115	-3.7854373
521	262	-3.7860432
608	676	-3.7864442
546	340	-3.7869003
489	289	-3.7870576
924	26	-3.788803
631	48	-3.7893713
500	474	-3.7921658
476	53	-3.7922025
556	439	-3.7960582
563	85	-3.7974126
323	27	-3.8003054
482	222	-3.8025484
223	575	-3.8061972
611	22	-3.8076415
478	142	-3.8096316
959	606	-3.8107457
480	91	-3.811517
575	40	-3.811989
519	421	-3.81226
542	580	-3.8193715
499	87	-3.8208098
507	544	-3.8231492
472	173	-3.8233085
538	64	-3.8255336
533	506	-3.8259213
479	178	-3.8301456
567	42	-3.8301888
485	284	-3.8307009
522	431	-3.8312309
512	582	-3.8344965
469	46	-3.8412066
933	61	-3.8422425
959	598	-3.845355
931	33	-3.8468502
479	351	-3.8473454
505	556	-3.848191
882	28	-3.84826
840	29	-3.849218
509	263	-3.8502831
698	31	-3.852486
493	342	-3.8538148
547	346	-3.8573592
493	381	-3.8579557
479	269	-3.8628886
250	570	-3.8693292
562	637	-3.8719096
575	292	-3.872491
520	656	-3.8807683
198	572	-3.8812976
512	619	-3.8847768
480	64	-3.887599
657	32	-3.8876274
503	560	-3.8876941
494	358	-3.8891597
691	32	-3.8917055
517	625	-3.8948486
547	619	-3.8951905
478	277	-3.896197
814	31	-3.8985367
728	100	-3.8988063
727	118	-3.902701
513	586	-3.9039187
517	292	-3.904845
469	103	-3.9084623
545	561	-3.9113276
423	38	-3.9113977
614	674	-3.91268
503	245	-3.914131
212	566	-3.9144466
521	591	-3.9165723
513	266	-3.921991
482	310	-3.924377
572	340	-3.924899
513	334	-3.9249887
479	104	-3.9263616
521	628	-3.9268768
469	87	-3.9275942
622	666	-3.9310215
474	159	-3.931225
744	109	-3.9323783
507	45	-3.9324927
264	566	-3.9336028
497	61	-3.9339273
231	571	-3.9341822
561	89	-3.9437554
888	35	-3.952053
554	346	-3.953566
481	355	-3.9543774
508	157	-3.9548268
525	457	-3.9561558
620	676	-3.9630458
469	80	-3.9631808
614	658	-3.9635675
488	328	-3.9645786
581	506	-3.9654813
168	543	-3.9656484
893	654	-3.9668267
507	101	-3.9681525
615	670	-3.9703727
516	358	-3.971255
489	401	-3.9725156
518	33	-3.9726675
563	451	-3.9751632
508	249	-3.9765708
791	28	-3.9765916
892	29	-3.9771965
541	557	-3.978729
504	80	-3.9827201
522	378	-3.983659
475	29	-3.983835
470	107	-3.984696
564	650	-3.9870374
496	378	-3.9882963
533	126	-3.9904194
536	549	-3.9918947
202	570	-3.9919324
434	28	-3.9922624
500	421	-3.9930136
170	556	-3.9940574
460	50	-3.9954872
207	573	-3.9973245
468	190	-3.9993372
518	570	-4.0018916
547	548	-4.0054436
559	449	-4.0078216
513	628	-4.0092716
473	164	-4.0094857
480	170	-4.01545
546	323	-4.0160704
427	6	-4.0191426
535	33	-4.0216823
920	25	-4.024805
503	552	-4.0271587
43	62	-4.028095
190	605	-4.029937
479	115	-4.0309386
465	113	-4.0313306
514	128	-4.0333295
535	561	-4.0369186
579	39	-4.0374413
548	667	-4.039707
596	32	-4.04092
327	28	-4.041336
567	307	-4.0420227
517	276	-4.0433655
566	334	-4.043947
517	178	-4.044342
537	566	-4.046156
502	209	-4.0473194
471	178	-4.0482183
386	31	-4.048232
512	600	-4.0488124
501	175	-4.0514655
570	59	-4.052559
481	95	-4.053082
471	38	-4.053587
959	27	-4.057909
536	517	-4.0593853
932	57	-4.059428
543	584	-4.061083
440	23	-4.0651217
559	100	-4.067454
310	28	-4.0684876
573	36	-4.069765
513	142	-4.0725503
536	668	-4.07502
630	54	-4.0752516
534	510	-4.079146
413	38	-4.07942
181	549	-4.0795727
242	569	-4.0798535
515	548	-4.080453
239	574	-4.0806103
581	288	-4.081465
607	662	-4.081751
543	573	-4.083097
494	392	-4.083672
509	253	-4.0848417
503	37	-4.0872817
529	142	-4.0890217
612	678	-4.0899115
615	31	-4.090806
519	161	-4.0920424
519	167	-4.0930524
178	609	-4.0936446
557	69	-4.0948286
484	210	-4.095334
561	96	-4.101706
566	32	-4.103076
337	29	-4.103954
471	123	-4.106694
517	362	-4.1073065
563	646	-4.1131096
731	92	-4.1166167
521	618	-4.11665
230	576	-4.1178813
900	25	-4.121179
804	26	-4.1232038
478	77	-4.1243525
735	104	-4.124706
506	49	-4.125889
504	92	-4.126509
523	398	-4.1302843
513	321	-4.1306906
521	443	-4.131641
213	578	-4.1341276
523	406	-4.135394
513	349	-4.135875
535	140	-4.135901
258	568	-4.140402
476	59	-4.1421623
508	526	-4.143688
519	174	-4.144778
508	518	-4.14669
531	656	-4.14696
722	108	-4.148473
562	47	-4.1486483
192	601	-4.149242
482	227	-4.149964
485	342	-4.1528335
505	97	-4.1534357
887	23	-4.154025
516	37	-4.155575
480	363	-4.156059
192	569	-4.1561995
528	271	-4.157514
499	507	-4.1613903
433	6	-4.1624866
502	215	-4.1635227
465	82	-4.165883
521	279	-4.167272
513	329	-4.1721516
524	608	-4.172545
887	654	-4.1756115
552	440	-4.1776004
717	111	-4.180615
480	368	-4.1811137
183	606	-4.1812086
534	122	-4.183682
553	550	-4.1860557
523	416	-4.189238
556	582	-4.190032
179	613	-4.1992126
692	4	-4.1992126
513	137	-4.201973
558	334	-4.2042875
636	31	-4.2071285
502	33	-4.2075863
482	305	-4.2083883
486	334	-4.20951
528	106	-4.210498
415	55	-4.212456
550	624	-4.213286
471	169	-4.213408
538	58	-4.2140994
795	27	-4.217096
546	331	-4.217232
518	215	-4.2211623
474	233	-4.221505
47	68	-4.225158
507	39	-4.2269154
478	265	-4.228065
496	407	-4.230112
521	253	-4.230259
545	599	-4.230751
513	90	-4.2323256
556	567	-4.234969
494	444	-4.2363086
558	562	-4.23655
519	633	-4.2384725
879	25	-4.2396774
601	27	-4.239991
555	654	-4.2407255
538	165	-4.2410054
529	671	-4.2438197
508	145	-4.2448497
167	559	-4.245132
554	41	-4.2510767
492	336	-4.2511024
959	61	-4.2519994
478	69	-4.2554007
554	643	-4.2578726
563	69	-4.258893
554	637	-4.2596707
544	603	-4.259681
505	536	-4.2615547
874	25	-4.2620993
800	28	-4.263097
540	569	-4.26368
519	641	-4.2648363
487	305	-4.264896
211	585	-4.2656693
558	52	-4.2698402
819	39	-4.2715807
440	45	-4.2716026
500	480	-4.272467
550	569	-4.273711
520	245	-4.275087
551	80	-4.2778835
660	6	-4.2784686
569	326	-4.286418
174	558	-4.2910275
736	125	-4.2917333
521	290	-4.2925277
671	32	-4.2929244
503	44	-4.2955923
510	222	-4.301043
510	29	-4.30125
930	39	-4.3028016
542	72	-4.3049603
422	6	-4.3054276
536	557	-4.3085337
532	499	-4.310685
854	29	-4.310695
222	579	-4.3112826
565	303	-4.3113155
476	273	-4.311415
498	72	-4.311786
164	540	-4.313453
627	46	-4.3137
745	102	-4.3140554
460	55	-4.3147135
538	521	-4.315095
537	173	-4.3176394
600	31	-4.319569
619	669	-4.320125
835	28	-4.323657
550	446	-4.323911
488	389	-4.324363
446	23	-4.3243785
495	450	-4.3252587
490	26	-4.3277416
805	40	-4.3292394
513	557	-4.3399425
520	367	-4.3403754
742	129	-4.341645
200	566	-4.34407
548	613	-4.344315
547	72	-4.3480616
392	26	-4.34923
531	163	-4.3492317
496	125	-4.3492584
526	97	-4.350815
479	359	-4.351166
507	522	-4.35658
51	67	-4.361532
182	553	-4.3637176
604	665	-4.366013
517	283	-4.3675575
521	156	-4.367843
959	67	-4.3701487
496	384	-4.3718243
513	121	-4.3721886
186	611	-4.3725233
535	108	-4.373516
466	108	-4.3736844
544	568	-4.376103
698	4	-4.3774624
226	578	-4.3785415
254	569	-4.3804855
486	22	-4.3825917
600	23	-4.382866
51	58	-4.3844547
496	529	-4.385046
557	443	-4.386809
574	45	-4.387199
547	557	-4.3893642
599	514	-4.389976
429	55	-4.3908396
513	261	-4.3909464
468	92	-4.3910837
506	161	-4.3925376
512	98	-4.396965
539	447	-4.4001865
521	623	-4.401651
582	47	-4.4049854
419	36	-4.4050937
421	23	-4.4058304
631	43	-4.407652
506	152	-4.408947
46	57	-4.409547
530	120	-4.4117885
494	508	-4.4120946
510	570	-4.413641
557	76	-4.41445
502	162	-4.416047
930	98	-4.4164553
510	108	-4.417583
563	326	-4.418517
488	300	-4.420031
547	86	-4.421048
581	52	-4.422924
498	65	-4.424478
515	86	-4.4254694
893	25	-4.426954
502	53	-4.427478
553	668	-4.428695
518	645	-4.4298034
427	44	-4.430447
144	553	-4.430455
494	27	-4.4305687
262	570	-4.4324374
522	438	-4.432548
556	577	-4.4335284
560	440	-4.4355154
411	29	-4.4380207
820	30	-4.438811
517	354	-4.44123
498	39	-4.441399
246	571	-4.4428535
619	661	-4.443423
516	45	-4.444426
504	191	-4.4461503
514	94	-4.446824
809	26	-4.4470162
869	652	-4.4471
479	261	-4.447595
563	458	-4.450305
527	158	-4.450308
558	45	-4.4507113
503	76	-4.451526
502	48	-4.452833
468	183	-4.4545674
518	637	-4.4546633
631	5	-4.456489
550	52	-4.4574666
525	103	-4.4578657
513	80	-4.4582987
520	103	-4.4617634
525	144	-4.4620023
513	552	-4.464131
520	257	-4.4648347
516	560	-4.467348
727	94	-4.4677987
571	290	-4.4702783
569	97	-4.4704256
666	6	-4.4706035
478	286	-4.4727654
640	30	-4.4728165
514	286	-4.474633
578	43	-4.4770293
552	575	-4.478682
512	632	-4.4797683
518	223	-4.480107
489	411	-4.480559
474	140	-4.48247
545	577	-4.4829516
723	93	-4.4838686
517	263	-4.4840927
530	486	-4.486945
543	216	-4.4898434
523	425	-4.489975
574	51	-4.490609
397	139	-4.4910893
234	574	-4.491751
535	44	-4.491944
533	149	-4.492528
196	599	-4.4934196
581	5	-4.4936423
736	115	-4.494397
529	132	-4.49504
539	78	-4.4952374
835	663	-4.4958487
460	60	-4.496427
513	68	-4.497907
413	44	-4.4987297
507	217	-4.499325
610	5	-4.4993887
887	9	-4.502117
520	614	-4.5027046
889	41	-4.50618
486	276	-4.506526
421	55	-4.5105286
554	650	-4.5120916
515	183	-4.5125203
546	431	-4.515412
492	22	-4.5182834
551	646	-4.5230494
251	565	-4.523321
503	516	-4.5254273
552	337	-4.5255084
502	170	-4.526176
533	104	-4.5279274
517	91	-4.5281434
612	26	-4.528599
440	6	-4.528934
482	27	-4.5293474
546	542	-4.532843
460	31	-4.534119
423	47	-4.5359087
634	58	-4.5359216
466	117	-4.5379086
421	62	-4.540838
540	111	-4.5413766
426	21	-4.5425334
564	655	-4.542592
823	665	-4.5442386
187	615	-4.5442505
485	322	-4.547309
503	511	-4.5476093
221	567	-4.5491004
959	126	-4.5499887
728	89	-4.551989
800	39	-4.5525174
508	565	-4.552932
522	94	-4.5559235
188	567	-4.556869
749	633	-4.557232
928	12	-4.5577307
881	653	-4.558021
485	315	-4.559961
387	27	-4.5602984
506	540	-4.5612564
558	458	-4.5613737
478	241	-4.56221
959	72	-4.5636735
468	174	-4.5656805
933	25	-4.567276
183	614	-4.5681605
924	31	-4.5685234
575	5	-4.571683
566	55	-4.572624
480	55	-4.572794
562	446	-4.574055
558	6	-4.5761423
557	84	-4.5763187
518	127	-4.5772576
626	50	-4.5774746
542	233	-4.578094
804	46	-4.5790896
513	111	-4.579863
560	641	-4.579869
519	151	-4.58106
517	298	-4.5811925
559	36	-4.5815997
521	358	-4.5825095
475	238	-4.582948
127	29	-4.58376
452	31	-4.584886
474	151	-4.5851407
931	69	-4.5857115
186	603	-4.5914435
465	40	-4.593558
545	593	-4.5939946
181	558	-4.594751
685	32	-4.596381
886	13	-4.597363
518	135	-4.599207
526	453	-4.5999107
532	482	-4.6005363
479	253	-4.6037693
524	267	-4.603809
531	173	-4.6038876
512	256	-4.6047387
680	4	-4.6055636
931	90	-4.605661
541	430	-4.6057663
465	31	-4.608111
556	587	-4.6081967
484	326	-4.6089826
234	568	-4.609219
465	121	-4.6120973
921	12	-4.6155643
208	564	-4.6166687
531	45	-4.6180267
505	531	-4.622052
551	73	-4.6222177
535	664	-4.6229005
533	465	-4.624649
583	29	-4.6248283
169	539	-4.625776
188	598	-4.626416
466	125	-4.6284432
160	542	-4.628821
959	653	-4.6294045
933	42	-4.6340055
547	291	-4.634364
619	22	-4.635945
488	438	-4.636174
551	660	-4.6381564
515	53	-4.638755
928	45	-4.6416545
207	584	-4.642796
569	509	-4.6452546
569	69	-4.6454663
610	40	-4.645835
502	84	-4.647298
764	30	-4.6480885
479	73	-4.6488338
959	33	-4.6497464
844	27	-4.6497965
724	104	-4.653752
959	118	-4.6541142
615	23	-4.6571574
470	208	-4.65752
919	29	-4.6581063
567	453	-4.6584935
497	465	-4.659346
417	6	-4.6596985
482	626	-4.661379
472	127	-4.662916
538	70	-4.6644206
39	60	-4.664514
909	10	-4.664694
444	43	-4.6655135
567	5	-4.6661243
502	154	-4.6692505
591	5	-4.670634
554	435	-4.671623
511	76	-4.672222
469	165	-4.673298
542	211	-4.674616
279	622	-4.6747065
565	311	-4.67839
398	30	-4.6789293
249	574	-4.679986
595	28	-4.68028
820	35	-4.6810265
488	452	-4.684925
531	31	-4.685595
558	453	-4.687971
616	5	-4.6880856
547	565	-4.688536
639	5	-4.6895747
807	679	-4.689812
527	428	-4.6898417
694	8	-4.690492
748	111	-4.693231
524	394	-4.6936536
551	324	-4.6961045
959	132	-4.697521
719	91	-4.6981974
686	4	-4.699079
520	598	-4.69927
931	115	-4.699888
550	671	-4.700056
531	432	-4.7003765
431	21	-4.701222
520	235	-4.70261
655	6	-4.7034125
570	75	-4.7059007
848	29	-4.707494
532	276	-4.707915
594	23	-4.7080445
616	27	-4.7088046
568	501	-4.710463
857	669	-4.711246
533	62	-4.714661
543	345	-4.71513
542	66	-4.716128
243	576	-4.7167373
551	546	-4.718503
548	608	-4.7189436
746	122	-4.7190285
927	34	-4.7213264
574	336	-4.7252846
478	291	-4.725289
518	98	-4.7255225
578	565	-4.725674
193	573	-4.725848
662	32	-4.726833
525	123	-4.7293706
527	164	-4.729848
496	459	-4.7303925
562	462	-4.733619
551	451	-4.7338796
959	56	-4.7344465
556	80	-4.73641
527	308	-4.736522
491	449	-4.7377176
542	337	-4.7412014
488	419	-4.741331
464	23	-4.741425
158	547	-4.7423024
563	466	-4.7439666
573	83	-4.74471
797	31	-4.7449007
511	218	-4.7454867
906	654	-4.7457733
570	333	-4.7458453
959	622	-4.7461433
783	28	-4.7462296
567	292	-4.746669
524	449	-4.7469378
511	84	-4.747857
213	589	-4.749189
459	355	-4.754569
525	152	-4.760196
946	131	-4.7608514
550	69	-4.763407
460	43	-4.7647552
469	201	-4.7658277
725	111	-4.76804
715	89	-4.7696166
571	29	-4.7701454
552	6	-4.771406
503	29	-4.772846
676	5	-4.77354
574	184	-4.775286
505	200	-4.778492
541	539	-4.7795534
173	545	-4.7798862
480	21	-4.780414
507	53	-4.780421
508	237	-4.7865787
883	24	-4.7875104
435	22	-4.7896533
563	276	-4.789801
499	99	-4.7904587
750	123	-4.7913804
578	337	-4.791632
567	447	-4.7928796
567	513	-4.7929673
586	5	-4.793473
465	98	-4.7938976
302	27	-4.7955384
533	131	-4.79698
534	291	-4.798691
563	347	-4.800103
898	654	-4.8001385
615	643	-4.803708
551	88	-4.8041606
289	566	-4.8052845
814	61	-4.8056006
408	133	-4.806647
551	32	-4.807904
566	46	-4.8090167
702	6	-4.8093677
531	364	-4.81189
930	81	-4.812589
511	57	-4.8128104
750	99	-4.81521
535	428	-4.8155537
564	439	-4.815582
580	598	-4.816473
548	47	-4.8170347
698	104	-4.8191385
630	60	-4.819644
549	104	-4.8227887
534	56	-4.8228736
526	292	-4.822968
518	108	-4.8235416
812	51	-4.8242097
540	528	-4.825037
452	23	-4.825867
703	31	-4.8267627
562	5	-4.8279357
569	92	-4.828063
550	332	-4.8283243
793	32	-4.8296146
526	659	-4.830978
538	216	-4.8318496
827	663	-4.833887
488	6	-4.83511
948	75	-4.835938
529	476	-4.836572
742	115	-4.836911
56	62	-4.83761
959	77	-4.8379827
536	432	-4.838387
742	124	-4.839511
541	106	-4.840072
608	681	-4.840809
505	231	-4.840971
264	561	-4.8435154
514	325	-4.84496
892	10	-4.845257
529	464	-4.846113
740	133	-4.846475
535	76	-4.8464756
608	658	-4.8465085
488	318	-4.8465767
541	156	-4.8481126
539	143	-4.848143
959	634	-4.848707
598	5	-4.8507657
34	59	-4.85088
563	320	-4.8515916
504	72	-4.852843
470	217	-4.8538322
670	5	-4.8554707
809	665	-4.856283
506	106	-4.86065
604	4	-4.8615336
758	6	-4.86269
563	486	-4.86282
517	306	-4.8645205
531	438	-4.864911
182	610	-4.86501
571	6	-4.8660173
896	31	-4.8674507
514	342	-4.8677874
802	51	-4.867838
510	175	-4.8708353
537	199	-4.871345
488	444	-4.8716083
534	112	-4.8730407
573	578	-4.8751297
525	109	-4.876415
521	124	-4.8802342
541	61	-4.8837914
539	122	-4.88502
24	652	-4.8866496
869	665	-4.887794
556	671	-4.8878436
148	560	-4.889352
471	252	-4.889901
546	269	-4.890259
651	5	-4.891139
501	150	-4.8916407
537	193	-4.892386
873	653	-4.89322
501	95	-4.894909
513	148	-4.8959813
732	101	-4.8961387
532	469	-4.8972087
929	670	-4.89726
521	284	-4.8989825
875	34	-4.901418
596	54	-4.9014378
938	66	-4.9015017
508	167	-4.9020996
748	637	-4.9024763
932	119	-4.902483
606	672	-4.9037433
959	45	-4.9061546
425	27	-4.908138
526	119	-4.9090624
863	26	-4.909675
185	550	-4.9099507
949	67	-4.9120355
526	319	-4.9129405
569	302	-4.914585
475	268	-4.915274
731	97	-4.9159675
547	286	-4.9179535
548	57	-4.9180455
470	131	-4.921649
396	143	-4.921681
507	85	-4.924326
503	68	-4.9245543
332	28	-4.925591
547	6	-4.926135
959	51	-4.9284563
623	27	-4.9291596
699	35	-4.9295125
942	47	-4.9317827
194	487	-4.9320273
495	504	-4.9336796
510	202	-4.9342837
541	443	-4.9366508
554	49	-4.93993
453	8	-4.9405537
552	631	-4.940585
239	565	-4.9410567
634	64	-4.9422503
564	59	-4.9436827
562	63	-4.9444304
627	40	-4.9457664
488	426	-4.9459023
529	154	-4.9460263
530	373	-4.9461894
551	308	-4.9480176
56	648	-4.9487605
510	214	-4.950166
959	138	-4.9515452
549	458	-4.9535937
635	4	-4.954108
724	115	-4.9551
959	647	-4.957585
522	206	-4.95785
118	38	-4.958475
908	28	-4.95962
582	502	-4.9599667
521	142	-4.961703
879	37	-4.9622498
364	71	-4.963601
437	36	-4.9649205
186	554	-4.966058
833	667	-4.968005
540	561	-4.9685664
505	184	-4.9700704
516	346	-4.973081
539	187	-4.977243
553	37	-4.9782543
114	28	-4.979547
217	579	-4.9807563
515	191	-4.981072
512	155	-4.9813504
499	121	-4.982125
548	442	-4.984281
26	59	-4.985101
568	652	-4.9854465
409	37	-4.987004
529	445	-4.9878197
538	513	-4.9889483
735	6	-4.989054
374	30	-4.99175
694	29	-4.9921737
474	282	-4.9948244
408	141	-4.995542
604	678	-4.9957485
506	221	-4.9963346
550	64	-4.9972043
504	121	-4.9975505
623	5	-4.999432
525	46	-4.999934
582	56	-5.001968
520	227	-5.00412
444	8	-5.005129
555	329	-5.0075126
706	4	-5.0087047
557	104	-5.009579
958	122	-5.0116506
579	593	-5.0125947
49	72	-5.0132484
417	63	-5.0139704
476	22	-5.014618
711	91	-5.0147386
530	111	-5.015218
471	242	-5.015502
930	76	-5.0175405
516	271	-5.0189586
517	41	-5.0197225
527	174	-5.0197635
547	94	-5.0201836
544	327	-5.023868
877	652	-5.0240808
417	45	-5.0256767
937	60	-5.0258183
575	304	-5.0263743
586	45	-5.0270476
600	555	-5.0288887
558	64	-5.0305443
546	447	-5.031403
562	565	-5.0317497
518	651	-5.033954
469	157	-5.0345697
541	99	-5.037637
567	319	-5.0383625
280	566	-5.0384803
159	29	-5.0392456
559	324	-5.039951
525	441	-5.0402374
527	420	-5.040242
879	11	-5.040504
43	67	-5.0405407
247	567	-5.0406375
517	122	-5.0409675
506	205	-5.0425515
735	93	-5.042665
806	53	-5.044104
390	38	-5.046563
524	131	-5.0473347
540	439	-5.0474186
959	38	-5.047994
504	196	-5.0489764
196	605	-5.049436
929	94	-5.0500073
524	33	-5.051533
504	564	-5.0522013
533	72	-5.053516
417	21	-5.058946
144	29	-5.058971
645	5	-5.059283
520	219	-5.059347
410	6	-5.059447
35	64	-5.0595937
949	79	-5.060093
695	34	-5.0601377
508	137	-5.06019
551	620	-5.0603786
465	89	-5.0610337
479	629	-5.0631914
627	23	-5.063341
525	89	-5.0638266
523	160	-5.0638776
623	47	-5.065172
553	45	-5.066392
208	577	-5.0701556
449	200	-5.0709248
181	599	-5.071093
561	559	-5.0733304
832	31	-5.0734015
160	561	-5.074124
560	649	-5.075285
444	49	-5.076127
639	64	-5.076274
533	477	-5.076336
794	65	-5.076563
200	585	-5.0767937
959	617	-5.07734
193	565	-5.0780783
537	672	-5.0784173
888	17	-5.079173
543	77	-5.0791936
529	458	-5.079208
559	330	-5.08106
413	23	-5.0812845
599	522	-5.082564
465	104	-5.08275
259	564	-5.083877
396	8	-5.083991
526	135	-5.0840344
578	48	-5.084952
501	166	-5.086913
581	184	-5.0878596
527	437	-5.088113
546	680	-5.088163
531	78	-5.088366
883	10	-5.0885963
539	177	-5.090162
521	363	-5.090374
510	231	-5.090529
472	23	-5.0905843
546	581	-5.0907984
238	578	-5.091921
220	27	-5.09229
530	381	-5.0924616
535	39	-5.092512
519	249	-5.0942526
481	174	-5.094353
188	558	-5.0958
465	129	-5.097391
266	571	-5.098279
954	130	-5.099714
622	680	-5.099778
511	125	-5.099794
257	572	-5.1013937
542	532	-5.102486
473	134	-5.103755
547	108	-5.104757
959	612	-5.106334
191	553	-5.107527
439	10	-5.112519
538	126	-5.1144834
217	566	-5.1146817
504	146	-5.1156464
520	147	-5.11626
959	112	-5.1166534
372	6	-5.117335
539	92	-5.1173444
928	18	-5.117597
533	136	-5.1201334
515	310	-5.1216183
585	50	-5.1228085
746	6	-5.1234765
627	4	-5.1238127
498	108	-5.1262574
541	31	-5.1274304
798	35	-5.1290927
514	317	-5.1293826
873	11	-5.1335106
539	45	-5.135402
736	100	-5.1371045
569	517	-5.1374717
739	118	-5.1375065
503	103	-5.138724
526	216	-5.1403418
720	114	-5.140616
545	90	-5.143304
949	61	-5.1442633
119	29	-5.1457186
519	203	-5.1463346
928	653	-5.1464257
521	295	-5.147172
559	653	-5.147865
475	353	-5.148741
538	102	-5.1499095
689	8	-5.1502137
528	667	-5.150965
930	0	-5.1518865
499	495	-5.154236
546	212	-5.1568336
536	444	-5.1570024
539	230	-5.1572957
550	434	-5.1576695
561	314	-5.1580915
34	51	-5.158861
448	6	-5.158923
482	614	-5.1594033
734	129	-5.1610203
624	662	-5.1610312
556	658	-5.1615524
555	431	-5.162073
554	591	-5.1622972
546	356	-5.1624565
404	4	-5.1647716
575	286	-5.164956
718	107	-5.1659484
531	116	-5.1668315
873	21	-5.167101
365	8	-5.167711
199	499	-5.1678834
542	222	-5.1680036
391	34	-5.1682534
505	141	-5.1685786
481	347	-5.169621
531	358	-5.169999
572	500	-5.1700535
543	188	-5.1704493
208	588	-5.1716895
531	187	-5.172507
506	172	-5.1733694
527	408	-5.174022
551	395	-5.1746855
323	11	-5.175596
471	28	-5.176039
742	99	-5.177118
618	657	-5.177595
587	588	-5.178156
547	100	-5.1789837
575	558	-5.1793857
558	645	-5.1801033
892	21	-5.181421
532	308	-5.1825957
959	93	-5.184936
364	4	-5.186152
554	627	-5.1878815
556	462	-5.18853
688	681	-5.189692
558	30	-5.1905055
959	667	-5.190846
776	27	-5.1915746
499	115	-5.1932325
408	23	-5.194826
471	236	-5.194842
558	554	-5.1949353
525	222	-5.19553
548	532	-5.1959715
538	210	-5.1973457
531	454	-5.1977534
525	139	-5.1979303
714	108	-5.1990404
525	412	-5.2009954
509	22	-5.2011533
541	172	-5.201373
946	28	-5.203511
556	633	-5.205327
589	42	-5.20546
877	636	-5.206262
565	90	-5.206456
535	97	-5.206849
31	62	-5.206884
470	224	-5.2075024
941	54	-5.2081923
460	65	-5.2082286
789	8	-5.2109747
516	29	-5.211189
545	350	-5.214357
568	638	-5.214385
471	212	-5.2156906
829	53	-5.216328
746	31	-5.2168083
493	6	-5.2174554
417	40	-5.2184153
802	62	-5.219686
410	129	-5.220785
569	63	-5.2210555
946	46	-5.221674
547	33	-5.2216744
210	581	-5.222045
806	61	-5.222076
546	277	-5.222418
527	206	-5.224325
505	212	-5.224522
541	349	-5.2247334
542	426	-5.224936
502	64	-5.2249794
526	432	-5.2250967
196	502	-5.225869
608	346	-5.225982
503	521	-5.2263927
512	163	-5.227102
419	27	-5.227293
813	65	-5.2281466
430	9	-5.2283616
498	28	-5.2293167
540	451	-5.2300506
487	613	-5.2303
510	578	-5.2325096
474	287	-5.2340536
880	21	-5.2341046
518	207	-5.2348895
467	36	-5.236717
556	60	-5.2380877
549	43	-5.2383614
568	646	-5.239049
279	627	-5.2391853
542	4	-5.24131
675	30	-5.2433624
415	28	-5.2445135
569	22	-5.244929
253	578	-5.2458286
713	112	-5.247488
503	22	-5.2476006
927	114	-5.2478228
532	461	-5.24801
273	622	-5.248324
730	123	-5.2488213
555	95	-5.2491603
752	6	-5.2494245
510	615	-5.2507634
489	19	-5.251474
503	88	-5.2532673
508	243	-5.253483
959	98	-5.256686
463	8	-5.2567363
594	39	-5.256978
541	151	-5.2575803
565	330	-5.2588024
463	522	-5.2609887
511	5	-5.2611065
215	584	-5.2617393
548	596	-5.262433
566	74	-5.262484
561	302	-5.2629766
707	8	-5.264447
554	664	-5.2646017
854	4	-5.2660236
524	259	-5.266412
397	133	-5.267289
528	8	-5.2677
942	62	-5.268208
368	5	-5.268737
482	318	-5.2693386
389	8	-5.269369
478	26	-5.2699614
552	84	-5.270581
797	679	-5.272745
556	233	-5.2762103
398	4	-5.277151
580	642	-5.277892
521	90	-5.2781506
946	51	-5.2791786
196	555	-5.279186
521	179	-5.2805524
526	283	-5.2815495
32	55	-5.282348
622	672	-5.283391
199	487	-5.2851977
818	62	-5.285918
195	615	-5.2861032
268	565	-5.2862434
610	34	-5.286979
346	29	-5.288171
820	43	-5.2885337
548	602	-5.2889676
578	55	-5.289944
854	9	-5.2908516
253	573	-5.2934675
509	91	-5.293616
957	662	-5.2946777
432	52	-5.295958
484	7	-5.2963405
475	262	-5.297853
936	30	-5.2978535
525	83	-5.298152
930	22	-5.2992
728	83	-5.301133
907	21	-5.30173
596	560	-5.301875
496	23	-5.303123
195	491	-5.3033557
499	501	-5.3038244
531	37	-5.3044405
748	129	-5.3047085
379	27	-5.305798
521	352	-5.305926
930	131	-5.3063707
558	434	-5.306378
505	113	-5.3065004
506	133	-5.306945
480	6	-5.307026
401	132	-5.3077745
527	148	-5.3098636
959	592	-5.3101797
547	309	-5.3148537
583	292	-5.316575
540	35	-5.316671
503	527	-5.317017
525	263	-5.317877
817	666	-5.3188777
768	4	-5.319483
534	48	-5.321096
835	679	-5.321882
499	128	-5.321901
204	563	-5.3219213
44	8	-5.322074
517	141	-5.322886
407	28	-5.3240523
565	99	-5.324672
539	344	-5.3248286
505	176	-5.32538
531	96	-5.32546
959	641	-5.3275905
540	138	-5.333439
456	30	-5.335517
520	345	-5.338579
541	161	-5.339661
626	55	-5.34032
529	450	-5.3425913
519	23	-5.3435874
542	95	-5.3475757
557	90	-5.347583
932	13	-5.3477435
945	670	-5.348302
468	22	-5.3492064
350	0	-5.3499475
459	350	-5.351417
537	29	-5.3514266
587	28	-5.3531337
554	29	-5.3537984
546	173	-5.3539767
571	276	-5.354352
451	27	-5.3545737
567	558	-5.3550825
596	90	-5.3580384
537	507	-5.35861
930	649	-5.359106
524	374	-5.359367
503	543	-5.361189
853	670	-5.3623953
959	658	-5.363201
581	583	-5.363449
632	660	-5.3643894
546	220	-5.3644
335	13	-5.3655143
509	629	-5.3656445
808	43	-5.3675413
528	361	-5.3677735
560	681	-5.367876
494	454	-5.368287
699	27	-5.369583
517	338	-5.369972
532	491	-5.3708334
44	72	-5.371199
517	81	-5.3712273
517	49	-5.3718367
775	9	-5.37203
905	9	-5.3748484
525	178	-5.375713
548	336	-5.376036
719	4	-5.376639
945	66	-5.3771615
758	30	-5.3771806
545	204	-5.3773313
935	50	-5.377819
553	102	-5.378505
513	179	-5.379284
573	56	-5.3796988
762	4	-5.380062
535	67	-5.3800626
611	645	-5.382372
856	33	-5.3845167
429	66	-5.3849373
191	616	-5.3852525
535	89	-5.386034
573	298	-5.3880854
443	20	-5.388828
457	6	-5.3896136
873	662	-5.391272
34	46	-5.3925586
202	553	-5.3927984
178	546	-5.3933997
522	660	-5.3939247
735	119	-5.3945665
523	173	-5.395936
555	391	-5.3964047
538	464	-5.397826
732	88	-5.398329
883	638	-5.3995423
959	144	-5.4017315
634	649	-5.4017363
949	422	-5.4023056
519	241	-5.40239
425	10	-5.4025393
749	104	-5.4030933
587	581	-5.403669
554	571	-5.4040627
904	29	-5.404189
275	626	-5.4059134
828	28	-5.40598
592	53	-5.4061885
507	188	-5.409671
708	94	-5.4102025
810	62	-5.4103627
948	127	-5.4103646
475	254	-5.4104667
497	471	-5.410784
192	596	-5.411234
529	179	-5.4114017
436	40	-5.412399
478	527	-5.4136143
438	19	-5.4167356
623	21	-5.417501
501	485	-5.4181137
706	104	-5.418322
563	29	-5.419477
574	190	-5.4194865
695	100	-5.419538
27	50	-5.4201245
816	36	-5.4210005
542	434	-5.4211535
543	200	-5.4215994
512	72	-5.4225073
257	579	-5.4241724
495	19	-5.424696
678	677	-5.425186
465	205	-5.425383
768	31	-5.4256396
552	580	-5.4257574
522	8	-5.4259524
567	27	-5.426886
827	668	-5.427376
546	68	-5.4292393
480	634	-5.4293647
554	65	-5.429776
552	172	-5.4307456
499	520	-5.4314985
581	276	-5.4320316
203	582	-5.4331584
205	558	-5.4345303
380	8	-5.4345565
781	10	-5.43575
502	131	-5.4358535
343	0	-5.436161
579	294	-5.4369063
566	506	-5.437976
434	10	-5.438119
536	502	-5.4398026
746	133	-5.439885
740	7	-5.440165
514	23	-5.440191
535	448	-5.440316
727	6	-5.440711
577	27	-5.4410005
576	341	-5.4414153
510	131	-5.4422174
767	9	-5.4438276
739	94	-5.4438567
698	9	-5.4443216
713	4	-5.444731
198	612	-5.4468
527	663	-5.447019
528	170	-5.4472303
699	675	-5.44729
723	99	-5.447469
203	574	-5.44779
575	318	-5.4489136
422	19	-5.4493847
476	367	-5.450711
572	574	-5.451086
421	43	-5.4512944
604	52	-5.4513183
369	9	-5.4519496
521	36	-5.452096
476	8	-5.4523435
546	589	-5.4524446
957	602	-5.453277
509	182	-5.454332
732	27	-5.454334
509	198	-5.4568963
850	2	-5.4571495
591	522	-5.459976
792	57	-5.4608474
502	58	-5.4609547
484	376	-5.4642444
539	23	-5.466632
395	23	-5.4668612
927	108	-5.466992
756	113	-5.468047
499	43	-5.4739084
900	19	-5.4743786
814	41	-5.474594
523	185	-5.4753146
462	27	-5.4754014
882	67	-5.4757614
529	368	-5.47714
508	81	-5.4779787
508	227	-5.479491
850	8	-5.4796014
185	584	-5.4802265
536	438	-5.4803
572	582	-5.481356
116	32	-5.4816833
580	577	-5.4835544
813	55	-5.485045
582	177	-5.485434
458	23	-5.4862638
517	187	-5.4866247
313	25	-5.487571
384	6	-5.4892855
702	105	-5.4907985
560	629	-5.4910517
542	267	-5.4917965
562	22	-5.493276
501	158	-5.4965816
869	23	-5.4968224
547	296	-5.4985366
440	51	-5.499636
621	40	-5.49985
626	668	-5.499895
530	322	-5.5000715
709	31	-5.502041
551	60	-5.5029354
479	343	-5.5037394
566	323	-5.5040784
615	681	-5.5050263
550	22	-5.5063496
547	61	-5.506613
540	470	-5.508196
798	64	-5.5083585
192	559	-5.5086403
262	575	-5.5088964
37	72	-5.508977
195	497	-5.5113387
639	23	-5.5122414
560	669	-5.512567
199	508	-5.5126486
885	650	-5.513207
610	52	-5.513515
477	339	-5.5142074
845	0	-5.514739
855	677	-5.514815
534	660	-5.5149565
608	19	-5.5156083
720	96	-5.515655
632	23	-5.516298
723	119	-5.5165687
545	82	-5.517887
517	322	-5.517948
275	566	-5.5182114
581	588	-5.519896
569	642	-5.5203853
869	12	-5.5223365
583	271	-5.522521
793	7	-5.5225763
529	352	-5.524557
626	676	-5.525111
515	8	-5.5251827
539	87	-5.527577
898	11	-5.528108
528	404	-5.5284686
473	277	-5.529055
533	169	-5.53014
745	118	-5.5304217
865	650	-5.531571
473	155	-5.531762
606	39	-5.5318084
858	8	-5.5325227
577	174	-5.5331545
544	45	-5.5362267
865	669	-5.5374093
559	430	-5.538186
853	665	-5.538356
481	372	-5.5386047
185	571	-5.539341
573	89	-5.5393558
799	24	-5.5395236
578	8	-5.5395546
470	161	-5.539727
750	115	-5.5398226
513	252	-5.5405397
692	158	-5.5440106
198	595	-5.5441604
518	287	-5.546115
473	258	-5.5461226
511	64	-5.547047
947	143	-5.5473413
488	397	-5.548971
538	181	-5.5490737
535	188	-5.550078
427	124	-5.5506196
196	576	-5.5509253
21	58	-5.5509343
507	77	-5.5526624
638	60	-5.5535817
546	235	-5.5542474
529	344	-5.5543475
577	580	-5.5558167
622	658	-5.555998
958	671	-5.55764
516	255	-5.5584264
912	30	-5.560939
547	438	-5.5622735
443	12	-5.5638895
887	45	-5.564166
949	25	-5.5651855
547	360	-5.5654163
532	7	-5.5657725
512	640	-5.567432
369	71	-5.567879
557	23	-5.567883
585	22	-5.5691214
558	573	-5.570627
921	0	-5.571532
530	327	-5.571885
537	223	-5.5722184
518	5	-5.572298
959	106	-5.5761533
507	8	-5.5776205
58	652	-5.5797935
598	40	-5.5809402
608	568	-5.582329
563	103	-5.582647
224	564	-5.582999
556	598	-5.5836067
774	5	-5.5836077
392	42	-5.5849853
406	8	-5.585177
545	163	-5.5871377
917	10	-5.587634
358	4	-5.5887537
234	579	-5.5897236
373	2	-5.5900273
879	2	-5.591197
924	9	-5.592355
533	495	-5.5932746
805	667	-5.5934234
584	641	-5.5942764
292	27	-5.5943933
47	5	-5.5957212
403	138	-5.597942
590	555	-5.5987186
928	665	-5.6009803
544	273	-5.601837
472	265	-5.6022406
531	426	-5.602698
531	66	-5.6031265
742	27	-5.6052203
927	101	-5.6056576
420	10	-5.6072936
534	215	-5.6087255
524	247	-5.610118
494	500	-5.6108775
547	572	-5.6128936
32	652	-5.6134334
196	550	-5.614079
496	535	-5.615636
808	57	-5.616829
39	66	-5.6181083
533	52	-5.6196456
571	555	-5.619758
536	272	-5.6198163
518	116	-5.6218824
506	57	-5.624313
468	196	-5.6262865
373	10	-5.6264615
586	55	-5.626567
176	616	-5.626855
534	256	-5.626946
411	136	-5.627236
536	6	-5.6277237
123	28	-5.6278186
265	631	-5.6280317
875	1	-5.62865
630	27	-5.629058
532	100	-5.6296
534	93	-5.629846
832	25	-5.6312785
538	52	-5.6341877
501	547	-5.6342726
555	108	-5.635096
855	24	-5.635207
392	4	-5.635664
140	551	-5.636224
602	669	-5.636501
722	88	-5.636756
530	222	-5.6371236
527	356	-5.639263
206	554	-5.6399918
196	584	-5.640045
542	332	-5.6404934
319	31	-5.641042
521	30	-5.6413217
635	46	-5.641576
573	565	-5.642106
956	30	-5.642278
545	319	-5.642405
541	458	-5.6425495
838	25	-5.643432
515	201	-5.6435666
519	131	-5.644263
215	27	-5.6446667
522	164	-5.6460924
531	90	-5.6471376
506	117	-5.64766
804	10	-5.6493382
613	649	-5.6494045
518	231	-5.64974
780	23	-5.649941
908	14	-5.651268
341	62	-5.6523304
559	674	-5.6534452
868	214	-5.654176
255	563	-5.6542315
547	585	-5.6543765
627	35	-5.655146
551	378	-5.655293
413	62	-5.6589975
887	51	-5.6590915
536	309	-5.6595907
857	664	-5.659785
881	662	-5.6603885
958	23	-5.6609426
243	564	-5.6623526
784	7	-5.6626163
456	200	-5.6627135
613	654	-5.6642814
581	610	-5.66824
824	29	-5.66955
554	56	-5.670342
546	51	-5.670396
587	597	-5.670655
508	574	-5.671313
473	19	-5.6721096
821	661	-5.672129
716	94	-5.6728973
561	308	-5.673628
284	565	-5.673707
609	628	-5.6740522
863	9	-5.675524
712	95	-5.676301
681	8	-5.6774297
175	612	-5.6776705
558	466	-5.679012
470	141	-5.680379
535	117	-5.6806874
38	55	-5.682426
525	202	-5.68255
542	681	-5.6837077
574	588	-5.683855
543	8	-5.684476
560	657	-5.685034
603	42	-5.6854453
947	71	-5.6858516
565	443	-5.686664
472	271	-5.6874957
574	325	-5.68864
401	8	-5.688923
577	333	-5.6895084
531	268	-5.689979
500	144	-5.691614
359	71	-5.6923757
510	191	-5.6926627
563	294	-5.6933064
959	629	-5.69476
356	0	-5.6950393
567	433	-5.695442
733	2	-5.696313
512	235	-5.6963964
537	130	-5.6967897
548	39	-5.6969323
124	38	-5.6971607
26	46	-5.697822
41	5	-5.6978717
556	470	-5.6982384
505	568	-5.6992598
499	20	-5.6996098
499	6	-5.6996675
30	47	-5.703264
117	25	-5.703581
622	54	-5.7047625
200	561	-5.7063894
170	28	-5.7072845
478	296	-5.70792
190	612	-5.7087593
525	288	-5.7088118
570	322	-5.7093897
530	214	-5.709522
857	19	-5.7101693
164	562	-5.7111874
247	578	-5.7123866
583	558	-5.7132826
580	604	-5.7137136
549	328	-5.714075
959	83	-5.7144995
365	75	-5.7147694
526	211	-5.7149286
336	25	-5.714977
50	8	-5.7167196
467	26	-5.7167516
839	0	-5.7172594
520	333	-5.718248
591	27	-5.718271
449	10	-5.719767
525	78	-5.7204337
466	133	-5.7206163
458	360	-5.7208467
545	536	-5.7210736
756	99	-5.721635
502	138	-5.7217484
519	85	-5.7218013
928	636	-5.721887
603	20	-5.722097
522	136	-5.722929
533	27	-5.724431
808	49	-5.7246656
803	680	-5.7279267
394	12	-5.729003
523	310	-5.729572
560	579	-5.7298837
152	111	-5.7303147
928	56	-5.730817
559	348	-5.730865
542	57	-5.732456
815	679	-5.733161
405	144	-5.7362204
594	8	-5.736955
460	37	-5.737482
390	22	-5.7393003
540	322	-5.7413926
527	115	-5.74221
538	333	-5.742631
959	88	-5.7426925
504	127	-5.7432966
673	8	-5.744518
425	57	-5.745555
545	177	-5.7460303
523	168	-5.746312
568	184	-5.746589
525	23	-5.746734
946	119	-5.7471213
589	37	-5.7481985
634	51	-5.748609
514	221	-5.7515483
552	320	-5.7519574
565	298	-5.752467
856	13	-5.7534895
827	679	-5.7540584
360	76	-5.7548943
525	323	-5.754963
566	315	-5.75675
942	30	-5.7577715
590	592	-5.7611074
385	10	-5.762406
545	314	-5.7626014
243	144	-5.7647357
500	490	-5.7649255
515	58	-5.7649727
599	550	-5.7655025
545	157	-5.7661786
796	10	-5.7666693
885	39	-5.7687006
360	8	-5.7687535
585	182	-5.7695117
575	507	-5.7695823
748	10	-5.769683
475	244	-5.769975
938	111	-5.773417
528	416	-5.7737722
607	350	-5.77452
593	566	-5.775093
819	67	-5.775149
464	93	-5.777845
503	5	-5.7788396
731	8	-5.7808685
527	93	-5.7811346
946	111	-5.7811403
816	27	-5.78118
559	221	-5.7816696
948	83	-5.7820883
715	8	-5.7825675
536	452	-5.7856827
644	32	-5.786263
780	5	-5.7867427
522	320	-5.7875447
230	581	-5.7890267
196	562	-5.7899685
479	642	-5.7906575
382	24	-5.7909193
475	249	-5.7911687
44	53	-5.793387
544	103	-5.795245
526	304	-5.795592
551	541	-5.7963424
756	10	-5.800441
28	54	-5.800767
882	14	-5.8019195
762	9	-5.8019214
189	549	-5.8028917
817	651	-5.804976
221	583	-5.8055234
525	5	-5.8057046
893	17	-5.8070817
630	66	-5.807397
499	526	-5.8080726
584	629	-5.8084497
911	654	-5.809229
456	206	-5.8092666
575	22	-5.809475
525	381	-5.809705
525	388	-5.8100104
430	62	-5.8142977
956	171	-5.8159304
945	78	-5.816151
522	214	-5.8189435
933	73	-5.819982
469	8	-5.821941
529	679	-5.8224316
619	8	-5.8226304
275	632	-5.8239617
568	440	-5.8241673
926	1	-5.8242817
517	330	-5.8264575
577	574	-5.826669
200	503	-5.8268275
464	677	-5.8273196
837	668	-5.82756
530	58	-5.827578
530	412	-5.8278923
558	486	-5.8291774
327	10	-5.8295636
534	406	-5.8295994
626	681	-5.830711
530	348	-5.8320866
900	30	-5.832373
811	680	-5.8329253
59	67	-5.8345213
381	2	-5.8346
607	651	-5.8346844
791	23	-5.8349776
679	32	-5.835603
558	594	-5.835856
525	38	-5.8367934
456	56	-5.8379264
537	247	-5.8393364
421	74	-5.839876
484	18	-5.8405294
583	592	-5.841683
503	109	-5.841784
513	636	-5.84277
307	25	-5.843606
467	153	-5.8436427
613	8	-5.844175
583	574	-5.8445253
726	122	-5.8450217
740	31	-5.8455133
469	149	-5.845662
530	289	-5.847631
614	19	-5.8483815
512	245	-5.8487196
530	397	-5.8493204
559	278	-5.849914
564	500	-5.8514237
542	227	-5.8519254
884	1	-5.8536553
536	424	-5.8539805
528	279	-5.854304
857	650	-5.854493
225	582	-5.854504
559	550	-5.8549714
884	18	-5.8551764
579	556	-5.8555703
894	608	-5.8556
467	179	-5.856363
595	664	-5.8564115
628	658	-5.8566346
628	8	-5.8574295
713	104	-5.857488
510	114	-5.8582025
934	1	-5.8589916
487	644	-5.859555
484	390	-5.85999
527	189	-5.860046
164	29	-5.860122
536	277	-5.860164
540	82	-5.8606467
730	31	-5.8609843
564	633	-5.8627186
559	319	-5.8635015
684	138	-5.8638744
950	30	-5.8646336
788	4	-5.86483
154	29	-5.865297
931	127	-5.8658514
436	3	-5.8671813
332	10	-5.867612
233	27	-5.869383
525	229	-5.871703
497	645	-5.8719807
945	56	-5.872319
797	667	-5.8725877
760	109	-5.8727074
631	655	-5.8741236
198	589	-5.874738
529	377	-5.8755302
959	157	-5.8761077
517	314	-5.876502
498	543	-5.8766656
543	308	-5.880086
551	110	-5.881906
918	677	-5.882856
931	9	-5.884686
959	681	-5.886139
551	356	-5.886751
888	69	-5.8876266
338	0	-5.8878474
599	633	-5.888342
318	10	-5.889554
714	116	-5.89056
530	237	-5.892902
953	77	-5.8935633
563	474	-5.8936653
760	101	-5.8947167
473	144	-5.895046
680	681	-5.895357
298	29	-5.89636
621	633	-5.896936
530	333	-5.8984833
958	175	-5.9001927
873	648	-5.901252
586	565	-5.9047866
545	459	-5.9057903
546	515	-5.908138
629	650	-5.9091454
948	13	-5.9107623
538	395	-5.9112277
571	306	-5.911311
554	617	-5.911594
858	2	-5.912001
171	561	-5.9125504
351	4	-5.913217
949	54	-5.9134865
555	323	-5.9137006
754	633	-5.9140286
552	428	-5.9144893
362	0	-5.9159236
583	645	-5.9170847
582	637	-5.9184275
411	19	-5.9185057
551	96	-5.9191203
602	8	-5.9192586
465	19	-5.919805
573	70	-5.920085
530	389	-5.920897
787	27	-5.9220233
518	302	-5.922232
534	285	-5.922936
531	193	-5.923227
864	213	-5.9233418
582	169	-5.9246726
794	51	-5.9246883
554	681	-5.9252496
519	194	-5.925784
538	255	-5.92682
879	17	-5.9277854
876	8	-5.9290547
539	40	-5.9300423
511	644	-5.9304466
193	27	-5.9311986
570	101	-5.9317284
564	470	-5.9320636
356	78	-5.9345746
554	168	-5.9346495
743	10	-5.9347506
411	53	-5.935089
600	53	-5.9357963
337	9	-5.936183
539	677	-5.9361897
254	586	-5.936526
800	7	-5.936746
937	46	-5.937081
510	207	-5.9372096
648	8	-5.9374266
667	31	-5.9389052
800	47	-5.93941
722	82	-5.9397445
699	681	-5.9397964
490	456	-5.9398866
538	408	-5.9399347
448	39	-5.9416547
532	418	-5.9417896
572	66	-5.942065
603	56	-5.942107
556	224	-5.9427786
780	31	-5.9436975
556	621	-5.9440355
390	14	-5.94642
562	435	-5.946917
524	233	-5.9470987
589	23	-5.9487157
573	78	-5.950053
936	12	-5.9505854
179	570	-5.950784
746	98	-5.9516644
506	613	-5.953396
553	163	-5.9555855
615	633	-5.955674
326	14	-5.9558225
349	10	-5.956776
940	13	-5.9588842
547	187	-5.9591346
425	16	-5.9596376
930	86	-5.959693
471	247	-5.9613433
541	207	-5.9616423
143	558	-5.9618278
1	36	-5.9618692
55	68	-5.962605
551	314	-5.9627986
591	102	-5.9638805
131	28	-5.9643254
421	80	-5.9647417
735	30	-5.964881
846	9	-5.965014
950	47	-5.96504
551	292	-5.9655695
210	560	-5.965763
204	587	-5.965989
529	41	-5.9666133
870	8	-5.9674535
56	8	-5.968128
687	677	-5.969165
138	29	-5.972072
555	3	-5.9721045
545	193	-5.972319
670	116	-5.9769077
822	8	-5.9779344
691	154	-5.9780507
823	680	-5.97902
522	99	-5.9797473
913	12	-5.97993
504	180	-5.980477
699	108	-5.980722
868	0	-5.981664
266	580	-5.983933
813	667	-5.9842596
821	26	-5.984266
927	67	-5.984803
703	23	-5.9852734
955	140	-5.986599
701	101	-5.9870133
819	55	-5.987985
688	29	-5.987989
846	4	-5.988378
532	442	-5.989217
12	59	-5.9897346
916	32	-5.989751
717	103	-5.9898567
118	20	-5.9902105
887	59	-5.9911656
752	109	-5.9920044
469	137	-5.9923487
470	230	-5.99249
735	82	-5.9928246
345	60	-5.9951386
549	304	-5.9954047
478	257	-5.995598
397	147	-5.996331
560	57	-5.9971933
540	271	-5.997438
926	41	-5.998237
663	9	-5.999942
