x_coord	y_coord	score
144	242	0.91049504
118	275	0.8655313
147	238	0.79783726
158	224	0.759014
105	291	0.7185396
150	234	0.71815383
196	177	0.7040007
155	228	0.69685626
115	279	0.69498134
48	366	0.69077206
119	271	0.6810243
182	194	0.67315495
77	328	0.66758835
107	287	0.6664032
141	246	0.65807533
55	357	0.6529845
52	361	0.6528467
162	220	0.64488673
46	370	0.64393103
89	311	0.63629544
102	295	0.6280277
42	374	0.62786233
29	393	0.62020445
193	181	0.6144545
93	307	0.6010182
74	331	0.5976604
111	283	0.5913305
98	299	0.5650065
65	343	0.5616485
186	190	0.55984926
125	266	0.53911865
58	354	0.5385865
178	198	0.53527427
33	387	0.5327743
221	145	0.5278175
71	336	0.52780354
199	173	0.52405703
85	316	0.5178566
201	169	0.49431965
151	230	0.4885277
138	250	0.48724398
95	303	0.48284462
132	258	0.47689012
190	184	0.47410765
170	210	0.4714463
128	262	0.46983907
166	214	0.4652374
207	163	0.46210614
174	204	0.46065953
37	381	0.45163527
61	349	0.4516348
27	397	0.44603541
69	340	0.44000372
79	324	0.4363918
40	378	0.4261563
237	124	0.410822
230	134	0.39217618
123	270	0.3862839
218	149	0.37871864
204	166	0.37667266
83	320	0.3690777
256	100	0.3560579
226	138	0.32729986
240	120	0.31393215
234	128	0.31138507
224	142	0.3062658
209	159	0.3045164
260	94	0.30431715
264	90	0.30386195
215	152	0.24172196
135	254	0.23650745
268	85	0.22792044
282	67	0.20863798
211	155	0.19082275
154	233	0.17551818
290	57	0.15692666
286	61	0.15162978
251	106	0.13268366
271	81	0.13250318
120	267	0.11130288
75	335	0.10362199
244	116	0.089019984
294	54	0.07446185
161	216	0.06289002
37	386	0.044413537
247	110	0.04180497
278	73	0.02626285
33	392	0.0146769285
26	401	0.011663824
220	141	0.00816828
103	299	0.0013744533
66	347	-0.0049400926
255	104	-0.015961468
275	77	-0.030281395
29	388	-0.054587007
53	365	-0.06546292
296	50	-0.07764968
90	315	-0.10224286
78	332	-0.102502465
61	344	-0.10361296
170	205	-0.10546142
57	350	-0.11375812
73	327	-0.11433616
114	274	-0.115787
112	287	-0.12671334
32	383	-0.12791392
62	353	-0.12952277
54	353	-0.13216525
234	133	-0.14462781
99	304	-0.14552131
46	375	-0.14695388
230	129	-0.1558524
128	257	-0.16309613
166	219	-0.16518262
122	274	-0.16595107
42	369	-0.16731808
158	219	-0.17256543
286	66	-0.17446044
140	241	-0.18635884
146	233	-0.19038156
252	101	-0.217596
178	203	-0.22341983
143	237	-0.22778222
186	185	-0.23697583
89	306	-0.23743738
56	362	-0.24060714
261	98	-0.25366104
93	312	-0.25827336
70	332	-0.2660216
217	144	-0.2700569
181	190	-0.27174604
191	188	-0.27560484
137	245	-0.29057902
263	86	-0.2928818
65	338	-0.293546
51	369	-0.30133826
41	382	-0.30481207
160	228	-0.31257123
83	325	-0.31503874
205	170	-0.32206225
231	138	-0.32593855
148	243	-0.32596853
165	210	-0.32606456
59	358	-0.32711694
116	283	-0.3307284
47	362	-0.33395737
110	279	-0.3341409
84	312	-0.3406476
109	292	-0.34674597
214	148	-0.34732193
189	180	-0.3476643
151	239	-0.3495041
192	176	-0.3511503
278	68	-0.35685754
98	294	-0.3586055
256	95	-0.36507156
182	199	-0.37882745
195	172	-0.3876334
174	209	-0.39117622
79	319	-0.39306328
81	329	-0.39457536
203	162	-0.39693984
174	199	-0.40393412
44	365	-0.40551648
131	253	-0.41071033
145	247	-0.41763693
248	114	-0.42305467
282	62	-0.42640337
270	77	-0.42990443
290	62	-0.43339464
298	46	-0.4389113
226	133	-0.44552508
97	308	-0.4486259
36	377	-0.4490419
25	405	-0.45101538
163	224	-0.4557703
239	116	-0.4575253
134	249	-0.46339
106	296	-0.46617565
124	261	-0.4747591
289	53	-0.47914147
51	356	-0.4983803
154	223	-0.50083846
178	193	-0.5094773
264	95	-0.51294
208	167	-0.51645064
205	158	-0.5433122
102	288	-0.5485564
282	72	-0.56754506
222	137	-0.57159966
259	90	-0.5719273
233	123	-0.5754896
200	165	-0.57669723
32	396	-0.5912666
243	112	-0.5915916
170	215	-0.6075211
215	157	-0.6118448
107	282	-0.62403
252	110	-0.6256715
75	323	-0.6285065
74	339	-0.6536164
142	251	-0.65640026
219	153	-0.6601288
132	263	-0.66281945
236	119	-0.66558325
129	267	-0.6674882
186	195	-0.67206216
38	373	-0.67608273
241	125	-0.67727095
300	42	-0.67743134
269	89	-0.6887696
304	40	-0.69918
88	319	-0.70466816
70	344	-0.7071673
194	185	-0.7123318
238	129	-0.7238125
22	402	-0.7307372
44	379	-0.7324189
203	174	-0.7458209
210	151	-0.7464483
197	168	-0.7598455
115	270	-0.76630855
23	398	-0.77227724
286	56	-0.7850907
225	146	-0.7865485
30	400	-0.79226846
272	86	-0.79381996
273	73	-0.79575986
266	81	-0.80386555
167	180	-0.8111932
139	255	-0.8157426
247	105	-0.8188008
94	298	-0.8225733
21	407	-0.8306982
229	142	-0.8330505
260	102	-0.8457262
200	178	-0.85019135
81	315	-0.8645225
91	302	-0.870157
292	49	-0.8767159
25	392	-0.88195896
279	78	-0.8859306
119	280	-0.8969104
276	81	-0.8988065
222	150	-0.90386975
158	232	-0.9048314
294	59	-0.9098605
212	162	-0.91436386
244	121	-0.9239672
197	182	-0.9306295
207	154	-0.9316758
136	259	-0.9456246
27	360	-0.962008
149	201	-0.9704194
163	182	-0.9712943
307	37	-0.9938239
50	373	-0.99523246
150	226	-0.9974431
37	391	-1.0690852
20	411	-1.1202285
28	384	-1.1423314
148	205	-1.1444793
147	229	-1.1547836
166	206	-1.1548067
29	356	-1.1553904
66	334	-1.2105504
127	271	-1.2121313
268	93	-1.237944
85	308	-1.2550515
79	336	-1.2661972
190	192	-1.3049426
29	404	-1.3256946
163	187	-1.3328812
150	197	-1.3418467
299	53	-1.3556786
32	378	-1.3563315
310	34	-1.3646437
303	45	-1.3804685
155	237	-1.381753
24	410	-1.3893292
301	49	-1.3914776
256	108	-1.406221
87	323	-1.4203328
41	387	-1.4280063
56	346	-1.4289404
144	203	-1.439349
303	36	-1.4492378
28	364	-1.4497261
66	352	-1.4713066
235	137	-1.4771067
156	190	-1.4838543
171	178	-1.4844786
121	237	-1.4851823
294	45	-1.5093538
61	339	-1.5100545
53	349	-1.5210558
116	266	-1.5223064
63	357	-1.5277103
182	186	-1.5346682
104	303	-1.5615258
252	96	-1.5654265
27	368	-1.5661546
57	366	-1.5939312
178	208	-1.6094116
120	262	-1.617964
159	186	-1.6445309
82	333	-1.6569965
311	38	-1.6613989
153	194	-1.6686637
36	395	-1.6790295
45	383	-1.6849332
27	352	-1.7065578
299	38	-1.7241156
113	291	-1.7253083
28	379	-1.7255572
274	69	-1.7284472
211	124	-1.7359402
107	300	-1.7374871
103	284	-1.7423356
28	408	-1.7590635
290	67	-1.7596961
144	209	-1.7791797
167	223	-1.7932914
46	358	-1.8075966
19	415	-1.8131171
229	125	-1.815537
16	412	-1.8159716
94	316	-1.8212065
249	118	-1.8476505
174	214	-1.8560655
287	70	-1.8575257
116	288	-1.8871726
70	349	-1.8945777
167	185	-1.8978993
17	408	-1.9036925
238	134	-1.9117807
48	380	-1.9357005
306	33	-1.9369644
308	41	-1.9454044
78	340	-1.9477513
318	59	-1.9571432
75	343	-1.9600049
97	313	-1.9645939
55	370	-1.9682826
220	112	-1.9704239
213	143	-1.973371
85	330	-1.9836539
150	247	-1.9851973
336	37	-1.9873184
160	192	-1.9886088
248	100	-1.9980576
30	374	-2.0005317
69	328	-2.0079694
332	39	-2.0083237
243	107	-2.0099218
278	63	-2.0182605
219	116	-2.0248587
207	125	-2.0351987
926	80	-2.0396488
38	368	-2.0558493
31	361	-2.0569332
15	416	-2.0700326
169	201	-2.0709302
123	278	-2.0773575
51	377	-2.0807064
98	289	-2.0841274
60	363	-2.0846772
170	220	-2.0935674
153	243	-2.0995197
239	111	-2.1014433
50	352	-2.1038792
265	99	-2.1074023
18	404	-2.1125226
182	204	-2.1133049
262	82	-2.1167672
126	275	-2.119526
234	141	-2.126024
223	108	-2.1260488
145	199	-2.132684
139	236	-2.1361165
283	76	-2.1361809
119	241	-2.137994
160	212	-2.1446724
185	181	-2.1600194
109	275	-2.1731117
102	307	-2.1731157
315	64	-2.182073
7	426	-2.1828618
255	91	-2.1854079
32	368	-2.1899004
216	161	-2.196142
310	67	-2.199773
153	200	-2.2007604
129	237	-2.2135577
110	297	-2.2137926
220	157	-2.2190435
43	361	-2.2266662
132	245	-2.2279232
121	245	-2.2307396
928	285	-2.2345645
140	211	-2.2367508
330	43	-2.2468228
35	399	-2.2508242
296	41	-2.2592402
34	372	-2.2624323
336	72	-2.2676103
215	120	-2.2676404
229	147	-2.274371
926	69	-2.2790065
216	140	-2.2979982
314	33	-2.301401
136	240	-2.3064306
23	414	-2.3064973
27	413	-2.308863
195	189	-2.3143928
229	98	-2.3257892
109	249	-2.328194
278	34	-2.3285093
259	85	-2.3298793
9	422	-2.360364
209	171	-2.3616645
85	286	-2.3628485
223	154	-2.363764
227	105	-2.3650753
40	364	-2.3655183
147	251	-2.3681889
235	98	-2.3690996
149	209	-2.3708832
164	229	-2.3739214
142	232	-2.3748257
159	236	-2.3773272
926	74	-2.3809364
111	245	-2.3816416
252	115	-2.3880968
57	342	-2.390756
157	195	-2.3927462
186	200	-2.3935404
14	420	-2.3962257
226	128	-2.4038453
300	80	-2.4061654
149	193	-2.4166832
315	56	-2.421233
124	256	-2.4217973
25	387	-2.4292786
87	282	-2.4459887
137	263	-2.448831
64	315	-2.4489229
166	176	-2.4524305
226	151	-2.4547396
927	63	-2.455299
134	159	-2.4569466
173	195	-2.458662
129	249	-2.4648414
188	175	-2.4681602
209	147	-2.47627
11	417	-2.4825025
298	57	-2.482937
222	132	-2.4932172
140	260	-2.494328
308	71	-2.4947104
106	278	-2.4971116
321	55	-2.5005758
928	269	-2.501132
62	335	-2.5032036
54	374	-2.5082695
927	84	-2.5125573
120	284	-2.5133636
144	255	-2.5153043
52	337	-2.5247629
927	192	-2.5445576
26	372	-2.5492887
161	178	-2.5503135
328	47	-2.5699584
92	320	-2.5787165
121	232	-2.582904
125	235	-2.5876303
285	52	-2.5973945
18	419	-2.5989966
64	44	-2.6025631
44	354	-2.6033869
199	161	-2.6083922
7	431	-2.6235733
273	40	-2.6338432
928	275	-2.6343255
33	403	-2.637817
210	120	-2.6405084
281	58	-2.6405296
164	191	-2.640633
43	346	-2.6445165
282	33	-2.647073
117	247	-2.650379
89	276	-2.6543336
314	60	-2.6597698
158	182	-2.661718
41	392	-2.6636124
175	174	-2.6677039
294	64	-2.6698442
572	35	-2.673194
927	204	-2.6798134
305	75	-2.6872
134	267	-2.6879756
130	233	-2.6902869
171	170	-2.6918082
127	241	-2.693834
70	44	-2.6943803
29	348	-2.6977181
76	316	-2.7001858
86	303	-2.7074323
80	311	-2.7076256
201	157	-2.722397
207	175	-2.7229316
206	132	-2.7241807
191	171	-2.7314749
927	281	-2.7318306
129	229	-2.7327085
111	271	-2.7328153
13	424	-2.7388456
60	46	-2.7507248
152	188	-2.751036
157	215	-2.7552764
225	112	-2.7578564
158	119	-2.7635243
74	37	-2.7690861
140	205	-2.7694354
176	178	-2.7706978
198	186	-2.7786949
213	166	-2.7791336
288	48	-2.7806692
171	183	-2.7835445
314	68	-2.7864158
154	218	-2.798395
338	33	-2.8043964
33	352	-2.8046422
927	197	-2.8122299
170	174	-2.816369
70	38	-2.8226275
162	233	-2.8305345
89	287	-2.8318639
206	150	-2.8325055
146	213	-2.8335752
273	90	-2.83698
929	265	-2.839095
265	77	-2.8406658
109	255	-2.84476
177	189	-2.8474152
147	166	-2.8521535
239	97	-2.854447
52	345	-2.8582106
297	83	-2.8598897
112	267	-2.8639896
244	85	-2.8646376
926	88	-2.867411
927	185	-2.8736205
85	278	-2.874122
323	51	-2.879988
175	166	-2.8840005
93	281	-2.8874118
278	39	-2.888843
215	114	-2.8965354
270	70	-2.9033766
223	103	-2.9055777
88	327	-2.908135
19	399	-2.9098141
235	115	-2.91346
48	341	-2.9235077
928	291	-2.9237154
55	48	-2.9242606
274	35	-2.9261587
12	413	-2.935172
293	89	-2.9360862
503	33	-2.937542
300	75	-2.9380064
65	48	-2.9409406
52	332	-2.9437437
345	67	-2.9467556
233	145	-2.952726
152	204	-2.9541633
311	63	-2.9550517
203	126	-2.9556792
140	159	-2.9570038
113	251	-2.9657211
140	219	-2.9706147
94	293	-2.9837065
34	364	-2.9869254
112	324	-2.989372
261	106	-3.002583
225	99	-3.0041926
46	387	-3.0046754
922	33	-3.005662
204	179	-3.005922
33	357	-3.0151427
56	333	-3.0159266
233	47	-3.0164218
66	40	-3.020642
77	34	-3.0311186
101	273	-3.0340352
340	71	-3.038847
317	52	-3.044671
148	159	-3.046522
210	128	-3.048104
11	428	-3.0505815
155	185	-3.0538483
177	162	-3.0649807
166	113	-3.0697248
3	432	-3.0700176
115	243	-3.075068
242	130	-3.1062498
106	252	-3.106767
71	34	-3.1112106
64	310	-3.1120028
40	358	-3.1163456
86	290	-3.1164079
97	276	-3.1198204
248	122	-3.1222074
5	436	-3.122228
232	118	-3.12511
67	356	-3.1252189
327	40	-3.1282744
233	94	-3.1300237
231	103	-3.1305122
176	113	-3.1310623
51	50	-3.1322603
277	85	-3.1364918
163	195	-3.137145
89	298	-3.1379027
434	33	-3.1396654
141	215	-3.1397586
152	155	-3.1405942
144	161	-3.1459
203	153	-3.1505387
133	163	-3.152515
73	319	-3.155986
176	170	-3.1563203
105	261	-3.158019
27	302	-3.1674638
74	42	-3.1691275
56	338	-3.1765752
27	344	-3.1791785
62	321	-3.1811068
324	45	-3.1826222
98	284	-3.1837463
105	326	-3.186494
59	50	-3.191147
280	82	-3.1944215
141	200	-3.195541
332	73	-3.1978366
102	280	-3.1984847
202	134	-3.2026143
91	324	-3.2071068
199	129	-3.207727
68	313	-3.2119532
190	197	-3.2194543
170	115	-3.2196796
64	330	-3.2219288
48	335	-3.2239633
201	183	-3.2239695
101	311	-3.2242587
56	44	-3.226246
94	288	-3.2378151
219	106	-3.2388818
262	127	-3.246078
156	115	-3.2464385
928	261	-3.250841
126	252	-3.2526448
103	268	-3.2528155
196	164	-3.2562056
32	407	-3.2607677
245	126	-3.2657678
293	81	-3.2661788
465	33	-3.2696338
337	68	-3.2710764
237	93	-3.2735674
74	347	-3.2744594
662	33	-3.2772021
576	34	-3.2818568
154	121	-3.2895355
926	32	-3.2915683
22	418	-3.2917337
66	319	-3.2950528
93	275	-3.2968934
310	59	-3.3040767
46	350	-3.3088942
228	109	-3.3094935
115	238	-3.3153064
245	81	-3.3212972
218	136	-3.3273673
264	103	-3.3292856
304	79	-3.3317242
53	54	-3.33487
269	97	-3.3378503
206	121	-3.3379333
216	124	-3.3385983
158	95	-3.3393798
87	270	-3.3402648
53	341	-3.3507466
205	138	-3.3538148
676	33	-3.359649
143	165	-3.361784
0	440	-3.3686254
331	35	-3.3694785
60	316	-3.377338
167	171	-3.3841126
109	264	-3.3851216
26	417	-3.3906603
106	272	-3.3915842
130	225	-3.3957536
307	64	-3.4073098
118	251	-3.4101844
64	303	-3.4117944
147	155	-3.4183946
908	52	-3.4184587
150	221	-3.4193115
199	137	-3.4218822
157	201	-3.422442
927	92	-3.4238377
48	346	-3.4244115
40	396	-3.433859
146	225	-3.4342139
145	194	-3.4343483
7	418	-3.4359324
39	348	-3.4369934
783	126	-3.4400759
162	115	-3.4407823
85	299	-3.441772
246	96	-3.442667
147	120	-3.4568508
229	45	-3.4588816
300	33	-3.4613938
252	69	-3.4678507
93	269	-3.4686236
722	35	-3.469159
131	185	-3.4720535
110	241	-3.482429
70	324	-3.483115
115	262	-3.4851067
187	79	-3.4857547
162	207	-3.4863603
211	116	-3.4872205
83	337	-3.4893272
908	47	-3.4902234
27	320	-3.4921262
132	271	-3.4948251
213	59	-3.4974637
164	95	-3.4985125
26	306	-3.5040693
510	33	-3.5085301
209	58	-3.508757
120	257	-3.5096047
0	445	-3.5125089
150	163	-3.514578
290	44	-3.5178316
180	174	-3.5211384
61	41	-3.5213122
86	334	-3.5309045
229	51	-3.5318224
181	182	-3.5349607
251	92	-3.5361075
25	376	-3.5376208
318	34	-3.5384748
134	153	-3.5390077
49	384	-3.5395017
135	167	-3.5412674
68	304	-3.5421345
244	102	-3.542922
138	163	-3.5438318
66	34	-3.5442672
272	94	-3.5446124
157	101	-3.5494766
926	59	-3.5497735
158	126	-3.5505903
246	73	-3.5506837
108	304	-3.55132
282	38	-3.5519376
198	154	-3.554057
274	64	-3.5541248
315	37	-3.555414
323	59	-3.5562825
23	364	-3.5581717
926	119	-3.5618377
51	45	-3.5633643
235	51	-3.5660667
39	354	-3.568363
168	119	-3.5716085
71	48	-3.5727394
270	43	-3.5770147
927	177	-3.5774763
34	61	-3.5777802
0	435	-3.5804522
37	361	-3.5821261
864	183	-3.582947
219	121	-3.5872173
13	409	-3.588625
311	30	-3.5893295
491	33	-3.5942993
168	189	-3.5954742
310	75	-3.5988355
243	93	-3.5992072
178	213	-3.60937
191	104	-3.6102145
41	342	-3.6106715
160	198	-3.6109426
168	227	-3.616124
21	394	-3.6173663
286	32	-3.6195252
327	52	-3.6227705
78	38	-3.6353638
123	306	-3.637443
60	331	-3.6393566
441	33	-3.6406069
109	328	-3.6416597
49	55	-3.6543267
63	52	-3.6563904
154	128	-3.6592488
471	33	-3.6631253
929	354	-3.6642299
174	219	-3.666757
202	149	-3.6691093
136	223	-3.6702867
46	50	-3.6704702
926	112	-3.6722891
340	39	-3.6777856
3	427	-3.6794662
244	77	-3.6807022
113	257	-3.6836743
125	246	-3.6841228
305	68	-3.6868703
154	151	-3.6875129
914	33	-3.6894321
75	299	-3.6898139
153	103	-3.6919153
107	244	-3.6967182
24	383	-3.6996806
52	320	-3.6997573
135	183	-3.7051778
927	210	-3.7094338
182	86	-3.7130122
114	295	-3.7134323
241	89	-3.714064
205	146	-3.717941
152	117	-3.719234
866	179	-3.723384
138	155	-3.7234461
139	168	-3.7248943
144	282	-3.7253535
39	61	-3.7255812
125	230	-3.72699
71	257	-3.7276952
216	110	-3.7311442
56	328	-3.73298
199	124	-3.734696
195	130	-3.7362928
154	159	-3.7373703
58	54	-3.737437
174	117	-3.738003
295	37	-3.738134
169	94	-3.7397676
248	67	-3.7398868
722	46	-3.7424757
319	63	-3.742773
301	71	-3.7439744
341	66	-3.7502484
33	344	-3.751436
273	46	-3.7545698
221	43	-3.7556016
668	33	-3.7565455
17	423	-3.7602253
179	167	-3.7604923
131	221	-3.7634194
140	225	-3.7694786
72	311	-3.77254
148	189	-3.7759051
726	33	-3.7779543
239	106	-3.7791538
255	86	-3.7802107
724	40	-3.7807581
910	43	-3.781103
914	201	-3.7811801
135	235	-3.7812746
320	47	-3.7826657
173	95	-3.785815
335	42	-3.787074
208	143	-3.7887256
64	361	-3.7931113
260	55	-3.7939446
223	117	-3.7946782
76	310	-3.7950063
258	126	-3.7959292
180	115	-3.801109
143	228	-3.8042116
34	53	-3.8086133
23	369	-3.8089986
212	139	-3.810498
325	88	-3.810624
90	294	-3.8132658
239	138	-3.8137515
157	241	-3.8140035
101	257	-3.8173115
239	85	-3.8181434
163	120	-3.8216393
172	111	-3.8230214
112	318	-3.823302
121	227	-3.8266609
926	44	-3.8291605
333	47	-3.8291907
276	43	-3.8312469
228	94	-3.831445
292	40	-3.833115
193	167	-3.8356466
346	63	-3.8380203
82	34	-3.8402996
60	311	-3.8414156
105	256	-3.8446827
190	108	-3.845132
776	33	-3.845504
184	176	-3.8456535
56	319	-3.8470852
108	268	-3.8480694
231	41	-3.8552678
236	89	-3.856991
40	50	-3.8571105
291	85	-3.8585653
289	93	-3.8592567
122	249	-3.8597987
67	300	-3.8656068
267	73	-3.8718283
217	58	-3.8724868
786	123	-3.8735337
186	83	-3.873597
28	340	-3.8756983
144	221	-3.8772416
929	359	-3.8804343
196	72	-3.8817255
162	99	-3.8871975
81	307	-3.8908384
926	96	-3.8962107
64	325	-3.9015489
307	46	-3.903843
802	88	-3.905099
175	86	-3.9064562
99	267	-3.90942
186	160	-3.9094455
568	33	-3.9105535
71	249	-3.9114811
782	121	-3.912759
329	84	-3.9167874
802	33	-3.9191413
329	76	-3.923704
60	326	-3.923722
183	80	-3.9271173
108	323	-3.930409
196	158	-3.9357169
311	55	-3.936803
194	193	-3.937413
927	55	-3.9396281
175	182	-3.9398613
904	56	-3.9401505
257	112	-3.9402876
85	294	-3.9406316
225	49	-3.9408324
26	316	-3.9418464
120	309	-3.942179
260	131	-3.9422193
75	46	-3.9425797
261	78	-3.9428906
117	233	-3.9450207
44	54	-3.945681
342	35	-3.9468
264	123	-3.9476037
28	298	-3.9485657
175	108	-3.951834
144	169	-3.9527984
104	208	-3.9559586
204	57	-3.9568052
83	359	-3.9589703
85	351	-3.959997
104	322	-3.9600341
81	239	-3.9628136
720	39	-3.9629009
499	32	-3.9630744
198	133	-3.9650657
296	78	-3.9685032
244	69	-3.9699366
827	97	-3.9740055
4	423	-3.975542
44	339	-3.9787688
52	327	-3.9797432
47	46	-3.9802442
62	36	-3.981534
385	53	-3.9832332
959	593	-3.988597
103	330	-3.9966063
929	257	-3.9971848
200	59	-3.9976847
170	166	-3.9977717
29	246	-3.9994593
157	155	-4.0008683
101	34	-4.0014873
79	245	-4.0022993
929	250	-4.007787
116	320	-4.0113053
904	48	-4.0147867
100	207	-4.0148487
45	59	-4.0148897
269	52	-4.014895
72	302	-4.0152674
312	42	-4.016459
175	126	-4.0188813
260	122	-4.0189304
195	107	-4.020561
159	130	-4.0210547
779	81	-4.021933
172	91	-4.024041
88	238	-4.0332823
918	34	-4.0344453
37	343	-4.035572
93	34	-4.0368237
79	363	-4.036846
927	157	-4.041314
179	70	-4.0440817
802	95	-4.044796
926	125	-4.048338
210	134	-4.050173
348	59	-4.052567
138	231	-4.055763
150	149	-4.0564175
514	34	-4.0585575
334	77	-4.058735
34	348	-4.0615854
35	57	-4.0626187
221	48	-4.06689
675	50	-4.0733943
165	202	-4.0736
96	272	-4.076026
650	33	-4.0779333
726	45	-4.0781903
229	113	-4.0796213
166	126	-4.0798163
237	102	-4.0830693
72	245	-4.0837393
173	313	-4.087673
927	106	-4.0888615
221	59	-4.0902543
260	63	-4.091077
40	57	-4.092037
77	367	-4.0948353
158	111	-4.09641
187	87	-4.0982175
4	441	-4.099329
79	344	-4.100018
184	113	-4.100612
98	317	-4.1016316
89	266	-4.1032405
896	110	-4.104512
105	204	-4.107727
76	304	-4.109576
926	137	-4.112229
927	220	-4.1126647
333	69	-4.113575
184	108	-4.11562
191	129	-4.115694
197	141	-4.1171865
298	87	-4.1199455
232	108	-4.1201377
202	141	-4.120741
68	51	-4.121038
84	273	-4.121602
273	53	-4.1279216
111	237	-4.1293135
926	181	-4.1309514
110	260	-4.1310153
54	40	-4.132192
925	40	-4.1323953
135	219	-4.13266
31	411	-4.1328497
286	37	-4.13453
501	51	-4.1359587
243	145	-4.1364365
927	49	-4.138097
201	145	-4.141355
675	44	-4.149441
81	282	-4.1507273
908	32	-4.1525574
256	130	-4.1526337
190	133	-4.1529775
228	121	-4.1530576
221	161	-4.1531897
182	162	-4.15616
36	49	-4.158779
175	304	-4.1594353
146	277	-4.1619725
250	75	-4.1656404
862	178	-4.1668286
151	184	-4.167888
158	105	-4.1684084
82	302	-4.1690297
764	34	-4.173471
178	185	-4.1750064
187	72	-4.1770787
252	61	-4.177886
52	381	-4.178059
393	37	-4.1781983
81	287	-4.17842
72	261	-4.180392
916	43	-4.180917
225	44	-4.18345
177	82	-4.1839514
43	47	-4.184187
105	248	-4.185671
82	354	-4.1903963
102	264	-4.190797
143	156	-4.1968317
222	127	-4.19693
178	282	-4.203381
195	102	-4.205934
777	77	-4.2092524
51	59	-4.210768
349	55	-4.2114396
317	30	-4.2128844
827	91	-4.217683
217	44	-4.2182875
895	120	-4.2185926
860	184	-4.2188454
885	34	-4.2224903
133	189	-4.2227845
148	144	-4.225136
580	35	-4.225381
56	312	-4.2262836
163	173	-4.226857
192	156	-4.2268667
0	450	-4.227331
872	33	-4.2278647
222	63	-4.2329235
281	53	-4.2330546
927	165	-4.2355046
14	405	-4.2379503
148	115	-4.238335
21	360	-4.238647
78	43	-4.2389727
81	298	-4.241626
186	134	-4.242963
232	32	-4.244237
206	61	-4.244266
48	330	-4.2467794
167	100	-4.247145
53	316	-4.2490463
136	213	-4.2524366
281	42	-4.253483
287	75	-4.2557592
195	136	-4.258545
195	145	-4.2591906
124	282	-4.261402
916	197	-4.2643833
71	353	-4.2670774
195	125	-4.2712092
77	286	-4.2717395
331	51	-4.272557
270	37	-4.2732677
184	166	-4.2749934
151	167	-4.2752047
39	400	-4.277553
167	130	-4.279205
89	331	-4.281321
333	82	-4.2827396
275	60	-4.283255
199	55	-4.2835855
86	242	-4.2841134
154	144	-4.2850146
959	607	-4.285596
285	89	-4.2874436
178	236	-4.2886868
909	56	-4.2932653
145	217	-4.2994924
246	89	-4.299799
179	158	-4.301757
675	38	-4.3026114
657	33	-4.304027
188	164	-4.304141
95	263	-4.305698
97	33	-4.305864
177	130	-4.3059072
146	151	-4.3075004
235	43	-4.3078604
174	287	-4.308664
162	124	-4.3103623
150	126	-4.310363
24	356	-4.3120384
155	178	-4.3135705
900	108	-4.314623
61	367	-4.315221
927	100	-4.316095
214	55	-4.317889
202	92	-4.319358
140	115	-4.3248744
26	324	-4.3249755
804	83	-4.325023
73	295	-4.326047
258	81	-4.326095
214	130	-4.326978
169	323	-4.3273387
244	141	-4.333252
171	107	-4.3386936
270	65	-4.3391633
336	64	-4.339227
139	104	-4.3426886
248	143	-4.3444004
177	91	-4.346861
175	293	-4.3488584
164	89	-4.349329
321	90	-4.3514266
148	170	-4.351498
55	58	-4.3557234
134	171	-4.3565474
155	164	-4.359028
27	312	-4.359121
164	103	-4.3601966
207	90	-4.3607874
212	111	-4.3617263
211	186	-4.362963
270	56	-4.364616
327	57	-4.3661346
834	34	-4.3675346
171	305	-4.372589
166	108	-4.3762145
154	98	-4.3762565
168	197	-4.3766646
9	435	-4.3779063
238	142	-4.379285
313	72	-4.3817797
87	347	-4.3841186
210	62	-4.3876495
228	34	-4.3886
182	170	-4.389928
268	121	-4.3899555
912	53	-4.3902793
73	253	-4.3914285
518	33	-4.3953605
116	377	-4.395854
922	43	-4.3962464
119	380	-4.3992763
459	33	-4.399414
224	158	-4.400833
120	317	-4.4021134
105	214	-4.4046392
959	601	-4.4086246
225	57	-4.4090123
140	283	-4.409175
232	150	-4.409785
197	65	-4.411892
60	306	-4.4130125
318	67	-4.4156156
797	45	-4.4174323
720	51	-4.4206433
798	34	-4.4215674
862	189	-4.4243608
138	149	-4.4246254
197	150	-4.425846
853	85	-4.427497
160	91	-4.4315424
707	33	-4.432055
323	41	-4.433947
87	34	-4.434554
33	65	-4.434652
170	125	-4.4373617
153	94	-4.4384866
959	587	-4.4388547
64	297	-4.4444036
179	107	-4.4445224
927	232	-4.4462614
106	317	-4.447783
154	107	-4.4510956
271	32	-4.452374
45	391	-4.455262
87	355	-4.456641
183	71	-4.4583187
8	414	-4.4590573
117	292	-4.4594245
148	271	-4.459884
114	314	-4.460448
133	230	-4.4604983
825	101	-4.461152
451	33	-4.461674
258	69	-4.4632826
283	95	-4.4646115
218	62	-4.466156
744	128	-4.466936
57	33	-4.466963
177	308	-4.467411
920	39	-4.4714065
130	157	-4.4750314
137	202	-4.475422
102	318	-4.4762273
266	44	-4.4765277
291	71	-4.4786067
221	98	-4.4786716
28	242	-4.4789877
31	58	-4.483315
895	128	-4.4838
243	134	-4.4865503
55	378	-4.4932785
106	308	-4.4944873
263	58	-4.49513
144	117	-4.4980354
624	203	-4.49819
263	50	-4.5014634
507	51	-4.5020165
58	38	-4.5032277
27	336	-4.5037556
39	45	-4.5038505
172	130	-4.50583
59	260	-4.506054
926	147	-4.506302
718	47	-4.5094113
233	37	-4.509643
248	84	-4.510095
920	125	-4.5119405
258	59	-4.516448
197	212	-4.5169244
73	307	-4.5173473
327	34	-4.5186
790	77	-4.522576
177	244	-4.5235333
8	391	-4.5248756
183	118	-4.526471
27	328	-4.5302362
42	335	-4.5313473
290	34	-4.532841
263	119	-4.53325
790	110	-4.5338435
898	33	-4.5339403
85	235	-4.5348496
264	54	-4.5368605
790	119	-4.5375786
223	39	-4.539905
171	87	-4.5403094
389	39	-4.540322
144	190	-4.5403347
718	34	-4.5462832
187	105	-4.549074
162	107	-4.549308
759	123	-4.5496597
127	222	-4.549897
207	54	-4.5499744
344	72	-4.550737
430	34	-4.5515366
325	83	-4.5530725
912	205	-4.5531793
74	241	-4.5557218
613	33	-4.5561275
487	34	-4.55704
178	119	-4.557168
207	117	-4.5590034
495	34	-4.559139
140	277	-4.5599113
43	63	-4.559944
55	324	-4.561909
319	38	-4.562992
647	42	-4.564046
806	34	-4.565172
284	80	-4.5673165
126	226	-4.567768
902	52	-4.5680223
313	51	-4.5698695
191	80	-4.5731034
959	660	-4.5749683
96	321	-4.5766473
180	273	-4.578102
892	165	-4.580861
330	88	-4.583642
432	47	-4.5861964
959	613	-4.5885205
186	171	-4.589488
223	123	-4.590499
846	171	-4.590906
39	338	-4.592358
316	48	-4.592563
139	184	-4.596566
198	76	-4.5976396
139	142	-4.5982394
299	61	-4.598808
959	577	-4.5990934
188	154	-4.5991254
68	296	-4.599148
913	40	-4.601424
556	76	-4.6020513
178	290	-4.604604
217	165	-4.606409
49	324	-4.607658
183	126	-4.609417
82	341	-4.610031
156	205	-4.6113143
841	171	-4.611644
102	253	-4.6118503
222	52	-4.612375
130	181	-4.6136317
30	62	-4.6138306
834	43	-4.6147733
21	422	-4.6156273
691	33	-4.616131
267	40	-4.6162243
67	56	-4.6188073
224	95	-4.6200953
328	80	-4.621559
906	42	-4.6220965
900	47	-4.622471
166	167	-4.623612
758	34	-4.6248775
100	323	-4.6270857
128	188	-4.6282167
69	308	-4.6288676
672	35	-4.630127
158	142	-4.631554
251	57	-4.6324735
173	187	-4.6329913
176	240	-4.633247
927	295	-4.6381183
556	81	-4.639063
770	34	-4.639212
141	152	-4.640395
275	31	-4.6404195
168	90	-4.642266
860	195	-4.644506
116	383	-4.645347
434	41	-4.646883
71	265	-4.6470428
740	102	-4.6485496
163	129	-4.6498213
169	312	-4.6519213
62	56	-4.652368
150	132	-4.6525493
168	104	-4.6539288
91	262	-4.655087
215	188	-4.658885
927	240	-4.659237
713	35	-4.6606846
151	141	-4.660767
281	86	-4.6625786
138	98	-4.663371
241	47	-4.665493
322	33	-4.665499
840	175	-4.666961
202	120	-4.667662
799	92	-4.668193
30	308	-4.6686845
177	300	-4.668985
75	248	-4.6694555
790	33	-4.671768
67	253	-4.6724854
31	50	-4.6726613
111	301	-4.6733294
153	208	-4.6768656
499	55	-4.6772776
201	63	-4.681968
324	37	-4.683308
58	373	-4.68457
195	79	-4.6847153
926	152	-4.6880164
909	39	-4.6915746
173	283	-4.6931143
305	50	-4.695999
823	155	-4.701434
342	57	-4.701866
177	96	-4.7047234
780	34	-4.70588
239	146	-4.7064533
155	132	-4.7083554
399	37	-4.7089705
724	50	-4.708977
84	364	-4.7097955
266	116	-4.710718
218	102	-4.711556
103	218	-4.7129784
136	207	-4.713748
841	82	-4.7161508
309	79	-4.7199345
122	383	-4.7200646
172	162	-4.721861
446	33	-4.7218966
502	47	-4.722031
901	118	-4.7225866
663	42	-4.7234497
851	89	-4.723505
9	387	-4.7246575
27	294	-4.724674
406	34	-4.7274804
128	111	-4.7281194
133	146	-4.728421
926	161	-4.729121
179	124	-4.7339144
254	135	-4.734097
153	214	-4.7388625
901	112	-4.744852
915	47	-4.747314
784	117	-4.7511497
90	37	-4.7516246
906	135	-4.752313
192	162	-4.7542253
61	32	-4.754296
279	96	-4.754499
172	99	-4.754968
27	277	-4.7552238
77	293	-4.756861
121	372	-4.7570543
81	292	-4.760012
130	217	-4.7603564
171	317	-4.761951
231	55	-4.7624846
180	232	-4.763599
169	193	-4.7639437
36	406	-4.765157
142	147	-4.771681
184	90	-4.7727118
153	111	-4.7778563
250	88	-4.779662
293	75	-4.7799315
285	44	-4.7806005
81	276	-4.782125
502	37	-4.782585
34	340	-4.7826467
140	173	-4.785313
227	61	-4.7880316
929	365	-4.7892194
847	158	-4.7907414
21	373	-4.7916226
165	292	-4.7920055
101	249	-4.7954855
188	147	-4.798054
200	70	-4.7984457
222	34	-4.800903
191	71	-4.803044
44	43	-4.804656
73	287	-4.804979
198	208	-4.8053403
187	130	-4.8063784
928	214	-4.8074675
181	269	-4.808067
201	96	-4.8152623
162	144	-4.816255
584	34	-4.817804
712	47	-4.81793
34	45	-4.81972
217	49	-4.8235807
105	33	-4.828305
571	39	-4.8287916
99	261	-4.8291626
71	54	-4.8310666
147	129	-4.8323193
82	39	-4.832481
256	65	-4.8327985
881	33	-4.83287
115	89	-4.8354607
19	368	-4.8359203
194	68	-4.836074
916	51	-4.8377476
254	125	-4.8392057
800	99	-4.8396564
178	78	-4.842156
483	33	-4.8424287
893	34	-4.8432856
48	42	-4.8436217
899	132	-4.844546
869	119	-4.845824
191	137	-4.8460565
922	121	-4.8465247
16	427	-4.8470755
745	133	-4.847861
60	254	-4.8513637
858	191	-4.8528657
271	61	-4.8541336
227	155	-4.8579745
252	131	-4.858596
927	172	-4.858709
827	85	-4.8593097
161	203	-4.860395
541	78	-4.8607697
231	89	-4.861482
4	446	-4.8631234
203	88	-4.86371
196	60	-4.8642845
266	128	-4.864867
959	582	-4.8660994
513	51	-4.8692036
90	244	-4.8698864
87	360	-4.8717775
563	34	-4.8724604
214	63	-4.8735657
235	84	-4.8737693
214	170	-4.8747582
300	67	-4.8748217
854	44	-4.8756433
852	107	-4.875803
279	90	-4.8767443
157	147	-4.879491
850	98	-4.879877
28	250	-4.8799505
848	166	-4.88001
866	33	-4.885069
671	39	-4.8854933
191	98	-4.8893094
849	196	-4.8902164
218	54	-4.8904877
897	124	-4.8911085
48	62	-4.8929715
186	140	-4.894328
791	106	-4.8960395
259	51	-4.8977933
927	226	-4.897887
182	209	-4.8987684
798	49	-4.898947
742	124	-4.899608
757	129	-4.899884
144	273	-4.9025264
912	196	-4.902612
957	597	-4.9037642
371	33	-4.9043183
65	249	-4.904774
252	83	-4.9048767
149	216	-4.906013
138	108	-4.908359
508	55	-4.908715
812	34	-4.9102383
901	128	-4.910453
4	392	-4.9106407
295	68	-4.911139
466	61	-4.913113
782	77	-4.913355
746	122	-4.914636
214	135	-4.9151382
190	115	-4.917263
167	304	-4.920047
215	181	-4.921612
172	301	-4.9229064
171	224	-4.9248023
480	54	-4.92534
195	56	-4.927094
645	46	-4.930015
132	177	-4.9312487
118	313	-4.9327455
173	121	-4.932888
120	223	-4.9334645
48	317	-4.934308
457	61	-4.9347963
789	126	-4.935018
111	380	-4.9353557
850	34	-4.9361815
472	62	-4.9365716
305	83	-4.9387474
193	152	-4.9392695
145	259	-4.941653
931	272	-4.941775
67	245	-4.943802
179	286	-4.946257
221	179	-4.947057
806	91	-4.947087
318	100	-4.947546
165	300	-4.950954
223	170	-4.951509
350	51	-4.952146
896	116	-4.953429
877	97	-4.954372
777	85	-4.9557705
735	103	-4.955868
268	102	-4.956411
45	33	-4.9587007
143	143	-4.9591956
187	268	-4.960965
465	57	-4.9613094
116	372	-4.9613895
786	129	-4.9626884
213	106	-4.964515
928	299	-4.96454
83	246	-4.9686365
851	94	-4.969787
582	86	-4.9699836
212	42	-4.9702497
397	41	-4.970311
486	53	-4.970549
131	168	-4.970753
853	78	-4.970988
791	114	-4.972537
191	88	-4.9726043
350	65	-4.973095
862	107	-4.9735827
12	432	-4.9742312
509	47	-4.975688
51	33	-4.9767256
671	52	-4.9780316
174	104	-4.978127
180	304	-4.9784384
213	47	-4.9807014
959	681	-4.981357
200	103	-4.981702
728	37	-4.983663
250	139	-4.984292
180	74	-4.984439
334	32	-4.985072
959	666	-4.985635
90	350	-4.9870267
433	37	-4.9929647
959	569	-4.993214
471	54	-4.9933844
182	133	-4.9950023
920	47	-4.996243
734	108	-4.996941
83	269	-5.0006776
185	150	-5.002437
276	50	-5.0026727
266	111	-5.003251
959	521	-5.003744
246	63	-5.0050836
663	37	-5.0058527
168	287	-5.0064945
250	126	-5.0069532
148	103	-5.007561
38	65	-5.0079618
92	328	-5.009555
928	246	-5.0100265
127	279	-5.010931
19	380	-5.0134525
807	95	-5.01418
287	83	-5.014808
889	33	-5.0153136
56	307	-5.0158296
913	209	-5.0162106
30	54	-5.019955
27	287	-5.0204916
507	59	-5.0220985
430	43	-5.023007
54	266	-5.0249453
453	60	-5.02608
671	159	-5.0261
283	48	-5.0263505
209	96	-5.027757
605	91	-5.0298476
203	53	-5.0319905
67	259	-5.032176
294	93	-5.033935
80	249	-5.0341234
386	49	-5.03484
860	34	-5.039425
959	531	-5.0405636
174	247	-5.0430846
219	38	-5.0439982
184	156	-5.0443993
904	139	-5.045253
124	379	-5.0452623
884	165	-5.0472226
166	141	-5.0493145
297	72	-5.050516
926	142	-5.0513806
99	220	-5.053589
190	84	-5.055211
190	76	-5.056708
285	99	-5.0573897
754	46	-5.057766
112	393	-5.061637
817	48	-5.061717
912	213	-5.062393
239	37	-5.0634484
289	79	-5.06389
270	115	-5.065799
218	131	-5.066026
252	121	-5.0671678
80	235	-5.067703
898	55	-5.0683293
176	316	-5.068422
316	41	-5.068684
50	38	-5.0689735
830	46	-5.069359
206	70	-5.0714083
390	34	-5.0736775
712	52	-5.0736804
702	33	-5.0739117
904	147	-5.0740366
303	54	-5.0751715
514	47	-5.0752506
755	42	-5.0756683
865	175	-5.078559
15	401	-5.0794106
757	119	-5.0803733
959	652	-5.0805
858	180	-5.080605
317	91	-5.081113
241	80	-5.082661
959	547	-5.0852184
120	89	-5.0858183
262	110	-5.0900445
29	238	-5.0917125
720	56	-5.0928698
187	204	-5.093945
246	137	-5.0950184
328	72	-5.0953856
241	73	-5.0955887
840	44	-5.0969954
75	258	-5.097326
777	142	-5.099468
323	126	-5.10259
1	454	-5.1030874
54	260	-5.105737
932	283	-5.106689
127	184	-5.1093154
240	51	-5.11027
901	104	-5.110577
838	33	-5.1120195
77	359	-5.1142454
902	32	-5.1144505
9	382	-5.1175966
208	113	-5.1179914
147	140	-5.119712
719	43	-5.120637
930	66	-5.1211505
109	215	-5.121653
195	97	-5.1230807
854	33	-5.1233287
132	193	-5.123899
175	72	-5.12464
737	113	-5.126502
180	278	-5.13015
236	34	-5.1320386
105	312	-5.1345997
76	237	-5.1358213
675	56	-5.136871
249	79	-5.1380606
744	100	-5.1400204
143	263	-5.1410165
116	389	-5.1411996
79	350	-5.1437416
799	108	-5.1437497
322	94	-5.145145
178	137	-5.147405
59	302	-5.1477137
108	210	-5.1490684
855	66	-5.151397
889	38	-5.1514144
637	46	-5.1551275
147	185	-5.1571875
263	66	-5.1572328
140	196	-5.1591086
172	83	-5.1595945
647	50	-5.159781
74	31	-5.1605115
901	123	-5.1646714
175	134	-5.1670427
311	47	-5.1687136
794	32	-5.169012
830	33	-5.1690407
878	165	-5.1694636
137	188	-5.1694875
100	215	-5.1703463
539	82	-5.171029
227	40	-5.174713
120	376	-5.176197
926	131	-5.1764016
959	526	-5.176973
959	541	-5.178987
331	64	-5.1806726
186	123	-5.1810412
301	84	-5.1810503
684	33	-5.1839457
784	33	-5.184078
44	331	-5.184285
959	675	-5.188659
636	42	-5.1887937
716	40	-5.189478
124	310	-5.18968
847	108	-5.191078
383	57	-5.1919613
125	370	-5.1921577
748	149	-5.19437
146	125	-5.195082
133	108	-5.195252
867	107	-5.1961484
896	104	-5.196375
198	88	-5.2030573
209	86	-5.2030826
233	61	-5.2051296
109	203	-5.2053165
8	439	-5.207155
625	207	-5.2106643
63	261	-5.2114244
25	421	-5.2123737
20	390	-5.213398
927	36	-5.2137995
107	238	-5.2146
275	97	-5.2159925
55	281	-5.2160826
96	331	-5.2161584
156	270	-5.219297
77	280	-5.2211385
754	33	-5.2217884
87	339	-5.223679
435	59	-5.2241693
188	92	-5.2251153
171	292	-5.2262874
123	220	-5.226314
7	395	-5.2267303
267	48	-5.227069
751	119	-5.2273297
190	141	-5.227453
817	83	-5.2280636
802	103	-5.230088
116	307	-5.2310767
271	111	-5.23272
396	34	-5.233358
842	167	-5.2344975
706	37	-5.235333
193	92	-5.2364993
584	78	-5.23659
182	104	-5.2381797
892	159	-5.2385325
552	75	-5.2387023
156	90	-5.240226
503	57	-5.2406797
167	319	-5.24072
252	53	-5.2420945
307	29	-5.2453732
60	264	-5.2469296
539	88	-5.247072
256	116	-5.247078
711	40	-5.2472258
715	188	-5.247588
884	144	-5.2478204
610	123	-5.248246
834	48	-5.2484384
139	267	-5.2488413
814	80	-5.2491703
277	56	-5.2515893
866	188	-5.2522063
124	342	-5.252351
959	514	-5.2533474
211	193	-5.255395
179	294	-5.257114
386	43	-5.2584786
117	324	-5.2591505
671	46	-5.2624106
279	30	-5.2645226
345	54	-5.2652974
959	552	-5.267535
830	82	-5.267904
85	264	-5.2687883
78	355	-5.269851
842	179	-5.272315
52	311	-5.2724495
931	278	-5.272579
251	32	-5.2735205
894	169	-5.2735877
26	332	-5.2755723
276	93	-5.2771864
604	86	-5.2780666
326	92	-5.278705
3	419	-5.278813
450	49	-5.2788806
771	77	-5.2792025
352	61	-5.2795544
219	184	-5.2826753
83	345	-5.28565
262	46	-5.2856884
152	251	-5.2864823
219	169	-5.2879806
779	124	-5.2893004
904	131	-5.2897954
165	284	-5.2907977
296	32	-5.2908206
144	182	-5.29257
223	71	-5.293426
3	398	-5.2936516
95	325	-5.294053
174	271	-5.295332
146	111	-5.2957788
190	125	-5.2960353
86	38	-5.29778
5	388	-5.298653
227	168	-5.299258
34	40	-5.2996383
248	130	-5.3003016
222	166	-5.300907
148	136	-5.3011174
172	296	-5.3015895
264	62	-5.3022614
449	57	-5.3026333
844	34	-5.303545
133	210	-5.3070188
881	47	-5.3071146
317	71	-5.307119
802	79	-5.3081274
788	81	-5.3084893
240	33	-5.3086934
197	204	-5.3099885
667	50	-5.3107004
101	203	-5.310726
757	113	-5.3136716
221	174	-5.314836
102	245	-5.315243
117	93	-5.3156033
137	94	-5.316648
193	208	-5.317263
172	309	-5.3181777
806	78	-5.3185635
185	232	-5.3215284
793	49	-5.3222404
149	107	-5.3234634
791	87	-5.323527
762	42	-5.325211
901	136	-5.3252573
217	34	-5.3287253
188	101	-5.329288
73	371	-5.329447
851	103	-5.329941
135	284	-5.332202
148	256	-5.3374386
331	56	-5.337765
619	33	-5.3400917
835	84	-5.3403277
181	240	-5.3405447
719	60	-5.341093
575	38	-5.342509
959	509	-5.3430405
237	79	-5.3464117
131	150	-5.346808
168	308	-5.347358
711	60	-5.34737
959	557	-5.349846
184	272	-5.350881
621	119	-5.3529468
192	148	-5.355066
92	258	-5.356629
22	352	-5.357155
70	239	-5.359695
92	240	-5.3618584
786	75	-5.362453
337	46	-5.363147
324	104	-5.363264
45	39	-5.364026
180	154	-5.364534
605	39	-5.365186
798	41	-5.3655124
318	87	-5.36909
846	44	-5.372388
42	298	-5.373328
807	87	-5.3757677
862	203	-5.3759294
360	83	-5.3762856
849	162	-5.376812
319	128	-5.3831854
167	86	-5.383669
303	30	-5.3847895
850	43	-5.3853393
716	53	-5.387489
182	138	-5.3888984
211	92	-5.389284
545	77	-5.3898606
777	93	-5.3904285
469	58	-5.3932986
159	174	-5.39382
101	211	-5.3939433
169	282	-5.3940873
65	265	-5.394166
809	83	-5.3947988
72	291	-5.395803
217	176	-5.3971896
892	46	-5.397693
210	197	-5.3984866
792	102	-5.3992796
419	51	-5.401665
249	134	-5.404317
173	243	-5.4056115
235	57	-5.406414
381	52	-5.406673
850	82	-5.4075923
399	51	-5.4087844
148	281	-5.410729
624	198	-5.4126782
938	283	-5.412819
13	385	-5.414694
148	181	-5.41527
0	394	-5.4155865
73	269	-5.4176908
240	41	-5.419443
96	37	-5.420951
914	123	-5.4213576
605	97	-5.422334
262	74	-5.4224577
150	276	-5.425383
708	49	-5.4256263
959	501	-5.4260845
793	44	-5.4262247
606	101	-5.426761
793	94	-5.427769
40	404	-5.4283214
715	195	-5.4314146
927	369	-5.4339404
75	351	-5.4340143
932	268	-5.4349084
353	57	-5.4351797
920	131	-5.4357457
125	301	-5.4357696
217	97	-5.435929
959	619	-5.4359875
669	106	-5.4374127
871	47	-5.437475
864	193	-5.4375615
338	76	-5.441235
168	327	-5.442533
167	331	-5.442556
959	564	-5.4434853
852	119	-5.4462514
187	97	-5.4462667
130	276	-5.44722
154	138	-5.44747
830	94	-5.4481707
479	58	-5.448287
391	43	-5.4488425
90	342	-5.450021
41	40	-5.450181
194	83	-5.4506946
870	103	-5.4519944
176	276	-5.4531436
876	169	-5.4546857
212	174	-5.456516
110	376	-5.457866
113	232	-5.458422
912	119	-5.459035
120	289	-5.4595895
33	336	-5.460047
161	148	-5.4602795
838	67	-5.4618497
876	34	-5.4623666
882	37	-5.4629498
847	85	-5.4629498
162	169	-5.469169
366	71	-5.4713674
918	119	-5.4739385
155	247	-5.4747453
3	304	-5.4755874
91	346	-5.4758935
806	99	-5.475925
748	143	-5.476461
608	127	-5.4782968
114	328	-5.4788146
108	332	-5.478844
204	74	-5.479517
198	82	-5.480525
303	63	-5.48159
801	46	-5.483004
934	263	-5.4854245
782	130	-5.4869704
588	35	-5.4901614
262	115	-5.490383
279	46	-5.490683
281	101	-5.4912357
794	173	-5.491685
733	112	-5.491838
921	88	-5.4919043
920	52	-5.4920955
64	256	-5.4928102
184	76	-5.4940987
959	536	-5.494485
30	416	-5.4946814
814	89	-5.4954863
319	22	-5.4964046
236	149	-5.4978642
892	64	-5.4978704
141	287	-5.498311
856	196	-5.498773
578	99	-5.5002913
929	236	-5.504468
830	100	-5.50603
321	84	-5.5069046
342	62	-5.508177
329	123	-5.508468
135	112	-5.509283
929	77	-5.509358
696	33	-5.5104237
255	56	-5.5142174
873	107	-5.516084
667	56	-5.517383
187	119	-5.5186386
883	119	-5.5191674
184	236	-5.52003
112	310	-5.5203023
831	37	-5.522137
75	264	-5.5223145
758	142	-5.5223937
672	164	-5.523037
44	395	-5.523144
851	156	-5.5253
108	372	-5.5259323
742	113	-5.5310135
710	56	-5.5311303
225	31	-5.534958
3	352	-5.535137
755	125	-5.538506
931	288	-5.5386176
434	55	-5.541781
0	458	-5.5426693
67	292	-5.5439277
231	154	-5.544107
669	155	-5.5445375
205	98	-5.5452065
633	62	-5.5469956
730	46	-5.5470047
137	288	-5.549008
827	153	-5.5496354
813	44	-5.5496845
773	81	-5.5504675
99	327	-5.5520897
235	73	-5.5524206
577	103	-5.5526714
54	254	-5.5527573
254	73	-5.5555534
4	110	-5.5557203
165	147	-5.556543
412	34	-5.558912
195	43	-5.5594354
181	93	-5.5611835
82	368	-5.561624
158	160	-5.5625114
140	180	-5.5625415
95	255	-5.563866
592	105	-5.5646663
875	119	-5.565738
908	120	-5.566002
896	157	-5.566122
170	140	-5.5663066
306	60	-5.5666447
837	167	-5.5672426
318	95	-5.567442
9	410	-5.568783
110	362	-5.5694375
197	93	-5.570175
841	89	-5.571882
938	275	-5.57202
580	90	-5.5728345
879	92	-5.5731506
267	34	-5.5743914
856	185	-5.5753717
270	107	-5.5757346
170	134	-5.5759616
329	112	-5.5767436
177	268	-5.577638
107	220	-5.5786157
930	72	-5.579833
207	187	-5.5800095
604	80	-5.582032
108	383	-5.5823545
182	283	-5.585103
901	241	-5.586753
215	88	-5.586962
113	216	-5.5873857
77	252	-5.587571
936	287	-5.5880365
850	191	-5.5888877
205	65	-5.5892935
136	280	-5.5896893
76	50	-5.5918174
904	158	-5.59211
3	359	-5.5921655
265	107	-5.5940323
959	493	-5.595876
608	33	-5.5961103
193	111	-5.597155
792	83	-5.5984817
915	56	-5.5988116
738	126	-5.599408
503	73	-5.6002493
427	47	-5.6002626
257	77	-5.600273
158	135	-5.600566
651	41	-5.601091
336	57	-5.6018147
137	85	-5.60368
78	30	-5.6041236
751	103	-5.604967
73	365	-5.6062
154	274	-5.6084113
855	74	-5.6112547
266	69	-5.6122513
225	91	-5.612921
157	209	-5.614043
831	89	-5.6142855
193	64	-5.615432
426	33	-5.619034
138	90	-5.6198525
79	270	-5.620505
74	283	-5.6226826
277	105	-5.626827
389	52	-5.6271043
184	265	-5.6298766
133	203	-5.630339
453	55	-5.630679
126	159	-5.6306915
116	229	-5.6317797
773	141	-5.631941
938	205	-5.6327124
604	105	-5.632983
194	117	-5.6345296
211	32	-5.635177
7	344	-5.6354046
329	68	-5.636869
366	33	-5.6390176
958	656	-5.639245
709	190	-5.639587
740	120	-5.6403975
172	251	-5.641047
182	308	-5.64173
109	314	-5.641901
38	302	-5.64403
12	390	-5.644662
244	34	-5.6455035
627	115	-5.645601
958	505	-5.6464996
165	70	-5.64694
825	117	-5.6478763
762	144	-5.647951
39	332	-5.649484
741	131	-5.6506915
885	46	-5.651544
501	43	-5.653731
895	133	-5.6540847
581	75	-5.6551776
59	59	-5.6566353
9	377	-5.6567264
82	44	-5.658012
557	85	-5.6591096
551	79	-5.6607776
185	144	-5.66094
732	90	-5.661254
744	142	-5.661383
10	306	-5.6616635
229	28	-5.6626463
176	100	-5.6642666
930	160	-5.6663475
152	269	-5.668114
896	63	-5.66812
182	300	-5.6683984
115	203	-5.669206
61	250	-5.6704826
802	111	-5.6723795
164	288	-5.673545
663	52	-5.6762676
750	123	-5.6769986
148	266	-5.6780114
100	224	-5.679266
30	315	-5.6800056
112	384	-5.680278
109	32	-5.6814804
855	60	-5.6828785
706	53	-5.6836767
902	43	-5.6844983
863	53	-5.6851034
31	301	-5.687349
291	97	-5.687354
484	58	-5.6875277
475	32	-5.6893883
234	22	-5.6895146
823	93	-5.6905637
765	39	-5.690728
227	161	-5.691027
798	87	-5.694039
19	356	-5.6941013
867	45	-5.6941657
436	49	-5.6947913
70	30	-5.6955986
592	97	-5.695639
738	106	-5.695695
874	179	-5.6958194
864	103	-5.696559
429	39	-5.6966863
794	109	-5.6971507
791	65	-5.697313
189	264	-5.698751
247	147	-5.699958
455	35	-5.7001023
873	99	-5.7011433
144	104	-5.7017107
52	63	-5.7018185
769	142	-5.703774
754	38	-5.704367
137	177	-5.7043805
490	37	-5.7053323
18	363	-5.7071786
136	197	-5.707964
893	39	-5.7092614
214	38	-5.710682
167	163	-5.710742
5	348	-5.711076
104	200	-5.7123995
130	105	-5.7124767
186	68	-5.7131696
541	92	-5.717794
930	189	-5.718537
462	60	-5.72385
3	403	-5.7249985
754	64	-5.725802
161	294	-5.726051
938	291	-5.7268624
817	43	-5.7280016
668	100	-5.730297
557	71	-5.730604
5	450	-5.731707
120	368	-5.732093
817	95	-5.7362046
415	49	-5.738239
120	303	-5.7412515
933	355	-5.7419825
826	34	-5.7441044
938	265	-5.74646
202	107	-5.7465224
126	364	-5.746543
445	60	-5.746924
242	149	-5.748411
193	213	-5.7502403
907	124	-5.7506757
645	54	-5.7514315
746	137	-5.751805
92	234	-5.752646
131	142	-5.7527776
861	61	-5.7533774
39	33	-5.7539644
259	135	-5.7546034
29	66	-5.7560396
854	70	-5.7560506
208	76	-5.756102
199	259	-5.7561793
90	335	-5.756761
627	110	-5.7569866
539	74	-5.7597637
478	62	-5.761568
667	40	-5.7621174
528	33	-5.76251
90	31	-5.763544
830	41	-5.764137
795	177	-5.765517
776	39	-5.766299
220	94	-5.766858
27	282	-5.7678776
346	34	-5.769884
895	58	-5.769979
201	205	-5.770292
884	128	-5.7711244
375	32	-5.77126
900	100	-5.774235
2	300	-5.774691
7	353	-5.7747774
488	68	-5.776972
743	105	-5.7772555
247	31	-5.7774324
837	88	-5.7779408
202	187	-5.781275
930	200	-5.7817554
127	305	-5.782185
880	170	-5.7825236
374	61	-5.7827716
317	104	-5.7830997
20	385	-5.783289
835	92	-5.7833357
30	125	-5.7843485
778	73	-5.7845883
715	44	-5.784941
577	87	-5.7853303
787	113	-5.785361
891	59	-5.7854166
850	111	-5.7861285
819	153	-5.7866974
121	144	-5.7880583
258	47	-5.7903824
812	76	-5.790415
872	115	-5.790694
18	376	-5.7910357
422	47	-5.7918687
105	226	-5.793791
267	59	-5.794251
900	59	-5.7949047
406	43	-5.7957397
171	70	-5.7958403
752	50	-5.7968564
726	225	-5.797922
957	393	-5.7979274
611	39	-5.798321
173	321	-5.799386
425	37	-5.7996616
353	47	-5.800387
226	22	-5.8005605
840	61	-5.803219
740	46	-5.805513
916	186	-5.806153
863	65	-5.8094363
959	486	-5.80956
115	81	-5.8104873
162	139	-5.810914
166	135	-5.811123
923	83	-5.8113914
606	121	-5.811549
881	41	-5.8127275
72	235	-5.816058
199	41	-5.817181
905	60	-5.819615
896	48	-5.8196373
863	44	-5.819836
469	108	-5.8207655
930	154	-5.821953
211	52	-5.8223567
750	34	-5.822414
905	38	-5.823411
586	87	-5.8244843
729	41	-5.8249407
501	69	-5.8254814
242	65	-5.825676
5	106	-5.8261075
917	204	-5.8263345
122	346	-5.826477
768	60	-5.826554
608	82	-5.8281565
791	98	-5.8287306
6	250	-5.829026
742	33	-5.829226
732	100	-5.830108
314	22	-5.830166
837	80	-5.8322697
894	153	-5.832712
322	80	-5.832778
553	84	-5.8340664
163	164	-5.834221
784	83	-5.8343754
664	106	-5.8357806
870	37	-5.8381796
210	182	-5.838417
111	207	-5.83911
52	250	-5.840204
900	165	-5.8410015
791	73	-5.841206
920	198	-5.8420773
209	108	-5.8424287
837	37	-5.8430686
93	40	-5.8431563
221	30	-5.843489
906	143	-5.8446927
875	91	-5.844928
819	79	-5.8451605
2	308	-5.8453007
196	52	-5.84548
125	93	-5.8483768
909	202	-5.8491197
501	61	-5.84981
886	169	-5.8525085
792	123	-5.852522
846	177	-5.853011
839	48	-5.8534684
567	37	-5.8537045
215	70	-5.8537693
147	174	-5.8543415
544	81	-5.854616
646	34	-5.855476
216	92	-5.8559966
104	364	-5.856347
89	248	-5.8583436
930	60	-5.859226
753	115	-5.859567
770	73	-5.8603177
779	97	-5.8603806
891	130	-5.860551
11	302	-5.8616767
925	288	-5.86307
112	305	-5.8631587
797	96	-5.8634725
356	84	-5.8649864
323	141	-5.8657837
65	365	-5.865954
325	75	-5.8664846
374	69	-5.868366
160	152	-5.8687944
173	78	-5.868889
917	128	-5.8714466
79	47	-5.8735437
26	425	-5.8752413
650	45	-5.875703
34	34	-5.8759246
815	64	-5.876234
273	104	-5.8764606
207	201	-5.876561
133	290	-5.8768206
247	59	-5.877141
235	153	-5.8789682
231	65	-5.8791056
13	380	-5.8796406
204	102	-5.8797307
330	31	-5.8813567
215	76	-5.8836584
129	213	-5.884138
144	267	-5.8843756
144	132	-5.8849344
789	45	-5.8855166
167	296	-5.8855743
269	125	-5.8864317
104	334	-5.887084
150	99	-5.887922
137	193	-5.8895116
775	137	-5.889711
152	89	-5.891678
199	190	-5.892215
141	111	-5.892575
162	133	-5.894046
327	108	-5.894494
0	424	-5.897178
402	33	-5.8973722
256	32	-5.900091
588	79	-5.900621
875	103	-5.9015403
411	85	-5.902134
137	271	-5.9022436
29	420	-5.902676
722	221	-5.9076514
751	131	-5.908903
474	58	-5.9101253
179	65	-5.91107
864	215	-5.911855
110	90	-5.914921
225	176	-5.9163017
48	300	-5.9166837
818	91	-5.918893
768	42	-5.9194574
825	107	-5.92032
547	73	-5.921526
378	55	-5.9221215
255	139	-5.9232297
798	115	-5.9272103
11	373	-5.928108
326	100	-5.928429
706	45	-5.9291816
3	194	-5.9295373
128	194	-5.9296074
323	64	-5.9298887
43	399	-5.929917
916	192	-5.9305873
845	163	-5.932047
189	212	-5.932863
348	71	-5.9334106
847	102	-5.9334846
857	81	-5.935914
755	133	-5.9378915
143	121	-5.938725
3	384	-5.939082
636	59	-5.9392667
331	119	-5.9401827
900	154	-5.941479
202	200	-5.944443
275	109	-5.9445972
68	360	-5.944722
171	256	-5.945748
7	401	-5.9461727
90	43	-5.946753
958	671	-5.9469395
897	38	-5.948105
937	279	-5.9491024
518	49	-5.9494376
321	29	-5.952093
191	120	-5.955167
884	157	-5.9559836
760	150	-5.956347
174	139	-5.9573245
612	119	-5.9583
119	386	-5.958718
114	212	-5.958749
1	389	-5.963757
932	253	-5.963785
881	63	-5.9643655
833	97	-5.9644375
469	38	-5.964895
853	37	-5.9648976
885	40	-5.9649887
202	209	-5.9657173
957	387	-5.966245
647	58	-5.966953
758	48	-5.967585
817	32	-5.967864
18	306	-5.96833
272	100	-5.968496
641	45	-5.970921
190	272	-5.971286
104	376	-5.9719296
3	182	-5.972705
355	100	-5.973355
955	591	-5.9754333
324	122	-5.975813
766	64	-5.975906
188	208	-5.976701
182	289	-5.977336
179	150	-5.977739
759	38	-5.9787316
4	99	-5.9787545
858	43	-5.9790025
825	159	-5.9791803
324	22	-5.9800196
476	53	-5.9801655
213	98	-5.981046
933	259	-5.983655
27	254	-5.9841666
4	415	-5.9866414
779	89	-5.986958
60	246	-5.987114
414	44	-5.987133
712	64	-5.989299
111	388	-5.989443
959	625	-5.9895043
636	34	-5.9909286
176	146	-5.9913416
69	60	-5.9939504
49	390	-5.994027
398	55	-5.995058
403	38	-5.9965296
209	48	-5.9970956
3	114	-5.997976
631	108	-5.998452
659	39	-5.998751
