x_coord	y_coord	score
76	145	0.21001503
74	151	0.18879154
79	141	0.048959017
100	101	-0.010365367
73	155	-0.012976974
71	159	-0.0570319
61	176	-0.071450084
102	97	-0.1021125
80	137	-0.1491197
99	105	-0.18206936
59	180	-0.19330789
63	172	-0.20789948
78	149	-0.24615969
54	187	-0.3032468
66	167	-0.30390024
48	198	-0.30956167
69	163	-0.31078094
83	133	-0.3209071
44	206	-0.33452997
50	371	-0.33720392
103	93	-0.33986074
52	367	-0.3487687
46	202	-0.35839128
56	183	-0.40871096
52	191	-0.4141789
104	89	-0.4264103
87	129	-0.43770963
43	210	-0.44747135
97	109	-0.47889546
95	114	-0.4835913
35	222	-0.5003212
89	125	-0.51545
92	118	-0.5209237
56	364	-0.53893596
105	85	-0.5423389
119	59	-0.54956865
81	145	-0.5643003
33	226	-0.6152841
49	194	-0.6343322
46	375	-0.63903916
29	233	-0.6602001
40	214	-0.6763302
99	94	-0.67656183
96	102	-0.6957694
77	154	-0.7030319
83	140	-0.7085055
53	195	-0.7121498
67	171	-0.71570593
36	218	-0.72117144
42	379	-0.72502637
88	120	-0.7446431
60	184	-0.755198
38	387	-0.8199121
111	75	-0.8274235
116	62	-0.830292
40	383	-0.8332954
59	361	-0.8398993
32	393	-0.8479221
76	138	-0.8597063
28	399	-0.8643653
109	83	-0.86483145
97	98	-0.87774444
120	55	-0.8846855
58	188	-0.88470125
70	152	-0.894537
25	404	-0.92520356
100	90	-0.9326192
60	357	-0.96139956
113	69	-0.97124255
72	147	-0.9742296
68	156	-0.97846854
62	168	-0.98635864
52	362	-0.998803
56	192	-0.9992689
40	220	-1.0017537
46	369	-1.00339
850	33	-1.0079331
42	366	-1.009331
76	158	-1.0155934
48	365	-1.0253868
66	175	-1.0369513
64	179	-1.0448233
94	106	-1.0448347
47	209	-1.0551542
66	160	-1.0727755
27	237	-1.0748705
108	79	-1.0826012
93	110	-1.0858123
846	32	-1.088697
45	362	-1.0887043
87	134	-1.0950232
32	230	-1.099215
23	408	-1.1023693
83	128	-1.1178188
104	81	-1.1569276
29	227	-1.1605163
101	86	-1.1643535
31	377	-1.1643994
70	168	-1.1654658
64	353	-1.167208
855	33	-1.1672701
52	199	-1.1780177
40	207	-1.188002
78	133	-1.1921864
24	400	-1.198924
93	122	-1.2094463
32	398	-1.210385
48	359	-1.2121586
55	179	-1.2187855
27	381	-1.2266959
60	342	-1.2379625
36	391	-1.2480999
44	197	-1.2610897
47	379	-1.2687527
90	114	-1.2785025
59	171	-1.2825401
74	162	-1.2828907
49	205	-1.2999389
115	58	-1.3029511
57	175	-1.3059366
602	110	-1.3115927
28	394	-1.3201118
73	142	-1.3213884
842	33	-1.3256911
42	373	-1.3279741
85	124	-1.3357878
117	66	-1.3417869
103	104	-1.3550134
63	164	-1.3696288
111	65	-1.3955191
56	369	-1.3973091
52	355	-1.4029493
43	217	-1.416028
60	351	-1.4162384
99	113	-1.4302435
66	338	-1.4406675
42	201	-1.4410352
68	349	-1.4479074
27	387	-1.4522004
57	354	-1.4689267
112	61	-1.4736469
27	375	-1.483286
707	161	-1.4938515
19	410	-1.4942656
109	71	-1.4990002
701	161	-1.5033016
55	359	-1.5129561
29	241	-1.5166585
32	373	-1.5234658
31	388	-1.5249447
29	403	-1.5308024
119	51	-1.5540578
38	370	-1.5552047
699	157	-1.5561408
48	190	-1.5583067
37	227	-1.564968
695	156	-1.5663545
108	88	-1.5765209
838	32	-1.5890828
24	395	-1.6161356
76	353	-1.6249352
80	349	-1.625201
606	111	-1.6420196
33	234	-1.6539841
51	375	-1.6583905
40	362	-1.6584078
914	209	-1.6665258
116	54	-1.6749156
60	365	-1.6749789
96	119	-1.6749861
115	73	-1.681153
37	379	-1.6876714
691	157	-1.6974262
36	213	-1.6985033
34	383	-1.7081702
38	375	-1.7242382
44	384	-1.7335023
19	405	-1.7375815
45	193	-1.7381129
46	213	-1.7498794
62	347	-1.7609229
107	92	-1.7671019
66	343	-1.7707921
105	76	-1.7862524
105	100	-1.7983025
120	63	-1.8008796
625	124	-1.8086236
42	389	-1.8155423
30	193	-1.8179367
106	96	-1.8193918
598	109	-1.8369734
618	119	-1.8623668
123	52	-1.8631357
63	360	-1.8698332
100	82	-1.8816247
29	197	-1.8841313
610	110	-1.8842229
113	79	-1.8892075
610	115	-1.8894217
40	393	-1.8895165
79	129	-1.8981903
74	115	-1.9049422
30	384	-1.9052836
44	358	-1.9156129
860	33	-1.9176217
32	96	-1.927083
36	396	-1.9299024
31	221	-1.9355463
599	97	-1.9478575
61	338	-1.9495313
589	99	-1.9757384
695	161	-1.9761077
51	184	-1.9824705
27	245	-1.984399
614	116	-1.988892
711	162	-1.9908228
614	111	-1.9939964
737	47	-1.9943227
918	211	-1.9953132
69	115	-1.9976205
76	105	-1.9979945
581	87	-2.0005305
91	130	-2.0054057
31	369	-2.0122216
546	78	-2.0250387
47	355	-2.0254793
734	43	-2.0287194
123	47	-2.0303571
30	407	-2.0304337
118	70	-2.0409484
80	344	-2.047354
536	71	-2.0532892
55	350	-2.0594885
70	339	-2.0696056
76	348	-2.0721118
540	72	-2.073957
525	63	-2.0786643
626	120	-2.0898848
705	157	-2.095135
619	123	-2.0984805
33	404	-2.107473
81	152	-2.1182117
102	109	-2.1196404
603	99	-2.1287425
688	154	-2.1345704
40	398	-2.14662
807	191	-2.1542883
37	366	-2.154742
36	401	-2.1656477
124	56	-2.1677153
68	119	-2.1690986
51	351	-2.1738198
633	124	-2.1743789
48	383	-2.1770227
611	103	-2.1895175
101	78	-2.1897552
645	126	-2.1928706
693	152	-2.1962361
78	100	-2.1965199
36	231	-2.2037249
27	410	-2.2147596
55	373	-2.2181096
607	107	-2.2293043
544	74	-2.2293718
72	345	-2.23385
123	60	-2.238134
66	357	-2.2395964
607	101	-2.2544715
442	32	-2.255459
41	224	-2.2559693
31	189	-2.259378
62	189	-2.2645926
74	109	-2.2673135
529	65	-2.2750473
603	106	-2.277525
552	72	-2.2777054
596	34	-2.282805
588	95	-2.296133
563	78	-2.3035054
811	192	-2.303915
25	391	-2.3042355
87	139	-2.304865
52	379	-2.3069663
32	238	-2.3116815
843	29	-2.319468
585	89	-2.3196254
63	156	-2.3247359
662	138	-2.3257315
73	119	-2.326928
20	401	-2.3293042
671	142	-2.3372538
742	47	-2.338647
905	76	-2.339857
666	77	-2.3409607
689	150	-2.3428786
107	67	-2.3457541
925	213	-2.3488004
69	123	-2.3536232
638	126	-2.3690746
68	148	-2.3769448
906	209	-2.3780167
96	91	-2.3795516
652	126	-2.3797572
561	74	-2.3823063
71	172	-2.3853178
915	220	-2.3869421
60	370	-2.3885813
910	211	-2.3891923
112	55	-2.395686
57	196	-2.396348
64	364	-2.398299
730	41	-2.4085455
612	99	-2.4095592
60	193	-2.4110787
74	134	-2.4135053
551	79	-2.416101
803	190	-2.416281
657	137	-2.4183564
813	196	-2.4220824
599	105	-2.4221978
578	84	-2.4270575
104	72	-2.4299483
890	148	-2.4347918
737	33	-2.434901
919	219	-2.441353
869	210	-2.4423409
598	101	-2.4432514
629	126	-2.4526103
542	79	-2.4538603
108	62	-2.4576871
848	212	-2.4619346
822	42	-2.4628582
834	33	-2.4636276
533	63	-2.4653633
671	78	-2.4667425
69	353	-2.4683182
727	171	-2.4706085
613	107	-2.4722388
32	217	-2.477739
718	40	-2.4806962
685	148	-2.4838805
113	84	-2.488667
595	98	-2.4892464
118	47	-2.492795
91	65	-2.4936185
749	171	-2.4959228
732	47	-2.4961967
58	346	-2.4981625
567	79	-2.5087063
34	195	-2.5097575
534	67	-2.510484
588	35	-2.5106816
626	111	-2.5160556
611	119	-2.519149
446	33	-2.520116
85	144	-2.5203786
582	34	-2.520591
831	201	-2.524657
622	118	-2.5248942
763	57	-2.526585
117	77	-2.5283623
755	169	-2.5311003
74	357	-2.5323694
740	43	-2.5343509
731	174	-2.5346975
642	129	-2.537873
715	161	-2.5378807
97	87	-2.5428262
897	210	-2.5434325
538	77	-2.544024
665	141	-2.5454233
19	415	-2.5473027
548	73	-2.5500755
615	122	-2.5518122
691	84	-2.5555537
771	56	-2.5564218
711	157	-2.5576494
628	53	-2.5611107
712	39	-2.5703447
827	200	-2.575733
64	185	-2.5768402
831	39	-2.5776951
656	125	-2.5792422
634	53	-2.580126
564	85	-2.5806713
76	343	-2.5834095
906	80	-2.5855386
619	115	-2.5858717
643	115	-2.5879505
872	146	-2.590169
839	40	-2.5946147
65	152	-2.5949175
778	121	-2.5951266
593	91	-2.6004913
837	28	-2.6006944
617	43	-2.6010454
571	87	-2.607857
8	414	-2.6087599
28	201	-2.6094177
683	152	-2.6104014
848	151	-2.610753
60	159	-2.6109912
55	158	-2.612376
678	77	-2.6138308
30	263	-2.6140144
627	115	-2.61519
675	80	-2.616192
816	40	-2.620928
925	224	-2.6230767
554	76	-2.6265616
675	144	-2.6267085
712	98	-2.6273823
660	126	-2.6294942
479	32	-2.6320274
45	246	-2.6374342
600	93	-2.6375887
559	79	-2.638503
874	202	-2.6404083
733	37	-2.640546
680	146	-2.6410804
34	92	-2.6463518
917	215	-2.6471698
622	46	-2.6493459
619	107	-2.6498845
726	40	-2.6511335
921	223	-2.6558428
566	89	-2.6565285
591	103	-2.6605477
32	102	-2.6624913
740	51	-2.6640024
77	112	-2.6651258
557	72	-2.6660802
911	219	-2.6662948
59	165	-2.667737
94	126	-2.6681926
661	72	-2.668983
606	96	-2.6709218
672	125	-2.6713886
874	210	-2.675156
653	66	-2.6777925
28	249	-2.6779504
82	99	-2.6792314
553	68	-2.6794083
901	78	-2.6802788
900	141	-2.6814091
657	68	-2.6860054
604	116	-2.6920633
572	83	-2.6945894
767	58	-2.6953027
53	174	-2.6968906
676	148	-2.6976833
594	38	-2.7002115
708	38	-2.7011178
762	117	-2.70322
70	111	-2.7034698
698	153	-2.7046137
732	170	-2.7062683
90	107	-2.7079573
841	184	-2.710426
47	389	-2.7122133
647	130	-2.7159312
53	203	-2.7161489
811	200	-2.7189744
702	154	-2.720037
843	38	-2.7206702
664	125	-2.720766
737	39	-2.7215807
29	259	-2.7246265
75	166	-2.725377
902	82	-2.7253816
808	195	-2.7255523
689	79	-2.7284741
530	69	-2.7284765
86	116	-2.7303724
708	99	-2.7364435
592	32	-2.736842
642	123	-2.7421377
128	46	-2.7426922
907	84	-2.744256
517	54	-2.7471366
902	211	-2.7479131
659	141	-2.7484655
577	89	-2.751757
909	77	-2.7549624
508	51	-2.7570546
854	40	-2.7571938
80	104	-2.7571995
93	99	-2.7572916
589	87	-2.7581592
578	33	-2.7594302
897	148	-2.7606769
709	93	-2.7612734
15	408	-2.7613554
919	150	-2.7615442
595	106	-2.7621212
803	125	-2.7621615
793	119	-2.7666526
844	146	-2.7676282
26	230	-2.7688887
924	220	-2.7734218
55	170	-2.7738883
826	43	-2.7753465
817	200	-2.7754993
59	374	-2.7768667
602	40	-2.7775366
23	413	-2.7776127
72	350	-2.7818882
650	49	-2.782827
925	174	-2.7841616
679	81	-2.785167
651	133	-2.7857754
704	164	-2.78636
545	70	-2.78679
638	55	-2.7868662
104	59	-2.7871234
612	42	-2.7878454
677	137	-2.7879155
524	58	-2.7893138
84	148	-2.7926223
759	58	-2.795794
928	33	-2.7958229
62	220	-2.797006
596	42	-2.7987735
687	85	-2.7997844
538	66	-2.8003078
31	246	-2.8011084
43	252	-2.8014257
856	212	-2.8015776
869	202	-2.8051622
910	81	-2.80545
640	51	-2.8065925
804	121	-2.8106425
80	125	-2.812481
759	171	-2.8138607
926	151	-2.8180583
597	90	-2.819
673	138	-2.8198578
721	104	-2.8202574
23	241	-2.8237686
755	57	-2.8238251
728	45	-2.8245246
549	67	-2.8261368
647	113	-2.8293586
663	87	-2.8302414
805	34	-2.831655
483	33	-2.8322308
806	129	-2.8330915
41	258	-2.8343813
605	43	-2.8358088
927	67	-2.8394125
601	35	-2.8394215
689	161	-2.8457072
561	89	-2.846521
864	211	-2.8471756
51	178	-2.847458
648	123	-2.8516858
710	34	-2.85383
748	116	-2.854945
630	119	-2.8570056
835	202	-2.857875
922	209	-2.8588903
104	64	-2.8590443
719	44	-2.8599472
749	128	-2.8605402
833	184	-2.8622155
834	43	-2.8624525
837	36	-2.863265
891	209	-2.8635604
844	138	-2.8635893
818	44	-2.8641574
917	224	-2.8651652
921	214	-2.8655624
795	123	-2.8659985
544	66	-2.8689053
877	146	-2.8693697
837	183	-2.87123
880	75	-2.8792748
745	170	-2.8797715
897	74	-2.880261
568	84	-2.8806193
75	123	-2.8806498
842	43	-2.8812768
747	47	-2.8818738
644	50	-2.8849862
799	199	-2.8857684
512	52	-2.8889158
884	148	-2.8903441
922	94	-2.8911846
719	163	-2.8927236
115	50	-2.8939812
55	163	-2.8944438
830	44	-2.8959718
893	81	-2.8985445
74	101	-2.8989651
759	53	-2.8998137
927	79	-2.900837
585	98	-2.9018946
100	74	-2.9021547
662	76	-2.9022791
772	121	-2.9037588
867	195	-2.904933
820	36	-2.9051015
32	185	-2.9068851
904	147	-2.9072022
669	137	-2.9077435
695	86	-2.9113717
437	32	-2.912239
594	110	-2.9131186
626	47	-2.9192855
634	120	-2.9193354
882	206	-2.9227684
109	58	-2.9250824
69	144	-2.9255567
584	93	-2.9282427
579	99	-2.9310775
732	33	-2.932633
619	54	-2.9331038
862	198	-2.934457
826	34	-2.9345002
848	160	-2.9351819
68	361	-2.935409
59	154	-2.9367876
596	94	-2.9415638
94	95	-2.9424608
537	62	-2.9441674
645	134	-2.9470704
626	129	-2.9483218
47	186	-2.948902
618	47	-2.9499135
624	107	-2.9520285
529	60	-2.95264
863	193	-2.9530141
784	120	-2.9530237
875	195	-2.9568694
886	209	-2.957045
833	29	-2.9577212
844	209	-2.9580567
636	116	-2.9582157
816	192	-2.9592464
804	194	-2.9600992
789	193	-2.9613018
799	191	-2.9613783
834	198	-2.9618728
738	170	-2.9628763
823	199	-2.9631748
641	119	-2.9645152
127	51	-2.9659753
44	221	-2.966651
927	217	-2.970254
69	178	-2.9704905
523	54	-2.9752498
634	128	-2.976619
36	208	-2.9773788
847	36	-2.978439
754	173	-2.9804895
914	80	-2.9811842
806	186	-2.9818106
702	35	-2.9827948
560	83	-2.9831262
801	129	-2.9839342
122	108	-2.9844515
32	200	-2.9847503
916	88	-2.9862852
722	41	-2.9864864
588	40	-2.9871624
735	176	-2.9875371
721	145	-2.9887724
897	79	-2.9894528
516	50	-2.9899962
683	84	-2.9907372
915	149	-2.9928675
608	40	-2.9966767
47	242	-2.997632
746	51	-3.0008383
888	141	-3.0024252
848	40	-3.0032153
555	80	-3.007437
728	35	-3.008566
620	111	-3.0101347
668	126	-3.0103314
100	68	-3.0106876
705	92	-3.011114
764	121	-3.0113962
11	411	-3.012438
684	156	-3.0124483
623	53	-3.0129044
810	127	-3.0181842
762	175	-3.0209517
750	57	-3.0231633
504	50	-3.024127
69	335	-3.0250113
912	86	-3.0261369
44	189	-3.026292
36	237	-3.02838
865	33	-3.0288334
56	200	-3.028938
647	119	-3.029392
657	76	-3.0295386
41	245	-3.029988
565	72	-3.0315406
810	188	-3.0321472
813	204	-3.0322268
856	63	-3.0341477
621	42	-3.038092
130	33	-3.0405133
75	130	-3.0406728
904	142	-3.041188
887	145	-3.0434334
633	49	-3.0448186
663	130	-3.0460799
777	185	-3.046116
742	33	-3.0489228
599	45	-3.0493414
834	48	-3.05009
751	49	-3.05034
743	128	-3.0534637
900	216	-3.0535893
38	203	-3.0546713
907	72	-3.0551543
627	57	-3.0572515
727	176	-3.059744
521	64	-3.063451
925	87	-3.0638845
880	202	-3.063939
84	346	-3.0656326
83	120	-3.0661216
556	89	-3.0667207
859	195	-3.0669644
913	76	-3.0682485
636	41	-3.0686855
92	69	-3.0690012
721	169	-3.07048
683	74	-3.071415
678	70	-3.071563
573	91	-3.0728428
631	56	-3.0745397
763	51	-3.0751555
905	219	-3.0754135
571	78	-3.0760107
589	109	-3.0784886
96	83	-3.0789883
30	271	-3.0792892
685	78	-3.0808475
918	154	-3.0811467
679	154	-3.0822933
840	201	-3.0827165
100	62	-3.0831218
889	76	-3.083815
713	94	-3.0847938
770	61	-3.085035
838	46	-3.08514
534	75	-3.086381
870	206	-3.086518
807	199	-3.0887256
831	191	-3.0891805
575	80	-3.0921128
609	45	-3.092397
579	93	-3.0930245
87	111	-3.0931325
871	196	-3.0932343
567	93	-3.094318
128	55	-3.0960276
827	38	-3.0988472
632	115	-3.1018188
679	142	-3.105086
644	55	-3.1062615
669	82	-3.1069653
720	99	-3.1073096
77	118	-3.1082144
450	32	-3.1087072
75	339	-3.1096938
34	408	-3.1100428
40	193	-3.1107137
94	62	-3.1109464
121	67	-3.1112695
631	111	-3.11616
33	242	-3.1162655
673	84	-3.118017
106	238	-3.1186101
758	116	-3.1189857
927	55	-3.1200988
797	127	-3.1201098
837	188	-3.1236038
819	196	-3.1244905
524	67	-3.124586
27	415	-3.1251018
847	188	-3.1258194
670	74	-3.1261978
69	129	-3.1267593
884	77	-3.1298912
640	40	-3.1310763
913	214	-3.131455
830	35	-3.131829
681	138	-3.1331625
15	414	-3.1332588
64	216	-3.1340244
745	43	-3.13484
725	105	-3.1369212
23	247	-3.1376348
844	204	-3.13826
880	211	-3.138328
616	104	-3.1389847
900	207	-3.139432
843	151	-3.141133
829	196	-3.1412084
717	167	-3.1423934
163	101	-3.1428013
613	46	-3.1435084
902	73	-3.1437244
27	370	-3.1441464
653	138	-3.146767
896	142	-3.1477158
80	157	-3.1479447
724	166	-3.1485672
748	175	-3.1487749
37	259	-3.1512918
28	255	-3.153414
656	72	-3.1541672
889	83	-3.156053
60	150	-3.15613
650	54	-3.1622283
39	198	-3.1626847
623	114	-3.1649323
541	63	-3.1652675
123	77	-3.165305
91	103	-3.1655662
650	33	-3.1670604
7	418	-3.1684165
926	96	-3.1692886
755	50	-3.1697965
520	51	-3.17184
69	107	-3.17212
884	67	-3.1722233
60	224	-3.176446
809	205	-3.1765501
832	205	-3.176767
516	33	-3.176938
105	55	-3.1769516
516	58	-3.1775908
921	90	-3.1776412
36	361	-3.178294
527	53	-3.1801805
893	145	-3.1824334
847	155	-3.1839697
724	100	-3.1847172
122	96	-3.1857326
747	33	-3.1880946
909	215	-3.188576
800	195	-3.1885839
599	113	-3.1888134
594	87	-3.1903393
838	52	-3.190454
666	72	-3.1914108
125	43	-3.1922448
28	267	-3.1932766
583	83	-3.1942317
91	73	-3.1944754
847	49	-3.1947784
788	121	-3.1955
575	95	-3.196609
840	208	-3.196817
675	74	-3.1974335
45	393	-3.1990342
716	102	-3.1991081
873	134	-3.2000072
80	354	-3.2021058
849	184	-3.2075484
55	153	-3.2077146
96	66	-3.2085636
711	102	-3.2096825
520	59	-3.2102635
898	84	-3.2112634
661	66	-3.2115946
80	95	-3.2136385
766	54	-3.216243
433	33	-3.216403
725	144	-3.2174041
31	411	-3.2188962
922	153	-3.2205732
72	200	-3.2224011
908	149	-3.222552
881	145	-3.2231646
927	92	-3.2239048
65	126	-3.2253351
671	130	-3.2336125
634	45	-3.234879
708	165	-3.2350168
655	129	-3.2352352
51	386	-3.2354174
32	212	-3.2355967
879	196	-3.2360423
32	365	-3.2363904
922	161	-3.237402
768	120	-3.2389388
55	224	-3.2401702
751	167	-3.240664
718	35	-3.2416801
822	192	-3.2416923
855	53	-3.242122
394	33	-3.2430792
842	48	-3.24315
816	35	-3.2448645
911	206	-3.2453837
742	116	-3.2462404
792	129	-3.2467277
649	109	-3.2476137
117	82	-3.2529514
704	98	-3.2534163
606	36	-3.2544763
754	61	-3.2567315
656	133	-3.2573733
843	142	-3.2589755
855	208	-3.2601383
848	145	-3.2603514
79	340	-3.260415
641	109	-3.2621446
735	51	-3.2637694
849	208	-3.2643898
899	70	-3.26485
100	117	-3.264982
724	34	-3.2656724
579	79	-3.2670243
779	56	-3.269428
790	125	-3.272512
32	108	-3.2741585
873	124	-3.2756507
893	75	-3.2762158
846	45	-3.2772257
651	115	-3.2781076
43	241	-3.2790866
644	61	-3.280166
786	190	-3.2815104
775	58	-3.2817628
763	45	-3.2822273
868	145	-3.282508
28	276	-3.2838929
49	172	-3.2842877
706	33	-3.2859561
790	189	-3.2881827
755	45	-3.2892275
625	43	-3.2948859
48	237	-3.2996871
683	143	-3.3008232
495	42	-3.3015325
612	125	-3.3038325
849	29	-3.3068347
27	223	-3.3101325
92	77	-3.3106058
843	53	-3.3132136
129	84	-3.3144076
759	47	-3.3145027
32	250	-3.3145778
51	165	-3.3155894
611	95	-3.3163724
912	223	-3.3166986
926	163	-3.3183553
825	195	-3.3188841
72	126	-3.3191817
857	187	-3.3206048
78	189	-3.3247862
869	133	-3.324859
701	94	-3.3262427
78	163	-3.3301985
705	105	-3.3316429
895	206	-3.3316581
37	405	-3.3351645
793	194	-3.338382
716	145	-3.33868
559	68	-3.3400767
908	88	-3.3411298
752	117	-3.3422995
869	141	-3.3428268
554	84	-3.3456476
828	204	-3.3463826
779	117	-3.3469024
692	51	-3.3484418
886	204	-3.3487203
662	144	-3.3488736
667	89	-3.3495367
894	151	-3.34962
917	206	-3.351355
704	39	-3.353892
509	55	-3.3539836
638	47	-3.3548908
921	173	-3.358077
766	116	-3.3588407
670	146	-3.360996
758	62	-3.3611276
648	63	-3.3615716
622	34	-3.3616538
764	61	-3.362789
56	377	-3.363515
894	213	-3.3648326
605	48	-3.366445
918	160	-3.3673298
845	183	-3.3680825
920	86	-3.3685853
604	32	-3.3703568
799	121	-3.3710742
33	260	-3.3717823
659	89	-3.3724933
47	218	-3.3746855
672	134	-3.3758616
813	99	-3.3762217
862	65	-3.3766096
810	96	-3.3769288
665	83	-3.3778672
60	199	-3.3823195
851	37	-3.382948
121	73	-3.3837242
679	86	-3.3842924
742	39	-3.3843255
885	81	-3.3866174
699	165	-3.3870852
97	79	-3.388409
107	222	-3.389342
860	210	-3.3936043
82	91	-3.3937333
809	123	-3.3969002
622	57	-3.3981893
507	68	-3.398546
52	347	-3.398996
121	84	-3.3991456
699	87	-3.40215
127	78	-3.4038434
649	68	-3.4064877
44	233	-3.408697
912	152	-3.408942
811	133	-3.4095795
803	200	-3.4099228
810	82	-3.41206
71	138	-3.4121053
680	134	-3.412307
573	33	-3.4153528
723	45	-3.4160116
900	151	-3.4168665
675	152	-3.4181583
927	209	-3.4190705
738	109	-3.4192483
616	126	-3.4196987
717	96	-3.4205008
114	46	-3.4209983
842	188	-3.4221954
798	132	-3.423486
894	71	-3.4235604
877	206	-3.4238605
601	89	-3.4252403
888	152	-3.4267516
876	137	-3.4268653
488	33	-3.4268687
645	66	-3.427229
912	91	-3.4289145
47	176	-3.4291685
34	264	-3.4297655
654	50	-3.4305058
595	46	-3.432629
866	207	-3.4338162
917	83	-3.4351122
659	83	-3.4355578
780	125	-3.4363139
880	149	-3.4366462
787	117	-3.4373791
640	34	-3.4382238
814	45	-3.43986
635	60	-3.4400802
855	191	-3.440355
135	77	-3.4414814
876	74	-3.442008
675	128	-3.4429061
762	34	-3.4454145
517	63	-3.445488
875	130	-3.4455767
552	88	-3.4479923
586	102	-3.4483364
742	111	-3.449086
42	237	-3.4496672
55	342	-3.4498007
884	140	-3.4513915
664	134	-3.4537477
752	53	-3.4551303
822	48	-3.4566803
52	208	-3.4568098
690	137	-3.4579065
641	58	-3.4598632
917	92	-3.462077
868	214	-3.4640412
733	145	-3.464452
866	199	-3.4649644
744	55	-3.4696066
885	73	-3.4706078
715	206	-3.4710975
723	162	-3.4713626
829	31	-3.472954
928	102	-3.4729989
844	199	-3.4746885
618	32	-3.4751348
37	250	-3.4775336
874	142	-3.4778087
773	184	-3.478133
55	237	-3.478651
851	194	-3.4793262
524	50	-3.4820821
659	119	-3.4841294
880	70	-3.4848537
880	81	-3.4855158
800	187	-3.4878914
29	205	-3.4883454
635	34	-3.4907804
510	47	-3.4911969
758	176	-3.4923718
111	91	-3.4924982
856	49	-3.4926567
739	126	-3.493248
119	111	-3.494772
766	173	-3.494897
529	73	-3.4949923
795	188	-3.4957387
809	89	-3.4962296
824	203	-3.4980142
839	140	-3.4985068
829	185	-3.5017173
929	274	-3.5027676
776	189	-3.504302
114	238	-3.5054765
652	71	-3.5056334
615	53	-3.50632
775	118	-3.5094957
742	173	-3.5113266
883	63	-3.512926
749	120	-3.5150626
97	123	-3.5151432
102	239	-3.515693
63	146	-3.5192196
685	137	-3.519368
35	191	-3.5231993
70	133	-3.5233805
852	159	-3.525578
920	98	-3.5280714
632	40	-3.5298603
96	72	-3.5321572
812	184	-3.5331419
905	214	-3.5350919
6	422	-3.5368097
852	211	-3.5392003
653	58	-3.5397766
40	230	-3.5404818
100	57	-3.5420952
592	43	-3.5422945
617	99	-3.5425544
901	221	-3.5437293
904	87	-3.5447657
622	127	-3.5448396
759	120	-3.5451224
70	103	-3.5472836
445	37	-3.5488384
849	164	-3.5494902
693	78	-3.5501168
928	48	-3.5510375
728	167	-3.5519416
802	133	-3.5520804
639	133	-3.5532196
33	255	-3.554426
125	85	-3.5556993
891	202	-3.5589666
38	94	-3.5598996
25	261	-3.5600708
849	53	-3.5605044
11	417	-3.5626736
769	70	-3.5629756
703	88	-3.564097
816	133	-3.5644405
689	133	-3.5645134
872	120	-3.564527
729	50	-3.5650196
757	128	-3.5661418
67	182	-3.5663576
119	43	-3.5676851
691	89	-3.5683725
908	141	-3.5700872
630	46	-3.571243
639	113	-3.5713174
909	145	-3.5732014
868	64	-3.5744882
838	144	-3.5752687
738	115	-3.5759559
805	91	-3.5789804
713	166	-3.579575
747	132	-3.5797715
831	137	-3.5798826
671	38	-3.581035
878	65	-3.5829985
126	34	-3.5830417
20	396	-3.5833101
820	137	-3.5850356
562	93	-3.58768
378	33	-3.589018
876	150	-3.5896294
79	108	-3.5898755
852	62	-3.5911584
508	33	-3.5912678
43	354	-3.5928378
55	230	-3.5930746
695	94	-3.5933297
654	62	-3.5936968
917	174	-3.5941417
746	112	-3.5946343
47	181	-3.5953102
584	38	-3.6007774
929	225	-3.6016943
848	200	-3.6039762
50	212	-3.6079526
74	187	-3.6084447
17	419	-3.6131666
676	133	-3.614145
136	73	-3.615344
627	134	-3.6155016
928	221	-3.6178417
850	118	-3.6195235
102	232	-3.6198027
781	184	-3.6227891
25	198	-3.6237173
707	153	-3.623776
128	38	-3.6246514
688	145	-3.6265388
625	97	-3.6311104
821	127	-3.6323383
924	100	-3.633262
858	199	-3.6336238
131	79	-3.6338649
545	62	-3.633987
852	44	-3.6343272
505	54	-3.6348524
530	77	-3.6352382
897	138	-3.63866
26	194	-3.6402965
125	93	-3.6402998
880	141	-3.6410127
755	121	-3.641161
863	202	-3.641393
735	167	-3.643707
811	35	-3.6449165
109	99	-3.6455827
683	69	-3.6464121
597	30	-3.649888
793	70	-3.651685
524	33	-3.6519294
908	157	-3.652253
526	76	-3.652276
870	129	-3.653164
855	196	-3.6538525
653	119	-3.6548755
840	180	-3.656368
653	77	-3.656503
727	31	-3.6566236
48	232	-3.6569717
833	103	-3.6574166
110	95	-3.661
729	104	-3.6611269
889	213	-3.6614208
714	33	-3.6621406
661	50	-3.6628656
904	153	-3.6631186
37	241	-3.6641834
665	68	-3.6647465
725	96	-3.6653335
837	121	-3.6659367
845	134	-3.6663234
600	117	-3.6664574
917	75	-3.6665316
914	95	-3.6668267
801	95	-3.6679606
722	109	-3.6695383
32	172	-3.6702526
679	125	-3.6709049
750	62	-3.6714532
91	135	-3.6725123
710	145	-3.6725209
56	149	-3.6731238
64	201	-3.676649
394	42	-3.6800735
892	140	-3.6829853
741	106	-3.683387
750	44	-3.6843204
85	95	-3.6847975
609	91	-3.6849494
750	111	-3.6850498
585	31	-3.6853786
860	130	-3.6858408
786	129	-3.686562
568	75	-3.6868718
610	49	-3.6880937
127	59	-3.689898
709	106	-3.6945164
759	166	-3.6953895
65	134	-3.6954236
665	121	-3.6965656
646	138	-3.698907
856	57	-3.699104
118	116	-3.7015233
692	147	-3.7030995
732	110	-3.7042172
712	90	-3.7045357
56	220	-3.7045836
46	351	-3.7054982
687	67	-3.7060869
869	125	-3.7085292
836	110	-3.7100768
812	41	-3.710632
734	180	-3.7108076
864	151	-3.7122724
66	332	-3.7125428
646	32	-3.7135265
120	239	-3.7165403
763	170	-3.7191062
892	67	-3.7205722
142	45	-3.7206533
825	184	-3.7215292
858	41	-3.7216325
639	62	-3.7219772
752	33	-3.7225926
664	42	-3.7237566
130	42	-3.7250848
84	351	-3.7267907
852	204	-3.7268598
31	181	-3.7302449
814	129	-3.7307448
720	141	-3.7317283
806	95	-3.732087
33	204	-3.735798
908	222	-3.7362008
80	115	-3.7391047
927	62	-3.7392118
870	33	-3.7423024
11	422	-3.7438734
876	191	-3.7443366
723	173	-3.7446837
839	197	-3.7453058
775	53	-3.7453694
36	246	-3.7468398
778	181	-3.7486105
91	81	-3.7506087
815	188	-3.7506738
134	34	-3.7511292
782	189	-3.751554
78	358	-3.7535737
778	129	-3.754771
28	218	-3.7558923
620	103	-3.7559988
671	43	-3.7583845
807	182	-3.7587495
641	44	-3.7588303
727	163	-3.7596025
872	151	-3.761084
48	162	-3.7612991
867	114	-3.7637818
612	34	-3.7641125
104	51	-3.7641335
44	227	-3.7655158
429	34	-3.765737
873	214	-3.7659132
611	140	-3.7666662
520	32	-3.7671747
893	217	-3.7675223
106	227	-3.7677295
655	54	-3.7678106
877	125	-3.768563
121	92	-3.7692041
28	186	-3.7695286
825	51	-3.7698042
171	120	-3.7744431
7	410	-3.775288
49	247	-3.775577
883	195	-3.7772257
39	234	-3.777297
76	193	-3.777589
914	161	-3.7781196
770	175	-3.7788477
927	44	-3.7788968
746	59	-3.7790923
698	136	-3.779553
854	163	-3.7795665
819	204	-3.7811556
400	33	-3.7814126
717	157	-3.7821705
846	194	-3.7830908
732	150	-3.7831826
845	117	-3.7837005
747	166	-3.784476
775	70	-3.7848437
628	61	-3.7869446
392	46	-3.7870007
884	213	-3.7877498
685	59	-3.789478
923	75	-3.7902095
30	177	-3.7913282
663	117	-3.7917285
648	58	-3.7917757
759	132	-3.791842
687	51	-3.792018
926	146	-3.7925432
701	103	-3.7930014
629	107	-3.7930284
508	72	-3.7931812
50	158	-3.7935069
665	38	-3.7941446
782	131	-3.7962787
629	99	-3.7966385
927	249	-3.7984204
667	131	-3.7996445
604	92	-3.8014088
698	34	-3.801435
920	227	-3.8022225
93	88	-3.8030112
874	64	-3.8067045
737	105	-3.8076804
733	106	-3.8089955
525	71	-3.809539
813	87	-3.810178
903	138	-3.8109488
863	42	-3.8112097
40	187	-3.8113043
840	56	-3.8116107
76	201	-3.81269
136	61	-3.8129203
721	211	-3.8129983
904	224	-3.8133218
697	79	-3.81352
660	60	-3.8158195
55	382	-3.815835
860	146	-3.8161316
826	191	-3.8162932
134	45	-3.8167942
753	132	-3.8169143
718	92	-3.8174338
836	137	-3.8184733
742	182	-3.8186827
180	62	-3.819701
852	199	-3.8219004
532	33	-3.822884
696	149	-3.826304
48	226	-3.827531
852	50	-3.829286
855	118	-3.8294969
744	120	-3.831218
126	73	-3.8313584
65	142	-3.8313808
816	102	-3.8366144
23	202	-3.8370197
927	242	-3.8370242
750	160	-3.837886
4	415	-3.8385403
63	196	-3.8391495
771	117	-3.8393304
929	85	-3.8403454
852	56	-3.8406296
199	98	-3.840706
719	192	-3.8438811
716	171	-3.8441515
872	138	-3.8457997
860	45	-3.8467407
178	126	-3.8503716
111	51	-3.8509564
68	202	-3.8515992
689	61	-3.8522134
621	95	-3.8526056
867	120	-3.8530338
85	153	-3.8533618
789	185	-3.8555021
84	86	-3.8567226
512	34	-3.8583052
62	208	-3.8602033
727	110	-3.860568
692	56	-3.862898
601	49	-3.863694
851	189	-3.8651054
675	37	-3.8652437
876	121	-3.8667097
818	49	-3.867504
719	205	-3.8679647
927	74	-3.8686666
82	187	-3.868879
666	62	-3.8691518
630	130	-3.869314
43	182	-3.869694
879	219	-3.8699644
714	43	-3.8722599
836	209	-3.8723316
608	122	-3.8733358
862	206	-3.8734303
897	219	-3.873773
859	134	-3.8739033
687	73	-3.8744497
717	210	-3.8752944
130	75	-3.8768785
685	125	-3.8771548
613	90	-3.8811061
40	357	-3.8816247
853	183	-3.8824232
856	203	-3.8871505
816	91	-3.888247
618	39	-3.8893175
692	164	-3.8896458
741	144	-3.8899107
891	195	-3.8912563
654	32	-3.8918927
859	163	-3.8920383
646	44	-3.8925269
170	124	-3.8930666
700	99	-3.8939013
163	96	-3.8943436
852	152	-3.8957512
827	47	-3.8960466
29	280	-3.900019
666	145	-3.9003406
478	67	-3.900367
866	138	-3.9005015
752	177	-3.9012246
47	251	-3.9016845
836	192	-3.9019244
473	32	-3.9024734
725	49	-3.9025497
864	46	-3.902795
616	57	-3.9037356
803	117	-3.9039638
123	104	-3.904245
841	192	-3.9047256
832	52	-3.9061
755	164	-3.9061642
35	268	-3.9063158
726	114	-3.9074416
835	55	-3.90753
853	114	-3.907622
730	100	-3.9087098
506	40	-3.9094236
144	69	-3.9108393
672	70	-3.9116557
61	204	-3.9121516
921	81	-3.9123728
690	94	-3.9133432
873	115	-3.9135835
831	107	-3.9169884
21	260	-3.9170406
388	44	-3.9185042
805	83	-3.9185805
513	61	-3.9191859
679	130	-3.9193857
110	239	-3.9194126
34	272	-3.921073
822	102	-3.9211128
637	66	-3.9217372
117	94	-3.9230616
766	185	-3.9255009
890	72	-3.9263577
675	88	-3.9265888
781	193	-3.9271874
51	240	-3.9282825
65	116	-3.9285212
781	70	-3.9299312
863	215	-3.930667
657	113	-3.932576
461	32	-3.933835
832	111	-3.9339862
775	63	-3.9341922
904	205	-3.9355485
729	146	-3.9363155
68	218	-3.9364357
738	158	-3.937299
499	44	-3.9373798
832	141	-3.9377015
743	177	-3.9396873
109	234	-3.940398
898	134	-3.9415393
23	386	-3.9416575
822	82	-3.9421473
450	49	-3.9435604
844	158	-3.943733
545	82	-3.9444323
872	75	-3.9444573
837	126	-3.944568
136	81	-3.9446123
637	105	-3.947609
635	109	-3.9514356
860	61	-3.9519932
68	189	-3.9522967
725	149	-3.9523053
822	133	-3.9531062
855	147	-3.9541142
683	129	-3.9550486
727	200	-3.95526
768	65	-3.955673
863	118	-3.9560974
864	162	-3.9565558
887	137	-3.9603813
23	236	-3.9610472
27	190	-3.9613671
802	182	-3.9614077
739	121	-3.961774
822	32	-3.9621484
848	180	-3.9640646
814	95	-3.96426
871	191	-3.9644716
129	92	-3.9649067
721	115	-3.9651089
82	82	-3.9651902
814	137	-3.9678533
797	117	-3.9686182
795	178	-3.9696965
881	137	-3.9706502
713	153	-3.9706676
913	157	-3.9715593
73	361	-3.9728937
922	177	-3.9738536
765	128	-3.9741297
754	112	-3.9779828
438	36	-3.9789307
717	106	-3.979867
783	55	-3.980069
450	37	-3.9809234
38	263	-3.9824965
386	33	-3.9825454
785	125	-3.983561
133	49	-3.9837937
647	105	-3.985393
824	107	-3.9855652
23	253	-3.986337
743	133	-3.98872
767	50	-3.9898725
696	105	-3.9901052
600	132	-3.9905958
800	168	-3.9916027
75	171	-3.9919703
761	113	-3.9956794
500	51	-3.9959917
508	59	-3.9971232
766	32	-3.9995186
822	87	-4.000317
734	114	-4.0008597
848	140	-4.002063
122	88	-4.002443
650	40	-4.0030513
914	145	-4.003458
541	58	-4.005752
661	35	-4.006226
815	125	-4.0074167
860	109	-4.0100937
758	32	-4.010482
828	140	-4.0117292
888	65	-4.0131464
805	41	-4.0134172
60	214	-4.013695
407	32	-4.0148644
699	38	-4.0178223
36	100	-4.0186367
839	150	-4.0196204
733	156	-4.0212812
130	180	-4.021625
866	130	-4.0219297
55	211	-4.022921
789	180	-4.024687
817	98	-4.024851
567	33	-4.026838
90	61	-4.028184
734	29	-4.0301223
860	152	-4.031241
851	148	-4.0314045
707	110	-4.0319123
894	85	-4.0336204
696	90	-4.033817
76	96	-4.0338492
767	169	-4.035784
856	110	-4.036207
878	133	-4.037008
24	265	-4.0386176
816	83	-4.038935
849	136	-4.040649
124	81	-4.0416827
928	238	-4.0426526
54	216	-4.0431223
57	205	-4.0431404
821	185	-4.043617
924	32	-4.043619
552	64	-4.0454087
746	125	-4.0455847
677	65	-4.045726
10	407	-4.0472636
748	40	-4.0473967
187	34	-4.048427
876	69	-4.048855
753	127	-4.0494337
150	157	-4.0495186
506	64	-4.051715
564	68	-4.0517287
878	215	-4.051936
632	63	-4.0531015
783	60	-4.0534105
804	87	-4.0551386
608	31	-4.0551405
667	46	-4.055705
642	137	-4.056675
616	95	-4.0582643
785	186	-4.059046
454	34	-4.0598526
720	48	-4.0607343
741	167	-4.0609207
806	134	-4.060972
576	76	-4.061151
531	52	-4.061349
660	43	-4.0634727
746	181	-4.0640316
510	38	-4.0651336
69	99	-4.06572
695	99	-4.0665503
95	159	-4.067719
48	168	-4.0693607
863	57	-4.070098
797	184	-4.0705867
774	125	-4.071927
842	60	-4.0724154
19	249	-4.072984
626	32	-4.0733414
872	162	-4.0738354
885	217	-4.0756416
822	54	-4.0766306
502	68	-4.076669
796	170	-4.0768366
528	32	-4.07814
642	105	-4.078868
108	217	-4.0837016
896	66	-4.085331
64	369	-4.086521
727	157	-4.087267
905	195	-4.0873246
779	61	-4.088406
865	134	-4.0914855
799	82	-4.092072
928	177	-4.0932226
794	199	-4.094676
547	87	-4.0948496
633	134	-4.095192
880	120	-4.0965257
64	225	-4.097482
2	420	-4.0980134
421	34	-4.098896
893	191	-4.099404
841	135	-4.1011057
745	108	-4.1037784
28	210	-4.1043653
896	156	-4.104464
226	69	-4.1058397
721	158	-4.1060386
39	254	-4.107294
488	41	-4.1081367
924	157	-4.10972
846	56	-4.109913
74	175	-4.110545
684	133	-4.112145
794	94	-4.113294
45	259	-4.114709
132	69	-4.1159635
816	183	-4.11691
127	69	-4.117001
103	141	-4.1185436
687	141	-4.120659
881	191	-4.12159
533	58	-4.121689
119	99	-4.121955
620	28	-4.1219964
800	177	-4.1234674
868	150	-4.1238112
679	91	-4.1247125
690	129	-4.125214
598	126	-4.125422
653	111	-4.1260414
928	38	-4.126044
15	403	-4.1261196
761	127	-4.1274366
8	426	-4.128324
905	68	-4.128427
834	25	-4.1290793
72	191	-4.131294
887	156	-4.1321297
758	181	-4.135349
849	110	-4.135966
908	93	-4.138542
585	79	-4.140797
148	45	-4.1422687
735	120	-4.1431527
64	121	-4.1432214
772	67	-4.1442194
739	132	-4.1443515
916	170	-4.145659
828	110	-4.1466956
738	181	-4.1473136
700	145	-4.1481194
47	92	-4.1484785
484	37	-4.1485243
98	238	-4.1496754
463	61	-4.1497817
881	116	-4.1498017
128	96	-4.1498575
641	67	-4.151214
128	162	-4.153152
105	242	-4.15398
892	155	-4.1549315
390	34	-4.1552315
645	39	-4.159385
44	397	-4.1595507
117	234	-4.1599493
853	66	-4.161136
96	58	-4.165921
794	88	-4.166643
614	38	-4.1675715
774	180	-4.16958
220	97	-4.169882
880	129	-4.1711
857	37	-4.172286
434	37	-4.172525
89	87	-4.17265
844	110	-4.1729965
51	154	-4.174163
861	49	-4.17516
832	126	-4.1763515
809	100	-4.176948
83	191	-4.177085
703	206	-4.177221
746	158	-4.1794977
550	83	-4.1801896
710	206	-4.181794
34	82	-4.184652
858	114	-4.184862
860	138	-4.185739
178	120	-4.1871767
759	161	-4.1888943
614	30	-4.189558
856	151	-4.189911
116	33	-4.1909714
691	74	-4.1936183
693	134	-4.194911
742	148	-4.1950426
130	88	-4.1974616
914	72	-4.19782
713	212	-4.1992054
611	54	-4.201432
868	161	-4.2014465
655	38	-4.2018805
87	77	-4.202118
918	202	-4.203502
900	88	-4.203882
140	41	-4.20573
690	70	-4.205959
861	189	-4.207374
886	59	-4.209384
506	45	-4.209746
685	160	-4.2105713
764	133	-4.2107596
694	33	-4.2111874
881	124	-4.211357
698	83	-4.211963
122	35	-4.2123256
877	181	-4.2129307
846	121	-4.213024
519	80	-4.21383
669	122	-4.214229
799	91	-4.215435
876	168	-4.216038
372	33	-4.2167883
930	258	-4.2179284
105	47	-4.2179947
893	134	-4.2180395
832	180	-4.2196584
679	38	-4.221984
0	424	-4.222817
865	142	-4.2228193
119	105	-4.22323
683	64	-4.223513
837	106	-4.223692
578	70	-4.2258444
792	168	-4.2258854
141	60	-4.2278857
914	203	-4.2302175
873	81	-4.231333
683	89	-4.232444
887	196	-4.2339754
595	133	-4.23489
846	127	-4.2350473
492	51	-4.235249
913	141	-4.2361608
712	109	-4.2376623
830	118	-4.238087
199	32	-4.2391286
675	42	-4.240914
856	158	-4.242922
99	148	-4.2467933
774	173	-4.246808
724	137	-4.24705
72	206	-4.247198
75	179	-4.2478385
701	150	-4.25054
705	168	-4.251115
126	89	-4.251376
30	91	-4.2521844
571	96	-4.25253
794	133	-4.2526326
21	392	-4.25323
730	28	-4.254352
162	108	-4.25719
123	112	-4.2604322
491	38	-4.260786
496	47	-4.260999
581	30	-4.261343
467	32	-4.2621317
772	188	-4.2626324
134	85	-4.262686
96	130	-4.2635694
536	32	-4.263933
70	185	-4.2664204
885	128	-4.2671366
138	46	-4.2680326
710	169	-4.268651
59	228	-4.2692266
846	61	-4.269815
94	165	-4.270593
824	139	-4.270924
104	145	-4.274392
758	42	-4.275351
821	143	-4.2763844
33	276	-4.2773004
865	61	-4.2776165
877	117	-4.278597
569	71	-4.280416
462	47	-4.280613
65	192	-4.281032
720	31	-4.281244
84	103	-4.28141
671	150	-4.283409
785	194	-4.283415
86	90	-4.283602
835	116	-4.283923
84	158	-4.284303
591	28	-4.285198
928	279	-4.285248
917	164	-4.286673
731	164	-4.2871394
754	41	-4.2874503
607	23	-4.2882676
704	133	-4.2883835
126	100	-4.2890306
148	51	-4.2902536
141	72	-4.2906623
721	95	-4.29133
535	80	-4.291496
65	211	-4.292376
930	52	-4.2928343
67	198	-4.2928634
177	33	-4.2934065
786	169	-4.294793
502	41	-4.2948976
497	38	-4.297131
563	32	-4.2977185
549	60	-4.298552
548	122	-4.301045
708	89	-4.3013077
692	141	-4.3022547
590	113	-4.304601
856	128	-4.307238
742	60	-4.3104386
840	109	-4.310535
922	169	-4.3116813
85	107	-4.311899
670	66	-4.312034
264	33	-4.313606
63	130	-4.3136635
133	30	-4.3137136
605	28	-4.3137608
865	126	-4.313829
928	265	-4.3142323
737	149	-4.314532
826	83	-4.31454
822	77	-4.315733
502	62	-4.318017
579	37	-4.318319
852	144	-4.3186016
740	56	-4.319194
511	65	-4.319413
699	140	-4.320292
841	118	-4.320321
717	149	-4.3217273
602	136	-4.327895
828	98	-4.3311634
159	103	-4.3314366
483	41	-4.3320756
667	149	-4.3322067
396	47	-4.3322906
26	272	-4.3323464
848	114	-4.3333626
702	137	-4.33377
124	241	-4.335265
82	111	-4.3367577
699	132	-4.3387575
903	157	-4.339102
87	99	-4.3410687
828	103	-4.3415923
860	159	-4.342392
889	219	-4.3427787
668	50	-4.343466
649	75	-4.344135
730	115	-4.3444185
823	98	-4.3464665
709	136	-4.3467684
716	140	-4.348084
825	29	-4.3483324
765	71	-4.3484373
52	227	-4.348961
741	100	-4.3491244
212	108	-4.3494244
382	34	-4.351927
518	67	-4.35297
574	99	-4.3539023
78	183	-4.3540816
918	146	-4.354592
31	361	-4.3547325
873	47	-4.354871
20	244	-4.355984
897	128	-4.356392
919	71	-4.356687
785	72	-4.3571978
59	236	-4.358423
66	112	-4.35845
74	335	-4.359082
638	138	-4.359152
31	168	-4.359517
820	106	-4.3595853
504	32	-4.3598685
713	192	-4.359938
141	49	-4.3618617
181	35	-4.363381
145	62	-4.364681
817	140	-4.366001
89	143	-4.3664656
620	90	-4.3686724
24	257	-4.3707643
559	59	-4.37087
720	135	-4.3712697
795	80	-4.372513
98	233	-4.3735533
877	78	-4.373941
777	74	-4.377552
712	149	-4.3784924
131	184	-4.3787975
481	72	-4.379371
898	202	-4.3831296
824	91	-4.3832903
877	61	-4.3845367
386	40	-4.386238
687	90	-4.3869896
540	51	-4.388427
868	47	-4.3895497
617	130	-4.3901987
588	45	-4.390511
178	114	-4.392195
636	30	-4.3922997
66	138	-4.393096
725	210	-4.3935666
884	85	-4.3944097
119	120	-4.394907
21	420	-4.394947
207	76	-4.3950124
867	53	-4.3966007
655	142	-4.3975487
630	34	-4.3981185
117	87	-4.398231
553	56	-4.3995247
729	180	-4.3996572
793	76	-4.401111
762	65	-4.4011292
860	53	-4.4037685
897	195	-4.4058003
182	112	-4.408742
625	103	-4.408864
793	182	-4.4119534
884	153	-4.4121437
495	54	-4.4123416
717	114	-4.412357
783	116	-4.413664
59	145	-4.41383
731	23	-4.414287
691	47	-4.417467
813	79	-4.419035
696	52	-4.4196663
86	81	-4.4209332
754	183	-4.4217997
874	34	-4.422729
663	148	-4.423969
723	206	-4.424399
859	119	-4.4248576
100	144	-4.424893
655	85	-4.425424
15	423	-4.4265537
881	183	-4.426888
511	42	-4.427366
46	255	-4.4293685
777	165	-4.4306912
689	174	-4.430867
194	34	-4.431498
42	262	-4.4320135
368	34	-4.43378
145	42	-4.433811
928	287	-4.4339285
460	58	-4.434751
126	63	-4.4348187
124	39	-4.4351726
768	189	-4.435595
857	67	-4.4375215
851	215	-4.4386578
50	95	-4.4388943
704	147	-4.438991
528	49	-4.4402156
885	117	-4.4406238
728	141	-4.4436
136	67	-4.4440002
536	50	-4.444012
527	80	-4.44404
138	33	-4.444533
91	92	-4.4459004
854	29	-4.445913
124	168	-4.4460473
734	102	-4.4465985
602	23	-4.4487557
858	71	-4.449474
908	203	-4.4498453
56	241	-4.4513903
503	58	-4.451489
167	95	-4.4518385
721	200	-4.4527693
114	114	-4.452869
701	78	-4.4531584
70	214	-4.4538946
28	366	-4.4544163
108	103	-4.45533
706	43	-4.455369
398	43	-4.4560738
834	145	-4.4562397
83	341	-4.456732
795	33	-4.4585834
718	110	-4.4602346
126	107	-4.4615197
773	80	-4.463397
860	104	-4.46359
673	121	-4.46468
99	140	-4.4675555
95	149	-4.4686604
831	132	-4.4705715
608	87	-4.470741
783	82	-4.4710665
703	109	-4.4717903
731	96	-4.4720044
104	113	-4.473667
674	62	-4.4742527
627	93	-4.4752293
789	132	-4.475683
604	121	-4.4766574
80	177	-4.477525
832	99	-4.478368
926	228	-4.4799933
688	55	-4.4801464
662	54	-4.4802628
760	185	-4.4844184
695	144	-4.4848423
667	58	-4.4874616
671	90	-4.4875817
762	41	-4.489718
867	43	-4.490116
805	99	-4.490376
858	183	-4.49107
135	57	-4.492121
733	202	-4.493134
878	33	-4.493233
737	143	-4.4958186
464	65	-4.4963026
586	132	-4.4985538
596	116	-4.499642
770	181	-4.5004406
769	124	-4.500823
733	136	-4.502376
710	44	-4.502626
826	23	-4.5031257
60	334	-4.503769
801	35	-4.5039644
491	44	-4.504842
774	131	-4.505729
844	179	-4.5083427
884	134	-4.5087595
585	106	-4.509333
116	108	-4.509689
607	52	-4.51022
912	137	-4.5114355
819	94	-4.5136027
926	168	-4.5149217
624	39	-4.515353
771	51	-4.516487
145	73	-4.516635
884	200	-4.517344
557	93	-4.51935
537	56	-4.521066
831	122	-4.5228014
907	137	-4.5228662
66	104	-4.524582
745	145	-4.526283
115	227	-4.526908
32	127	-4.5275693
959	536	-4.530608
904	134	-4.5307293
137	52	-4.5313625
691	66	-4.533182
864	110	-4.533723
672	34	-4.5338287
763	165	-4.534514
732	126	-4.535702
594	125	-4.536545
106	107	-4.53717
789	71	-4.540313
828	125	-4.542996
742	160	-4.5455446
645	73	-4.545659
959	544	-4.5458574
50	222	-4.5468535
930	213	-4.5482388
0	416	-4.550823
827	135	-4.5524344
76	207	-4.5530734
718	197	-4.5538983
681	34	-4.5594974
907	162	-4.5597463
479	62	-4.560289
132	164	-4.5603023
798	71	-4.5606728
113	233	-4.5626836
817	31	-4.56394
38	183	-4.5646563
211	90	-4.5647736
837	59	-4.565917
769	129	-4.5659328
695	167	-4.568066
492	34	-4.5693154
709	30	-4.569952
728	152	-4.5708656
88	150	-4.571098
456	57	-4.572979
877	187	-4.574211
808	119	-4.574353
106	137	-4.5749383
433	41	-4.576367
75	197	-4.576934
726	23	-4.577099
52	233	-4.5796657
144	57	-4.5824246
522	74	-4.584718
819	189	-4.586026
102	225	-4.586613
922	249	-4.588768
829	208	-4.5889673
838	23	-4.589379
514	89	-4.59044
761	70	-4.592112
19	264	-4.593315
23	207	-4.5947137
769	165	-4.595305
84	175	-4.5966234
164	92	-4.598017
930	145	-4.5984797
860	94	-4.599295
877	175	-4.5997763
25	419	-4.5998845
65	108	-4.600072
80	87	-4.6003294
959	653	-4.600413
784	181	-4.601213
78	80	-4.605004
556	65	-4.6060586
725	118	-4.606422
619	134	-4.6091957
855	138	-4.6095424
876	160	-4.610847
688	23	-4.6115265
839	158	-4.6123366
588	83	-4.612629
27	214	-4.61304
135	39	-4.6135564
750	182	-4.6140146
829	144	-4.617834
654	81	-4.618175
865	187	-4.618444
71	196	-4.620524
777	177	-4.621564
714	135	-4.6216044
776	169	-4.6221347
921	165	-4.6223116
115	42	-4.6226196
871	61	-4.6245594
847	176	-4.6250076
730	120	-4.626834
779	66	-4.627533
581	105	-4.6280127
930	58	-4.62909
559	33	-4.629761
514	81	-4.6303825
712	139	-4.630909
930	89	-4.631467
848	131	-4.6351075
69	210	-4.635617
41	403	-4.6359754
887	191	-4.6360135
633	67	-4.6375947
665	113	-4.640042
144	157	-4.6405344
629	66	-4.641685
827	87	-4.6417737
500	33	-4.6433043
52	150	-4.643497
837	133	-4.643879
734	58	-4.6439705
148	150	-4.645612
79	198	-4.6465354
174	128	-4.648298
687	102	-4.6486473
764	190	-4.6489353
701	169	-4.649084
28	284	-4.649465
798	87	-4.6500387
547	56	-4.650672
597	23	-4.6510997
959	480	-4.651172
870	69	-4.6512403
701	31	-4.6521626
82	77	-4.65302
24	226	-4.653749
621	61	-4.655438
777	82	-4.6554704
798	203	-4.656706
717	188	-4.656918
814	50	-4.6595397
144	52	-4.6597753
828	54	-4.6614
812	103	-4.6646957
848	172	-4.665496
770	34	-4.667392
179	58	-4.667491
425	33	-4.669479
843	106	-4.671874
845	163	-4.6732707
691	98	-4.6740413
873	183	-4.674193
761	136	-4.6745853
89	187	-4.6755304
843	213	-4.6763096
23	380	-4.6763577
66	206	-4.677577
601	29	-4.678062
804	171	-4.6782002
94	153	-4.678702
779	78	-4.679835
688	165	-4.680564
474	66	-4.68188
931	262	-4.682193
777	194	-4.6824093
189	45	-4.682479
127	30	-4.683696
132	95	-4.6842914
131	61	-4.686242
750	135	-4.686571
613	23	-4.687308
683	52	-4.6876183
632	104	-4.690744
732	160	-4.6907935
785	86	-4.6921854
805	204	-4.6934247
804	79	-4.693486
878	55	-4.6942263
823	207	-4.6951137
723	193	-4.6951265
692	37	-4.6957808
123	31	-4.695802
19	240	-4.696362
118	37	-4.6965985
80	336	-4.6967087
523	81	-4.6980844
959	552	-4.698152
802	148	-4.69877
19	254	-4.6992135
841	125	-4.7004676
112	32	-4.701218
832	94	-4.704983
767	44	-4.7056046
804	178	-4.706669
841	176	-4.706683
677	58	-4.706988
615	136	-4.707252
140	56	-4.707368
883	55	-4.7073836
145	48	-4.7075567
411	34	-4.707739
928	254	-4.7088385
702	52	-4.715151
6	430	-4.7170563
927	142	-4.7172904
517	85	-4.717521
633	97	-4.721374
829	26	-4.7221336
880	154	-4.722651
738	139	-4.723083
855	132	-4.723969
785	165	-4.72482
727	192	-4.725454
787	56	-4.7257705
113	98	-4.72867
928	270	-4.72978
848	65	-4.7305365
219	90	-4.7308445
697	174	-4.731641
701	176	-4.7339797
140	159	-4.7345867
618	23	-4.7357974
852	126	-4.7371883
732	54	-4.737516
769	82	-4.7376776
793	84	-4.7379484
110	47	-4.7381873
466	48	-4.7383037
165	105	-4.739257
746	149	-4.739617
844	94	-4.740172
149	58	-4.741306
781	51	-4.7413177
98	227	-4.7427197
680	158	-4.7427893
698	206	-4.742886
117	242	-4.745531
464	57	-4.7456217
594	78	-4.7459702
747	100	-4.74649
103	149	-4.7474113
19	273	-4.7483473
566	97	-4.748866
870	168	-4.7503204
791	176	-4.7510014
32	86	-4.7516384
692	171	-4.7555747
110	226	-4.7564797
667	34	-4.7572303
917	142	-4.7578993
728	133	-4.759506
809	77	-4.7623086
483	46	-4.7634478
771	170	-4.767773
32	164	-4.768556
708	132	-4.7702985
224	65	-4.7704134
758	124	-4.772026
124	173	-4.7722516
790	198	-4.7722573
959	638	-4.7722664
868	74	-4.773412
928	155	-4.7738276
176	61	-4.774348
738	28	-4.7748175
898	191	-4.775519
737	163	-4.775651
896	223	-4.775779
661	111	-4.7786956
132	53	-4.7794166
688	43	-4.7800436
561	64	-4.7808366
486	60	-4.7821145
780	168	-4.7830887
80	202	-4.7838383
747	22	-4.785472
541	105	-4.7857747
95	134	-4.7858925
543	89	-4.788736
699	110	-4.788812
889	127	-4.789478
518	76	-4.7908826
87	67	-4.790989
874	218	-4.7912827
785	64	-4.79224
724	92	-4.7928247
658	47	-4.795123
615	142	-4.795178
498	57	-4.7955155
115	222	-4.795591
726	196	-4.796311
772	73	-4.7974224
686	95	-4.7975087
708	140	-4.7976737
608	127	-4.7995505
452	53	-4.8005304
613	129	-4.8018827
628	38	-4.8066506
703	182	-4.8069215
88	159	-4.8081937
881	59	-4.808395
843	130	-4.8087673
959	645	-4.8116927
108	209	-4.8118525
930	150	-4.814134
581	110	-4.815713
508	80	-4.815914
609	27	-4.816485
866	166	-4.816609
839	98	-4.8175106
695	48	-4.8179917
857	143	-4.8183293
585	111	-4.8187776
743	140	-4.819066
488	56	-4.8199406
901	130	-4.821728
756	67	-4.821873
912	171	-4.821958
691	125	-4.8222375
703	142	-4.8224444
116	102	-4.8236203
503	72	-4.8251953
863	74	-4.82568
447	41	-4.826085
69	365	-4.826853
146	33	-4.8274403
133	91	-4.828053
903	91	-4.8280773
702	84	-4.8292046
680	42	-4.8292575
681	57	-4.829586
99	242	-4.830295
60	281	-4.830306
623	133	-4.8303638
856	122	-4.8316703
89	166	-4.832668
279	43	-4.834417
851	122	-4.8345213
852	107	-4.8349824
911	68	-4.8353686
656	42	-4.837589
477	58	-4.83861
597	50	-4.8391113
930	95	-4.839438
725	216	-4.839873
90	96	-4.8399577
861	125	-4.8408985
901	194	-4.8411813
766	178	-4.8416796
938	275	-4.842533
789	87	-4.8431687
36	356	-4.8434987
126	158	-4.8451014
45	96	-4.8467326
958	484	-4.846753
718	153	-4.84724
832	211	-4.8476405
901	66	-4.849749
507	76	-4.8501606
688	178	-4.8514256
228	76	-4.854033
45	171	-4.8548107
766	37	-4.8548837
749	106	-4.8550086
203	33	-4.8555245
923	68	-4.855958
738	61	-4.8563066
568	66	-4.8563137
883	221	-4.8567886
758	151	-4.85872
694	44	-4.8590336
908	133	-4.859202
959	475	-4.8593273
911	33	-4.86055
140	68	-4.8614097
516	93	-4.862068
77	92	-4.862121
130	104	-4.8628817
754	159	-4.8637543
148	70	-4.863758
572	74	-4.8637824
854	70	-4.864151
96	247	-4.8647118
166	77	-4.8647437
114	120	-4.8671894
564	61	-4.86733
607	136	-4.867897
23	269	-4.868828
40	176	-4.8693986
938	85	-4.8705106
182	128	-4.8710456
691	105	-4.871807
824	124	-4.8719664
130	174	-4.872441
139	180	-4.8730087
441	39	-4.8747616
871	42	-4.874794
216	95	-4.875459
181	66	-4.8755507
938	264	-4.876701
836	179	-4.8768215
798	147	-4.8786106
827	94	-4.87905
831	22	-4.8804193
741	155	-4.880541
792	115	-4.8807836
137	184	-4.8833175
931	81	-4.884989
455	38	-4.886175
575	67	-4.887752
394	52	-4.8879533
80	194	-4.889321
84	166	-4.8904195
881	99	-4.892327
719	174	-4.8923936
496	32	-4.8951397
705	186	-4.895706
430	30	-4.8968782
750	124	-4.8970304
83	65	-4.8974934
580	117	-4.8978453
189	40	-4.8988957
894	199	-4.900429
684	41	-4.9005675
864	156	-4.901208
209	72	-4.901417
786	177	-4.9014554
920	33	-4.9018016
149	161	-4.901947
505	36	-4.9035993
872	187	-4.904204
49	258	-4.906169
53	246	-4.9068513
757	71	-4.90714
682	122	-4.9073744
659	39	-4.90745
769	134	-4.9083405
165	60	-4.910799
387	48	-4.9108486
79	173	-4.9110556
866	96	-4.912404
602	128	-4.912849
120	172	-4.9137745
797	97	-4.9141207
70	331	-4.915238
393	38	-4.915395
95	144	-4.9154468
810	46	-4.9162264
913	195	-4.9162374
544	50	-4.9169655
681	96	-4.9187903
585	119	-4.9195905
259	33	-4.9204793
924	239	-4.920802
759	189	-4.9215355
641	101	-4.9219136
724	154	-4.924692
215	89	-4.9249544
921	205	-4.926025
220	69	-4.9277334
750	151	-4.928218
603	53	-4.92857
83	73	-4.9286284
51	343	-4.929839
92	57	-4.9299693
734	198	-4.930094
124	180	-4.9308567
931	241	-4.9323206
198	102	-4.932788
709	211	-4.933327
438	104	-4.933824
788	82	-4.9346356
589	117	-4.9355817
518	97	-4.9362564
134	133	-4.9367657
67	222	-4.9418254
892	61	-4.9449444
112	110	-4.9449778
22	232	-4.945322
922	147	-4.945592
5	187	-4.9472947
710	113	-4.9481916
892	222	-4.9493546
111	221	-4.9497724
79	167	-4.950237
34	178	-4.950981
60	378	-4.95109
916	138	-4.951168
100	52	-4.951352
826	131	-4.9519625
930	246	-4.952255
831	149	-4.952665
514	46	-4.952699
721	120	-4.952745
199	90	-4.953086
226	61	-4.953306
497	68	-4.953575
877	48	-4.9538465
512	70	-4.954166
510	96	-4.95479
862	184	-4.95511
580	75	-4.955291
139	76	-4.956089
0	429	-4.958769
174	116	-4.958823
49	292	-4.9599934
554	60	-4.960844
482	58	-4.9613137
64	82	-4.961626
650	28	-4.9641595
938	293	-4.9642076
220	61	-4.964306
809	137	-4.964641
872	156	-4.9651856
109	243	-4.9652615
461	54	-4.967461
773	192	-4.9677825
501	37	-4.9687943
421	40	-4.9701037
958	490	-4.9704843
855	216	-4.971517
893	129	-4.972119
816	207	-4.974172
479	45	-4.9759808
162	63	-4.9768915
623	23	-4.9787536
469	65	-4.9788046
61	140	-4.978864
42	93	-4.97949
707	172	-4.979504
604	86	-4.980353
144	38	-4.983214
11	272	-4.984182
932	266	-4.9855704
737	96	-4.9880977
37	275	-4.989363
106	246	-4.9896193
82	162	-4.989938
868	155	-4.991067
931	250	-4.9934316
869	57	-4.994369
101	121	-4.994699
446	50	-4.9947553
797	165	-4.9949603
655	105	-4.996856
789	78	-4.9969726
821	148	-4.9974494
88	173	-4.9982824
959	633	-4.9983826
693	175	-5.000266
866	104	-5.0029783
922	142	-5.005088
591	132	-5.005927
808	105	-5.0070376
828	181	-5.0083923
126	184	-5.0085034
488	47	-5.0086923
586	70	-5.0096745
98	221	-5.009948
55	144	-5.0103865
959	558	-5.01071
175	57	-5.0108237
959	465	-5.011748
813	121	-5.013
721	150	-5.0135393
928	137	-5.014225
434	29	-5.014878
791	91	-5.0182757
889	89	-5.01927
29	288	-5.019967
938	226	-5.020349
725	188	-5.0217285
651	44	-5.022494
540	23	-5.0233197
40	268	-5.023588
801	76	-5.0236115
910	97	-5.024254
959	494	-5.0246563
724	28	-5.0262656
38	104	-5.029226
700	42	-5.029587
756	135	-5.030856
136	129	-5.0315795
100	129	-5.0317373
720	23	-5.03257
130	188	-5.033173
670	61	-5.0333347
508	92	-5.0349145
751	37	-5.0358605
804	30	-5.037135
705	178	-5.0381093
513	77	-5.0383463
482	68	-5.039812
174	123	-5.0404935
959	530	-5.042213
217	104	-5.0422263
587	75	-5.0432096
439	51	-5.0437536
922	244	-5.0440493
100	134	-5.044571
765	112	-5.0466256
51	90	-5.047915
515	40	-5.050129
758	110	-5.0520763
767	161	-5.052406
216	109	-5.0536942
124	163	-5.0537024
880	170	-5.053979
448	45	-5.054365
695	182	-5.054519
625	138	-5.0555487
480	36	-5.0581117
766	75	-5.05883
781	178	-5.0592575
590	79	-5.059748
109	115	-5.059795
132	159	-5.0606594
927	234	-5.061247
886	124	-5.061537
600	122	-5.0619655
149	139	-5.0627637
134	181	-5.062809
400	49	-5.0642586
437	40	-5.0646515
868	109	-5.0659337
866	68	-5.066648
592	24	-5.068513
817	77	-5.069311
141	185	-5.0698113
810	71	-5.070365
684	47	-5.070637
857	97	-5.0713954
713	187	-5.071849
836	95	-5.071919
700	186	-5.0746703
750	6	-5.077528
131	99	-5.07989
148	39	-5.0805073
61	135	-5.0816703
165	52	-5.0823393
121	235	-5.0837326
5	182	-5.08404
132	139	-5.0845637
182	73	-5.085645
777	49	-5.0867534
959	681	-5.086881
380	38	-5.0887804
193	39	-5.0903106
142	32	-5.0904303
69	94	-5.0905795
511	30	-5.09147
63	229	-5.0928707
784	48	-5.0935006
959	621	-5.0942197
838	102	-5.095159
958	540	-5.0951924
143	162	-5.0971904
555	31	-5.0976143
521	70	-5.09889
551	52	-5.0993347
467	60	-5.099373
958	470	-5.0995045
925	105	-5.1000714
448	86	-5.1001725
908	167	-5.1010065
868	82	-5.1022124
808	38	-5.1026106
680	61	-5.103702
889	133	-5.1037407
94	140	-5.104767
787	173	-5.10506
588	124	-5.1057944
56	338	-5.1066375
792	145	-5.107228
922	201	-5.109308
631	30	-5.109652
133	177	-5.1116323
147	108	-5.1138377
104	131	-5.114826
716	47	-5.1156754
24	278	-5.116965
820	122	-5.119658
539	82	-5.1204605
928	299	-5.1210747
60	232	-5.1211505
734	130	-5.1213627
765	6	-5.123978
540	33	-5.1241317
751	156	-5.1241827
625	89	-5.12436
804	141	-5.124753
836	172	-5.1257663
879	85	-5.125934
114	38	-5.126692
34	280	-5.127598
737	154	-5.1298375
512	85	-5.1325746
801	42	-5.1330714
159	97	-5.1332235
142	130	-5.1332774
400	55	-5.1338863
201	94	-5.1351643
791	32	-5.1351666
160	93	-5.1359186
776	161	-5.1372147
827	79	-5.1383066
139	64	-5.1393256
799	173	-5.1397643
9	277	-5.1410637
794	66	-5.141409
693	60	-5.1444607
873	171	-5.1451893
686	111	-5.1462045
625	28	-5.1468678
577	29	-5.1470947
790	164	-5.1472683
896	124	-5.147464
63	88	-5.147901
874	57	-5.1479387
838	154	-5.151166
532	48	-5.1543174
934	274	-5.1543226
598	138	-5.1545
148	143	-5.156338
173	35	-5.157275
829	114	-5.157599
959	520	-5.1585665
121	244	-5.159783
658	145	-5.160818
783	142	-5.1621866
166	120	-5.1629667
677	33	-5.1630077
212	103	-5.163113
763	182	-5.1659937
553	92	-5.1665044
683	23	-5.166634
889	116	-5.1668963
95	241	-5.1669188
706	85	-5.1671047
153	101	-5.1700416
615	6	-5.1707606
108	133	-5.171757
686	171	-5.172739
749	144	-5.1727786
7	273	-5.173656
741	186	-5.1741924
107	142	-5.174258
98	209	-5.1745505
790	67	-5.1752567
826	117	-5.176435
757	38	-5.1774073
268	59	-5.179038
312	33	-5.1790404
926	200	-5.1803184
543	54	-5.180468
114	125	-5.1811676
650	80	-5.181601
182	123	-5.18203
462	23	-5.182709
694	111	-5.1837463
958	548	-5.1849
65	100	-5.1851435
869	78	-5.1853833
113	244	-5.1855173
603	141	-5.188191
695	130	-5.188413
959	449	-5.1889567
462	42	-5.1917415
782	75	-5.195415
822	111	-5.195455
471	61	-5.1996756
641	30	-5.201403
839	114	-5.2031217
180	45	-5.203583
861	167	-5.2039547
85	170	-5.204309
855	104	-5.204854
635	101	-5.204941
873	108	-5.205029
869	184	-5.205988
223	94	-5.206059
730	197	-5.20654
60	273	-5.2070723
123	146	-5.2075167
929	173	-5.208075
870	95	-5.2085037
851	177	-5.2085104
593	82	-5.209642
575	103	-5.210504
892	92	-5.210702
89	154	-5.2123327
821	23	-5.213226
611	134	-5.2135315
732	140	-5.2141066
901	172	-5.2141123
125	237	-5.214665
438	28	-5.216308
745	63	-5.216607
113	105	-5.2167015
893	170	-5.216861
801	101	-5.2173934
77	84	-5.217611
686	37	-5.218094
790	95	-5.218799
936	256	-5.2202673
164	124	-5.222174
382	42	-5.2232323
848	106	-5.223889
40	98	-5.223899
668	118	-5.2246385
735	22	-5.225307
102	160	-5.2256556
640	6	-5.226314
641	72	-5.226831
130	65	-5.2268624
875	100	-5.2271576
668	93	-5.2275243
930	229	-5.2279415
113	217	-5.228316
151	48	-5.228663
768	139	-5.2289925
711	86	-5.229709
869	218	-5.2299194
468	52	-5.230116
800	140	-5.2302876
302	33	-5.231347
884	168	-5.231543
459	62	-5.2317142
21	197	-5.2319126
486	52	-5.2329526
926	261	-5.2341156
861	38	-5.234755
778	140	-5.2377768
749	186	-5.237832
921	195	-5.238159
91	162	-5.2395716
889	121	-5.241475
547	23	-5.242782
693	23	-5.2434325
929	106	-5.244309
147	154	-5.245164
802	46	-5.2452426
742	198	-5.2463036
535	44	-5.2469077
72	219	-5.2473927
582	71	-5.247764
959	567	-5.247878
840	77	-5.2528434
813	180	-5.253742
807	23	-5.2576814
928	292	-5.2583666
959	659	-5.2601767
915	99	-5.260777
717	132	-5.2619843
429	40	-5.2630363
785	134	-5.2637534
751	23	-5.2646747
835	6	-5.2650437
477	71	-5.266025
651	6	-5.266962
31	34	-5.26724
799	31	-5.26817
98	152	-5.2693925
519	131	-5.270042
779	134	-5.2708116
830	161	-5.2723637
611	145	-5.2741766
818	55	-5.274569
932	278	-5.2754006
843	99	-5.2763734
595	120	-5.2765408
147	66	-5.277473
128	153	-5.2779417
878	164	-5.2786465
93	189	-5.2788544
11	429	-5.2804575
67	328	-5.2810097
49	99	-5.283678
548	91	-5.284151
801	68	-5.2844915
612	58	-5.2849026
171	60	-5.2867856
774	136	-5.287362
893	159	-5.2874527
878	113	-5.287587
224	75	-5.2883472
721	187	-5.289677
715	175	-5.2900543
839	63	-5.2908926
782	173	-5.2912216
708	127	-5.29209
729	137	-5.2962356
793	6	-5.296273
478	49	-5.2971053
162	78	-5.297233
690	184	-5.298942
722	52	-5.3008566
102	153	-5.301081
797	75	-5.303132
959	628	-5.303662
38	88	-5.3048077
28	307	-5.3053784
16	399	-5.306867
832	153	-5.3071904
842	25	-5.3078914
685	33	-5.30851
678	54	-5.3091254
583	43	-5.310565
806	147	-5.310997
650	141	-5.311423
851	103	-5.31279
166	65	-5.313133
745	185	-5.3142166
329	33	-5.3143973
690	110	-5.3171487
812	208	-5.3172407
631	91	-5.317471
913	167	-5.3185453
873	176	-5.319546
625	64	-5.319972
711	196	-5.3207307
470	56	-5.321527
493	66	-5.3218412
843	64	-5.3220305
484	6	-5.3227882
755	188	-5.323164
942	238	-5.323391
44	267	-5.3244596
862	70	-5.324543
705	23	-5.3248043
119	168	-5.3251305
76	213	-5.3254633
733	184	-5.3254905
822	118	-5.3260612
547	31	-5.326625
6	406	-5.327664
93	170	-5.328691
43	274	-5.329011
700	128	-5.329295
742	23	-5.33095
5	192	-5.331967
197	131	-5.3319716
847	168	-5.3321795
212	97	-5.334043
959	454	-5.335865
689	6	-5.3407364
738	202	-5.341008
802	72	-5.341073
515	6	-5.341396
600	85	-5.3416104
878	44	-5.341953
103	43	-5.3425655
915	134	-5.343372
933	226	-5.3453107
905	190	-5.345901
26	297	-5.346045
881	47	-5.346531
764	107	-5.348094
111	43	-5.3487964
504	23	-5.3490176
959	525	-5.350585
802	56	-5.3510303
813	30	-5.3520713
82	69	-5.3523192
651	23	-5.3539863
938	90	-5.3551273
746	136	-5.355751
938	287	-5.3558598
678	121	-5.356041
439	108	-5.357652
28	98	-5.3578987
907	172	-5.3580065
587	24	-5.3602166
928	5	-5.361055
959	499	-5.3625665
148	166	-5.3628054
610	6	-5.3636713
917	194	-5.3650866
119	30	-5.3654156
24	211	-5.3669777
697	30	-5.367452
602	77	-5.368017
679	113	-5.368771
125	150	-5.3687725
935	261	-5.3687983
786	68	-5.3709683
632	138	-5.373265
695	40	-5.374158
757	6	-5.3753543
557	55	-5.375861
881	160	-5.3772163
938	270	-5.3777924
166	56	-5.378076
293	40	-5.3796744
102	125	-5.380402
694	187	-5.380545
689	121	-5.381145
563	57	-5.3812323
407	40	-5.3819437
857	179	-5.38197
57	278	-5.382799
934	86	-5.3845744
27	312	-5.384857
8	269	-5.3850784
936	242	-5.3854795
806	45	-5.3861566
569	62	-5.388189
177	65	-5.3889318
808	143	-5.389844
57	245	-5.391268
729	92	-5.39203
916	32	-5.3921623
760	106	-5.3954673
729	217	-5.396408
849	6	-5.398546
822	181	-5.3989635
581	121	-5.3999095
832	87	-5.4002457
643	23	-5.4007297
140	143	-5.4012456
483	64	-5.401605
783	6	-5.4024916
514	98	-5.4028745
849	97	-5.4028964
808	170	-5.402908
182	118	-5.403227
780	85	-5.40336
646	6	-5.404942
824	177	-5.4070454
893	120	-5.407408
195	43	-5.4080987
307	34	-5.4081855
122	117	-5.408283
900	161	-5.4091086
150	62	-5.410755
773	6	-5.411185
537	107	-5.411186
882	34	-5.411583
548	105	-5.4117284
931	235	-5.4124713
92	225	-5.4138246
704	113	-5.4139156
542	85	-5.4140787
918	102	-5.414205
100	246	-5.4143043
139	37	-5.4158907
862	98	-5.416157
27	362	-5.4176135
809	31	-5.4176292
140	168	-5.4179897
542	46	-5.418617
368	40	-5.41885
705	29	-5.4188833
717	51	-5.4194098
536	38	-5.4198914
713	29	-5.420667
184	31	-5.420949
581	132	-5.4211335
806	54	-5.4214954
709	188	-5.4222026
680	49	-5.4224086
753	70	-5.4235663
94	235	-5.4236994
127	111	-5.4245377
675	93	-5.426254
712	128	-5.426804
161	89	-5.4271736
551	33	-5.4279623
716	88	-5.4280252
9	287	-5.428659
959	507	-5.4287705
184	44	-5.4289002
958	461	-5.4333453
865	181	-5.4346485
33	284	-5.4352307
20	279	-5.4354777
32	122	-5.4356904
82	181	-5.4358897
700	23	-5.4365635
107	205	-5.439032
41	172	-5.4400268
729	187	-5.4407616
128	169	-5.441246
87	72	-5.4425087
909	194	-5.4448934
141	173	-5.445355
394	6	-5.446549
99	157	-5.4474053
673	57	-5.4475355
789	60	-5.449167
938	299	-5.4496417
656	23	-5.450929
136	162	-5.4511604
838	162	-5.4515934
899	92	-5.4523487
577	109	-5.452805
906	199	-5.456035
51	274	-5.4563284
745	6	-5.4566355
112	129	-5.4582596
635	23	-5.458797
711	173	-5.460247
716	118	-5.461076
822	71	-5.461794
889	187	-5.461853
545	43	-5.462281
141	139	-5.462573
876	155	-5.4632406
773	164	-5.4639287
904	95	-5.46637
525	46	-5.466722
649	101	-5.4669204
53	290	-5.469028
815	23	-5.4704766
510	23	-5.47082
160	85	-5.471666
145	182	-5.471776
959	573	-5.472014
788	144	-5.4723277
467	44	-5.4725003
46	263	-5.473124
146	112	-5.4737525
628	22	-5.4739795
959	596	-5.475368
714	216	-5.4754925
927	283	-5.478057
699	180	-5.47819
517	72	-5.479728
32	113	-5.4821014
136	141	-5.4828596
744	103	-5.4832377
931	218	-5.484336
914	227	-5.4858494
778	6	-5.4864364
186	110	-5.487796
865	175	-5.487821
790	23	-5.488202
620	6	-5.488773
656	6	-5.489949
769	193	-5.490214
552	23	-5.491789
499	23	-5.4921064
897	33	-5.4927907
911	101	-5.4928584
847	216	-5.493298
548	110	-5.4974074
154	158	-5.4974265
701	6	-5.4980087
724	132	-5.4987183
107	213	-5.4991093
479	6	-5.5029483
494	58	-5.5030274
470	23	-5.503687
524	23	-5.5053296
889	160	-5.5061526
117	128	-5.507429
30	292	-5.508163
51	252	-5.509433
23	374	-5.5106597
639	97	-5.5118446
800	105	-5.511904
654	89	-5.51211
440	55	-5.512472
882	187	-5.513271
534	23	-5.514818
835	91	-5.5156355
829	177	-5.517006
591	121	-5.5171027
959	615	-5.5171194
166	72	-5.51766
926	205	-5.518275
520	6	-5.51828
684	99	-5.522015
784	43	-5.522027
6	178	-5.5236
786	52	-5.524236
662	6	-5.525605
183	97	-5.525961
959	666	-5.525966
959	514	-5.5275574
859	75	-5.527836
44	166	-5.5298758
931	75	-5.530027
659	107	-5.5300374
812	141	-5.53069
108	111	-5.5315676
216	100	-5.531696
705	79	-5.531877
404	35	-5.5320826
297	33	-5.532513
455	44	-5.5343747
931	63	-5.5353117
662	31	-5.53648
166	88	-5.536572
578	113	-5.5368657
152	44	-5.5375586
476	29	-5.5376654
178	132	-5.53804
452	41	-5.539158
457	53	-5.53982
95	175	-5.540354
827	121	-5.540546
617	62	-5.54071
157	60	-5.5409517
710	6	-5.541564
729	211	-5.541666
3	411	-5.541748
562	22	-5.542692
539	43	-5.5432105
728	204	-5.5436807
552	48	-5.545596
105	117	-5.546928
721	217	-5.547585
584	125	-5.547704
162	57	-5.5477414
489	6	-5.547897
694	6	-5.5481687
671	6	-5.549001
707	194	-5.549749
799	136	-5.55004
213	85	-5.550233
859	29	-5.5510373
905	129	-5.55125
925	51	-5.552854
840	93	-5.5541544
690	31	-5.555508
798	6	-5.55551
713	23	-5.5563354
917	5	-5.557324
932	302	-5.5582495
570	30	-5.558424
443	43	-5.558903
753	108	-5.560507
436	96	-5.561212
717	201	-5.5620637
136	94	-5.5621552
385	6	-5.562623
803	137	-5.563544
943	242	-5.564563
845	5	-5.5648546
841	6	-5.5655327
630	6	-5.565601
805	75	-5.566011
899	62	-5.5669675
959	676	-5.5671043
526	84	-5.567503
224	90	-5.567671
889	168	-5.5680485
923	5	-5.568423
136	157	-5.569157
891	33	-5.5705385
435	53	-5.57124
635	6	-5.571329
871	52	-5.5726757
803	22	-5.572784
915	199	-5.575087
888	93	-5.5751405
12	267	-5.575408
853	5	-5.5759225
605	6	-5.5800176
889	99	-5.5801344
788	6	-5.5805387
922	273	-5.581178
788	113	-5.5816207
6	265	-5.5820518
847	277	-5.5826297
663	92	-5.5830674
670	154	-5.583688
770	113	-5.584059
765	80	-5.5865264
7	283	-5.5878344
123	154	-5.588499
542	38	-5.588967
939	260	-5.5893455
88	223	-5.5895324
929	160	-5.5898824
789	48	-5.5908456
821	28	-5.5914207
831	165	-5.5921283
676	157	-5.5927234
697	125	-5.5935044
519	90	-5.5944953
475	23	-5.594691
672	47	-5.5953293
773	85	-5.5956216
938	220	-5.595882
490	61	-5.5970597
167	100	-5.597361
784	23	-5.5974026
916	178	-5.598329
859	5	-5.5985565
695	73	-5.6012774
897	171	-5.602493
841	165	-5.6027384
796	113	-5.603596
445	29	-5.603953
154	33	-5.605215
726	53	-5.6053395
621	66	-5.605385
19	205	-5.6056695
60	242	-5.609185
479	54	-5.610764
843	172	-5.6117697
882	112	-5.615588
959	437	-5.61725
593	51	-5.618712
9	403	-5.6189075
456	49	-5.6191225
726	122	-5.619184
39	353	-5.619378
780	46	-5.621157
808	177	-5.6213284
580	22	-5.623401
646	78	-5.6243596
152	165	-5.6249824
526	6	-5.6252294
770	47	-5.6253724
146	104	-5.625586
836	79	-5.625977
722	177	-5.6273837
756	192	-5.62792
839	212	-5.628182
65	262	-5.6284194
905	99	-5.629048
725	181	-5.63033
556	22	-5.630367
861	176	-5.632
126	189	-5.6334476
911	200	-5.6335106
476	35	-5.6350393
822	152	-5.6353745
677	97	-5.636064
27	180	-5.637184
209	80	-5.6378655
75	331	-5.638558
114	133	-5.639117
119	230	-5.6396933
793	98	-5.6401
568	22	-5.641389
176	46	-5.6414633
718	214	-5.6423492
50	270	-5.6433134
813	74	-5.6441007
30	315	-5.644625
723	6	-5.6446934
402	42	-5.6462812
5	174	-5.646416
607	131	-5.64762
93	183	-5.64798
939	279	-5.648215
832	174	-5.649418
212	113	-5.6495934
927	110	-5.650133
780	162	-5.652255
910	129	-5.6532574
118	124	-5.653425
683	164	-5.6541905
620	138	-5.6554737
639	22	-5.656115
521	47	-5.6562104
853	167	-5.65706
144	167	-5.658293
681	117	-5.658824
19	235	-5.659269
529	45	-5.659725
50	287	-5.66011
63	237	-5.660566
149	74	-5.6610594
23	222	-5.661245
805	167	-5.661405
802	64	-5.661695
902	201	-5.661777
570	100	-5.6619697
870	103	-5.662071
71	223	-5.662151
718	6	-5.6623006
666	109	-5.6626744
734	211	-5.6642466
920	238	-5.664916
188	30	-5.6649694
816	144	-5.665218
110	145	-5.6669497
671	113	-5.667084
759	156	-5.6674857
142	125	-5.668328
912	5	-5.6689906
752	147	-5.670549
725	126	-5.6724024
134	187	-5.6733837
834	160	-5.6735044
548	49	-5.6741285
774	32	-5.6750884
6	234	-5.675596
127	177	-5.67563
700	202	-5.675815
61	124	-5.677049
176	38	-5.677681
612	86	-5.6781464
479	77	-5.6788125
913	190	-5.679514
94	251	-5.681712
198	39	-5.6829686
766	150	-5.683554
175	50	-5.683603
892	5	-5.685457
114	22	-5.6858315
729	6	-5.68645
53	279	-5.686569
683	174	-5.687761
132	170	-5.687855
415	32	-5.6881866
663	105	-5.6883388
164	84	-5.6888456
18	269	-5.689146
88	191	-5.6913695
3	287	-5.6914434
5	151	-5.692071
516	23	-5.693396
425	38	-5.69426
179	70	-5.6945944
636	70	-5.6948323
63	373	-5.6952085
143	77	-5.695261
694	204	-5.6959205
745	154	-5.696494
931	45	-5.6968083
864	81	-5.6969895
896	89	-5.697325
584	115	-5.6982965
942	87	-5.7000318
795	141	-5.7020802
822	173	-5.7053676
692	179	-5.705752
864	92	-5.707109
852	94	-5.7075577
85	184	-5.708767
828	213	-5.709173
494	6	-5.7093635
548	116	-5.709658
830	6	-5.709716
11	357	-5.7097325
617	87	-5.710335
959	444	-5.7104135
543	30	-5.7134824
531	38	-5.714981
28	173	-5.7155232
758	139	-5.7160063
162	73	-5.717043
805	6	-5.7195
795	23	-5.7204576
752	66	-5.7208676
128	145	-5.7212486
80	208	-5.7219534
794	204	-5.7226624
776	114	-5.724114
459	36	-5.7242575
518	127	-5.725752
940	245	-5.726482
567	6	-5.727514
409	6	-5.7279277
931	99	-5.7286806
938	231	-5.7292476
812	117	-5.7312417
253	33	-5.7314715
92	220	-5.732699
959	671	-5.7329254
226	81	-5.7330947
399	6	-5.734078
141	112	-5.734525
47	347	-5.73453
930	71	-5.7350216
441	47	-5.7359548
150	35	-5.7364016
142	135	-5.737389
672	117	-5.7375917
959	583	-5.7377973
959	602	-5.7384024
195	30	-5.738607
838	274	-5.7394814
831	57	-5.7414613
457	31	-5.742175
874	85	-5.74307
711	182	-5.7437305
542	94	-5.744509
291	44	-5.746558
436	23	-5.746661
801	164	-5.748329
907	5	-5.7500196
788	44	-5.7503967
434	46	-5.7508345
5	279	-5.751471
812	176	-5.7518086
498	72	-5.7537465
158	64	-5.755041
824	8	-5.756793
529	23	-5.7571487
687	107	-5.757469
949	266	-5.758194
785	33	-5.7603674
635	93	-5.760373
936	250	-5.7613797
47	84	-5.7622585
2	294	-5.7628193
138	188	-5.763207
482	29	-5.764479
738	196	-5.764893
466	69	-5.76595
700	48	-5.7665915
482	50	-5.766729
958	649	-5.766794
19	210	-5.766966
87	343	-5.767041
474	6	-5.769751
23	282	-5.769925
5	157	-5.771084
57	286	-5.774172
479	40	-5.7745996
815	106	-5.775751
661	23	-5.7762394
830	82	-5.776563
474	55	-5.7766504
698	192	-5.7769637
551	39	-5.777467
786	90	-5.7778068
91	147	-5.778193
571	105	-5.779102
699	74	-5.7795196
867	100	-5.7816305
445	23	-5.782678
20	227	-5.7856517
580	128	-5.7856927
593	71	-5.7857766
573	6	-5.7858887
793	62	-5.786068
108	128	-5.786225
791	109	-5.787309
733	62	-5.787808
886	183	-5.7886043
896	162	-5.78953
62	113	-5.7896333
866	39	-5.7910395
651	84	-5.7921557
19	286	-5.794073
913	175	-5.794174
125	142	-5.7943187
0	283	-5.7959194
180	54	-5.796666
137	176	-5.7968583
134	125	-5.797491
938	236	-5.7979064
719	182	-5.7999105
145	175	-5.799993
164	47	-5.8001213
448	54	-5.800509
578	6	-5.80131
865	5	-5.8018203
720	128	-5.8047194
897	5	-5.804752
447	6	-5.8048244
23	191	-5.8051147
200	108	-5.808652
605	57	-5.8087106
510	6	-5.808997
186	126	-5.8090076
921	231	-5.8090878
5	167	-5.8092556
99	250	-5.8111935
733	194	-5.811223
677	6	-5.8119507
610	20	-5.812219
755	22	-5.8126154
117	175	-5.813525
364	33	-5.8145165
267	5	-5.8193197
775	23	-5.8193316
459	6	-5.8212714
6	225	-5.821871
684	6	-5.8228536
804	107	-5.824333
840	85	-5.824508
358	39	-5.8251953
897	99	-5.825421
41	278	-5.8256254
65	92	-5.8257666
9	292	-5.828215
50	264	-5.8282843
643	141	-5.828886
76	218	-5.82937
131	148	-5.829452
607	142	-5.8300614
132	144	-5.8306
108	149	-5.8309298
938	79	-5.8311424
471	69	-5.8314567
137	88	-5.8330345
590	128	-5.834554
120	164	-5.8353724
825	74	-5.835427
539	101	-5.835892
131	110	-5.836069
924	138	-5.8368645
57	292	-5.8370724
918	67	-5.838135
786	199	-5.838193
544	123	-5.838268
56	274	-5.8387923
805	69	-5.8395553
954	537	-5.8401365
769	5	-5.840408
559	6	-5.8409176
12	400	-5.8414006
574	37	-5.841608
839	281	-5.842311
248	33	-5.84303
702	190	-5.843578
647	22	-5.8435793
801	144	-5.8441005
49	280	-5.844101
19	425	-5.8467836
959	607	-5.8469057
888	223	-5.847228
888	6	-5.84776
27	354	-5.849482
65	66	-5.8496237
942	274	-5.851079
468	6	-5.8513165
404	6	-5.8521113
454	6	-5.8537745
818	73	-5.8539886
219	65	-5.85429
213	77	-5.8547144
380	6	-5.855602
94	193	-5.857317
539	6	-5.8590736
61	260	-5.860272
645	28	-5.8609796
79	332	-5.8611526
377	41	-5.8617387
527	94	-5.862362
709	22	-5.8625345
61	277	-5.863325
88	348	-5.865239
959	588	-5.8670874
846	102	-5.867652
491	23	-5.8684254
959	406	-5.86852
817	149	-5.8687477
457	23	-5.8694158
600	6	-5.8706217
544	34	-5.871495
717	28	-5.871866
11	263	-5.872366
297	44	-5.872784
606	82	-5.8741093
509	100	-5.875001
572	23	-5.8753915
145	138	-5.876656
372	41	-5.877043
890	57	-5.8774266
857	168	-5.877831
743	29	-5.878104
79	72	-5.8782306
784	161	-5.8790274
185	38	-5.882353
761	8	-5.882645
46	288	-5.88301
37	108	-5.8834133
748	140	-5.883925
704	125	-5.884602
105	39	-5.88641
594	137	-5.886484
823	217	-5.88737
750	197	-5.8886757
151	107	-5.889151
61	285	-5.8904653
734	6	-5.8905425
29	300	-5.890829
365	6	-5.891226
959	578	-5.89334
173	64	-5.8937664
448	96	-5.8945456
555	51	-5.8946567
755	100	-5.8953834
57	82	-5.8954244
915	186	-5.8967175
139	239	-5.8975306
841	81	-5.8977857
146	127	-5.899078
885	90	-5.899116
759	147	-5.9006696
874	104	-5.9012156
199	73	-5.9017777
697	56	-5.902694
881	5	-5.902697
922	265	-5.902732
99	163	-5.904183
581	67	-5.905908
832	169	-5.90677
399	39	-5.9070106
729	58	-5.908655
386	88	-5.9096713
882	51	-5.910464
885	100	-5.912598
518	104	-5.913448
144	151	-5.9134884
155	162	-5.919732
846	26	-5.9197354
78	239	-5.9197726
625	6	-5.9205756
762	74	-5.92089
938	145	-5.921097
938	177	-5.9211783
464	35	-5.922328
675	23	-5.92393
5	162	-5.92396
169	128	-5.9242706
101	48	-5.9244556
844	273	-5.9249315
46	156	-5.9258776
531	81	-5.9268146
4	434	-5.9271584
263	6	-5.9272017
561	97	-5.927229
881	176	-5.931702
763	160	-5.9333158
680	100	-5.9333544
104	218	-5.934017
812	171	-5.9342523
920	137	-5.935483
791	54	-5.936414
242	66	-5.936929
137	29	-5.9370637
667	5	-5.9376674
794	162	-5.937962
901	187	-5.938142
605	19	-5.9381433
959	432	-5.941056
268	51	-5.941524
94	52	-5.941649
193	132	-5.94451
710	177	-5.9446416
31	160	-5.945424
501	6	-5.94548
11	282	-5.945494
901	125	-5.9457364
864	170	-5.9457536
711	117	-5.9458413
199	115	-5.946333
268	32	-5.9472823
932	35	-5.9474616
9	361	-5.9477763
151	132	-5.9479976
108	201	-5.948754
693	28	-5.950856
77	362	-5.9509234
942	263	-5.9509573
163	112	-5.9516673
705	48	-5.9519424
82	235	-5.9525814
151	146	-5.9532914
115	29	-5.9533973
521	86	-5.9554567
894	187	-5.956677
797	41	-5.959868
815	6	-5.961368
123	231	-5.9618406
845	22	-5.9623046
146	133	-5.9623337
203	39	-5.9628034
959	414	-5.9630046
132	154	-5.9633117
191	56	-5.966368
98	215	-5.966833
152	142	-5.9670258
4	270	-5.9675064
772	196	-5.967566
5	197	-5.970816
39	84	-5.971031
930	164	-5.971126
923	56	-5.9713607
902	5	-5.9716587
27	319	-5.971785
537	89	-5.97338
481	23	-5.973929
949	240	-5.974126
551	6	-5.9753575
53	98	-5.975555
53	104	-5.9770985
491	30	-5.977791
874	96	-5.978703
589	49	-5.9797974
15	262	-5.9799356
933	270	-5.980052
111	136	-5.980169
44	292	-5.9822273
149	173	-5.9827437
224	98	-5.9831924
737	185	-5.98369
2	300	-5.984031
96	205	-5.9841213
220	108	-5.9850163
492	70	-5.985261
655	28	-5.9858527
776	198	-5.986004
148	78	-5.9872694
811	22	-5.9873796
862	87	-5.990871
855	175	-5.9915996
504	96	-5.992615
896	167	-5.9934945
934	238	-5.996611
835	20	-5.9967036
125	245	-5.996861
158	77	-5.9968705
259	5	-5.9975367
435	6	-5.9994907
748	202	-5.9997134
197	6	-5.9997535
47	275	-5.9999027
