x_coord	y_coord	score
82	46	0.36917242
80	50	0.28567126
84	42	0.17409423
53	100	0.06749183
76	55	0.043393046
86	38	-0.12965891
51	104	-0.151007
45	116	-0.15861547
47	110	-0.16625714
55	96	-0.37499213
80	56	-0.45911637
41	120	-0.47808
75	59	-0.5027289
89	34	-0.5644262
39	126	-0.5758154
47	105	-0.7422712
57	92	-0.7509366
51	109	-0.8060374
88	43	-0.8081826
76	49	-0.81087667
84	51	-0.914953
90	30	-0.9196464
33	137	-0.95759165
86	47	-1.0002769
49	114	-1.0008328
21	155	-1.0601816
29	141	-1.0685414
55	105	-1.0969586
59	88	-1.1060588
37	122	-1.1637132
74	63	-1.1682304
90	39	-1.1719822
48	101	-1.1748555
37	131	-1.2205496
41	115	-1.2319062
78	45	-1.2330652
46	120	-1.2393652
698	650	-1.2765272
85	33	-1.2793638
59	97	-1.2901683
22	151	-1.3561003
57	101	-1.3626144
35	127	-1.3946445
72	56	-1.4181924
63	86	-1.4354413
73	52	-1.4434707
67	78	-1.4525216
33	132	-1.4728296
51	95	-1.4748964
30	145	-1.4975108
522	651	-1.5216552
72	67	-1.5454909
69	74	-1.5523038
162	650	-1.5642936
79	60	-1.5863262
43	111	-1.5898719
25	148	-1.5933332
62	91	-1.6117387
20	159	-1.6260266
63	79	-1.6426595
29	136	-1.6514045
82	37	-1.6598628
80	41	-1.6742262
43	124	-1.6944273
91	26	-1.706135
26	144	-1.7085341
34	571	-1.726068
703	650	-1.7288256
33	142	-1.7537473
517	651	-1.8113929
60	83	-1.8207902
762	649	-1.8309863
150	650	-1.8372853
833	650	-1.8417957
208	650	-1.8430854
25	154	-1.8639116
212	651	-1.8890182
816	606	-1.8936746
53	91	-1.9027495
838	519	-1.9274735
71	60	-1.9742959
94	23	-2.0031414
199	650	-2.009462
33	123	-2.0292218
838	649	-2.029828
30	129	-2.0334415
638	650	-2.0342023
82	583	-2.0359771
68	70	-2.0585728
29	149	-2.0603516
94	29	-2.0618653
770	650	-2.063475
66	83	-2.0749438
688	650	-2.084629
528	651	-2.0990462
166	649	-2.1228607
841	516	-2.1274037
341	651	-2.1384737
814	610	-2.138581
53	113	-2.1440942
277	650	-2.1482613
825	650	-2.1544368
64	75	-2.1548512
97	650	-2.1579285
807	561	-2.1584253
73	71	-2.1671162
102	593	-2.169694
41	130	-2.1817462
93	33	-2.19682
829	649	-2.1994302
562	651	-2.201429
693	650	-2.2144947
37	136	-2.2233248
203	649	-2.2273598
90	22	-2.2289255
370	651	-2.253308
179	649	-2.2553566
847	514	-2.258689
687	331	-2.2691035
156	650	-2.2802587
846	649	-2.288811
86	29	-2.292004
72	77	-2.3024163
80	587	-2.3053923
815	614	-2.3067136
24	158	-2.3067489
506	651	-2.3091066
356	651	-2.3147871
22	145	-2.31515
78	64	-2.3228242
893	553	-2.3393002
25	140	-2.3411384
55	87	-2.365643
174	649	-2.374044
37	117	-2.3861167
50	118	-2.3872733
191	650	-2.3939126
810	606	-2.4002843
659	650	-2.4084854
512	651	-2.4103737
808	557	-2.4123988
32	610	-2.4140313
668	650	-2.4246094
34	649	-2.4263628
87	649	-2.4266737
43	106	-2.427473
851	513	-2.4325893
56	109	-2.4364893
195	649	-2.4702857
566	650	-2.4762037
550	651	-2.4814675
70	81	-2.4831777
54	320	-2.4848342
744	650	-2.488659
92	650	-2.5006626
719	650	-2.5029871
837	515	-2.5035508
95	19	-2.5147903
66	567	-2.5182667
736	650	-2.5303779
436	650	-2.5338383
77	584	-2.5577753
711	650	-2.5601356
717	637	-2.56533
17	156	-2.565375
91	47	-2.569316
501	650	-2.5697956
149	619	-2.5735295
440	649	-2.579191
76	68	-2.5898454
821	649	-2.5929992
683	650	-2.5944626
886	460	-2.5980518
63	95	-2.5984004
376	651	-2.6084704
811	563	-2.6096475
887	553	-2.6126034
652	650	-2.6147242
766	582	-2.6221478
50	649	-2.6257443
850	650	-2.6308508
381	650	-2.6444228
97	26	-2.64497
64	309	-2.6499772
87	25	-2.658405
346	651	-2.6598303
147	623	-2.6618884
538	650	-2.6673512
47	125	-2.669469
34	614	-2.6739838
813	603	-2.6810231
577	650	-2.683541
34	577	-2.685302
94	37	-2.7003994
750	650	-2.706399
825	608	-2.7129796
686	335	-2.7172627
53	622	-2.7177022
589	650	-2.718256
85	55	-2.7193613
187	649	-2.719744
893	548	-2.7221131
32	248	-2.72493
931	482	-2.725527
444	650	-2.7264452
76	74	-2.7325063
842	650	-2.7334085
673	649	-2.7337282
98	22	-2.7346342
69	64	-2.734789
931	476	-2.7358036
146	649	-2.7427874
758	650	-2.7468398
34	606	-2.7489116
734	616	-2.7629316
804	558	-2.7654011
273	651	-2.7683485
69	53	-2.7712896
931	468	-2.772878
66	89	-2.7795725
170	650	-2.7837625
98	591	-2.7852466
532	650	-2.7915137
269	650	-2.7939234
101	620	-2.796429
67	306	-2.7972536
47	97	-2.7999504
854	649	-2.8005462
754	649	-2.8037474
712	635	-2.8043942
120	595	-2.8106694
351	651	-2.811372
29	121	-2.812443
93	42	-2.814671
53	324	-2.8148482
844	519	-2.817865
725	650	-2.8198886
459	598	-2.8410144
334	651	-2.8475397
777	582	-2.8503346
60	76	-2.8547602
385	649	-2.8554308
21	141	-2.8568683
68	57	-2.8605185
848	510	-2.8650813
843	511	-2.865984
405	649	-2.8676713
16	160	-2.873215
391	649	-2.8733263
775	650	-2.8773105
339	629	-2.8801877
930	487	-2.88044
52	476	-2.8810105
44	102	-2.8850653
832	646	-2.8889046
853	509	-2.8889802
811	583	-2.894981
687	339	-2.8960173
281	651	-2.906661
83	59	-2.914615
85	580	-2.9177663
791	650	-2.9271028
73	46	-2.9338224
106	589	-2.9341378
390	641	-2.9386494
84	588	-2.9389763
33	567	-2.939289
60	315	-2.93932
784	639	-2.9393966
931	462	-2.9455342
730	650	-2.9459848
545	651	-2.9463856
643	650	-2.9477453
68	302	-2.9478874
554	650	-2.949923
818	611	-2.9537606
37	141	-2.9544406
247	650	-2.9578304
62	101	-2.9610636
428	650	-2.9668784
100	587	-2.970422
432	648	-2.970989
707	649	-2.974203
101	649	-2.9816635
33	148	-2.9832575
777	639	-2.984161
156	600	-2.9897246
48	623	-2.991987
810	612	-2.9921598
694	593	-2.9947968
571	650	-2.995128
76	588	-2.9970217
859	510	-2.9973886
663	649	-2.9977596
37	568	-3.0047545
100	599	-3.0055447
897	554	-3.0086358
82	63	-3.0116801
885	464	-3.0145442
826	595	-3.0153136
803	562	-3.0179932
793	624	-3.0188677
42	476	-3.0303643
817	650	-3.0313075
847	573	-3.03187
851	571	-3.0382218
848	518	-3.0387924
21	163	-3.0415163
93	579	-3.0430732
60	310	-3.0433567
149	627	-3.0448241
273	621	-3.04778
33	118	-3.0508707
787	624	-3.0568664
858	647	-3.0570555
183	650	-3.057387
842	595	-3.0592098
215	596	-3.0611038
458	650	-3.0630076
46	129	-3.0662286
106	594	-3.0707107
931	492	-3.0796854
80	70	-3.0852551
45	649	-3.0854812
81	579	-3.0865564
761	622	-3.0905213
46	618	-3.0919082
800	606	-3.0974288
55	649	-3.098058
41	135	-3.100968
926	483	-3.1034849
735	646	-3.104195
679	649	-3.1196284
70	649	-3.1239393
626	650	-3.1253965
687	347	-3.1276336
686	637	-3.12934
73	301	-3.130748
694	637	-3.1359444
281	623	-3.1382623
767	620	-3.1398323
766	648	-3.1412964
129	598	-3.1420832
897	549	-3.143912
475	650	-3.1440315
690	328	-3.1451867
71	587	-3.1467586
812	555	-3.151632
860	506	-3.1522906
52	618	-3.1608
59	306	-3.1624796
909	616	-3.1663597
808	602	-3.167725
834	518	-3.1705475
364	651	-3.170606
812	619	-3.1714146
59	106	-3.1728375
719	641	-3.1733835
31	156	-3.174454
39	615	-3.1752424
886	557	-3.1789103
855	514	-3.1815774
695	340	-3.1837654
277	622	-3.183815
63	305	-3.1841671
49	321	-3.1915345
761	582	-3.196113
930	472	-3.1990273
652	635	-3.1992583
56	82	-3.1996348
223	597	-3.2027512
699	637	-3.2039464
843	570	-3.2061176
812	650	-3.2085047
927	503	-3.211084
885	450	-3.2125974
33	514	-3.2154632
133	599	-3.2166812
818	602	-3.218339
55	313	-3.2224243
893	558	-3.2237773
607	617	-3.2256393
71	620	-3.2284865
839	592	-3.2291775
894	544	-3.2351112
786	650	-3.235173
824	604	-3.2357712
773	638	-3.2420905
89	582	-3.2428203
97	595	-3.2455153
926	488	-3.2469
142	650	-3.2512698
34	600	-3.2534335
805	554	-3.2537506
43	572	-3.254909
199	631	-3.2550597
600	651	-3.2574787
824	612	-3.2588387
152	638	-3.2619433
81	591	-3.2645411
60	651	-3.264855
809	579	-3.2658198
77	651	-3.26712
835	565	-3.2671852
58	475	-3.274415
925	643	-3.2748554
413	649	-3.2758927
715	649	-3.278378
57	323	-3.278849
216	649	-3.2869685
69	86	-3.287003
890	545	-3.2881768
898	542	-3.288684
110	611	-3.2890697
669	646	-3.2895238
824	646	-3.2916884
926	476	-3.2925248
690	334	-3.2978995
65	622	-3.2986858
68	310	-3.301795
813	559	-3.3077044
633	650	-3.3139236
820	607	-3.3145857
740	651	-3.3146808
41	140	-3.316769
492	651	-3.3179348
94	583	-3.3214798
88	52	-3.3222382
783	623	-3.3243048
397	649	-3.324543
141	620	-3.3260036
814	599	-3.327091
84	620	-3.3277328
81	649	-3.327857
581	649	-3.329916
931	504	-3.3314142
75	42	-3.3321693
758	563	-3.334323
857	441	-3.3344476
699	339	-3.346258
370	631	-3.3476772
211	647	-3.3494911
852	597	-3.3495874
55	425	-3.352585
905	618	-3.3536918
119	599	-3.3537326
903	544	-3.354593
927	515	-3.3559232
808	592	-3.3571436
899	537	-3.357578
100	29	-3.359808
71	567	-3.3626933
63	71	-3.3635554
107	620	-3.3642101
735	591	-3.365921
149	633	-3.3671272
825	516	-3.3691106
909	610	-3.371422
889	549	-3.3730388
806	565	-3.3736777
899	633	-3.3742776
101	583	-3.3758416
847	596	-3.3760965
926	471	-3.3848145
722	647	-3.3851936
211	595	-3.3911593
816	618	-3.3912125
67	588	-3.3945377
127	594	-3.3952565
105	611	-3.3957956
64	301	-3.3960705
90	233	-3.398243
35	306	-3.402421
158	596	-3.4036436
83	607	-3.4037015
18	152	-3.4041119
779	622	-3.405919
110	595	-3.4072993
902	518	-3.4082804
815	585	-3.4133713
805	606	-3.4149773
84	603	-3.4151163
99	18	-3.4163742
843	585	-3.4164307
452	650	-3.4177625
816	628	-3.4178123
89	294	-3.4185889
93	297	-3.4235551
45	568	-3.423827
145	617	-3.42591
704	637	-3.4260557
228	598	-3.4261003
808	551	-3.4273896
70	583	-3.427667
782	635	-3.427729
36	145	-3.4327347
871	449	-3.4351275
223	649	-3.435137
849	646	-3.4363089
50	313	-3.4383392
83	599	-3.443499
85	298	-3.4446023
647	651	-3.4447596
77	78	-3.4478772
84	594	-3.4564497
703	340	-3.4570172
291	615	-3.4577804
154	592	-3.4612365
789	640	-3.4617562
732	612	-3.465353
80	602	-3.4675117
48	614	-3.4685462
105	650	-3.4698558
695	334	-3.471107
797	592	-3.4719617
124	650	-3.4724708
930	458	-3.4726307
150	600	-3.472806
249	567	-3.4728487
697	646	-3.479456
91	18	-3.4800215
105	599	-3.4817352
686	327	-3.4845893
84	574	-3.484685
931	513	-3.4922118
33	526	-3.4930906
822	512	-3.501759
103	616	-3.5038416
137	619	-3.5084085
801	555	-3.5088167
112	620	-3.5117655
799	602	-3.5138106
497	651	-3.5147946
617	650	-3.5169575
118	589	-3.518331
901	548	-3.5207388
64	314	-3.521277
800	616	-3.5295393
55	305	-3.5322998
852	606	-3.532383
98	33	-3.5347483
42	483	-3.5412333
47	475	-3.5485547
146	638	-3.5532448
39	649	-3.5555828
883	554	-3.5568702
93	591	-3.557325
159	647	-3.5581753
797	621	-3.5622585
101	25	-3.5637534
902	529	-3.5646667
671	554	-3.573548
807	585	-3.5762613
708	636	-3.5774667
54	309	-3.5783582
96	601	-3.5801685
58	319	-3.5854678
893	540	-3.5858166
737	587	-3.5868692
75	297	-3.5889943
83	302	-3.5892577
926	507	-3.5897005
850	506	-3.590484
726	580	-3.5912259
454	604	-3.591747
806	610	-3.5931017
285	650	-3.595682
768	561	-3.5960228
889	560	-3.596942
809	616	-3.5969884
922	461	-3.59831
889	451	-3.599974
39	110	-3.6009896
64	571	-3.6057868
298	651	-3.6064692
19	148	-3.6091132
153	596	-3.6091259
934	489	-3.6092434
838	511	-3.610155
231	605	-3.6102638
358	633	-3.6122494
929	537	-3.6129146
31	259	-3.6129613
832	514	-3.6178102
34	483	-3.6194837
82	30	-3.6196496
153	623	-3.6280951
842	523	-3.6282144
859	464	-3.6299906
32	152	-3.631128
930	543	-3.6316543
63	415	-3.6326082
845	592	-3.6330595
80	610	-3.633075
96	15	-3.6349943
285	621	-3.636585
756	559	-3.6375978
772	643	-3.637905
51	426	-3.6383982
390	633	-3.6419644
862	649	-3.6445146
21	36	-3.6449828
72	305	-3.6470432
931	519	-3.6472592
904	524	-3.6493182
51	571	-3.6495316
30	115	-3.6514368
468	650	-3.6515808
606	650	-3.6527934
713	639	-3.654351
38	610	-3.6573071
480	651	-3.657747
69	298	-3.659352
685	646	-3.6609716
480	636	-3.661396
17	164	-3.662117
79	620	-3.6639087
765	586	-3.6640372
825	563	-3.66548
932	500	-3.666298
812	627	-3.6672025
727	646	-3.668494
381	643	-3.6710274
32	487	-3.6719818
150	615	-3.6732147
688	343	-3.6742456
773	621	-3.6743133
54	117	-3.679208
88	593	-3.6807733
847	567	-3.68081
901	620	-3.6828008
55	328	-3.6840892
828	645	-3.6850865
811	573	-3.6860428
585	651	-3.6875253
837	523	-3.689081
716	633	-3.6903708
811	631	-3.6907358
763	563	-3.6907966
812	593	-3.6910014
815	632	-3.6913488
682	337	-3.6935577
594	650	-3.6942835
934	465	-3.6959262
889	463	-3.6993175
409	651	-3.6993523
49	332	-3.6994953
929	525	-3.7015138
701	333	-3.7035809
772	582	-3.7074418
123	598	-3.709845
50	128	-3.710955
828	613	-3.7150114
838	596	-3.7167587
33	312	-3.720454
198	623	-3.7217276
89	299	-3.723877
762	643	-3.7243295
163	638	-3.726062
51	122	-3.7262533
619	605	-3.7270315
810	598	-3.7273657
790	635	-3.7285004
32	618	-3.730139
732	620	-3.7332597
460	593	-3.7341223
815	579	-3.7342198
163	646	-3.7348187
752	624	-3.7355385
747	647	-3.737551
690	595	-3.7375827
841	565	-3.7395713
30	255	-3.7407415
60	302	-3.7407897
401	651	-3.7411382
691	338	-3.741223
291	650	-3.7420251
133	620	-3.7424567
677	551	-3.7442467
51	317	-3.7456715
766	624	-3.7457745
65	67	-3.745962
927	464	-3.747796
761	590	-3.7482052
673	550	-3.7498767
718	646	-3.7547836
50	422	-3.7578146
100	579	-3.7622707
744	617	-3.762884
851	601	-3.763406
528	630	-3.765612
343	628	-3.7657514
8	169	-3.7668743
110	587	-3.7673507
887	456	-3.767971
620	598	-3.7690961
454	599	-3.7706504
289	623	-3.7707944
44	624	-3.7715003
153	629	-3.774301
901	553	-3.7744
93	572	-3.7763815
41	488	-3.7794971
689	324	-3.7814786
903	539	-3.7816927
902	534	-3.7828689
47	428	-3.7830563
830	637	-3.7838066
856	505	-3.7843778
845	507	-3.7845042
903	634	-3.7852187
929	596	-3.7852623
436	642	-3.7867928
908	621	-3.7868648
154	617	-3.7880685
834	595	-3.7889218
193	633	-3.7909112
913	612	-3.7911575
87	637	-3.7917047
855	570	-3.792175
66	651	-3.7972865
50	567	-3.7984655
749	643	-3.7991738
255	650	-3.799583
122	591	-3.8014307
821	630	-3.8019495
811	488	-3.804468
804	650	-3.8074486
839	583	-3.8085825
451	586	-3.8126504
710	617	-3.813715
908	526	-3.8145149
780	606	-3.8145308
88	237	-3.8153756
625	598	-3.8168917
90	646	-3.8169112
875	497	-3.8185341
78	567	-3.8194115
912	531	-3.820681
781	618	-3.8208525
927	520	-3.8307748
800	559	-3.8308582
815	622	-3.831346
829	607	-3.8336813
444	596	-3.8338294
105	579	-3.8354232
606	621	-3.8357859
59	422	-3.8376088
794	639	-3.8416326
117	620	-3.8419204
45	313	-3.845223
58	415	-3.8483722
45	320	-3.849558
847	584	-3.8522365
79	606	-3.853997
829	585	-3.8546789
890	518	-3.8549871
334	628	-3.8567321
28	125	-3.8591185
799	582	-3.8592467
21	133	-3.8602362
695	327	-3.8604896
45	133	-3.8611224
848	607	-3.8639364
930	496	-3.8661726
833	495	-3.8663938
117	611	-3.8675857
329	651	-3.8676624
850	639	-3.869111
746	590	-3.8695464
70	49	-3.869561
106	583	-3.870243
158	619	-3.8725243
875	447	-3.8733299
81	297	-3.8737617
827	591	-3.8747392
8	174	-3.8767042
95	233	-3.8773582
102	21	-3.8796713
25	162	-3.881479
230	614	-3.8826234
72	607	-3.882715
762	626	-3.8835645
665	558	-3.8852174
801	620	-3.885237
62	419	-3.8859332
147	604	-3.886676
836	645	-3.8867805
739	647	-3.8871927
31	574	-3.8872185
887	478	-3.8887064
852	517	-3.889564
891	523	-3.88985
871	499	-3.8920121
94	293	-3.8920443
34	302	-3.8952157
897	500	-3.9006917
67	563	-3.9028716
47	573	-3.9043992
26	133	-3.9049678
801	591	-3.9059772
62	565	-3.906423
929	531	-3.9072402
926	495	-3.907393
889	541	-3.9088588
890	564	-3.91035
737	581	-3.9118557
796	650	-3.9119287
723	639	-3.914199
738	615	-3.9159513
108	616	-3.9159813
897	561	-3.916608
484	637	-3.9166405
656	647	-3.916887
855	602	-3.9177861
829	518	-3.919767
934	479	-3.920088
219	598	-3.920301
68	415	-3.9205685
594	623	-3.9227006
60	622	-3.9240992
32	26	-3.924141
30	160	-3.9245558
841	646	-3.9245622
49	326	-3.9253523
839	571	-3.9264815
863	509	-3.9281254
558	652	-3.9302
516	640	-3.9319348
117	650	-3.9325187
921	642	-3.9326892
171	574	-3.9340205
152	604	-3.934481
83	26	-3.9374928
134	650	-3.9413242
133	612	-3.9418836
786	643	-3.9432123
922	646	-3.943284
886	546	-3.9455717
137	613	-3.9486313
781	580	-3.9492366
50	336	-3.9493232
805	615	-3.949574
750	619	-3.9528823
67	93	-3.953079
360	650	-3.9532738
883	560	-3.9536867
55	420	-3.9537275
33	581	-3.9553044
853	612	-3.9569662
143	602	-3.9571824
928	602	-3.9576342
116	594	-3.9619863
905	613	-3.9622269
833	640	-3.9648867
607	611	-3.9660597
762	637	-3.9674065
926	647	-3.9700754
799	626	-3.970237
856	461	-3.9709954
736	642	-3.9712965
760	557	-3.9755452
867	500	-3.9756272
160	601	-3.9804056
227	604	-3.9816754
51	306	-3.9820297
73	637	-3.9835978
813	551	-3.9836009
908	606	-3.9867368
745	583	-3.9868271
484	632	-3.987518
766	611	-3.9887483
76	580	-3.9894598
820	615	-3.9924207
808	648	-3.994058
21	86	-3.9949577
917	610	-3.9953792
837	494	-3.996172
802	550	-3.998117
828	602	-3.999759
610	651	-3.999809
702	633	-4.0004315
710	631	-4.0033326
341	645	-4.0040007
430	632	-4.0047746
895	616	-4.0048866
76	601	-4.0055237
821	518	-4.0065494
195	615	-4.006888
42	306	-4.0079837
810	588	-4.009305
793	632	-4.0108137
702	621	-4.012754
74	82	-4.0137377
142	624	-4.0156064
50	411	-4.0164194
291	609	-4.017099
789	620	-4.0181766
829	565	-4.022934
152	646	-4.0229664
129	650	-4.024482
825	498	-4.026399
801	632	-4.0264215
30	264	-4.0275555
829	632	-4.0279827
883	457	-4.0281944
213	600	-4.0306206
38	572	-4.030817
781	642	-4.031231
890	570	-4.031971
677	638	-4.0324163
235	648	-4.033589
929	547	-4.0337777
839	608	-4.0339985
752	598	-4.034573
99	236	-4.0355167
84	294	-4.036984
34	622	-4.037692
864	505	-4.039162
830	594	-4.041068
12	162	-4.0419517
99	624	-4.0440774
48	92	-4.0451913
786	634	-4.0469747
819	645	-4.047473
698	595	-4.04927
825	521	-4.0506864
340	624	-4.052879
67	618	-4.0534015
154	633	-4.0537686
896	620	-4.0544147
208	598	-4.054566
458	602	-4.054817
443	586	-4.0549283
463	651	-4.0553484
805	581	-4.0562377
145	612	-4.0562687
439	592	-4.05691
829	494	-4.0599446
592	616	-4.060689
49	418	-4.061734
496	633	-4.0620074
154	586	-4.063172
53	614	-4.063629
95	8	-4.0644827
769	565	-4.064581
842	589	-4.066049
693	344	-4.066774
90	601	-4.066803
424	649	-4.0695586
21	43	-4.070424
269	623	-4.072789
77	302	-4.073977
901	612	-4.0750594
31	420	-4.0753493
66	584	-4.0786743
86	21	-4.079195
232	609	-4.0791965
32	347	-4.0804553
743	646	-4.0805154
819	583	-4.082262
242	650	-4.082859
35	475	-4.085387
860	514	-4.0859528
686	351	-4.0860567
684	550	-4.087174
207	646	-4.0877404
758	586	-4.0897727
445	604	-4.090528
74	647	-4.0932755
83	67	-4.0934215
773	626	-4.0957236
715	340	-4.096221
102	536	-4.097399
822	635	-4.0986586
682	332	-4.100407
723	577	-4.102278
722	635	-4.102709
690	639	-4.103762
88	572	-4.105123
131	593	-4.105711
75	414	-4.105746
139	600	-4.1078305
293	625	-4.1100597
853	502	-4.11043
728	616	-4.1121264
780	650	-4.114245
915	606	-4.1151075
927	606	-4.1153903
54	416	-4.1162877
145	629	-4.1174474
463	597	-4.1183734
140	616	-4.1187315
821	595	-4.1196704
926	460	-4.1196904
834	510	-4.1200705
673	558	-4.120897
86	255	-4.1210423
626	606	-4.1212215
96	556	-4.1221013
826	510	-4.1233625
887	468	-4.1254377
856	607	-4.127661
846	588	-4.1304755
274	625	-4.1354127
934	507	-4.136621
158	590	-4.1373305
661	596	-4.138425
764	559	-4.138599
508	642	-4.140712
833	612	-4.142004
824	599	-4.1425896
821	561	-4.1431036
925	651	-4.14463
622	651	-4.1457653
389	645	-4.1494365
804	594	-4.149457
851	585	-4.1495857
891	498	-4.150018
88	586	-4.1508527
22	137	-4.1524982
752	590	-4.15778
31	215	-4.1586595
779	614	-4.159326
817	555	-4.1596313
764	617	-4.1608224
862	639	-4.16209
876	451	-4.162459
38	412	-4.164349
48	340	-4.164575
777	627	-4.1648793
736	610	-4.165201
85	645	-4.167826
746	597	-4.1712165
43	332	-4.1747317
863	499	-4.1749444
343	633	-4.175156
889	445	-4.1764326
778	539	-4.176536
894	633	-4.176639
430	640	-4.1775355
462	604	-4.1783323
119	605	-4.1791267
782	627	-4.1795683
92	14	-4.181164
456	592	-4.1816716
232	597	-4.1825566
859	502	-4.18465
886	563	-4.185475
860	460	-4.186317
735	577	-4.187075
40	144	-4.187684
817	596	-4.1877885
30	426	-4.1898274
287	617	-4.19132
622	608	-4.191834
757	624	-4.1931114
906	516	-4.194079
101	638	-4.195003
388	637	-4.196888
899	525	-4.1987405
69	573	-4.200335
77	38	-4.20066
93	238	-4.2044497
898	520	-4.2057757
43	427	-4.206213
676	646	-4.2065697
934	459	-4.2097673
560	647	-4.2100325
934	471	-4.2107143
34	510	-4.212442
46	309	-4.2130766
769	557	-4.214033
819	486	-4.214819
685	323	-4.2173257
63	589	-4.219704
61	324	-4.2200813
853	442	-4.2208204
30	365	-4.2209716
893	450	-4.2210298
736	622	-4.2212796
101	603	-4.2226615
854	574	-4.2239294
52	626	-4.2249722
815	590	-4.2251787
227	594	-4.225493
930	551	-4.225892
152	611	-4.225912
72	592	-4.2273965
899	496	-4.2274604
278	626	-4.229819
100	14	-4.2304187
158	638	-4.231375
810	567	-4.2322726
766	638	-4.2330885
606	598	-4.2334266
765	578	-4.234562
801	610	-4.236788
45	420	-4.2390084
907	520	-4.23902
900	616	-4.239572
60	569	-4.243613
339	618	-4.243783
196	627	-4.244962
919	464	-4.2481236
228	649	-4.2482667
45	325	-4.2482877
671	639	-4.2484527
596	617	-4.249273
825	631	-4.2509
418	649	-4.2510653
92	595	-4.2531514
811	623	-4.254471
651	646	-4.2549314
126	555	-4.256059
109	601	-4.256776
869	505	-4.258138
923	468	-4.2582226
884	550	-4.2601814
745	641	-4.2605643
804	601	-4.260742
926	639	-4.263644
793	593	-4.2636914
748	615	-4.263828
236	605	-4.2641244
293	619	-4.2642856
31	321	-4.266021
904	502	-4.266429
63	297	-4.2673855
36	25	-4.2677493
934	495	-4.2689867
72	598	-4.2692947
828	628	-4.2701797
275	617	-4.270853
486	651	-4.27438
479	640	-4.275923
132	616	-4.2786627
369	635	-4.2790904
704	625	-4.2794633
756	573	-4.283275
748	626	-4.2837043
251	648	-4.287129
845	645	-4.2882714
156	606	-4.2883058
30	285	-4.288672
918	639	-4.2887483
834	635	-4.288805
68	315	-4.2891326
898	461	-4.2915187
920	606	-4.2919154
861	606	-4.292292
36	431	-4.292496
784	607	-4.2930937
727	576	-4.294206
80	575	-4.2942395
843	606	-4.2961836
34	114	-4.2974195
75	619	-4.3008857
843	599	-4.3015885
85	248	-4.3035083
829	641	-4.305041
768	615	-4.305339
660	646	-4.305522
95	587	-4.3057504
760	618	-4.30606
596	629	-4.3071694
666	554	-4.308543
100	8	-4.3085933
54	332	-4.309058
768	642	-4.309632
823	590	-4.309737
448	649	-4.3137155
744	622	-4.313835
776	635	-4.3152704
930	509	-4.3154464
907	633	-4.317073
851	566	-4.320875
762	631	-4.3221626
916	602	-4.3225255
605	640	-4.323105
150	590	-4.3238153
32	20	-4.3245077
882	447	-4.3279986
42	411	-4.32889
39	428	-4.3301387
114	616	-4.3302913
70	624	-4.3303037
148	608	-4.330518
46	412	-4.331787
899	504	-4.332032
800	639	-4.3336897
792	643	-4.3341265
131	603	-4.3349833
80	595	-4.3351274
773	613	-4.3354406
22	32	-4.3360624
911	602	-4.3402753
59	72	-4.3425503
908	477	-4.343459
732	580	-4.344845
588	628	-4.3459363
29	102	-4.3465343
141	611	-4.349276
739	592	-4.3500443
833	628	-4.3501863
109	607	-4.3506455
870	453	-4.3510876
669	559	-4.3512135
808	620	-4.3516474
50	88	-4.3519034
74	419	-4.3525877
894	536	-4.3537965
750	610	-4.3543444
913	527	-4.3554163
801	567	-4.3560987
343	620	-4.357068
78	636	-4.359664
691	348	-4.3597918
77	592	-4.363646
223	602	-4.363726
63	423	-4.3640237
67	419	-4.364052
922	638	-4.3663373
39	302	-4.3665237
316	626	-4.368066
789	646	-4.3683844
136	623	-4.3687367
606	606	-4.3711677
907	459	-4.3712893
750	594	-4.372314
799	596	-4.374025
851	592	-4.3741174
202	621	-4.3746037
806	573	-4.3750644
43	614	-4.3758225
616	599	-4.377129
715	643	-4.379081
70	90	-4.380758
707	338	-4.381215
48	25	-4.383434
882	461	-4.3840747
793	619	-4.3849382
805	589	-4.3853517
233	569	-4.3863964
81	616	-4.389133
138	649	-4.389586
201	626	-4.3896337
279	618	-4.390228
204	633	-4.391134
918	460	-4.39201
815	646	-4.3926454
103	17	-4.3963227
878	460	-4.3966036
902	462	-4.3968554
41	310	-4.3981085
47	304	-4.3981857
96	576	-4.3987775
86	244	-4.3997626
345	647	-4.400969
702	646	-4.4016623
732	602	-4.40187
874	461	-4.402025
833	569	-4.402479
342	637	-4.4031615
71	533	-4.4036393
65	411	-4.40411
42	346	-4.405586
690	646	-4.405674
31	305	-4.40613
693	632	-4.4069285
727	635	-4.407144
52	84	-4.4075217
607	625	-4.4079723
793	526	-4.408043
337	647	-4.4081106
89	576	-4.4085746
21	121	-4.4087205
908	463	-4.409111
337	633	-4.4100394
849	611	-4.41046
623	603	-4.410471
790	627	-4.4118776
84	611	-4.4125237
104	567	-4.412546
705	629	-4.4140015
54	301	-4.4178653
819	591	-4.420353
35	426	-4.422979
85	357	-4.4230895
87	598	-4.424326
898	514	-4.42488
758	579	-4.4259763
85	624	-4.426119
592	627	-4.429852
681	639	-4.4300556
305	626	-4.4303246
44	336	-4.4318414
704	617	-4.4334407
40	103	-4.4352913
104	573	-4.435903
735	597	-4.4367456
55	336	-4.4372773
254	567	-4.438578
901	629	-4.440124
382	632	-4.440667
525	648	-4.4425697
71	611	-4.442869
235	614	-4.443494
732	625	-4.4440084
698	330	-4.44462
762	612	-4.444648
42	620	-4.445451
50	431	-4.44585
805	624	-4.447989
51	580	-4.448454
200	613	-4.4494643
41	567	-4.450094
853	645	-4.4520674
234	618	-4.4524555
732	586	-4.452633
786	526	-4.4527593
285	626	-4.453401
232	651	-4.4539647
843	575	-4.4541287
887	499	-4.4542646
815	565	-4.4547596
800	649	-4.455499
904	512	-4.4561157
859	437	-4.456262
904	623	-4.4582467
222	614	-4.4587836
41	321	-4.45902
20	167	-4.4603057
699	358	-4.4609666
816	636	-4.461434
212	641	-4.461929
237	567	-4.4652596
826	559	-4.4659543
382	639	-4.466761
221	634	-4.468016
791	606	-4.4682894
196	611	-4.468886
777	644	-4.469855
817	560	-4.4722214
34	563	-4.473351
84	652	-4.474497
38	478	-4.474545
857	652	-4.475911
42	316	-4.476062
37	149	-4.477455
906	530	-4.4779215
650	631	-4.4794083
388	652	-4.480327
37	619	-4.480366
56	567	-4.481334
242	605	-4.482449
798	552	-4.4826174
861	442	-4.4838986
823	585	-4.485758
90	303	-4.486153
778	610	-4.487048
900	450	-4.487583
541	634	-4.4880767
90	290	-4.48899
30	351	-4.492025
914	459	-4.4949965
128	483	-4.4954042
838	588	-4.496874
43	340	-4.4975734
198	646	-4.4980273
615	607	-4.4988647
917	644	-4.4988704
34	256	-4.498968
66	98	-4.499276
431	644	-4.4993696
761	596	-4.5000777
434	592	-4.501088
886	633	-4.5011435
527	623	-4.5025344
797	633	-4.5037427
76	609	-4.5045576
520	642	-4.504911
62	585	-4.5065765
208	635	-4.506588
31	430	-4.507726
843	612	-4.5082426
683	341	-4.5102534
60	328	-4.5117693
698	641	-4.5138493
54	430	-4.5140395
830	498	-4.514963
873	441	-4.515104
31	289	-4.515376
484	623	-4.5157385
98	646	-4.516961
31	412	-4.517959
394	639	-4.518175
49	132	-4.5182014
54	410	-4.5184026
660	591	-4.519261
785	616	-4.5194163
212	623	-4.520854
12	167	-4.5228524
613	648	-4.5231814
882	453	-4.5235643
7	348	-4.524092
686	593	-4.52452
866	647	-4.525693
57	114	-4.5260053
32	316	-4.526943
726	587	-4.527242
65	52	-4.5294194
101	612	-4.529527
69	636	-4.5295534
871	464	-4.530793
215	604	-4.5317364
364	633	-4.5323043
840	626	-4.5327563
89	10	-4.5333953
742	588	-4.534363
104	623	-4.535179
799	563	-4.5378795
925	499	-4.540185
34	586	-4.5424347
67	580	-4.543276
55	296	-4.5435867
879	464	-4.5449247
208	642	-4.5449686
38	345	-4.54789
73	309	-4.5502424
749	581	-4.550467
29	23	-4.5515437
82	565	-4.5518484
33	520	-4.5523996
97	229	-4.5533433
867	450	-4.5534763
900	557	-4.5536923
903	498	-4.553702
864	513	-4.554251
38	314	-4.5545654
752	605	-4.5557694
71	355	-4.556425
865	441	-4.5569077
793	582	-4.556936
385	642	-4.557454
233	601	-4.557684
825	616	-4.55775
898	530	-4.5583115
189	632	-4.559369
818	514	-4.5597405
886	568	-4.561346
763	554	-4.561826
922	475	-4.56222
785	530	-4.5628614
445	592	-4.5636363
825	642	-4.5636964
122	620	-4.566347
94	567	-4.566938
603	613	-4.567066
295	614	-4.5682397
47	578	-4.5684395
880	497	-4.569128
835	585	-4.5693564
243	599	-4.5695376
829	624	-4.570855
697	633	-4.571957
41	421	-4.5723443
71	579	-4.57239
862	614	-4.5727296
813	530	-4.5732265
815	483	-4.5746684
746	611	-4.575414
69	537	-4.5760484
461	588	-4.5767727
33	252	-4.5773845
832	491	-4.5773873
841	495	-4.578513
903	478	-4.582413
250	561	-4.583857
934	516	-4.584
863	610	-4.5840144
245	569	-4.5845795
934	545	-4.584862
95	285	-4.586749
478	647	-4.58718
212	613	-4.588102
847	503	-4.5886602
774	617	-4.589785
921	650	-4.5912337
71	429	-4.592131
827	581	-4.5923686
122	571	-4.5925236
885	482	-4.5926843
757	592	-4.593833
682	326	-4.594709
80	75	-4.5957537
823	553	-4.5958023
885	444	-4.597761
831	590	-4.5981584
324	651	-4.598675
810	492	-4.598975
869	445	-4.598986
220	594	-4.5990195
159	623	-4.6004653
61	574	-4.603298
825	506	-4.605943
921	634	-4.606037
31	326	-4.606157
824	627	-4.607236
890	459	-4.607426
89	642	-4.6074452
925	511	-4.607452
97	571	-4.6093445
792	598	-4.6110497
694	621	-4.6111183
21	24	-4.6111693
150	642	-4.6137037
151	534	-4.614578
86	232	-4.614659
938	547	-4.615537
530	634	-4.6165934
710	626	-4.6171894
83	636	-4.6173306
898	478	-4.617387
843	580	-4.617635
692	599	-4.618
712	646	-4.618913
522	630	-4.6193485
195	604	-4.6204853
894	519	-4.6208024
756	567	-4.6236763
127	602	-4.6246777
31	268	-4.62547
578	617	-4.6270375
509	622	-4.6273885
818	551	-4.6275992
773	632	-4.628078
808	628	-4.6285043
924	531	-4.630399
898	565	-4.63234
870	495	-4.6349173
667	637	-4.636887
239	597	-4.6369305
26	34	-4.637161
673	643	-4.6373234
838	498	-4.6385455
766	590	-4.6406264
894	571	-4.6407714
85	17	-4.641909
106	23	-4.644504
894	593	-4.644682
303	651	-4.6457934
265	621	-4.6467295
855	465	-4.646814
680	644	-4.649417
42	492	-4.6512012
72	475	-4.651385
96	45	-4.653581
354	637	-4.6543674
783	631	-4.654756
37	328	-4.655376
39	473	-4.6555877
263	650	-4.6555943
144	598	-4.656189
62	320	-4.6567764
773	586	-4.65693
574	647	-4.657486
809	483	-4.65803
34	491	-4.6584945
664	603	-4.6585975
821	482	-4.660827
72	287	-4.6620502
754	620	-4.664038
936	483	-4.664152
915	597	-4.6650915
206	594	-4.6658196
508	630	-4.6661406
310	626	-4.6665125
386	631	-4.6672535
30	343	-4.6674623
394	645	-4.667811
98	38	-4.6691966
858	641	-4.670691
740	620	-4.6751
648	587	-4.6786036
66	61	-4.678814
933	536	-4.6789103
714	629	-4.6791086
85	287	-4.6811533
35	421	-4.6820717
63	247	-4.682483
839	600	-4.6826034
897	651	-4.683842
693	323	-4.6838512
837	507	-4.6838675
65	351	-4.6844845
34	30	-4.6845016
849	522	-4.6852326
47	407	-4.68541
744	628	-4.686073
650	639	-4.686584
37	486	-4.6884365
89	620	-4.688748
722	582	-4.689749
906	483	-4.6911864
143	607	-4.691418
904	561	-4.692587
736	628	-4.6927795
911	523	-4.695176
759	552	-4.695292
900	624	-4.695549
33	479	-4.6961346
849	441	-4.6971426
859	453	-4.6984773
79	34	-4.6991515
455	588	-4.6995473
78	306	-4.700423
25	103	-4.7005997
757	600	-4.7015357
158	629	-4.7028375
21	81	-4.7044477
54	340	-4.704941
806	632	-4.707311
32	495	-4.7073617
112	591	-4.7079945
504	640	-4.709072
562	643	-4.7093234
795	628	-4.709592
438	587	-4.7097645
135	594	-4.711378
833	522	-4.7119126
118	615	-4.712537
46	329	-4.713606
162	592	-4.715411
59	427	-4.717477
742	612	-4.7184486
332	624	-4.7184753
744	602	-4.718911
376	631	-4.718975
97	296	-4.720416
914	623	-4.7212033
809	528	-4.721987
731	593	-4.722011
238	651	-4.722785
192	623	-4.72545
821	639	-4.726629
891	630	-4.728672
31	275	-4.728699
588	617	-4.729791
32	416	-4.7305155
432	636	-4.7311454
847	603	-4.731891
881	652	-4.7323356
145	634	-4.732361
849	635	-4.7326093
819	577	-4.733157
726	642	-4.733718
903	649	-4.735471
39	577	-4.7367706
900	466	-4.737584
118	565	-4.737862
102	608	-4.739677
70	294	-4.742115
91	229	-4.7424765
545	635	-4.7440815
836	435	-4.7458286
226	608	-4.747873
508	647	-4.7504115
715	617	-4.7507253
53	599	-4.7515326
58	348	-4.7518253
703	329	-4.752573
21	74	-4.752988
46	424	-4.7548394
61	618	-4.7558303
34	594	-4.7563534
711	341	-4.757146
34	640	-4.757333
764	607	-4.757749
41	326	-4.758971
358	638	-4.7596054
30	220	-4.7602057
900	510	-4.7604284
879	553	-4.760698
706	613	-4.761833
617	595	-4.761931
557	643	-4.763441
41	496	-4.763734
959	418	-4.7640023
921	602	-4.7642875
677	337	-4.76608
906	453	-4.766405
685	641	-4.766857
187	623	-4.7687955
118	584	-4.7700763
959	410	-4.7701306
36	19	-4.7701974
55	573	-4.772053
763	542	-4.7722535
795	646	-4.772804
69	337	-4.773855
500	634	-4.775733
345	624	-4.7759757
830	506	-4.7760673
822	557	-4.7764363
959	447	-4.7775574
163	629	-4.7776814
104	532	-4.778621
118	573	-4.7788167
449	596	-4.7789745
748	601	-4.779335
606	635	-4.7796974
589	624	-4.7799377
233	634	-4.779951
79	293	-4.7804184
171	646	-4.78129
762	600	-4.7818894
37	323	-4.782212
746	509	-4.7845163
752	563	-4.784666
754	583	-4.787425
863	463	-4.79074
91	256	-4.7933106
43	415	-4.7943826
30	370	-4.794823
933	527	-4.7949214
730	608	-4.7951856
167	640	-4.797142
758	639	-4.7991943
617	640	-4.799732
682	348	-4.800451
893	502	-4.8007526
888	495	-4.801218
77	572	-4.801355
354	631	-4.8016267
821	508	-4.8019342
530	626	-4.8029723
882	570	-4.8035383
94	243	-4.804271
91	638	-4.8043966
512	641	-4.805183
129	611	-4.8075767
716	624	-4.8079214
75	426	-4.8084474
873	559	-4.808469
907	537	-4.8089476
676	652	-4.810615
17	37	-4.8106318
870	460	-4.811219
887	525	-4.813201
128	620	-4.813699
39	599	-4.8140235
114	606	-4.814543
780	532	-4.8157363
209	602	-4.8176947
799	587	-4.817905
925	526	-4.8182554
681	547	-4.818574
660	601	-4.818614
66	613	-4.8202252
41	25	-4.8214674
886	472	-4.8222556
50	346	-4.822888
914	640	-4.8230004
905	549	-4.823421
939	463	-4.823751
553	635	-4.8244476
33	506	-4.8251214
901	454	-4.8251243
889	514	-4.825373
63	105	-4.8264155
921	525	-4.8267555
5	354	-4.8277993
56	625	-4.828189
855	454	-4.828849
110	581	-4.830131
765	652	-4.8308516
815	489	-4.8310094
911	516	-4.831206
140	596	-4.8313556
627	602	-4.8314204
749	630	-4.8325305
820	626	-4.8329554
893	441	-4.835
123	536	-4.8358583
60	110	-4.8364077
872	646	-4.8364735
431	628	-4.836565
39	341	-4.836618
87	606	-4.8369575
881	523	-4.837294
858	616	-4.837915
890	537	-4.8381095
90	241	-4.838183
427	646	-4.8386903
156	613	-4.838885
835	591	-4.8401475
805	639	-4.840557
32	339	-4.84169
789	592	-4.841974
31	59	-4.8420935
321	626	-4.8431687
873	503	-4.8435225
879	558	-4.8437333
938	595	-4.8439097
145	645	-4.8444066
97	605	-4.845232
182	529	-4.8456635
629	597	-4.845751
89	285	-4.845973
769	627	-4.8463216
723	617	-4.8466797
750	639	-4.8467174
30	32	-4.8468432
699	625	-4.8478312
545	629	-4.8489685
891	620	-4.849205
206	623	-4.8503985
882	639	-4.8560104
105	605	-4.856353
893	626	-4.856644
834	624	-4.857317
56	581	-4.859073
842	499	-4.8591166
756	596	-4.859699
898	589	-4.860668
853	636	-4.8609567
330	629	-4.861272
60	336	-4.8618774
64	626	-4.8618884
436	632	-4.8626122
89	249	-4.86421
231	646	-4.8645754
895	526	-4.8654118
882	564	-4.867477
164	600	-4.867565
901	486	-4.8678823
72	616	-4.868696
660	585	-4.869576
862	644	-4.869666
602	617	-4.870429
82	570	-4.872631
38	624	-4.8731627
36	417	-4.873869
779	543	-4.876
21	126	-4.876319
910	638	-4.876769
86	62	-4.8770156
60	411	-4.8773584
903	506	-4.877707
39	349	-4.8794255
657	633	-4.879724
841	506	-4.880582
35	459	-4.88117
85	240	-4.8812523
282	615	-4.8814435
688	632	-4.881452
447	584	-4.8828025
197	635	-4.882889
878	634	-4.8832726
8	163	-4.8849463
148	596	-4.8852124
783	612	-4.8857865
833	606	-4.887787
591	620	-4.888243
521	635	-4.8887544
49	21	-4.8889246
925	597	-4.889153
403	600	-4.8895564
934	550	-4.890722
938	539	-4.891737
101	540	-4.891779
917	526	-4.8942275
135	604	-4.894657
74	293	-4.895036
770	578	-4.8951173
21	102	-4.8951793
936	475	-4.8961267
21	19	-4.896185
703	641	-4.8962464
70	43	-4.8964763
29	109	-4.896678
55	405	-4.8967686
68	289	-4.898615
858	498	-4.8992777
53	437	-4.9012103
611	609	-4.902426
21	109	-4.903065
46	137	-4.904833
568	646	-4.9065022
78	624	-4.906643
54	76	-4.906957
789	613	-4.9069834
922	514	-4.907101
824	525	-4.90784
914	634	-4.9079056
934	555	-4.912286
81	355	-4.913077
94	301	-4.9134912
553	627	-4.9142985
752	557	-4.915061
657	597	-4.9162793
894	566	-4.916634
803	628	-4.91696
741	582	-4.91801
79	246	-4.918028
64	293	-4.9187202
323	606	-4.9192815
893	456	-4.9208727
825	493	-4.9211893
52	645	-4.9215965
26	26	-4.922753
33	332	-4.923312
16	168	-4.923605
51	257	-4.925666
170	531	-4.926611
574	616	-4.9270577
29	359	-4.9275928
30	511	-4.9279675
904	609	-4.928432
894	462	-4.9289327
768	553	-4.930944
83	283	-4.9314346
912	619	-4.931705
732	630	-4.93332
71	423	-4.9338565
877	442	-4.935118
116	602	-4.937324
30	570	-4.9381986
722	612	-4.9385214
440	643	-4.9388833
609	641	-4.938915
114	585	-4.940307
727	591	-4.9404407
677	535	-4.9405365
104	235	-4.9407554
43	248	-4.9417853
369	643	-4.942709
171	581	-4.942976
815	574	-4.9437313
212	633	-4.943984
28	338	-4.9448323
500	642	-4.94502
17	87	-4.9458966
846	641	-4.946463
225	645	-4.947212
786	543	-4.9487147
443	600	-4.948738
92	51	-4.948951
96	620	-4.949791
938	552	-4.9510274
162	617	-4.951287
868	509	-4.9513426
923	480	-4.9520836
854	640	-4.952221
561	639	-4.95312
731	575	-4.9534464
876	649	-4.9536495
946	460	-4.9547415
13	157	-4.9560695
639	646	-4.95609
437	596	-4.9561024
7	334	-4.9563203
915	648	-4.956385
602	647	-4.9567647
128	536	-4.9571376
31	603	-4.957441
65	637	-4.957478
7	340	-4.957791
921	457	-4.958699
880	549	-4.9612236
719	341	-4.9619665
856	596	-4.962111
42	431	-4.962322
84	306	-4.9628386
926	634	-4.963128
931	454	-4.964926
34	499	-4.966482
898	570	-4.9667997
891	477	-4.966897
838	637	-4.9675665
908	468	-4.968944
168	601	-4.9710436
800	578	-4.971745
741	597	-4.973019
727	611	-4.9731574
916	530	-4.9733806
577	583	-4.973428
886	628	-4.9744773
97	538	-4.974562
56	344	-4.9752183
159	642	-4.97541
100	634	-4.975728
910	647	-4.976117
57	619	-4.9768085
938	567	-4.977501
714	613	-4.9784384
904	556	-4.9797044
356	643	-4.980864
488	636	-4.981988
506	634	-4.9822025
923	519	-4.982761
959	425	-4.9834146
890	634	-4.984264
851	616	-4.984513
911	596	-4.985062
233	561	-4.985842
66	355	-4.986189
835	599	-4.986718
624	594	-4.9877863
437	646	-4.9885406
297	635	-4.9893036
31	474	-4.989385
26	20	-4.991476
48	628	-4.991598
158	583	-4.9919853
782	598	-4.994033
303	643	-4.9947634
959	458	-4.995377
677	546	-4.9982266
892	651	-4.9985957
525	627	-4.9991937
126	567	-4.999257
245	561	-4.9997573
394	652	-5.000695
914	464	-5.0014024
73	87	-5.0016646
43	579	-5.002894
163	622	-5.003189
817	510	-5.0053906
856	520	-5.005836
881	479	-5.0061264
748	586	-5.007431
731	645	-5.0099874
959	433	-5.010519
698	619	-5.0105596
52	576	-5.0109196
490	605	-5.0127325
258	565	-5.013167
866	496	-5.0136642
829	502	-5.0144334
659	637	-5.014649
800	571	-5.016594
927	592	-5.0173135
73	652	-5.0177436
73	351	-5.018012
694	609	-5.0223575
44	642	-5.0227256
159	634	-5.0238714
839	613	-5.0248227
373	634	-5.025261
755	554	-5.0275884
850	576	-5.029319
112	650	-5.0293946
121	612	-5.030755
922	487	-5.030875
479	632	-5.031677
307	650	-5.03328
885	487	-5.034344
333	645	-5.034516
754	641	-5.0352607
97	240	-5.035398
897	627	-5.035541
132	589	-5.035941
101	232	-5.036235
336	622	-5.036262
905	638	-5.0365114
238	609	-5.0375977
866	640	-5.040169
919	469	-5.0404963
701	354	-5.040548
907	601	-5.040901
795	588	-5.0409474
78	417	-5.04147
692	589	-5.0419374
875	554	-5.0419483
30	408	-5.043663
795	522	-5.0448756
729	583	-5.0460067
17	32	-5.046359
317	650	-5.046867
38	604	-5.047084
748	606	-5.047906
96	549	-5.048955
29	330	-5.0491943
850	499	-5.049412
863	618	-5.0501475
466	605	-5.050911
116	569	-5.050983
811	645	-5.0518765
104	28	-5.0522184
709	641	-5.0530415
40	337	-5.0543537
21	115	-5.0544353
752	614	-5.054648
823	487	-5.0559945
857	611	-5.0563354
464	592	-5.0564103
249	573	-5.056465
620	647	-5.056523
743	593	-5.0566382
357	647	-5.0568237
934	523	-5.0573883
786	534	-5.05939
218	613	-5.05953
905	584	-5.0598674
34	632	-5.060343
30	293	-5.0609155
191	627	-5.0610995
769	635	-5.06155
92	605	-5.061913
27	346	-5.062278
710	611	-5.062751
59	332	-5.0628552
804	577	-5.063659
46	610	-5.0639067
909	472	-5.064821
108	569	-5.064957
687	622	-5.0650215
30	434	-5.0655127
554	631	-5.068059
51	79	-5.0687613
920	598	-5.068805
82	22	-5.06891
79	428	-5.069293
182	610	-5.070155
231	593	-5.070994
71	603	-5.071012
21	91	-5.0712333
118	624	-5.0713935
745	633	-5.072912
733	638	-5.072942
719	615	-5.0730906
935	511	-5.0743937
900	490	-5.074569
894	588	-5.0754986
807	489	-5.0765905
512	605	-5.0771766
959	442	-5.0772886
66	319	-5.077951
762	533	-5.0781264
215	610	-5.080514
766	574	-5.082289
887	637	-5.085325
167	645	-5.0854106
197	598	-5.0862665
476	637	-5.0865383
56	292	-5.0869813
505	621	-5.0887384
139	536	-5.08945
494	639	-5.0902796
678	341	-5.091504
222	630	-5.091789
703	345	-5.091813
584	616	-5.092182
194	645	-5.0922027
24	129	-5.093601
150	584	-5.0953283
665	645	-5.0970664
139	592	-5.097086
857	449	-5.0979195
826	636	-5.0979214
908	571	-5.099987
858	573	-5.1008224
893	637	-5.1013947
836	502	-5.102184
214	637	-5.1033754
25	122	-5.103821
838	630	-5.10445
411	592	-5.1045475
66	346	-5.106328
208	629	-5.1074357
551	647	-5.1075406
896	612	-5.109024
846	444	-5.1095343
222	606	-5.1096377
646	591	-5.1098094
868	651	-5.109861
749	635	-5.1100125
656	589	-5.110778
177	611	-5.11121
542	648	-5.112954
223	638	-5.116133
46	479	-5.1166716
908	544	-5.117038
796	615	-5.11722
209	587	-5.1180882
846	461	-5.1185546
618	610	-5.1186137
65	609	-5.1189585
81	251	-5.1191497
621	641	-5.1196017
739	576	-5.1201015
693	360	-5.120557
279	630	-5.1221375
46	344	-5.12238
782	538	-5.1229086
865	605	-5.1229596
282	534	-5.1236296
126	549	-5.123865
836	490	-5.123911
32	99	-5.12445
64	427	-5.126515
894	445	-5.126699
779	528	-5.128076
759	646	-5.1282277
67	424	-5.1294403
796	605	-5.1296425
927	611	-5.1296453
373	648	-5.1297455
132	608	-5.129747
719	579	-5.1300435
886	573	-5.130194
859	601	-5.1303234
52	610	-5.131682
900	637	-5.132878
118	555	-5.133579
938	469	-5.13408
389	628	-5.134826
736	633	-5.1364107
872	508	-5.136946
17	45	-5.137484
52	484	-5.137566
5	344	-5.1376615
797	556	-5.1379647
17	82	-5.138777
106	538	-5.13903
951	561	-5.139508
853	581	-5.140051
78	531	-5.140176
56	479	-5.1433215
297	626	-5.1440277
60	352	-5.1440964
738	602	-5.144884
766	630	-5.1451416
819	567	-5.145336
888	624	-5.146918
824	549	-5.1469297
6	178	-5.1488204
112	573	-5.149313
831	616	-5.1496887
457	584	-5.1504126
768	606	-5.150804
168	336	-5.15173
833	581	-5.151925
909	625	-5.152174
30	55	-5.153142
729	639	-5.153635
855	565	-5.1540856
135	562	-5.154578
100	568	-5.154847
288	612	-5.15494
43	353	-5.1565013
241	566	-5.157732
852	438	-5.158141
539	629	-5.1586137
874	455	-5.158939
112	565	-5.1597915
884	496	-5.1598988
66	559	-5.159923
885	521	-5.160721
32	90	-5.1611404
705	334	-5.1612096
485	628	-5.162368
608	629	-5.163053
833	561	-5.163732
273	631	-5.16403
501	630	-5.1659226
117	548	-5.1661224
278	614	-5.1676974
51	480	-5.1678343
902	472	-5.1690063
533	630	-5.169143
922	612	-5.169568
442	582	-5.1717725
320	622	-5.1727977
823	579	-5.174583
81	257	-5.17464
215	645	-5.1751614
599	614	-5.175926
934	531	-5.176942
821	530	-5.1782856
9	352	-5.1784487
833	620	-5.1784945
206	615	-5.180389
71	259	-5.180853
32	106	-5.1811504
758	611	-5.182905
25	38	-5.18322
876	523	-5.1839237
778	631	-5.185762
22	47	-5.1860228
936	502	-5.187033
948	464	-5.1870413
521	647	-5.189834
46	402	-5.1898556
904	566	-5.189926
451	592	-5.190253
128	590	-5.191111
516	632	-5.191306
65	576	-5.1947494
171	568	-5.1947856
86	633	-5.1969666
497	622	-5.197791
71	412	-5.197932
812	547	-5.1979637
889	440	-5.1993723
202	645	-5.199638
64	475	-5.199858
523	639	-5.200905
686	599	-5.2014427
707	343	-5.2014513
864	437	-5.2017765
376	643	-5.2026424
797	609	-5.2038727
740	643	-5.204196
732	341	-5.204371
895	495	-5.2044373
226	613	-5.2055283
851	625	-5.207391
45	300	-5.2088976
107	19	-5.2091937
332	605	-5.209579
801	500	-5.209612
38	353	-5.210071
661	560	-5.211058
109	624	-5.2110734
893	515	-5.2111845
877	437	-5.2123194
880	625	-5.2124357
35	155	-5.2126822
309	622	-5.214341
820	490	-5.215027
134	555	-5.215619
612	598	-5.2158756
821	500	-5.21596
155	641	-5.215991
914	520	-5.216528
59	298	-5.217441
73	643	-5.2174997
313	623	-5.2185984
40	18	-5.21951
24	166	-5.2204385
775	578	-5.220498
525	633	-5.221941
44	19	-5.2221885
48	17	-5.223581
637	526	-5.2236285
863	454	-5.2236476
728	624	-5.2239695
756	607	-5.2258115
52	635	-5.2260723
938	562	-5.2263093
30	309	-5.2263823
793	602	-5.228661
50	404	-5.2287464
345	616	-5.22909
39	357	-5.229698
908	500	-5.23033
377	647	-5.230491
42	369	-5.231131
142	639	-5.2314663
605	602	-5.2320685
868	514	-5.23226
36	338	-5.234718
340	641	-5.2373643
760	606	-5.237444
76	537	-5.237465
811	639	-5.2376237
947	476	-5.238295
805	569	-5.238456
778	586	-5.239794
909	651	-5.2403517
163	588	-5.2404084
192	599	-5.240717
192	612	-5.2429247
52	26	-5.243931
934	596	-5.244278
646	647	-5.2447915
344	607	-5.2450986
8	283	-5.2453113
878	645	-5.2453475
260	599	-5.2466483
703	593	-5.246682
789	631	-5.2479844
76	596	-5.248434
608	646	-5.249122
70	283	-5.249716
35	319	-5.249743
33	35	-5.2508974
73	571	-5.2514186
432	596	-5.253916
414	645	-5.2555585
719	630	-5.2562137
515	623	-5.25683
708	621	-5.2575407
6	443	-5.2578177
27	421	-5.2587843
100	0	-5.2596173
240	593	-5.260212
202	653	-5.2610164
34	352	-5.2613926
147	537	-5.261576
31	64	-5.2620397
35	409	-5.26292
873	652	-5.264444
258	579	-5.2649117
700	349	-5.267128
761	529	-5.267177
578	646	-5.2672043
807	547	-5.2679625
785	582	-5.2685122
71	347	-5.26859
101	241	-5.269318
932	600	-5.270937
187	609	-5.2716613
883	500	-5.272431
128	606	-5.2729387
30	279	-5.2737355
102	528	-5.2743387
230	641	-5.2743497
611	621	-5.2746887
182	646	-5.274723
869	440	-5.2749596
492	634	-5.2752295
68	606	-5.2761235
242	618	-5.27698
566	642	-5.2789183
236	594	-5.2814336
598	621	-5.281447
865	596	-5.2814965
78	645	-5.2818017
122	602	-5.2820587
553	641	-5.28218
4	173	-5.2829037
869	560	-5.284203
139	605	-5.2853904
113	232	-5.28566
184	601	-5.2857223
799	643	-5.2860146
58	599	-5.2866955
59	407	-5.287243
126	572	-5.2887692
60	549	-5.2894235
906	589	-5.289702
860	519	-5.290406
780	592	-5.291119
929	555	-5.291696
38	29	-5.2920947
370	639	-5.2924895
256	605	-5.2925
905	487	-5.2933784
46	632	-5.29371
934	540	-5.293741
668	642	-5.294263
29	211	-5.2946267
649	596	-5.296004
687	355	-5.2962403
663	633	-5.29645
907	509	-5.296932
625	612	-5.2970786
173	599	-5.2976074
12	172	-5.2976327
234	630	-5.298567
76	476	-5.29878
498	638	-5.2999973
685	606	-5.300521
89	653	-5.300803
177	653	-5.3009067
214	619	-5.301987
891	491	-5.302366
196	619	-5.3026276
175	621	-5.305389
842	636	-5.3057275
938	530	-5.3057566
33	16	-5.305922
198	579	-5.306573
667	550	-5.306904
771	540	-5.308366
135	549	-5.308811
877	493	-5.308832
882	630	-5.309467
483	619	-5.30968
31	207	-5.311512
129	552	-5.3116407
715	575	-5.3120384
892	466	-5.3122883
187	615	-5.3137927
64	338	-5.314007
920	529	-5.3151417
50	300	-5.3158283
829	598	-5.316396
321	611	-5.316998
168	524	-5.3205247
838	527	-5.320989
656	579	-5.321422
595	612	-5.321998
619	617	-5.322148
239	647	-5.3221893
219	646	-5.322454
881	443	-5.322656
633	527	-5.323057
798	547	-5.3238134
195	583	-5.323988
799	508	-5.3251166
917	620	-5.325625
31	458	-5.326055
902	482	-5.32633
889	483	-5.3278713
34	471	-5.327959
557	637	-5.3288174
83	641	-5.330085
100	545	-5.33017
68	476	-5.330221
458	607	-5.3306017
746	515	-5.3306413
695	366	-5.3307137
237	559	-5.332506
256	561	-5.333892
100	642	-5.334185
22	70	-5.335075
681	553	-5.3358436
430	618	-5.3369102
274	647	-5.3374567
41	148	-5.338287
827	620	-5.341175
238	601	-5.341377
758	633	-5.3423877
86	13	-5.3427553
45	599	-5.3435287
69	519	-5.344107
690	603	-5.3445816
60	68	-5.3497043
821	619	-5.349799
922	503	-5.350142
47	636	-5.3510475
59	588	-5.351274
104	556	-5.3515296
958	429	-5.353277
848	580	-5.3533664
747	577	-5.353784
789	529	-5.3544126
918	516	-5.354947
656	603	-5.3552403
185	631	-5.3557973
87	353	-5.356157
773	561	-5.356371
698	370	-5.3582597
574	653	-5.358541
453	582	-5.3601737
51	588	-5.3615513
602	623	-5.361814
905	579	-5.36227
44	256	-5.3626447
122	586	-5.362716
117	233	-5.3633623
72	529	-5.364237
86	616	-5.3657722
691	364	-5.3662257
93	536	-5.3665113
784	552	-5.366755
828	524	-5.367958
37	494	-5.3687005
864	459	-5.3689966
938	600	-5.36948
37	334	-5.3709207
770	610	-5.3709545
882	467	-5.371698
135	538	-5.3721237
83	628	-5.3722396
55	258	-5.372248
842	616	-5.3726783
8	357	-5.372925
461	580	-5.374536
40	12	-5.3746424
311	617	-5.3747435
831	573	-5.3749456
839	561	-5.3751125
845	494	-5.3752522
416	633	-5.375658
809	635	-5.375915
201	636	-5.3761163
352	647	-5.376159
75	576	-5.377669
100	574	-5.378772
53	606	-5.3793974
685	546	-5.3801
942	519	-5.380292
754	577	-5.38065
65	647	-5.380913
794	550	-5.3809185
122	563	-5.3820686
64	407	-5.383208
902	645	-5.3838825
141	633	-5.383957
88	58	-5.3844466
786	628	-5.385111
927	620	-5.385709
748	559	-5.387464
783	646	-5.3878574
630	608	-5.390718
243	609	-5.3923626
754	490	-5.3929315
898	473	-5.3967
700	629	-5.396747
817	529	-5.397509
702	609	-5.3976755
168	537	-5.3983665
271	635	-5.398963
259	623	-5.4000263
64	56	-5.4007015
919	521	-5.4007807
61	613	-5.401199
55	585	-5.401802
520	624	-5.40213
119	538	-5.403922
70	640	-5.4047856
33	86	-5.405399
419	592	-5.4069343
448	600	-5.4074297
450	605	-5.4077115
30	482	-5.4077754
907	553	-5.4078727
171	586	-5.4085817
411	586	-5.4092293
332	618	-5.410024
825	483	-5.4100966
68	593	-5.4104147
421	646	-5.4109683
58	431	-5.4111543
525	654	-5.4114237
694	351	-5.4118667
6	396	-5.4120197
512	634	-5.4126253
51	357	-5.412638
602	608	-5.4127913
761	576	-5.4134893
698	363	-5.414245
718	611	-5.414254
430	623	-5.4144993
15	54	-5.4159775
147	532	-5.4171433
940	543	-5.417775
347	629	-5.4179983
35	342	-5.419627
861	635	-5.419798
25	113	-5.420512
394	632	-5.420722
613	642	-5.420791
817	479	-5.421427
27	355	-5.421835
71	628	-5.4225063
149	545	-5.4244366
878	640	-5.4258265
20	28	-5.4258776
114	580	-5.4259114
221	610	-5.4262667
93	248	-5.4263787
216	566	-5.427318
654	643	-5.427427
938	575	-5.427669
842	436	-5.4302087
840	491	-5.4304333
856	445	-5.4318256
26	342	-5.431869
426	642	-5.431941
803	646	-5.4325194
828	490	-5.4335885
695	356	-5.4338336
34	10	-5.435111
362	637	-5.436647
779	552	-5.436925
45	486	-5.437072
811	479	-5.4375057
430	591	-5.4387474
25	73	-5.4400105
493	621	-5.440472
677	556	-5.4416037
694	643	-5.4421425
769	585	-5.442716
64	601	-5.4427366
924	543	-5.44307
240	613	-5.4431415
803	509	-5.4432716
25	82	-5.443459
940	484	-5.4434905
940	534	-5.4445286
69	645	-5.444716
854	588	-5.446018
723	340	-5.4466558
6	437	-5.4470944
29	164	-5.4483237
248	605	-5.44854
959	452	-5.4492373
79	562	-5.4498177
762	567	-5.450286
786	521	-5.450473
82	310	-5.450646
75	356	-5.4509554
673	635	-5.4533496
645	597	-5.4545302
897	457	-5.454785
844	624	-5.4550185
779	561	-5.45526
303	633	-5.455609
97	290	-5.4562345
821	494	-5.4566216
915	501	-5.4566913
885	651	-5.457461
929	644	-5.4579306
827	571	-5.4593935
898	483	-5.4599996
813	518	-5.461934
528	638	-5.462508
931	607	-5.463055
847	454	-5.463863
215	589	-5.464653
141	628	-5.464793
280	549	-5.4653964
655	638	-5.4653993
930	559	-5.4654875
542	638	-5.4660873
60	294	-5.466646
41	298	-5.467093
505	627	-5.4671288
784	602	-5.468096
40	638	-5.4681077
87	281	-5.4682183
108	575	-5.4708447
915	616	-5.4719987
570	639	-5.4725566
97	637	-5.4726644
902	591	-5.473299
890	575	-5.4745812
105	8	-5.474966
517	636	-5.475263
251	553	-5.476257
76	285	-5.477002
220	652	-5.4770584
494	627	-5.477502
897	487	-5.477563
78	29	-5.477911
115	598	-5.4779816
6	429	-5.478326
233	575	-5.479859
537	635	-5.4798646
920	453	-5.4810977
594	606	-5.48118
671	546	-5.4818344
789	580	-5.483098
510	626	-5.4849854
680	322	-5.4855666
75	633	-5.485617
266	566	-5.4860525
70	341	-5.4863315
31	51	-5.487791
661	555	-5.4891253
129	636	-5.4891486
763	547	-5.489292
49	12	-5.490193
297	647	-5.490447
947	471	-5.4906783
164	634	-5.4922485
184	620	-5.4930286
886	641	-5.4954953
951	566	-5.4961104
137	572	-5.4961133
910	630	-5.4963446
67	630	-5.496789
488	631	-5.4983854
64	288	-5.4984884
812	534	-5.501077
727	630	-5.5011306
10	337	-5.50254
625	590	-5.5027914
278	536	-5.502998
141	568	-5.50318
72	313	-5.503697
46	432	-5.5050387
427	635	-5.5052958
201	617	-5.5069313
722	626	-5.5080385
49	29	-5.5082607
739	639	-5.5084543
126	561	-5.5085793
913	535	-5.5101814
346	638	-5.51164
304	637	-5.5121675
695	628	-5.512215
652	591	-5.512823
861	447	-5.513602
30	244	-5.5138516
322	616	-5.5146766
417	621	-5.5146904
666	597	-5.515387
558	627	-5.515465
132	624	-5.515477
30	517	-5.5160995
677	633	-5.5161886
775	544	-5.5167437
666	562	-5.518487
896	508	-5.5193048
439	604	-5.51945
361	630	-5.519622
847	615	-5.51971
817	547	-5.519889
498	647	-5.520088
120	638	-5.520681
37	582	-5.523545
77	615	-5.523983
892	613	-5.5241146
740	626	-5.5242233
863	585	-5.5242467
155	579	-5.5257754
541	653	-5.526223
59	341	-5.526772
8	56	-5.527146
795	578	-5.527423
842	642	-5.527447
10	345	-5.5297737
221	642	-5.5297766
183	568	-5.5312843
592	600	-5.531756
787	598	-5.532259
31	597	-5.5322647
30	301	-5.532825
938	607	-5.5339394
235	641	-5.534256
832	433	-5.534824
33	110	-5.5353804
175	645	-5.5358076
864	520	-5.5360565
698	607	-5.537355
109	234	-5.53793
63	538	-5.539259
370	623	-5.5400133
549	634	-5.5405107
120	632	-5.5408335
621	613	-5.542386
840	462	-5.543069
898	594	-5.544051
17	23	-5.5454135
845	440	-5.5469346
951	555	-5.5471306
617	587	-5.5474815
84	361	-5.547512
259	648	-5.547971
55	121	-5.5481696
130	556	-5.5488305
38	642	-5.549655
293	605	-5.5504255
655	653	-5.550589
27	324	-5.5507402
62	347	-5.550747
484	606	-5.551123
860	595	-5.551341
697	322	-5.5519753
729	599	-5.552794
949	530	-5.553848
586	647	-5.5541067
162	584	-5.554802
88	610	-5.556255
720	620	-5.5566425
98	616	-5.5567813
101	630	-5.5586963
6	411	-5.559041
874	571	-5.559729
72	563	-5.560489
102	549	-5.560821
119	580	-5.5609965
909	578	-5.5610867
705	575	-5.5610876
127	542	-5.561277
198	607	-5.5636735
170	541	-5.5636888
827	555	-5.5636897
927	455	-5.5650887
56	353	-5.5652213
43	358	-5.566128
883	475	-5.5663843
772	554	-5.566615
731	634	-5.5669446
31	75	-5.5670934
75	431	-5.5673146
167	584	-5.567348
911	643	-5.567725
809	496	-5.568971
889	503	-5.5691323
33	626	-5.569691
958	437	-5.5699706
805	530	-5.570057
647	636	-5.5707045
160	609	-5.5707965
143	590	-5.5715055
143	562	-5.572179
527	642	-5.5726204
193	608	-5.5729675
839	577	-5.574586
914	469	-5.5747457
620	637	-5.57492
29	10	-5.576021
194	653	-5.5760775
775	532	-5.5774684
874	566	-5.5774865
407	598	-5.578488
8	277	-5.579331
229	618	-5.5799108
890	529	-5.580457
653	560	-5.5808306
948	456	-5.5810585
52	16	-5.581957
238	617	-5.582304
51	563	-5.583905
882	545	-5.5846996
107	238	-5.5855293
322	599	-5.5856557
50	641	-5.5858583
21	10	-5.588728
68	333	-5.5889487
135	544	-5.5894446
73	520	-5.5896235
611	604	-5.5898223
484	647	-5.590562
83	351	-5.59127
91	6	-5.5916986
690	352	-5.5919323
181	523	-5.592266
905	628	-5.5924273
305	621	-5.5926237
119	227	-5.593225
509	612	-5.5944996
817	519	-5.5946054
673	542	-5.594709
908	563	-5.596352
85	273	-5.596594
867	456	-5.5982156
910	482	-5.5992894
852	460	-5.600021
34	372	-5.60007
854	496	-5.6013
270	565	-5.6013746
65	359	-5.6022725
29	313	-5.602807
29	93	-5.603035
516	647	-5.6034718
74	467	-5.6035805
93	2	-5.6046324
778	566	-5.605026
57	400	-5.6057425
85	9	-5.606829
932	567	-5.6071463
44	472	-5.60835
17	50	-5.608536
874	515	-5.6098847
845	450	-5.609939
765	634	-5.61018
721	573	-5.6123157
163	574	-5.612736
904	467	-5.6138964
889	616	-5.614004
67	430	-5.614751
879	456	-5.6148705
812	502	-5.615436
46	582	-5.6154914
34	262	-5.6157475
199	584	-5.6165085
163	596	-5.6172843
915	513	-5.6187115
601	600	-5.618867
167	573	-5.620881
656	584	-5.6212564
42	406	-5.622241
717	336	-5.622556
938	525	-5.6228685
78	519	-5.6228905
903	570	-5.623133
30	578	-5.623535
817	502	-5.6239376
49	436	-5.6243415
280	647	-5.6246576
232	622	-5.6255074
59	647	-5.62603
781	547	-5.6261616
875	465	-5.626409
267	627	-5.6264157
145	543	-5.6267653
942	502	-5.6270103
260	604	-5.6304336
106	547	-5.630464
407	582	-5.6317773
25	67	-5.632367
25	89	-5.632784
732	514	-5.632898
841	453	-5.6338344
37	525	-5.633838
420	634	-5.6340275
60	63	-5.6355324
6	459	-5.636014
848	437	-5.6363487
187	637	-5.6366763
336	642	-5.6368027
932	592	-5.6373982
756	616	-5.6377707
184	356	-5.6383824
762	525	-5.638447
677	347	-5.638991
570	617	-5.639585
73	280	-5.640167
879	501	-5.640375
938	514	-5.640661
712	622	-5.640817
57	438	-5.6424656
722	588	-5.643538
830	653	-5.6439
604	628	-5.6441326
700	613	-5.6446624
75	248	-5.6450095
195	590	-5.64528
938	583	-5.646073
26	118	-5.6461062
775	590	-5.646154
730	536	-5.646524
228	637	-5.646758
548	626	-5.6470923
25	108	-5.647254
297	642	-5.6474943
211	606	-5.6477995
579	567	-5.648033
857	637	-5.6491013
723	631	-5.649653
274	533	-5.6496983
868	467	-5.649978
774	608	-5.6519
944	465	-5.6521583
70	265	-5.6523185
671	653	-5.6542234
867	586	-5.6544733
357	628	-5.6552577
63	581	-5.6563993
890	585	-5.656678
21	66	-5.6566935
34	286	-5.656734
959	463	-5.657698
894	583	-5.658192
822	653	-5.6587343
187	604	-5.6598406
901	641	-5.6603684
749	554	-5.660503
743	575	-5.661322
29	615	-5.661805
807	643	-5.662324
610	633	-5.6627603
214	627	-5.6648736
917	652	-5.666881
790	523	-5.667828
27	334	-5.667899
30	38	-5.6679816
199	602	-5.670796
77	640	-5.671158
753	645	-5.671752
671	538	-5.6731215
34	159	-5.6737933
796	599	-5.6741605
68	599	-5.6741877
437	616	-5.675039
42	652	-5.675152
903	458	-5.6762047
405	594	-5.67685
88	259	-5.6770735
893	578	-5.6772614
848	622	-5.6775017
340	605	-5.677725
698	343	-5.678052
491	599	-5.6792603
397	570	-5.6797595
8	48	-5.6804504
21	171	-5.6812696
652	585	-5.6817803
829	577	-5.6824064
683	634	-5.682502
182	616	-5.683272
317	606	-5.6838756
7	287	-5.684593
852	446	-5.6856427
938	590	-5.6876845
216	631	-5.6877394
787	538	-5.6894393
137	567	-5.690005
846	498	-5.6900396
126	487	-5.6912374
204	566	-5.6941686
900	608	-5.694612
689	359	-5.695036
912	476	-5.695276
640	593	-5.6972647
25	259	-5.697341
29	17	-5.697361
410	646	-5.697609
175	638	-5.6990204
509	617	-5.700259
479	623	-5.7018776
896	453	-5.7018995
8	271	-5.7026525
873	550	-5.704166
232	565	-5.7067327
51	472	-5.7074656
878	629	-5.707943
287	608	-5.7081423
38	513	-5.7092986
51	249	-5.7094483
728	604	-5.7096977
663	638	-5.710765
263	625	-5.7108235
25	98	-5.7115264
712	607	-5.7128787
100	554	-5.7128987
795	530	-5.713477
27	431	-5.71367
678	333	-5.714439
918	631	-5.7144938
222	622	-5.7153845
896	467	-5.7165074
837	653	-5.71688
612	617	-5.7179193
803	515	-5.718674
904	448	-5.7188683
613	594	-5.719867
790	515	-5.720341
668	605	-5.7212167
143	534	-5.721262
746	503	-5.721831
50	352	-5.7228727
179	622	-5.7229447
5	360	-5.7231975
219	603	-5.7247114
98	255	-5.724975
5	380	-5.724982
271	641	-5.7253056
291	633	-5.725654
4	168	-5.725768
892	510	-5.726524
949	536	-5.72794
5	433	-5.728903
470	604	-5.7298827
577	577	-5.730399
203	597	-5.7305408
24	337	-5.7307405
390	624	-5.730913
806	500	-5.7325163
46	376	-5.733225
198	566	-5.7337933
951	571	-5.7339234
33	590	-5.734639
46	371	-5.73473
286	536	-5.735805
864	622	-5.735812
83	235	-5.736374
346	643	-5.736676
886	620	-5.737336
727	341	-5.7376256
770	544	-5.7378473
50	584	-5.7393866
904	494	-5.739577
33	636	-5.7396107
379	636	-5.739829
735	605	-5.740013
642	589	-5.7404118
93	643	-5.741227
890	473	-5.741622
959	405	-5.7418895
221	618	-5.7425036
881	486	-5.7431765
917	456	-5.743721
43	365	-5.743766
112	548	-5.743868
248	578	-5.744115
153	653	-5.745205
246	646	-5.745501
444	645	-5.745687
924	537	-5.746295
56	12	-5.7467327
12	32	-5.748652
315	615	-5.749273
25	360	-5.750726
183	585	-5.750805
839	622	-5.7516165
819	572	-5.75354
883	438	-5.7549543
853	523	-5.755332
33	69	-5.7564583
402	646	-5.757514
6	449	-5.757724
542	626	-5.760654
258	615	-5.7609825
406	645	-5.7610655
938	612	-5.762212
893	532	-5.763917
681	534	-5.764148
43	628	-5.764684
806	506	-5.7646956
934	560	-5.7651567
628	593	-5.7653785
476	643	-5.766763
61	561	-5.7688403
21	51	-5.7698503
794	518	-5.7702274
850	494	-5.7706823
472	640	-5.772069
578	588	-5.775354
44	28	-5.7754564
98	609	-5.7765565
42	646	-5.776943
816	506	-5.779632
122	547	-5.780512
820	523	-5.7828007
343	612	-5.783712
667	631	-5.7844715
43	98	-5.785073
64	332	-5.7863874
167	621	-5.7864966
838	604	-5.7868376
775	557	-5.787772
86	567	-5.788088
101	297	-5.7888584
79	413	-5.7891
903	605	-5.7901816
3	339	-5.79044
63	605	-5.7907977
247	601	-5.7914944
897	579	-5.792118
699	326	-5.7922654
846	525	-5.792591
60	593	-5.7933826
230	631	-5.7944093
36	249	-5.794973
405	604	-5.7950625
654	630	-5.795097
90	634	-5.7951202
284	561	-5.797028
80	359	-5.797452
834	526	-5.7981977
104	633	-5.7983785
47	589	-5.798847
42	608	-5.8000994
237	573	-5.8005
223	591	-5.800659
58	287	-5.8008027
416	641	-5.8022842
602	637	-5.802486
438	638	-5.8031206
51	593	-5.8038373
122	553	-5.805144
249	630	-5.8054395
947	481	-5.806534
82	290	-5.8073416
514	627	-5.8074703
942	551	-5.8079495
653	543	-5.8085995
104	12	-5.8090167
958	414	-5.8093185
490	647	-5.809717
921	621	-5.809763
221	565	-5.81019
346	602	-5.8106556
659	642	-5.811036
6	454	-5.811066
886	517	-5.811236
616	583	-5.8126545
267	639	-5.814725
191	585	-5.8150773
853	450	-5.816121
550	638	-5.8164706
746	563	-5.8167834
63	431	-5.8172326
2	392	-5.818205
948	504	-5.8183675
47	349	-5.8212643
183	596	-5.822042
829	486	-5.8229194
94	281	-5.823715
25	328	-5.8238845
736	512	-5.8255167
759	546	-5.8264422
199	594	-5.82647
906	595	-5.826649
14	58	-5.8266735
304	647	-5.8276744
63	257	-5.828275
112	556	-5.8283067
23	350	-5.8292046
940	459	-5.8293214
623	629	-5.829577
600	641	-5.829939
918	624	-5.83128
6	388	-5.831655
179	637	-5.833448
821	477	-5.834022
415	590	-5.835173
619	633	-5.835299
43	9	-5.8354783
871	471	-5.836205
82	632	-5.8374095
5	330	-5.8406267
135	627	-5.8406415
760	572	-5.8428645
815	640	-5.842902
938	557	-5.8436217
221	626	-5.8438144
785	517	-5.8439918
132	534	-5.8444867
69	269	-5.8455296
63	533	-5.8470664
494	604	-5.847442
689	547	-5.848133
274	613	-5.848182
149	517	-5.8514605
279	635	-5.8531394
857	583	-5.855011
52	293	-5.855659
875	519	-5.855951
488	625	-5.85657
890	640	-5.8568115
8	38	-5.857534
369	627	-5.85808
641	525	-5.8581543
45	141	-5.858696
590	646	-5.8587327
937	519	-5.859538
121	647	-5.8602314
487	620	-5.8609014
116	561	-5.8612056
209	610	-5.861558
774	565	-5.862043
8	202	-5.8627706
32	644	-5.8628044
869	594	-5.863201
141	646	-5.8635626
679	329	-5.8647156
32	559	-5.865652
21	97	-5.8678603
596	637	-5.868108
139	542	-5.8695083
66	284	-5.8696394
238	631	-5.869703
93	341	-5.8700895
823	623	-5.8706093
511	599	-5.8706594
468	598	-5.870696
715	581	-5.870759
837	641	-5.8707886
406	610	-5.8708024
35	298	-5.871512
744	607	-5.871849
541	642	-5.871992
418	587	-5.87279
642	605	-5.8732395
884	512	-5.873337
415	596	-5.8734446
91	357	-5.873987
877	562	-5.874495
508	607	-5.875362
33	532	-5.8758154
824	567	-5.876193
326	628	-5.876836
112	536	-5.8770823
805	484	-5.8777084
331	613	-5.878102
301	625	-5.8791842
15	78	-5.881078
254	621	-5.881239
918	594	-5.882536
922	492	-5.8830886
165	653	-5.883323
951	578	-5.8835306
715	345	-5.8837523
128	615	-5.8839917
35	356	-5.8849173
27	416	-5.885436
50	603	-5.885723
74	625	-5.8859315
5	372	-5.886036
17	103	-5.8864937
77	422	-5.886634
865	636	-5.887077
424	632	-5.888921
266	597	-5.8890104
5	425	-5.8892493
408	632	-5.8893023
105	637	-5.8910875
190	646	-5.8917603
96	327	-5.8935103
255	631	-5.8935547
687	363	-5.89386
615	613	-5.8940754
130	563	-5.894797
931	563	-5.8948097
21	357	-5.896021
204	611	-5.8962846
897	574	-5.896288
92	252	-5.8968787
535	653	-5.8968797
364	643	-5.8977118
174	529	-5.897929
949	524	-5.899041
155	537	-5.899473
796	540	-5.8994966
166	611	-5.899965
68	273	-5.9000306
657	561	-5.9004297
89	308	-5.900789
71	559	-5.9011683
916	497	-5.9012303
360	624	-5.9015913
238	563	-5.9021587
910	512	-5.902356
30	203	-5.9026246
100	245	-5.9028506
740	608	-5.903729
727	620	-5.9037423
694	604	-5.903976
164	518	-5.9056726
723	608	-5.906275
4	281	-5.9082503
89	626	-5.9083767
910	585	-5.9084992
711	336	-5.908962
901	585	-5.910639
289	604	-5.9127545
189	619	-5.913708
109	9	-5.9138913
814	526	-5.9139566
955	563	-5.9148026
664	653	-5.915721
22	421	-5.9166026
894	481	-5.919743
137	532	-5.920318
578	600	-5.9204984
122	483	-5.920507
30	47	-5.921963
949	542	-5.9227276
331	633	-5.923019
393	576	-5.9237766
170	593	-5.924195
744	637	-5.926255
574	625	-5.926655
264	601	-5.9278398
54	125	-5.92831
325	610	-5.92862
774	536	-5.9286366
75	257	-5.9286733
48	483	-5.929143
862	467	-5.9294815
97	4	-5.929664
133	568	-5.9296856
590	612	-5.9302893
912	575	-5.9304686
352	627	-5.930491
845	628	-5.930758
288	629	-5.932066
87	341	-5.933321
909	567	-5.933608
245	621	-5.9351087
7	400	-5.93564
875	511	-5.9362545
664	587	-5.93681
113	227	-5.937581
940	497	-5.93828
216	575	-5.939152
29	251	-5.939328
899	446	-5.9395957
125	638	-5.93999
572	600	-5.940466
113	484	-5.941063
49	597	-5.942384
44	14	-5.94312
879	620	-5.943607
398	641	-5.9440436
25	44	-5.944351
936	579	-5.9443536
34	366	-5.9446654
630	653	-5.944961
77	310	-5.945623
62	597	-5.945854
79	282	-5.947031
198	639	-5.947171
868	519	-5.9480767
37	33	-5.948367
780	556	-5.9484835
779	602	-5.949371
55	23	-5.949822
242	630	-5.9500046
328	606	-5.950651
885	539	-5.9506574
641	636	-5.9511714
881	492	-5.9514723
584	627	-5.951583
942	538	-5.9520383
107	564	-5.9521627
18	144	-5.952448
70	436	-5.9535527
174	523	-5.9547467
788	609	-5.95612
649	564	-5.9561696
850	629	-5.9561954
949	519	-5.9570932
123	606	-5.957181
833	487	-5.957517
752	551	-5.9576473
98	534	-5.958721
11	341	-5.961064
241	560	-5.961432
192	637	-5.961513
748	491	-5.9618707
14	153	-5.961917
625	624	-5.9634132
9	361	-5.964858
7	368	-5.965759
312	606	-5.965864
529	647	-5.966024
65	342	-5.966496
131	548	-5.9669833
784	594	-5.9670224
842	458	-5.9674582
925	548	-5.9697623
951	550	-5.970234
841	446	-5.970387
183	638	-5.970511
139	563	-5.9734035
682	353	-5.975106
865	446	-5.9760375
137	637	-5.977582
65	323	-5.9778275
951	583	-5.9781265
502	646	-5.978673
151	580	-5.9793954
39	366	-5.979404
104	646	-5.9802604
353	491	-5.9811316
640	520	-5.9822717
947	508	-5.9849615
251	624	-5.985453
889	579	-5.9857535
689	368	-5.986372
7	60	-5.9864354
804	519	-5.9877043
262	567	-5.987888
942	507	-5.989313
562	617	-5.990186
784	588	-5.990287
922	630	-5.991017
7	415	-5.9910235
89	538	-5.9916363
598	604	-5.9917707
255	625	-5.992425
813	513	-5.9934144
306	616	-5.993608
8	291	-5.993873
203	604	-5.994005
313	651	-5.996145
138	588	-5.99646
73	485	-5.997124
52	9	-5.9977045
101	564	-5.9982204
790	552	-5.998706
57	577	-5.999409
685	554	-5.9999447
