x_coord	y_coord	score
323	136	-0.1777484
324	140	-0.18316115
321	132	-0.23396032
342	164	-0.33879265
328	142	-0.42747015
318	129	-0.4328567
341	160	-0.4353582
343	168	-0.45513383
335	156	-0.46640742
331	147	-0.53244305
344	173	-0.54174507
477	372	-0.5915884
332	152	-0.59215814
475	368	-0.6067169
290	91	-0.6271826
381	223	-0.62810874
436	307	-0.6320283
315	125	-0.6411113
438	311	-0.6638211
473	364	-0.69059896
458	341	-0.7467134
340	156	-0.77804697
383	227	-0.78625387
311	117	-0.80955225
327	137	-0.8172267
378	218	-0.817312
347	169	-0.84181905
387	231	-0.8431403
336	160	-0.8435781
348	175	-0.84444284
456	337	-0.8449861
478	376	-0.84523225
336	151	-0.84779155
389	235	-0.85080373
327	146	-0.8685045
454	333	-0.875763
376	214	-0.8855977
440	315	-0.88561153
311	123	-0.8896279
354	183	-0.8923824
328	150	-0.91350293
469	360	-0.9295999
307	115	-0.93646526
346	165	-0.93814313
362	192	-0.96051025
460	345	-0.96252656
313	144	-0.9675349
487	535	-0.96887076
339	167	-0.969591
358	189	-0.97247803
465	350	-0.97617507
409	265	-0.9763427
407	261	-0.98136127
385	257	-0.9914316
368	228	-1.0018685
317	133	-1.0021352
287	88	-1.0067106
383	251	-1.0094055
350	179	-1.0179005
378	248	-1.0184696
304	107	-1.0290958
372	234	-1.0364571
305	132	-1.0429146
309	136	-1.046326
372	211	-1.0469366
319	137	-1.0573448
364	196	-1.0584577
306	111	-1.0711459
377	225	-1.0723782
465	356	-1.0782948
314	120	-1.0888388
461	349	-1.0924653
345	161	-1.0927805
479	331	-1.0965244
379	244	-1.099143
367	200	-1.0997422
366	224	-1.1212461
480	380	-1.1258725
332	143	-1.1388273
403	257	-1.147124
477	363	-1.1495699
358	184	-1.1565732
434	303	-1.1712661
382	247	-1.173043
311	140	-1.1752182
391	239	-1.1761417
370	207	-1.177762
340	171	-1.196735
293	94	-1.2012556
399	253	-1.2051308
480	369	-1.2067692
479	339	-1.2115487
411	270	-1.214905
323	144	-1.2272524
452	329	-1.242636
382	219	-1.2438039
469	354	-1.2494991
464	346	-1.2554604
389	265	-1.2565805
368	233	-1.2627969
319	124	-1.2687302
331	139	-1.2694696
473	359	-1.2701796
378	240	-1.2748175
373	242	-1.2870018
383	233	-1.2886413
413	264	-1.2894437
387	261	-1.2896225
326	133	-1.294459
432	299	-1.297663
407	256	-1.3091048
414	273	-1.311178
481	373	-1.3168455
322	128	-1.3178122
385	237	-1.3179287
302	103	-1.3321439
375	237	-1.3385082
395	242	-1.3512337
372	216	-1.3516711
331	157	-1.3607754
342	177	-1.3623573
354	178	-1.3684106
397	249	-1.3783342
362	221	-1.3790152
385	222	-1.4002745
313	129	-1.4033651
379	229	-1.4051467
440	306	-1.4063537
367	211	-1.4250299
337	147	-1.4283633
381	215	-1.430536
393	269	-1.4380076
370	238	-1.453104
381	255	-1.4532628
374	220	-1.454645
541	483	-1.4564196
364	229	-1.4577756
545	486	-1.459044
358	220	-1.461581
395	273	-1.4626667
453	340	-1.4710691
462	353	-1.4751003
442	319	-1.4759086
533	488	-1.4762669
405	283	-1.4818288
371	203	-1.4822817
469	365	-1.4905998
455	344	-1.4908942
339	193	-1.4922594
493	538	-1.4928557
387	241	-1.4932821
387	253	-1.4932883
374	206	-1.4936539
404	253	-1.4949751
344	157	-1.5095353
387	226	-1.5203724
346	180	-1.5212867
354	188	-1.5250745
535	494	-1.5255939
415	269	-1.530924
366	206	-1.5383424
298	101	-1.5479212
341	152	-1.5510982
320	141	-1.5519571
303	128	-1.5560321
280	64	-1.5591747
361	225	-1.5594714
450	325	-1.5600845
357	193	-1.5631179
432	308	-1.5644891
463	342	-1.5700048
361	217	-1.5734004
442	310	-1.5777113
358	212	-1.5788378
362	187	-1.5856979
438	301	-1.6018707
297	96	-1.6068691
312	113	-1.6069009
411	260	-1.6076694
287	69	-1.611688
290	85	-1.6153758
352	212	-1.6187215
309	108	-1.6211554
458	332	-1.6236749
363	201	-1.6244494
481	343	-1.6269386
377	210	-1.6269995
538	489	-1.6283386
352	174	-1.6307763
481	335	-1.6325991
273	60	-1.6372536
294	90	-1.6375381
417	319	-1.6425601
348	148	-1.6452681
419	278	-1.6504363
484	382	-1.6541275
299	107	-1.6618347
475	329	-1.6640663
444	314	-1.6717099
356	216	-1.6737528
286	92	-1.6743703
306	119	-1.6784089
309	131	-1.680646
350	184	-1.6827444
407	269	-1.6833181
461	338	-1.6834178
430	293	-1.6846617
393	261	-1.6868244
343	194	-1.6884829
399	258	-1.6917199
497	537	-1.7050135
283	67	-1.7068293
372	229	-1.7111404
368	195	-1.7112217
425	289	-1.7112448
282	85	-1.7151171
527	488	-1.7156389
485	531	-1.715758
366	219	-1.717821
321	153	-1.7182761
368	215	-1.7208323
317	146	-1.7220222
557	487	-1.7274808
302	112	-1.730824
318	119	-1.7318273
476	334	-1.7328707
415	277	-1.7333361
398	245	-1.7386078
389	245	-1.7387888
298	92	-1.7422572
315	139	-1.7447014
395	255	-1.7462553
437	318	-1.751953
289	95	-1.7672805
340	183	-1.769546
327	154	-1.7773905
350	208	-1.7867619
489	539	-1.789261
403	279	-1.7929181
407	288	-1.7937219
301	98	-1.7963094
446	321	-1.8060812
403	249	-1.8087658
543	491	-1.8113875
474	375	-1.813428
434	313	-1.8140144
544	495	-1.8166414
344	198	-1.8176414
390	257	-1.8227042
337	186	-1.8235883
483	356	-1.8255576
483	377	-1.8277574
275	65	-1.8305777
350	152	-1.8306487
418	274	-1.8342532
392	232	-1.8349012
465	361	-1.8353436
454	307	-1.84107
393	251	-1.8416704
307	104	-1.8438171
344	145	-1.846271
395	265	-1.847497
307	127	-1.8482366
282	91	-1.8586266
399	277	-1.8587333
278	60	-1.8591005
455	326	-1.8612531
436	297	-1.8614894
301	123	-1.8663182
313	135	-1.8668196
366	191	-1.8691714
315	116	-1.8709525
394	236	-1.8740927
379	234	-1.8749734
301	117	-1.8761371
429	303	-1.8854518
419	283	-1.8919052
357	208	-1.8965122
404	265	-1.8977689
491	534	-1.91066
402	261	-1.9110259
297	119	-1.9111823
394	246	-1.914535
471	369	-1.9169934
457	348	-1.9259466
374	246	-1.9269375
304	136	-1.9282258
536	484	-1.9372057
336	142	-1.9415699
423	285	-1.9415894
484	360	-1.9426502
540	494	-1.9453579
335	165	-1.9472306
363	210	-1.9491339
360	197	-1.9507579
372	199	-1.9517486
261	34	-1.9523957
335	190	-1.9569916
461	357	-1.9581662
289	73	-1.9637218
477	358	-1.964808
324	149	-1.9652933
358	179	-1.9721501
286	64	-1.973372
483	347	-1.9883779
451	336	-1.9900457
386	248	-1.9914337
366	175	-1.9931728
337	180	-1.9942355
279	68	-1.996109
327	159	-1.9992021
469	349	-2.0068803
383	243	-2.007712
340	144	-2.008996
373	224	-2.0179074
496	542	-2.019926
353	192	-2.0287876
415	315	-2.0314767
549	488	-2.0366118
269	58	-2.0402362
350	166	-2.0405428
553	495	-2.0420482
274	56	-2.0432985
330	134	-2.0446286
338	175	-2.0449557
364	214	-2.0451357
281	81	-2.0509675
362	182	-2.051471
340	189	-2.052223
317	152	-2.0605295
543	511	-2.062113
458	352	-2.062156
481	533	-2.0629365
283	61	-2.0632954
333	174	-2.0820463
305	140	-2.0857348
291	99	-2.092688
370	221	-2.0953927
289	81	-2.1000142
531	492	-2.102574
266	36	-2.103184
437	335	-2.110037
479	384	-2.1120687
456	311	-2.117503
555	491	-2.1176863
271	42	-2.1207304
428	298	-2.1215038
448	332	-2.1244206
291	68	-2.1282248
412	256	-2.1302083
440	323	-2.1320481
345	184	-2.1345181
543	479	-2.1390357
269	48	-2.13939
423	318	-2.139443
328	175	-2.14753
323	157	-2.148452
484	340	-2.1497679
409	274	-2.1501167
481	365	-2.1501245
351	170	-2.1514084
333	185	-2.1537478
432	330	-2.1537669
326	169	-2.15629
345	153	-2.1564064
534	498	-2.158903
488	363	-2.163644
267	44	-2.1685195
386	218	-2.1686609
415	282	-2.1748776
544	500	-2.1764498
491	370	-2.180743
561	485	-2.1826627
538	480	-2.187009
345	202	-2.1876895
547	482	-2.1974876
347	211	-2.2010722
439	339	-2.2015796
285	82	-2.2030988
408	252	-2.2056594
384	200	-2.2074442
264	40	-2.208247
313	150	-2.2154696
548	514	-2.2166297
271	52	-2.2206495
352	217	-2.229856
353	205	-2.2303398
339	199	-2.230611
426	322	-2.2318058
481	351	-2.234231
271	64	-2.234471
417	265	-2.2356396
485	386	-2.239799
422	257	-2.2428155
342	140	-2.2475586
452	321	-2.249035
344	190	-2.2492228
349	204	-2.2537081
411	278	-2.2554305
549	496	-2.2570007
448	316	-2.2603543
419	270	-2.2645192
361	206	-2.2649717
543	506	-2.2671046
281	57	-2.2708442
375	202	-2.2723916
391	227	-2.2826555
430	326	-2.2837517
345	207	-2.286368
353	200	-2.2870538
429	287	-2.2871554
293	115	-2.2892416
279	88	-2.2901697
400	273	-2.2966762
284	72	-2.29958
349	196	-2.301199
298	111	-2.301942
443	343	-2.3040433
350	144	-2.3124726
553	512	-2.3180926
331	163	-2.3186016
349	162	-2.3199089
452	303	-2.3286927
428	307	-2.3296635
424	281	-2.3329303
306	99	-2.333155
350	157	-2.3331778
426	294	-2.33457
474	355	-2.3373017
307	144	-2.3395455
265	78	-2.3418689
382	196	-2.3433807
287	77	-2.3454585
487	378	-2.3474102
302	94	-2.3504977
560	490	-2.3513777
476	325	-2.3518965
547	492	-2.3525662
297	124	-2.355852
357	175	-2.3570814
357	224	-2.357471
273	86	-2.3594134
526	481	-2.35989
475	338	-2.3607335
478	346	-2.3650837
331	169	-2.3702936
273	69	-2.386938
275	82	-2.3999722
523	486	-2.4003685
388	269	-2.4012961
485	372	-2.4038231
313	107	-2.4087024
359	202	-2.4090478
537	505	-2.4094763
451	360	-2.4209437
362	169	-2.427126
398	239	-2.429257
423	277	-2.4294193
476	381	-2.4300478
428	316	-2.4319816
327	129	-2.4324384
368	179	-2.4335544
476	342	-2.436207
364	234	-2.4362762
366	186	-2.4421804
471	331	-2.442386
424	261	-2.4480622
257	35	-2.4481752
267	62	-2.4488842
336	170	-2.4492965
532	502	-2.452581
359	165	-2.4547732
398	262	-2.4562237
377	252	-2.4604628
511	480	-2.4643648
487	368	-2.4664347
403	287	-2.4729428
486	351	-2.473181
269	80	-2.474273
295	104	-2.4767377
426	265	-2.4791307
409	284	-2.4820242
446	309	-2.4823844
553	486	-2.4826446
507	482	-2.486031
382	211	-2.4875627
411	289	-2.49215
490	359	-2.4971733
292	111	-2.4972296
415	259	-2.5005598
398	269	-2.5024407
459	328	-2.5024636
430	312	-2.5044694
275	51	-2.512679
354	156	-2.5164022
270	38	-2.5175588
260	38	-2.5190215
448	301	-2.521841
333	179	-2.5223684
448	357	-2.5246537
434	292	-2.5278902
478	354	-2.5314567
417	311	-2.5318253
370	183	-2.5328434
540	499	-2.5369513
446	326	-2.537737
424	314	-2.5407372
453	364	-2.5413573
350	189	-2.5449276
465	366	-2.5462482
530	497	-2.547626
445	349	-2.549117
384	264	-2.5540402
480	327	-2.5549176
548	502	-2.5589278
487	355	-2.5589285
489	374	-2.562677
323	123	-2.5663848
449	353	-2.568067
330	182	-2.5682037
319	115	-2.5710638
422	273	-2.571358
400	282	-2.5739832
495	533	-2.5802834
335	195	-2.5859718
267	54	-2.5870867
348	215	-2.5893555
378	192	-2.5919704
387	203	-2.5976818
278	54	-2.5984402
327	165	-2.5994573
358	161	-2.6011076
390	223	-2.6017
483	537	-2.6024454
297	84	-2.615996
419	254	-2.6162167
362	174	-2.6174698
311	102	-2.6175377
436	331	-2.6176887
415	288	-2.6231856
293	120	-2.623196
292	76	-2.623675
444	305	-2.626783
354	221	-2.6277602
534	479	-2.6278436
430	320	-2.6312869
433	334	-2.6389287
424	303	-2.6410103
273	46	-2.6423793
405	275	-2.6425796
480	388	-2.6434276
500	540	-2.6435611
544	515	-2.6514125
456	367	-2.6593313
299	131	-2.6605377
489	530	-2.6609998
292	64	-2.6611671
441	334	-2.6722503
389	207	-2.6734483
303	90	-2.6759079
492	544	-2.6762238
471	325	-2.6779656
299	88	-2.6811225
309	148	-2.6822548
470	373	-2.6848476
552	500	-2.696418
394	277	-2.696543
417	305	-2.699072
295	71	-2.7001462
448	340	-2.7018862
317	157	-2.703683
385	214	-2.705879
354	196	-2.709441
531	506	-2.7100573
340	136	-2.7125552
382	260	-2.7140934
439	328	-2.7148194
334	136	-2.7176528
380	207	-2.7181728
275	74	-2.7181945
290	103	-2.7183626
398	225	-2.719834
376	187	-2.7222607
273	78	-2.7227318
407	248	-2.7262568
442	299	-2.729291
532	483	-2.7329152
540	514	-2.7372446
489	382	-2.7422395
458	317	-2.743039
477	535	-2.7443395
469	393	-2.7456484
435	326	-2.7484531
420	288	-2.7493827
494	373	-2.7531445
402	231	-2.7546122
265	32	-2.7628396
559	494	-2.7642474
363	178	-2.7667215
486	344	-2.7680106
300	140	-2.7716627
251	72	-2.7720976
462	321	-2.7729928
324	173	-2.7744339
370	190	-2.7831135
297	79	-2.7839262
552	516	-2.7871106
468	345	-2.7922184
394	221	-2.7942271
353	160	-2.79528
549	508	-2.801237
281	75	-2.8026006
460	375	-2.8026776
556	498	-2.8075879
457	356	-2.8110814
265	50	-2.8161347
299	136	-2.8205526
446	297	-2.822479
526	492	-2.828031
467	370	-2.82849
557	482	-2.8311522
355	171	-2.8346794
341	203	-2.8355343
372	194	-2.8394558
293	82	-2.846564
286	102	-2.8466196
458	323	-2.8487017
306	93	-2.8502965
354	167	-2.8516836
323	162	-2.8521674
380	202	-2.853068
497	546	-2.853215
353	149	-2.853872
403	244	-2.85798
468	389	-2.8587787
477	350	-2.8663907
346	141	-2.866504
420	322	-2.8671372
467	328	-2.8685162
275	90	-2.873546
291	107	-2.8780491
436	322	-2.8795776
396	231	-2.8872051
262	44	-2.8880377
492	366	-2.892634
452	312	-2.8952346
287	60	-2.8953512
458	371	-2.8981676
462	334	-2.9068332
495	378	-2.910486
487	390	-2.91504
428	283	-2.9232855
262	73	-2.9239194
456	360	-2.9243777
392	217	-2.925218
413	303	-2.9292417
476	390	-2.9313745
403	270	-2.931513
384	206	-2.9409533
423	307	-2.9413238
553	507	-2.9443405
130	48	-2.9505775
446	336	-2.9510462
465	394	-2.9512105
420	315	-2.9573715
449	347	-2.960652
267	68	-2.9608812
316	111	-2.9619086
376	196	-2.964869
503	410	-2.9665487
464	388	-2.972271
278	78	-2.983635
280	110	-2.9845855
453	349	-2.985494
477	530	-2.9925008
320	167	-2.9926872
267	84	-2.9970372
519	480	-2.9971247
282	101	-2.9972062
415	250	-2.997262
390	273	-2.9993503
267	74	-3.0004458
464	325	-3.0040958
461	363	-3.0060453
444	330	-3.0071628
464	380	-3.0096147
331	130	-3.010889
320	102	-3.0121129
439	344	-3.021398
421	264	-3.0252204
328	115	-3.0258508
428	269	-3.0296147
255	73	-3.0368214
322	118	-3.0383272
302	144	-3.0406764
336	132	-3.0603437
365	238	-3.0617478
408	292	-3.0626817
285	96	-3.0631676
481	528	-3.0632043
380	188	-3.0681481
370	174	-3.0727935
326	179	-3.0745947
484	408	-3.0757437
440	295	-3.0779042
473	351	-3.0808153
484	332	-3.0821981
531	538	-3.082829
287	106	-3.0845604
471	378	-3.087598
322	112	-3.0896897
511	546	-3.09499
254	69	-3.0967348
279	94	-3.099019
271	73	-3.1080673
560	500	-3.113952
295	128	-3.1144345
134	46	-3.1159668
274	102	-3.1197348
391	211	-3.1224997
404	236	-3.1229353
419	260	-3.124215
449	306	-3.1251986
433	317	-3.1307611
296	75	-3.1323946
269	33	-3.1365502
454	316	-3.1379015
258	31	-3.1382344
319	161	-3.1438541
387	197	-3.1470258
310	98	-3.1493995
372	178	-3.1514761
403	227	-3.1527634
307	89	-3.1550336
504	402	-3.1571212
420	302	-3.164554
366	170	-3.1661015
423	298	-3.174367
433	288	-3.1753924
317	106	-3.181109
499	418	-3.1867273
467	383	-3.1869566
399	235	-3.1896415
423	268	-3.1911807
256	79	-3.1930335
452	356	-3.1956458
475	386	-3.203481
51	619	-3.2039342
265	88	-3.2084804
302	85	-3.214568
485	541	-3.2148461
289	119	-3.2163086
547	477	-3.2164705
425	326	-3.2177927
475	394	-3.2185225
523	478	-3.220853
328	125	-3.2245433
277	107	-3.2255118
497	382	-3.2275453
386	210	-3.228448
525	496	-3.2291913
291	124	-3.231035
128	52	-3.2359803
360	230	-3.2360444
278	98	-3.2370496
422	293	-3.2381246
515	413	-3.2408452
454	372	-3.2440197
396	281	-3.244084
297	67	-3.2480283
462	384	-3.2490456
537	476	-3.2514691
557	511	-3.2545564
359	157	-3.2554922
407	240	-3.259771
459	379	-3.2630503
427	278	-3.263443
315	97	-3.2635632
311	93	-3.2666016
33	651	-3.2675261
254	32	-3.2718878
460	313	-3.2767391
479	393	-3.2793667
257	66	-3.281306
313	155	-3.2818055
299	72	-3.2838042
415	293	-3.2840264
398	220	-3.2873073
277	33	-3.2905967
502	406	-3.2924452
490	386	-3.2948685
503	394	-3.296036
337	128	-3.296907
285	110	-3.2990024
249	67	-3.3000526
257	41	-3.3180015
262	81	-3.3188512
321	108	-3.3212142
472	335	-3.3257387
277	47	-3.3270094
411	317	-3.3279254
411	249	-3.3300858
75	652	-3.3303065
362	162	-3.3383186
486	336	-3.3388078
514	537	-3.3408039
551	481	-3.3428297
521	490	-3.3471515
273	94	-3.3537438
261	77	-3.3594048
301	81	-3.3610213
512	426	-3.3643749
539	509	-3.368404
546	519	-3.3691833
434	338	-3.3751318
402	240	-3.3762884
541	475	-3.378955
452	368	-3.3803086
368	242	-3.3809218
531	544	-3.388351
383	192	-3.3887734
498	408	-3.3898668
341	132	-3.3936589
269	97	-3.3997219
526	501	-3.4026017
513	541	-3.4072397
508	428	-3.4123366
472	382	-3.4126408
285	115	-3.4127407
306	83	-3.4134805
329	186	-3.414329
31	636	-3.4151797
501	545	-3.423407
427	273	-3.4236224
490	408	-3.423644
396	216	-3.4249632
504	418	-3.4287539
411	311	-3.4391737
300	76	-3.4443011
461	368	-3.4519908
531	527	-3.4523325
472	346	-3.4556067
374	182	-3.457433
432	273	-3.4637313
309	153	-3.4642668
263	92	-3.4713585
305	79	-3.4764404
464	373	-3.476462
295	134	-3.4784927
138	48	-3.482581
483	391	-3.4878914
451	297	-3.4924073
467	341	-3.4948883
406	232	-3.4949684
316	101	-3.500135
498	430	-3.503067
503	537	-3.503851
563	493	-3.5083885
327	111	-3.5101218
507	409	-3.5103354
515	482	-3.512891
263	69	-3.515322
245	63	-3.5196605
504	430	-3.5227125
357	153	-3.5239732
282	106	-3.5250986
557	503	-3.5286117
493	362	-3.529559
330	121	-3.5338998
489	347	-3.5348706
496	426	-3.5446064
264	65	-3.5465052
511	410	-3.5499008
404	291	-3.5556355
416	300	-3.5593596
305	149	-3.5595803
408	244	-3.5628812
270	89	-3.5645592
479	539	-3.5750477
510	538	-3.5804093
33	644	-3.5832431
58	631	-3.5858922
426	256	-3.587318
502	389	-3.5897727
311	88	-3.5906427
332	126	-3.5906522
315	92	-3.590832
508	420	-3.593649
42	652	-3.5940378
493	383	-3.5952008
420	249	-3.5957632
499	377	-3.596331
260	48	-3.59694
276	43	-3.5991974
467	377	-3.6067874
280	117	-3.6084995
325	106	-3.611747
182	45	-3.6139832
276	111	-3.616603
437	289	-3.6172638
463	329	-3.6172898
273	35	-3.621264
71	651	-3.6325877
402	223	-3.634687
538	525	-3.6350484
47	614	-3.6382873
565	487	-3.640516
467	398	-3.6420286
535	535	-3.6434593
259	70	-3.6496685
249	62	-3.6517377
506	414	-3.6540213
444	293	-3.663967
502	398	-3.6641734
55	628	-3.6641881
274	39	-3.6681194
505	544	-3.6764874
456	376	-3.6841989
498	414	-3.6852846
231	33	-3.6873896
527	476	-3.6935005
273	106	-3.6964498
475	321	-3.697492
408	301	-3.6979067
499	395	-3.700801
289	114	-3.7009885
539	519	-3.7027366
542	523	-3.7129302
373	250	-3.7143354
264	59	-3.7164173
54	616	-3.7187638
511	415	-3.7190914
481	323	-3.7200527
527	539	-3.721596
326	119	-3.7219708
258	83	-3.7242362
427	330	-3.7248194
499	402	-3.7251794
252	77	-3.7266896
472	341	-3.7291405
419	297	-3.7295575
434	277	-3.731343
410	307	-3.7329006
489	341	-3.7339866
526	544	-3.7394376
345	137	-3.7414742
459	387	-3.7435355
319	98	-3.7446322
529	548	-3.747035
55	623	-3.7478328
412	245	-3.74975
411	295	-3.7538147
390	200	-3.754548
528	523	-3.7624578
261	87	-3.7655036
278	103	-3.7702045
134	52	-3.7781105
365	166	-3.7854176
530	533	-3.7856264
527	529	-3.786649
490	352	-3.7930024
237	34	-3.7933674
270	101	-3.79854
448	363	-3.7995255
354	145	-3.8043275
440	286	-3.8061376
478	408	-3.8088186
473	533	-3.8170533
562	481	-3.817091
487	547	-3.8174307
503	481	-3.8206828
282	53	-3.8281415
179	34	-3.8319168
241	48	-3.8378527
463	317	-3.8398576
523	530	-3.8407373
441	348	-3.841468
432	284	-3.8428822
47	620	-3.8452325
523	537	-3.8533936
512	419	-3.8595777
291	129	-3.864347
500	534	-3.8679116
284	119	-3.871027
285	56	-3.8746674
498	386	-3.8805666
465	337	-3.882388
532	474	-3.8836586
495	420	-3.8838782
458	306	-3.8868527
500	422	-3.8910096
423	252	-3.8975
436	285	-3.9021688
253	65	-3.90239
296	139	-3.903241
291	59	-3.9057488
458	383	-3.91645
493	529	-3.91741
268	93	-3.9195833
521	546	-3.920691
493	548	-3.922522
535	511	-3.9236307
466	332	-3.9331636
445	354	-3.9344714
532	462	-3.9410768
414	308	-3.9471507
512	402	-3.9498694
319	171	-3.9511738
247	71	-3.9521117
471	397	-3.9565742
38	651	-3.957786
195	34	-3.9591813
455	300	-3.9621212
370	169	-3.9625454
561	507	-3.9674044
516	417	-3.9732194
428	260	-3.9739869
412	299	-3.9769292
414	322	-3.9783642
545	473	-3.9800317
516	489	-3.9849787
296	63	-3.9871492
297	143	-3.9926915
59	627	-3.9960637
519	414	-3.9986715
31	631	-3.999423
405	295	-4.0019603
471	319	-4.004041
378	258	-4.00886
331	191	-4.0125103
959	25	-4.0149274
521	495	-4.0154295
492	430	-4.017668
315	162	-4.0199842
564	498	-4.0286
526	460	-4.0403743
378	183	-4.0416007
59	635	-4.0431848
30	648	-4.043876
495	369	-4.044054
398	287	-4.04575
181	41	-4.046174
551	520	-4.0480623
539	529	-4.0546894
429	335	-4.054823
342	210	-4.0561585
435	343	-4.056488
441	290	-4.057856
265	96	-4.06215
246	59	-4.0633597
301	68	-4.0666127
248	48	-4.0744042
279	37	-4.074581
241	33	-4.074934
527	505	-4.077504
516	424	-4.077769
467	322	-4.079899
536	515	-4.0843415
959	31	-4.0845604
256	45	-4.092459
43	612	-4.098071
488	426	-4.101119
461	309	-4.1014857
515	545	-4.1036277
498	391	-4.1089067
506	540	-4.113162
508	403	-4.113169
351	305	-4.1153164
491	435	-4.116872
526	472	-4.123255
515	405	-4.1246605
253	36	-4.128143
469	402	-4.131062
494	410	-4.1322684
491	391	-4.1357675
132	42	-4.139046
39	622	-4.140904
126	46	-4.1484494
126	56	-4.1537166
538	472	-4.1564465
287	123	-4.1610293
504	548	-4.1620064
507	398	-4.16267
492	417	-4.164506
32	149	-4.1658974
254	60	-4.1726823
515	477	-4.1744375
336	124	-4.1754637
518	410	-4.176846
211	34	-4.177139
519	535	-4.1848187
368	163	-4.187787
386	188	-4.1920295
247	33	-4.1937923
281	32	-4.1975594
461	391	-4.197861
32	640	-4.1991677
322	177	-4.2033024
502	381	-4.2063603
472	407	-4.207457
497	435	-4.208681
435	281	-4.211444
416	246	-4.2135396
486	430	-4.2232614
527	443	-4.2237434
506	424	-4.2241983
395	212	-4.2314544
544	527	-4.2316117
181	49	-4.2319937
304	75	-4.232431
34	614	-4.245264
493	402	-4.2636166
498	372	-4.264461
319	93	-4.268812
511	534	-4.2731605
250	58	-4.2753706
136	63	-4.28129
356	228	-4.282689
226	34	-4.2852774
54	632	-4.288622
263	55	-4.29942
124	50	-4.2997947
312	159	-4.300664
526	466	-4.3034587
41	648	-4.3102336
488	418	-4.314263
310	84	-4.3148437
139	44	-4.3171244
66	638	-4.3173833
43	619	-4.3192286
473	403	-4.3216057
501	426	-4.3245354
324	101	-4.330265
50	623	-4.337117
482	396	-4.342418
350	139	-4.344139
344	214	-4.3500113
281	49	-4.350624
431	280	-4.356567
556	515	-4.362848
316	168	-4.3630075
519	485	-4.364278
134	38	-4.3643227
393	206	-4.364473
430	264	-4.3647566
494	387	-4.3656487
201	34	-4.366146
243	44	-4.367025
353	225	-4.3711033
235	38	-4.373535
495	482	-4.3800025
419	326	-4.380329
350	301	-4.38213
503	385	-4.38541
29	643	-4.387096
51	613	-4.3876214
482	404	-4.389031
138	37	-4.3905983
27	638	-4.3908916
506	486	-4.40116
524	525	-4.4056816
248	75	-4.4062533
517	540	-4.410131
486	527	-4.411529
242	60	-4.415923
67	652	-4.4165783
412	240	-4.420002
482	432	-4.420969
195	40	-4.427688
450	293	-4.430853
454	294	-4.4320426
517	494	-4.43407
532	522	-4.437646
369	246	-4.4389644
339	207	-4.439639
482	427	-4.4420414
138	59	-4.4437947
309	80	-4.446062
221	34	-4.4560328
487	405	-4.4567423
384	270	-4.458131
280	41	-4.467089
465	311	-4.4672875
289	55	-4.469725
407	228	-4.4720845
325	183	-4.4744577
258	62	-4.4755034
316	88	-4.4759994
559	478	-4.4766865
29	652	-4.4789405
183	33	-4.4794326
32	141	-4.4808264
62	632	-4.4908814
74	648	-4.4910374
358	149	-4.4913316
182	37	-4.493101
521	541	-4.4945207
138	53	-4.5001407
507	535	-4.506326
547	523	-4.509549
494	398	-4.510135
514	549	-4.5114355
511	431	-4.512404
523	504	-4.516883
506	391	-4.519404
515	397	-4.520834
240	40	-4.520974
513	529	-4.52498
349	220	-4.5262237
127	63	-4.530227
406	224	-4.531173
526	534	-4.5319204
335	200	-4.5342426
566	483	-4.54465
150	34	-4.5451093
504	490	-4.5458584
185	48	-4.5479774
473	528	-4.548554
332	117	-4.550206
57	619	-4.551197
38	618	-4.55571
534	531	-4.561654
244	67	-4.5649195
60	639	-4.5686965
242	52	-4.570552
237	45	-4.571809
301	148	-4.57226
492	425	-4.5723805
216	34	-4.5725455
512	490	-4.5741673
241	56	-4.587813
515	533	-4.59904
506	478	-4.599428
493	474	-4.601771
477	402	-4.603812
959	37	-4.6079135
285	47	-4.6114693
27	632	-4.61252
258	52	-4.616683
36	647	-4.6173325
481	543	-4.620484
155	34	-4.6211514
959	19	-4.6275053
197	44	-4.6287045
486	412	-4.6302657
509	474	-4.6389523
51	627	-4.6411476
32	96	-4.650293
476	398	-4.6503367
486	394	-4.6506543
522	500	-4.6508994
388	193	-4.656472
31	622	-4.6643057
342	128	-4.6649365
382	184	-4.668163
542	470	-4.668477
39	644	-4.670989
536	460	-4.6724687
253	48	-4.6752405
245	40	-4.682879
192	37	-4.683333
38	612	-4.6919813
501	433	-4.6950293
284	43	-4.6958036
563	503	-4.7000074
130	58	-4.701071
245	55	-4.7012954
288	51	-4.70466
519	529	-4.706228
233	44	-4.7086587
536	539	-4.7107134
253	82	-4.711628
432	268	-4.7143507
400	215	-4.7147174
560	514	-4.7156043
36	637	-4.7209115
249	54	-4.72465
520	418	-4.732537
272	110	-4.732733
515	429	-4.734996
506	380	-4.742358
295	58	-4.748337
516	401	-4.7491627
300	64	-4.7497296
525	549	-4.756243
508	549	-4.7574043
522	473	-4.762623
286	33	-4.7627373
229	49	-4.76563
138	77	-4.766106
484	417	-4.7670865
495	394	-4.7806635
523	413	-4.781605
193	46	-4.787067
201	42	-4.7883954
367	159	-4.7887936
407	319	-4.792459
237	50	-4.792579
307	157	-4.792596
567	491	-4.793822
538	466	-4.795047
63	651	-4.7965555
35	632	-4.8000255
438	275	-4.8022585
454	381	-4.8078213
491	421	-4.8087664
6	638	-4.8192782
253	42	-4.8201528
128	40	-4.8237224
520	444	-4.8350472
32	275	-4.835515
231	39	-4.8368483
206	33	-4.837359
66	648	-4.8399224
436	271	-4.8507195
198	37	-4.8551126
360	235	-4.8632236
210	38	-4.867886
187	34	-4.8716455
499	480	-4.879795
376	177	-4.8798065
513	486	-4.887548
549	471	-4.906441
133	34	-4.910744
191	33	-4.9132986
477	525	-4.921981
44	623	-4.9224057
272	30	-4.925221
404	300	-4.926258
260	58	-4.9276795
127	69	-4.9279194
445	360	-4.92967
555	519	-4.930719
508	491	-4.933225
304	153	-4.934428
534	456	-4.94344
347	304	-4.944189
5	642	-4.945814
46	651	-4.950415
323	97	-4.950887
528	447	-4.9543567
269	105	-4.955631
363	158	-4.960263
391	196	-4.9618235
399	291	-4.9717565
462	397	-4.9753637
329	107	-4.978751
409	235	-4.978789
266	100	-4.9790998
5	634	-4.979519
138	72	-4.9827485
308	76	-4.9856753
386	274	-4.988121
374	173	-4.9897537
256	56	-4.9915433
491	413	-4.9930887
70	647	-4.9960327
249	39	-5.0026727
490	395	-5.006595
312	165	-5.0133753
227	43	-5.014207
459	301	-5.0189676
35	623	-5.0203047
138	67	-5.0222297
406	305	-5.0239043
509	394	-5.0279613
959	43	-5.0279746
515	505	-5.028674
493	356	-5.0291386
543	531	-5.0318527
5	588	-5.033492
507	384	-5.0379643
5	596	-5.038307
55	636	-5.0414696
227	38	-5.0418806
467	316	-5.043698
445	289	-5.0443206
548	528	-5.04541
533	549	-5.046978
346	132	-5.0481577
29	627	-5.048326
469	534	-5.0521407
204	39	-5.0597053
522	468	-5.0606375
403	219	-5.062371
33	87	-5.062918
186	44	-5.0648794
496	365	-5.0666285
5	620	-5.078599
283	38	-5.0831594
142	35	-5.0947804
496	551	-5.0978646
462	304	-5.1009555
532	514	-5.105537
127	77	-5.105931
305	71	-5.107376
101	73	-5.1089573
137	33	-5.1104345
248	43	-5.1168785
498	530	-5.1193132
335	120	-5.119693
66	631	-5.121314
5	625	-5.1247516
34	619	-5.125959
71	671	-5.1332383
522	461	-5.1377506
439	282	-5.1421037
505	494	-5.145114
60	623	-5.146477
555	477	-5.1468816
420	244	-5.14818
484	326	-5.150867
487	434	-5.1619015
134	75	-5.162424
452	377	-5.1642866
244	36	-5.1658344
118	40	-5.1713657
63	645	-5.1782165
135	56	-5.179973
481	400	-5.187607
9	641	-5.1899967
352	313	-5.19046
116	34	-5.19059
331	112	-5.1914606
534	470	-5.197543
101	78	-5.2016935
512	495	-5.2045045
189	50	-5.2075105
374	255	-5.207663
131	64	-5.2083626
118	52	-5.211363
200	49	-5.218099
34	271	-5.218584
6	646	-5.2227902
502	374	-5.223092
520	426	-5.228918
540	462	-5.2300878
484	422	-5.2325478
530	469	-5.2348714
529	519	-5.2354693
500	549	-5.2378173
287	128	-5.249123
120	48	-5.251259
281	122	-5.2549934
30	618	-5.2565656
178	38	-5.256604
190	43	-5.2581363
568	495	-5.2581677
5	607	-5.2649646
481	411	-5.2677035
5	615	-5.2698092
5	601	-5.272668
34	628	-5.273449
535	543	-5.274496
259	91	-5.27461
350	309	-5.27487
315	84	-5.2824216
494	478	-5.286092
432	259	-5.2916017
491	481	-5.297382
530	458	-5.2977405
9	650	-5.2982945
159	33	-5.30152
126	34	-5.30435
507	433	-5.312111
233	51	-5.3144975
80	177	-5.316781
255	28	-5.320375
541	535	-5.321099
220	39	-5.3234034
516	525	-5.3333955
292	137	-5.335856
489	401	-5.338492
473	411	-5.3394957
4	592	-5.3399067
211	42	-5.341405
134	68	-5.3417225
34	92	-5.345779
430	255	-5.348008
237	55	-5.3580008
147	37	-5.3600254
526	439	-5.361839
468	406	-5.363585
515	472	-5.3679466
195	50	-5.3708377
43	627	-5.3753037
458	297	-5.3769884
474	538	-5.3778443
76	671	-5.3798094
372	165	-5.3808203
519	506	-5.385128
526	452	-5.3935504
530	510	-5.3955517
206	43	-5.3962784
32	287	-5.4014077
276	29	-5.4047575
152	38	-5.405991
390	278	-5.412829
6	630	-5.412911
186	39	-5.418279
293	54	-5.41955
522	422	-5.420406
415	5	-5.4233065
68	642	-5.424153
533	518	-5.425117
176	92	-5.428719
465	403	-5.430034
299	60	-5.430439
9	635	-5.4317036
215	38	-5.435944
320	89	-5.4379888
58	615	-5.4396367
511	552	-5.4400516
215	44	-5.442045
146	33	-5.4442096
516	6	-5.448002
310	5	-5.449263
1	595	-5.4496956
289	46	-5.4514575
479	319	-5.457225
959	14	-5.468967
509	530	-5.469173
10	645	-5.471589
121	34	-5.4719386
551	476	-5.4765635
142	47	-5.4781837
5	583	-5.482485
55	612	-5.482621
256	87	-5.4848576
444	285	-5.4892454
66	672	-5.4900985
122	39	-5.509514
427	251	-5.514613
541	6	-5.5174847
33	267	-5.520734
450	287	-5.5254908
511	390	-5.5261555
188	100	-5.526368
32	135	-5.5303946
362	154	-5.53153
520	523	-5.532425
340	123	-5.537444
476	425	-5.5394716
331	196	-5.540321
410	5	-5.5430856
328	102	-5.54466
212	47	-5.544686
525	520	-5.5450377
1	603	-5.5512342
517	501	-5.554792
250	30	-5.5574975
373	5	-5.5576334
6	611	-5.5591526
448	369	-5.563746
348	297	-5.5649753
546	6	-5.566047
203	46	-5.570995
1	611	-5.5726624
492	552	-5.5727463
561	518	-5.5752687
410	231	-5.5764575
105	76	-5.577568
450	373	-5.578804
34	145	-5.579363
109	77	-5.581418
135	80	-5.5815873
302	5	-5.5818477
490	337	-5.5841713
27	623	-5.585123
394	285	-5.5888796
33	100	-5.589836
518	466	-5.5961986
320	5	-5.596559
184	52	-5.5968814
354	308	-5.598172
108	32	-5.60181
505	473	-5.608938
506	375	-5.6117935
178	46	-5.6154914
367	5	-5.6204686
441	353	-5.6218605
26	649	-5.6230702
249	80	-5.623432
268	29	-5.623998
1	619	-5.624473
524	446	-5.625466
345	218	-5.625649
354	302	-5.625837
23	637	-5.627295
539	457	-5.629388
355	141	-5.6303487
379	263	-5.6306043
31	611	-5.6311345
25	642	-5.631861
5	651	-5.634212
141	40	-5.6356826
551	525	-5.6361284
102	56	-5.6370864
553	472	-5.640936
175	33	-5.64454
359	5	-5.6475077
48	610	-5.648168
122	54	-5.6499257
379	5	-5.6606507
401	319	-5.6636844
480	420	-5.664023
436	347	-5.664705
63	628	-5.6798835
285	202	-5.680263
515	445	-5.683642
420	5	-5.6901364
32	164	-5.691719
9	624	-5.695224
163	436	-5.6960034
62	671	-5.6969395
430	339	-5.700551
32	397	-5.701073
416	241	-5.7069583
69	635	-5.706972
394	202	-5.708434
43	643	-5.711922
224	46	-5.712364
262	29	-5.7158813
241	64	-5.7214017
253	53	-5.7227163
424	248	-5.724261
485	399	-5.7275157
47	626	-5.728343
72	655	-5.729286
496	359	-5.730649
122	44	-5.732538
501	474	-5.7328143
32	156	-5.737149
385	5	-5.738803
218	47	-5.74332
519	406	-5.7433333
0	599	-5.7505393
50	652	-5.7545156
536	6	-5.756289
394	5	-5.7587266
568	500	-5.7663784
438	5	-5.7695384
436	266	-5.7712765
31	373	-5.776135
422	330	-5.7784524
5	578	-5.7790236
313	79	-5.7800446
276	116	-5.7821827
520	402	-5.7837405
75	644	-5.785317
80	172	-5.786243
325	5	-5.786589
114	38	-5.7868032
1	587	-5.788598
518	460	-5.7961826
493	349	-5.801885
0	591	-5.808172
545	467	-5.815366
519	430	-5.8173895
9	619	-5.8183126
491	5	-5.8187323
90	55	-5.8206697
59	652	-5.8214397
354	5	-5.8278575
959	86	-5.828954
453	290	-5.8304257
476	417	-5.83113
442	357	-5.8319907
499	368	-5.8323665
346	308	-5.8332925
528	515	-5.8369837
318	175	-5.837577
492	344	-5.8442764
511	6	-5.8476233
451	5	-5.849199
67	627	-5.8505898
407	313	-5.8541174
32	655	-5.858528
959	80	-5.858707
158	103	-5.8597894
478	430	-5.86067
504	532	-5.86078
511	522	-5.8612566
521	6	-5.8628707
380	179	-5.863925
381	267	-5.8688645
532	446	-5.869329
34	660	-5.872667
45	647	-5.8728023
234	30	-5.8733215
480	415	-5.8766985
103	69	-5.8781095
405	5	-5.885646
290	133	-5.889055
490	526	-5.891182
959	49	-5.8974853
446	5	-5.901337
58	672	-5.9019694
142	79	-5.903607
336	204	-5.9043207
297	5	-5.911431
0	607	-5.915974
129	73	-5.921489
533	466	-5.925995
522	433	-5.926878
524	417	-5.9291787
510	505	-5.929879
326	189	-5.9312162
119	57	-5.933807
186	96	-5.934969
531	6	-5.9351754
111	73	-5.936114
223	42	-5.936415
477	412	-5.937272
549	532	-5.9377246
465	6	-5.938513
344	301	-5.9394536
32	381	-5.943054
225	50	-5.950295
178	96	-5.9510827
314	4	-5.9565268
127	82	-5.95862
435	262	-5.964696
186	107	-5.968289
526	6	-5.970274
262	99	-5.9712996
530	440	-5.97318
469	529	-5.974277
25	628	-5.977399
194	30	-5.9820113
563	511	-5.982794
432	5	-5.985333
219	43	-5.9884596
516	433	-5.9914756
350	134	-5.9947343
525	509	-5.9999394
