x_coord	y_coord	score
140	151	0.019998401
128	206	0.017423987
143	129	-0.014528841
124	231	-0.03589374
116	267	-0.043842226
130	201	-0.048214674
139	155	-0.058281273
122	236	-0.06540984
127	210	-0.089642644
140	145	-0.0903686
131	194	-0.09129214
145	125	-0.12268597
158	52	-0.12486017
86	411	-0.13143885
125	226	-0.14159867
110	291	-0.14254114
117	263	-0.1489205
110	296	-0.17204678
141	141	-0.17579874
135	182	-0.18579414
132	190	-0.19096497
84	415	-0.2271541
147	113	-0.23156373
112	287	-0.24846216
124	222	-0.25212687
128	197	-0.25774008
153	87	-0.266231
115	271	-0.2677213
88	407	-0.26844847
160	42	-0.27665102
127	216	-0.2768468
159	48	-0.29183418
142	134	-0.3150634
163	33	-0.34276786
109	300	-0.34370106
146	121	-0.35068566
75	454	-0.35775763
77	448	-0.35841793
119	243	-0.3593608
118	248	-0.36049426
114	283	-0.3618657
138	159	-0.36629274
148	117	-0.36759987
161	37	-0.37819067
116	275	-0.3914803
131	186	-0.39431414
84	421	-0.3993421
154	83	-0.40113536
150	93	-0.4365683
144	144	-0.44630954
136	177	-0.45211872
74	458	-0.45229393
114	292	-0.45936522
116	259	-0.46455458
131	209	-0.46667576
128	221	-0.4721902
92	381	-0.47348636
150	101	-0.4741573
113	279	-0.48547626
72	468	-0.49338496
118	239	-0.5077747
144	138	-0.51558095
133	198	-0.51696235
126	202	-0.52101296
132	205	-0.52162254
123	240	-0.5290557
151	97	-0.53116965
78	444	-0.53219676
159	56	-0.5373658
86	403	-0.53938156
135	187	-0.5397055
73	464	-0.54155093
139	166	-0.5454054
159	32	-0.55023205
147	105	-0.55457103
72	475	-0.56420296
136	172	-0.567199
117	253	-0.57664293
143	148	-0.58341426
80	427	-0.5919469
108	304	-0.5997133
162	51	-0.6033125
149	109	-0.60600764
154	78	-0.6108669
90	391	-0.61807245
154	68	-0.6224828
71	479	-0.6366272
84	428	-0.6391304
157	39	-0.6408818
143	118	-0.642705
88	399	-0.6475778
91	386	-0.6493727
91	377	-0.6513687
130	213	-0.6587056
131	181	-0.6640331
115	245	-0.6658694
135	162	-0.6775559
128	191	-0.6803207
137	148	-0.687273
112	274	-0.6874834
162	29	-0.69014764
123	218	-0.70850396
80	432	-0.71297204
139	137	-0.7151831
77	440	-0.71636075
124	213	-0.72068465
135	168	-0.7381064
108	310	-0.7511649
153	72	-0.7644842
149	89	-0.76745677
135	156	-0.7719677
92	373	-0.7723615
146	132	-0.7774208
87	418	-0.7848077
155	49	-0.7848298
126	235	-0.7912868
120	257	-0.792274
150	84	-0.7942165
89	395	-0.80598295
156	62	-0.818341
137	142	-0.8235831
136	152	-0.82638806
147	98	-0.83026356
163	45	-0.83093035
120	230	-0.8318291
80	419	-0.83590233
164	40	-0.8398333
118	234	-0.84568655
110	282	-0.8458698
122	246	-0.85100806
91	369	-0.8513484
148	128	-0.85411584
142	122	-0.8581333
68	487	-0.8615949
72	483	-0.86824715
156	45	-0.8730595
135	193	-0.87753403
80	437	-0.8778837
139	131	-0.8802398
144	110	-0.8924916
154	91	-0.8966692
113	262	-0.90318775
79	423	-0.90750474
116	288	-0.91158295
112	268	-0.91233754
75	471	-0.9189179
124	207	-0.9237368
106	297	-0.9295981
114	249	-0.93690073
73	450	-0.9582746
143	154	-0.9642397
108	286	-0.9644811
128	229	-0.9702773
107	314	-0.9716209
83	408	-0.98691165
150	79	-0.98774695
158	70	-0.99048483
155	55	-0.992702
120	266	-1.0147294
76	428	-1.0160517
132	176	-1.0170481
111	307	-1.0219347
142	158	-1.0291246
69	471	-1.0308148
121	251	-1.032442
105	307	-1.036052
117	280	-1.0382016
81	412	-1.0386065
81	441	-1.0419791
85	396	-1.0439321
88	383	-1.0557839
76	467	-1.0584319
76	436	-1.0606581
119	270	-1.0719329
129	225	-1.082463
152	105	-1.0825174
166	30	-1.0834414
87	388	-1.0834708
121	225	-1.0888728
112	303	-1.0985028
77	461	-1.1001731
67	491	-1.1015041
160	66	-1.1052693
65	498	-1.1103485
113	299	-1.113998
106	292	-1.1162889
149	124	-1.1237175
78	457	-1.1251211
79	452	-1.1255718
95	378	-1.1306454
151	114	-1.1315234
140	126	-1.1410964
95	366	-1.1414763
86	392	-1.151665
160	60	-1.1615672
141	162	-1.1635917
113	255	-1.1665604
93	359	-1.1720291
104	302	-1.1812907
121	261	-1.1844033
139	180	-1.1847212
109	277	-1.1912247
91	404	-1.2035561
166	36	-1.2089536
157	75	-1.2259426
69	465	-1.2290747
140	173	-1.2305747
114	241	-1.2680955
87	378	-1.2720641
71	455	-1.277546
156	35	-1.2809947
131	172	-1.2891741
84	433	-1.2907925
89	414	-1.2946659
88	374	-1.2967994
143	106	-1.302924
67	478	-1.306865
74	445	-1.3071572
70	460	-1.3220577
75	432	-1.3278999
146	94	-1.3353868
152	63	-1.3483589
68	482	-1.3511069
106	318	-1.3574209
68	495	-1.3605758
75	478	-1.3692803
158	79	-1.3772966
142	114	-1.3803778
72	488	-1.383023
157	86	-1.3953304
158	28	-1.4068048
153	59	-1.4144648
64	494	-1.4228836
124	198	-1.4274153
154	100	-1.4275804
83	400	-1.4286617
135	202	-1.4358091
155	95	-1.4403547
65	503	-1.442011
149	75	-1.4444579
65	512	-1.4452443
94	389	-1.4494079
131	217	-1.4513654
87	424	-1.4519541
92	398	-1.4626489
109	321	-1.4946494
91	363	-1.4984704
144	102	-1.5013717
111	313	-1.5026927
132	165	-1.5040689
109	271	-1.5058293
76	420	-1.509169
69	499	-1.5171552
121	210	-1.5172446
67	507	-1.5214165
82	404	-1.5341091
106	324	-1.5373473
96	371	-1.5373626
81	447	-1.5411212
95	384	-1.5454338
110	258	-1.5555613
150	69	-1.5559175
110	251	-1.5565567
101	340	-1.574007
120	221	-1.5790309
92	277	-1.5790939
78	415	-1.5810277
104	311	-1.5830529
94	266	-1.5914237
93	394	-1.5960704
96	362	-1.5989407
122	203	-1.604793
125	194	-1.6102276
163	55	-1.617303
93	271	-1.6329514
118	284	-1.6375092
100	357	-1.6388751
71	492	-1.6501907
147	141	-1.6547499
127	184	-1.6561862
116	229	-1.6645888
104	328	-1.6764636
84	438	-1.6777248
75	424	-1.700192
64	488	-1.7141083
91	410	-1.7282814
152	118	-1.7440398
109	327	-1.7550607
153	110	-1.7816913
73	441	-1.7837574
120	214	-1.7911636
114	236	-1.7981254
99	350	-1.8010892
139	185	-1.8049089
124	118	-1.8125861
146	86	-1.8131453
137	197	-1.816732
116	296	-1.8188744
99	365	-1.8371617
110	317	-1.8437319
138	190	-1.8449271
103	336	-1.8450881
74	354	-1.8550329
152	52	-1.8814657
145	90	-1.8847936
61	513	-1.8854429
70	503	-1.8904425
161	74	-1.9063437
124	254	-1.9113958
109	265	-1.9306175
142	169	-1.9342653
120	274	-1.9364312
134	145	-1.9410893
103	315	-1.9533534
96	356	-1.9665613
148	136	-1.9768313
163	25	-1.9798276
63	508	-1.9865876
135	138	-1.9952059
135	208	-2.0030558
46	264	-2.0107322
65	517	-2.012981
132	159	-2.0369666
96	260	-2.0407646
133	149	-2.0457904
124	126	-2.0483131
70	386	-2.04859
72	496	-2.0491312
98	256	-2.0541089
127	239	-2.0635684
136	134	-2.0692267
75	350	-2.0729241
128	178	-2.0748863
166	48	-2.079048
112	324	-2.0939887
64	483	-2.1006749
155	31	-2.1046736
158	90	-2.130198
117	224	-2.130913
134	212	-2.1477103
46	272	-2.154216
63	527	-2.1563697
87	368	-2.16734
55	577	-2.1741064
61	518	-2.1748173
133	74	-2.181895
47	268	-2.184099
103	321	-2.1901643
63	533	-2.1957674
152	43	-2.2019777
113	320	-2.2112439
146	151	-2.2118375
163	63	-2.2125208
125	249	-2.2250075
82	393	-2.2255073
164	59	-2.2297585
139	119	-2.2385159
150	56	-2.2481687
77	410	-2.2626348
65	523	-2.273373
140	32	-2.2756627
98	375	-2.2764192
129	168	-2.2864075
146	78	-2.288963
147	147	-2.3020976
110	246	-2.309953
102	332	-2.313018
126	243	-2.313573
101	361	-2.314164
84	444	-2.3152056
84	385	-2.3159726
132	153	-2.316053
57	573	-2.3213103
100	345	-2.3254533
102	298	-2.3389664
140	109	-2.3475487
69	451	-2.3591847
125	113	-2.3625207
83	389	-2.3648508
160	83	-2.3656945
44	276	-2.37223
74	360	-2.3736339
59	195	-2.3786669
56	559	-2.3796494
91	281	-2.3879306
151	47	-2.3892393
119	206	-2.396386
139	44	-2.4035525
169	33	-2.406408
101	325	-2.4185908
125	188	-2.4221723
76	346	-2.429424
64	537	-2.42958
103	351	-2.4336944
167	43	-2.4382324
70	447	-2.4402657
73	500	-2.4444833
142	177	-2.450997
72	437	-2.4537802
68	390	-2.4602349
43	280	-2.4670844
92	355	-2.4700463
58	569	-2.4750001
169	27	-2.4755177
66	530	-2.4785776
106	274	-2.481856
132	222	-2.48896
67	534	-2.493972
108	331	-2.494793
117	218	-2.4971943
97	338	-2.497611
101	308	-2.5003512
162	78	-2.5023484
100	369	-2.511228
98	265	-2.5166132
102	291	-2.5181587
125	122	-2.5186322
66	468	-2.5192602
150	39	-2.526911
114	310	-2.5292773
96	275	-2.537137
70	144	-2.5471487
141	36	-2.5537825
86	631	-2.5643592
46	259	-2.5689816
143	97	-2.5742414
156	104	-2.5745873
125	258	-2.5752711
78	474	-2.5765731
83	380	-2.5773554
149	60	-2.5778756
58	199	-2.5817647
106	280	-2.5846539
123	269	-2.586465
144	165	-2.593991
112	189	-2.5960135
69	511	-2.597274
61	504	-2.6097326
163	70	-2.619822
43	267	-2.6249056
121	131	-2.6375582
76	482	-2.6546617
59	526	-2.6601968
89	358	-2.6681185
61	499	-2.6769772
92	261	-2.6810396
78	632	-2.6888516
136	127	-2.6911929
115	306	-2.6915467
59	555	-2.6927114
95	352	-2.6977973
60	530	-2.7020085
130	233	-2.7042155
59	565	-2.7042375
90	421	-2.709373
58	191	-2.709906
79	470	-2.7121508
84	375	-2.7124383
78	341	-2.7138512
74	366	-2.717923
124	264	-2.718254
73	370	-2.7192125
106	256	-2.7209694
98	381	-2.7286477
97	269	-2.7302747
92	606	-2.7376592
145	82	-2.7378979
44	284	-2.7409403
78	406	-2.7467613
67	457	-2.7496133
140	40	-2.761177
112	330	-2.779439
102	258	-2.7798777
88	430	-2.8074195
93	257	-2.8074956
70	380	-2.8080106
148	65	-2.8129008
87	651	-2.824569
66	474	-2.8263102
61	559	-2.8266363
72	136	-2.827201
57	213	-2.834684
107	335	-2.8371007
98	334	-2.8374324
57	205	-2.8447351
49	256	-2.849413
104	343	-2.8510458
97	327	-2.8542745
104	287	-2.8594933
90	285	-2.8609123
83	61	-2.8719842
159	24	-2.8785875
167	52	-2.8833773
127	109	-2.885015
69	394	-2.8865252
106	268	-2.8903797
99	252	-2.8981907
96	347	-2.9032612
140	103	-2.904874
94	407	-2.906712
153	122	-2.9069462
116	302	-2.9150722
141	76	-2.921364
110	193	-2.9228067
95	401	-2.9237125
167	23	-2.9250903
80	397	-2.9259462
61	187	-2.9280481
80	464	-2.9292414
112	183	-2.9392319
60	539	-2.941191
42	271	-2.9454076
146	157	-2.94837
104	404	-2.9518504
60	551	-2.9530313
125	130	-2.956187
132	228	-2.9564114
60	522	-2.9577546
68	526	-2.9586728
103	225	-2.9611416
68	520	-2.9700053
107	261	-2.9725652
145	74	-2.9798431
63	543	-2.9881268
117	211	-2.9882464
144	33	-2.9886591
52	558	-2.99128
51	575	-2.9939768
100	303	-2.9960835
66	462	-2.9971247
69	516	-3.0009263
56	581	-3.0028522
104	356	-3.004123
128	125	-3.0063322
50	248	-3.0112517
97	392	-3.0165267
152	127	-3.021855
158	98	-3.026076
141	89	-3.0266583
82	630	-3.032879
79	401	-3.0362902
96	342	-3.0404723
83	451	-3.0452797
111	334	-3.052039
76	334	-3.055635
151	33	-3.056173
135	70	-3.06075
69	442	-3.0619092
96	397	-3.062539
60	495	-3.065868
145	161	-3.0659115
120	196	-3.0735507
142	93	-3.07698
54	231	-3.0801919
83	67	-3.0920897
121	278	-3.0969813
53	571	-3.0972753
69	150	-3.0979252
63	193	-3.1000397
72	376	-3.1007195
76	117	-3.1009746
114	316	-3.1032212
41	288	-3.108574
91	351	-3.1092312
72	129	-3.1108494
47	279	-3.1167052
119	291	-3.1275573
48	252	-3.1318944
76	487	-3.1332762
138	48	-3.134702
58	209	-3.137644
61	105	-3.1380098
71	433	-3.145683
120	127	-3.1531794
159	94	-3.154576
114	221	-3.1568499
31	243	-3.1582854
61	575	-3.160398
75	493	-3.1613436
50	260	-3.164071
41	294	-3.1706333
97	279	-3.1734793
50	241	-3.1741476
43	177	-3.1741624
137	123	-3.1752572
87	362	-3.175439
142	27	-3.1761897
59	534	-3.1776521
75	338	-3.1803901
155	115	-3.1891747
106	339	-3.1910088
74	416	-3.1924746
61	491	-3.1958973
47	154	-3.1988947
109	211	-3.2009017
118	202	-3.2014642
104	415	-3.2019444
127	174	-3.2122047
161	87	-3.2153995
35	311	-3.2233553
56	118	-3.2266645
30	247	-3.2275267
116	193	-3.2329686
57	104	-3.233961
32	239	-3.2388744
58	108	-3.2391868
62	183	-3.2451248
85	57	-3.2475426
162	21	-3.2485533
49	146	-3.2491653
54	239	-3.2509131
58	217	-3.251933
99	313	-3.2522502
128	164	-3.2543979
112	205	-3.2550209
70	362	-3.255226
128	116	-3.2567422
55	554	-3.2616143
82	650	-3.2638366
126	105	-3.2656295
70	531	-3.2677848
99	319	-3.2681944
51	581	-3.2692018
146	70	-3.2700458
78	353	-3.2725582
90	632	-3.2741032
113	216	-3.2753
103	271	-3.27659
139	72	-3.2778907
49	138	-3.281197
139	201	-3.28335
138	205	-3.287045
42	263	-3.2885935
70	356	-3.2897522
76	128	-3.2981904
45	255	-3.2988565
72	429	-3.302577
112	197	-3.3056839
133	87	-3.3091898
102	419	-3.3107646
57	113	-3.3146355
51	134	-3.3154356
87	53	-3.3156927
45	159	-3.3187697
40	298	-3.3231893
76	133	-3.323566
113	232	-3.329566
72	560	-3.3330543
121	121	-3.3359005
106	197	-3.336925
169	39	-3.3418043
62	101	-3.3447366
90	265	-3.3457677
82	456	-3.346738
64	197	-3.348445
42	181	-3.350831
79	349	-3.3525429
78	651	-3.361591
140	194	-3.3621042
106	205	-3.3655696
103	277	-3.3683155
54	124	-3.3735921
41	639	-3.3774486
91	289	-3.37956
66	402	-3.3833606
54	567	-3.3892543
101	378	-3.3914225
69	158	-3.3942196
122	135	-3.3949497
138	113	-3.3962674
78	358	-3.3985655
135	60	-3.3986228
151	131	-3.4025905
81	71	-3.4080534
78	330	-3.4121559
143	46	-3.4125056
146	38	-3.4130266
116	185	-3.4132385
68	538	-3.4140818
66	550	-3.4146256
108	187	-3.4222128
72	507	-3.4227242
120	189	-3.4302356
71	140	-3.4306617
32	234	-3.4317787
48	592	-3.432772
52	87	-3.433924
70	154	-3.434653
87	47	-3.4369478
103	213	-3.4389565
33	315	-3.439739
132	141	-3.442029
54	109	-3.45069
118	134	-3.450802
157	108	-3.4530325
129	156	-3.4534626
48	150	-3.4542725
65	83	-3.4547777
61	203	-3.4573607
43	171	-3.457943
65	604	-3.4590826
92	417	-3.464841
74	384	-3.4652398
103	230	-3.4658213
86	64	-3.4663382
75	39	-3.4674256
59	547	-3.4690228
107	217	-3.4694483
106	250	-3.4783955
81	460	-3.4808896
68	78	-3.4902496
88	310	-3.4990327
135	216	-3.5051653
100	237	-3.5088286
95	253	-3.5118434
118	148	-3.5127356
29	252	-3.5140805
70	367	-3.514464
79	337	-3.5153418
44	166	-3.51583
104	220	-3.5233955
80	64	-3.5259304
103	283	-3.5262613
94	284	-3.52691
96	604	-3.5286767
68	558	-3.5335839
113	210	-3.5407517
133	131	-3.5409086
98	248	-3.544161
137	88	-3.545226
63	479	-3.545442
79	479	-3.5471392
70	74	-3.5491903
154	27	-3.5499697
148	51	-3.5501895
62	571	-3.5536952
104	399	-3.5539842
80	376	-3.5543141
55	563	-3.560518
98	387	-3.5616915
83	76	-3.562502
50	236	-3.563381
59	509	-3.5667973
68	398	-3.5674152
85	647	-3.5693321
67	565	-3.570452
68	632	-3.5742662
55	585	-3.5788555
106	191	-3.5795195
45	145	-3.5796068
59	43	-3.579642
75	121	-3.5800061
73	389	-3.5817733
141	84	-3.5925584
143	181	-3.5933506
50	142	-3.5993102
74	342	-3.6009035
65	555	-3.6021612
111	179	-3.6028533
76	34	-3.6056647
71	535	-3.6065066
120	117	-3.6066399
35	63	-3.60881
104	209	-3.6103148
50	92	-3.6127086
43	155	-3.6139708
53	129	-3.619356
132	135	-3.6212153
88	435	-3.622209
40	275	-3.6223128
65	88	-3.6225
40	283	-3.624412
65	95	-3.62491
93	33	-3.6304007
63	215	-3.630528
74	633	-3.6374972
83	52	-3.6375997
57	519	-3.6382904
38	302	-3.6402853
81	56	-3.6418383
48	600	-3.6429589
50	276	-3.6442573
52	116	-3.6465983
136	106	-3.6478524
113	226	-3.648725
139	98	-3.6558814
71	564	-3.6593082
41	633	-3.6597087
43	185	-3.6635916
74	143	-3.667211
137	37	-3.6677558
73	125	-3.6689472
77	113	-3.669111
86	70	-3.6713045
60	579	-3.6716387
91	426	-3.6805365
69	84	-3.6851666
41	645	-3.685462
54	244	-3.6868691
132	126	-3.6881642
147	43	-3.689887
129	120	-3.6906166
137	78	-3.690982
58	184	-3.6937406
121	140	-3.6953273
102	263	-3.6957526
52	79	-3.696523
87	640	-3.7001758
98	292	-3.7011302
52	589	-3.7013905
37	307	-3.7017484
83	634	-3.7021756
81	372	-3.7144425
35	75	-3.715911
50	265	-3.7179918
50	585	-3.727811
99	244	-3.7355413
42	162	-3.7436256
106	348	-3.7463212
70	350	-3.7514222
60	487	-3.7524858
57	221	-3.7569456
92	294	-3.7632606
116	325	-3.7708228
129	150	-3.7718828
115	349	-3.7737377
69	372	-3.7770402
65	104	-3.781278
100	423	-3.7830865
98	417	-3.7877188
104	410	-3.7885938
166	19	-3.7895217
51	272	-3.7903435
113	175	-3.7925172
146	29	-3.7945518
55	549	-3.7966979
41	47	-3.8011823
72	552	-3.8018873
110	239	-3.803104
173	29	-3.8105047
35	69	-3.81191
97	309	-3.8122902
50	104	-3.8125703
98	297	-3.8137755
88	60	-3.8166044
71	523	-3.8185086
45	290	-3.819358
95	411	-3.8200417
62	109	-3.820389
64	79	-3.8206391
75	44	-3.8210483
79	40	-3.821071
119	144	-3.8218598
46	141	-3.8269491
127	160	-3.8302767
48	88	-3.832044
55	133	-3.8332176
46	247	-3.8341982
65	188	-3.8352213
65	204	-3.836711
168	57	-3.8395703
81	48	-3.8398032
87	624	-3.8404427
122	106	-3.841592
145	173	-3.8434494
105	360	-3.8445246
115	343	-3.8475869
89	43	-3.8538594
49	124	-3.857237
124	273	-3.8593729
52	253	-3.8604388
132	78	-3.8623216
90	347	-3.867019
93	600	-3.8701856
76	497	-3.872761
51	120	-3.8732276
37	295	-3.8734107
51	83	-3.875125
156	119	-3.8760245
104	365	-3.8812068
165	75	-3.8824615
33	320	-3.8841765
86	314	-3.88659
70	548	-3.8869107
108	201	-3.8964128
74	50	-3.9
46	32	-3.9030824
138	28	-3.903243
102	374	-3.9039352
110	338	-3.9082088
117	313	-3.9097533
124	181	-3.9107087
142	21	-3.9110148
79	60	-3.911757
166	67	-3.9147036
77	628	-3.9176252
100	274	-3.9201686
47	163	-3.9249122
82	34	-3.925368
88	354	-3.9281597
70	424	-3.9296563
45	137	-3.9300866
88	607	-3.9306433
132	110	-3.9316504
39	279	-3.9341333
53	139	-3.9355729
33	230	-3.9364634
92	37	-3.9375794
149	154	-3.9410295
130	106	-3.9412608
58	122	-3.943853
69	166	-3.9467235
61	97	-3.9469926
66	100	-3.947017
54	224	-3.9471676
47	169	-3.9484494
89	297	-3.9492838
51	553	-3.9519768
121	287	-3.952357
89	628	-3.9536757
117	130	-3.962018
65	75	-3.9631164
88	302	-3.9641798
131	238	-3.965967
60	116	-3.9671128
72	527	-3.9731755
76	378	-3.9764254
94	298	-3.9789307
126	136	-3.979088
49	130	-3.9805331
103	253	-3.9830313
68	137	-3.9854646
48	578	-3.9875221
92	343	-3.9895878
72	70	-3.991119
65	147	-3.9929166
58	100	-3.9934351
59	38	-3.995209
38	291	-3.9954073
61	220	-3.9962935
57	514	-3.9963028
65	609	-3.9993563
102	427	-4.004507
87	635	-4.005452
77	363	-4.008835
112	346	-4.0105686
106	101	-4.010577
54	463	-4.0138807
65	159	-4.0207887
167	62	-4.0225377
72	79	-4.023769
155	650	-4.025975
95	331	-4.02756
57	543	-4.031844
108	182	-4.0339656
129	144	-4.0344605
63	32	-4.03577
66	410	-4.0389075
98	32	-4.0402617
121	152	-4.0406075
42	189	-4.0434637
67	542	-4.0446167
73	412	-4.046591
76	138	-4.047797
70	568	-4.048041
164	82	-4.0497985
116	198	-4.051862
84	643	-4.0555964
87	74	-4.0566115
29	257	-4.0613456
51	112	-4.061783
41	627	-4.062247
80	345	-4.062596
61	87	-4.0634584
105	395	-4.0696645
117	319	-4.073307
115	335	-4.076152
113	353	-4.076506
62	92	-4.0776324
35	197	-4.077704
57	47	-4.0781684
95	421	-4.081035
63	40	-4.0828996
46	596	-4.084697
142	60	-4.084752
128	253	-4.0847917
63	208	-4.0871363
129	246	-4.08873
49	158	-4.0889273
56	529	-4.089807
107	379	-4.0914893
63	567	-4.0917416
142	68	-4.091969
54	74	-4.092165
89	614	-4.093675
76	396	-4.094155
107	226	-4.101413
115	180	-4.101659
47	95	-4.102535
102	241	-4.1047387
55	235	-4.1083016
167	15	-4.108651
65	561	-4.108908
54	93	-4.111122
91	610	-4.112705
102	249	-4.1128097
68	91	-4.11403
37	45	-4.115513
51	153	-4.118569
138	92	-4.121037
80	44	-4.129989
46	180	-4.1301003
50	230	-4.130518
79	326	-4.131397
78	392	-4.1314774
45	296	-4.131624
129	132	-4.132409
75	62	-4.1340733
128	140	-4.1396427
80	488	-4.1408715
133	122	-4.14511
158	112	-4.14527
93	302	-4.145716
127	96	-4.147891
44	149	-4.151802
142	188	-4.155033
54	101	-4.1601977
63	179	-4.163641
134	56	-4.1637716
68	438	-4.165709
89	644	-4.1684284
75	403	-4.1688232
41	650	-4.1698165
118	156	-4.170504
57	127	-4.171472
120	183	-4.173086
137	52	-4.1739035
34	206	-4.1756945
112	394	-4.176149
34	201	-4.1762505
100	411	-4.178055
41	38	-4.1803274
66	600	-4.1862597
45	123	-4.1870604
35	189	-4.1873603
41	53	-4.18996
81	80	-4.1901603
90	50	-4.1934724
50	75	-4.193889
46	300	-4.196743
115	164	-4.1979904
46	174	-4.2050176
129	88	-4.2078247
42	621	-4.2099133
73	584	-4.2117267
66	385	-4.2196646
96	36	-4.2212915
77	373	-4.222939
69	133	-4.223107
104	234	-4.225129
46	108	-4.2279053
54	216	-4.2300196
40	32	-4.230563
43	614	-4.232397
86	329	-4.239143
47	588	-4.241084
135	118	-4.2416186
79	388	-4.2418456
67	406	-4.243254
73	149	-4.243817
107	243	-4.246243
133	64	-4.248314
133	82	-4.2491927
125	154	-4.250681
87	441	-4.266922
46	102	-4.2669625
75	54	-4.269515
137	66	-4.2706823
72	118	-4.2708807
113	201	-4.2723145
48	283	-4.2735534
116	339	-4.274708
150	144	-4.274858
158	20	-4.2782345
170	49	-4.2800136
59	180	-4.280781
71	40	-4.2816935
138	211	-4.2826085
34	193	-4.28351
162	91	-4.2876883
121	112	-4.2878704
68	640	-4.2892785
125	169	-4.2901316
39	206	-4.290545
99	407	-4.2907367
65	576	-4.2923455
65	588	-4.294007
56	78	-4.2940226
41	193	-4.29883
89	34	-4.300891
108	344	-4.3013263
56	83	-4.3052325
87	39	-4.3079476
53	257	-4.312151
38	185	-4.316354
122	282	-4.32164
48	488	-4.3234572
32	324	-4.3253107
123	158	-4.329108
37	286	-4.3303227
117	138	-4.3320327
64	633	-4.3333206
74	66	-4.334313
97	426	-4.3348694
51	32	-4.337117
63	465	-4.3398104
58	225	-4.341103
34	246	-4.3414574
91	313	-4.343672
48	612	-4.345126
100	403	-4.3462796
125	143	-4.352055
55	196	-4.3535976
73	556	-4.3536997
47	119	-4.353982
109	221	-4.3551183
115	357	-4.3593097
107	407	-4.3594656
135	225	-4.3616147
28	240	-4.3621135
110	382	-4.364113
79	500	-4.364301
69	603	-4.368258
99	285	-4.369293
169	11	-4.374074
138	22	-4.3756022
150	150	-4.3766356
74	567	-4.3768883
104	383	-4.3781586
99	233	-4.383061
72	519	-4.3853927
107	352	-4.3856587
79	494	-4.385766
48	572	-4.387089
71	162	-4.38733
66	153	-4.390795
165	7	-4.390922
130	242	-4.3951764
83	38	-4.3975277
36	233	-4.398471
39	198	-4.4000373
116	331	-4.4023967
71	572	-4.4034386
52	594	-4.4039288
33	145	-4.4052877
58	232	-4.4058495
152	135	-4.406406
90	618	-4.4073124
50	604	-4.4090877
108	400	-4.4102645
75	73	-4.415192
148	164	-4.416488
99	49	-4.418437
65	167	-4.41964
51	96	-4.421764
40	167	-4.422177
59	33	-4.4246674
71	53	-4.4253936
69	96	-4.427317
80	384	-4.4338527
32	225	-4.434447
35	216	-4.4351487
38	202	-4.4366703
40	124	-4.44015
65	616	-4.4421473
81	626	-4.445706
124	165	-4.4481907
66	143	-4.4483137
37	55	-4.4483204
41	305	-4.448666
67	71	-4.4530673
51	280	-4.45505
67	571	-4.456682
92	336	-4.4576664
134	232	-4.4626064
89	603	-4.4647837
118	309	-4.4660697
80	116	-4.466985
55	97	-4.467011
119	299	-4.469589
75	504	-4.469923
41	111	-4.474683
105	97	-4.4749184
78	68	-4.4766192
35	242	-4.4769025
39	67	-4.4782543
147	168	-4.4787273
38	315	-4.479386
37	649	-4.479804
40	174	-4.4803233
79	75	-4.481144
125	148	-4.4821296
144	64	-4.482267
34	559	-4.4825773
133	96	-4.4845095
37	637	-4.484939
155	23	-4.489683
136	41	-4.4915752
35	88	-4.4937115
112	386	-4.495774
60	651	-4.498319
91	649	-4.498729
53	220	-4.4987373
72	36	-4.500627
72	544	-4.5014167
129	75	-4.502724
73	399	-4.5027404
123	340	-4.50462
161	17	-4.5070376
71	47	-4.507521
172	36	-4.5084596
42	258	-4.511707
110	390	-4.51203
173	7	-4.5127306
71	346	-4.513284
86	448	-4.5141597
61	82	-4.516663
33	220	-4.517178
78	641	-4.518868
171	22	-4.5199122
67	216	-4.523247
117	160	-4.528056
132	115	-4.52864
108	357	-4.5288115
33	250	-4.52894
123	102	-4.529253
169	650	-4.530667
51	562	-4.531954
48	80	-4.532069
72	539	-4.5335574
70	587	-4.5340104
64	641	-4.5345078
89	67	-4.5349436
79	647	-4.537183
142	52	-4.537876
56	89	-4.5427837
77	636	-4.544486
30	577	-4.545029
38	642	-4.5479517
66	448	-4.548178
33	328	-4.5486083
104	105	-4.5501094
96	305	-4.550866
73	512	-4.5513296
97	608	-4.551829
106	375	-4.552079
87	350	-4.5524774
59	51	-4.552991
167	71	-4.553359
65	393	-4.5561624
39	62	-4.557077
46	494	-4.5610247
169	4	-4.5614843
87	321	-4.5627885
119	165	-4.5638423
52	599	-4.5647144
47	616	-4.566336
96	288	-4.566618
78	108	-4.567459
86	79	-4.5684857
136	220	-4.5696244
44	251	-4.569685
81	483	-4.574103
48	557	-4.5748224
157	123	-4.575417
30	569	-4.575634
96	323	-4.575644
160	102	-4.5774074
74	329	-4.579343
35	41	-4.587069
46	242	-4.5879703
56	538	-4.5895367
108	412	-4.5913754
47	84	-4.5923166
33	94	-4.594772
68	208	-4.594977
69	126	-4.5953307
133	103	-4.5958676
90	306	-4.596398
35	299	-4.596458
67	636	-4.5975366
35	210	-4.5981603
66	108	-4.6002197
87	336	-4.605378
29	262	-4.61064
41	141	-4.613045
47	184	-4.613165
35	181	-4.613708
95	245	-4.6167254
93	41	-4.6237855
138	57	-4.6247497
78	124	-4.625197
65	582	-4.6259985
150	28	-4.6263895
45	129	-4.6265364
67	43	-4.6274815
62	46	-4.6280155
146	23	-4.6296153
50	568	-4.6303873
161	4	-4.6308827
91	622	-4.6314
57	498	-4.634627
82	639	-4.6347203
66	184	-4.6371126
90	475	-4.638341
126	85	-4.640195
53	145	-4.640569
46	133	-4.6443233
41	133	-4.6502852
58	94	-4.6512527
39	93	-4.6533937
93	249	-4.653433
36	238	-4.653735
104	370	-4.65682
95	439	-4.6619415
151	167	-4.6645274
76	78	-4.666962
137	83	-4.6670785
54	457	-4.669166
71	63	-4.672912
54	249	-4.6746836
45	40	-4.6785297
52	467	-4.679066
56	591	-4.679492
73	407	-4.679777
71	420	-4.683339
68	50	-4.683492
80	135	-4.6843643
89	317	-4.6853695
63	173	-4.6859026
55	533	-4.6860147
129	102	-4.688158
79	31	-4.688545
58	460	-4.6889615
90	56	-4.691333
119	305	-4.691931
50	225	-4.6935077
89	273	-4.698086
124	290	-4.700282
74	58	-4.7017975
116	118	-4.7056136
78	367	-4.706556
52	149	-4.706705
69	171	-4.710364
101	391	-4.710864
98	97	-4.712153
48	481	-4.712432
46	605	-4.712804
69	628	-4.718951
71	88	-4.721613
146	178	-4.72232
99	43	-4.72477
74	588	-4.725421
76	561	-4.7261043
55	525	-4.7273583
42	201	-4.728681
33	79	-4.7298756
135	45	-4.730169
99	430	-4.7303567
88	293	-4.731883
40	310	-4.732712
55	63	-4.733275
151	139	-4.733926
92	46	-4.734855
120	169	-4.735302
86	454	-4.7360907
53	212	-4.7377133
55	275	-4.7379975
40	158	-4.739528
35	32	-4.745995
97	435	-4.749591
34	304	-4.7535625
58	441	-4.7548776
120	295	-4.756207
100	37	-4.757334
94	29	-4.7577043
103	245	-4.7585917
131	68	-4.7600536
33	260	-4.76024
63	471	-4.7612014
55	39	-4.761301
64	592	-4.764176
73	114	-4.7663236
94	95	-4.76754
39	211	-4.7690134
66	422	-4.7696095
51	615	-4.769725
68	428	-4.771458
110	229	-4.7751827
45	637	-4.7765326
104	185	-4.777246
78	51	-4.780812
35	139	-4.7823863
37	631	-4.7856407
66	163	-4.786056
27	244	-4.788766
100	395	-4.789074
53	207	-4.7895474
157	8	-4.790386
181	7	-4.7917523
127	268	-4.7921753
58	241	-4.7981324
163	13	-4.8012156
45	631	-4.8013287
67	414	-4.804334
174	25	-4.806206
34	124	-4.8070498
45	113	-4.8084345
130	93	-4.810831
171	44	-4.8113995
46	44	-4.8133554
33	266	-4.8144684
45	647	-4.8153963
98	600	-4.8169737
57	138	-4.8191977
70	122	-4.8204007
66	212	-4.8216233
36	227	-4.826465
73	600	-4.8286414
108	176	-4.8311687
102	100	-4.832906
129	257	-4.8333974
69	67	-4.83348
88	325	-4.8339376
165	651	-4.8342843
128	262	-4.835784
136	33	-4.8359823
112	401	-4.83616
34	155	-4.837224
71	637	-4.839481
125	286	-4.841195
112	378	-4.842729
62	601	-4.8463182
34	163	-4.846464
69	103	-4.8508024
64	628	-4.8520384
37	319	-4.8521714
40	106	-4.85733
73	83	-4.8594313
88	341	-4.862448
114	168	-4.863168
149	160	-4.869235
90	467	-4.869588
95	315	-4.87091
44	610	-4.8723855
40	87	-4.873041
40	42	-4.873994
62	461	-4.8740716
83	367	-4.874957
103	387	-4.87651
102	204	-4.8790503
34	149	-4.8799734
74	532	-4.8818526
35	50	-4.8821073
39	178	-4.8865643
45	304	-4.8886037
53	268	-4.8898897
44	642	-4.8941717
146	57	-4.895009
97	240	-4.8952026
67	38	-4.8987274
33	84	-4.900303
142	198	-4.9072905
119	334	-4.9079185
80	129	-4.9080133
150	171	-4.91111
80	504	-4.912729
105	424	-4.914641
32	563	-4.914816
39	147	-4.9150543
50	549	-4.9153175
125	277	-4.916758
82	84	-4.917072
97	53	-4.920171
63	637	-4.920583
32	159	-4.921398
62	475	-4.923819
119	178	-4.9245124
64	113	-4.926706
72	580	-4.927484
75	105	-4.9280066
91	438	-4.9290943
74	650	-4.9320183
683	589	-4.9335613
69	223	-4.9339576
84	43	-4.9339623
60	631	-4.9408636
119	342	-4.943073
69	583	-4.944318
128	294	-4.9466324
44	498	-4.9466786
60	76	-4.947007
49	177	-4.9478407
91	443	-4.947923
105	238	-4.9483147
79	120	-4.9484143
62	224	-4.948498
73	169	-4.9490843
43	117	-4.9507008
48	620	-4.9520197
55	187	-4.9532185
43	205	-4.954013
54	201	-4.9541116
88	599	-4.9548936
152	175	-4.955094
108	364	-4.955701
65	452	-4.956442
59	134	-4.9581003
88	278	-4.9591327
45	91	-4.9592867
139	7	-4.959786
30	331	-4.962902
74	110	-4.9643707
66	624	-4.964509
31	215	-4.9669585
119	347	-4.968796
124	300	-4.9724455
67	54	-4.9727836
89	471	-4.9732857
61	606	-4.973737
109	235	-4.975298
37	37	-4.9799914
26	248	-4.9812684
151	651	-4.982308
136	294	-4.9862537
170	18	-4.987006
156	4	-4.989983
201	651	-4.9936085
49	36	-4.994036
33	255	-4.9948316
55	70	-4.998482
129	290	-5.001798
30	583	-5.007348
143	5	-5.0075407
95	87	-5.0081744
67	200	-5.0100155
122	308	-5.0105824
165	86	-5.011495
116	152	-5.0126915
37	272	-5.014961
91	451	-5.0154977
180	16	-5.0195403
30	345	-5.0204325
141	208	-5.0209007
58	446	-5.0224423
70	59	-5.0245295
31	67	-5.0279565
65	134	-5.030029
117	103	-5.033325
147	7	-5.0338125
102	33	-5.0345473
78	142	-5.035191
46	188	-5.0363684
31	341	-5.037054
73	629	-5.039384
110	103	-5.0399036
68	234	-5.040143
48	293	-5.040839
51	71	-5.0447664
78	322	-5.0535135
57	59	-5.055378
29	231	-5.056423
47	552	-5.057694
33	167	-5.060935
94	429	-5.062647
44	486	-5.0639157
75	325	-5.0660863
86	617	-5.066604
73	157	-5.067465
162	97	-5.0701504
59	236	-5.070458
88	479	-5.0747514
54	44	-5.0763216
76	549	-5.076566
43	197	-5.076577
78	101	-5.0785832
103	41	-5.0794616
173	652	-5.0856752
189	651	-5.0860367
45	48	-5.086708
151	5	-5.087043
31	310	-5.0893054
30	336	-5.0927935
32	573	-5.093692
49	288	-5.0954657
38	72	-5.095893
49	608	-5.0975733
66	220	-5.0978436
43	503	-5.1036377
73	576	-5.1037407
40	215	-5.1051764
54	261	-5.1148224
68	591	-5.115268
32	72	-5.1155353
36	59	-5.1164207
123	95	-5.1165977
39	120	-5.118774
159	116	-5.1191225
46	311	-5.12263
61	169	-5.12277
37	626	-5.1237736
106	420	-5.123836
177	8	-5.1245317
52	284	-5.1248
37	223	-5.1251216
62	121	-5.125587
61	583	-5.1267357
41	58	-5.127018
28	235	-5.12812
67	192	-5.130354
90	331	-5.132002
88	259	-5.1320233
133	7	-5.1325135
70	204	-5.1338067
41	128	-5.1342816
78	515	-5.13614
138	290	-5.1361938
95	651	-5.138526
49	497	-5.1431274
34	646	-5.146675
80	551	-5.148389
145	185	-5.1486053
99	228	-5.150379
83	467	-5.1511807
134	91	-5.1527805
33	274	-5.1529536
64	650	-5.153509
47	501	-5.1536055
32	270	-5.1548557
33	185	-5.1556954
156	128	-5.157146
93	326	-5.1575155
71	215	-5.1575537
106	391	-5.157885
93	83	-5.1589775
72	641	-5.161345
106	93	-5.165942
101	434	-5.1674995
53	512	-5.167548
61	150	-5.167736
70	403	-5.172108
133	248	-5.175791
94	630	-5.1818333
61	161	-5.1844325
62	72	-5.187882
173	12	-5.188343
53	545	-5.1890016
69	615	-5.1897435
45	624	-5.190403
61	126	-5.19343
111	361	-5.1941047
101	217	-5.1951003
47	582	-5.198828
95	453	-5.200468
34	554	-5.200639
33	650	-5.2039504
33	100	-5.207713
74	153	-5.207753
67	434	-5.2081714
83	477	-5.209807
119	173	-5.210212
132	254	-5.2113285
34	567	-5.21201
43	96	-5.213868
65	596	-5.2145123
321	650	-5.2147756
90	483	-5.2149534
129	278	-5.216888
60	437	-5.221271
117	123	-5.221763
112	408	-5.222253
76	523	-5.2232766
56	494	-5.223277
100	649	-5.224744
181	12	-5.2264194
162	106	-5.227469
82	497	-5.2289395
35	278	-5.229303
33	282	-5.2298694
34	134	-5.2300653
80	559	-5.232216
72	100	-5.2329006
62	612	-5.232902
52	528	-5.2333164
92	433	-5.2347307
44	480	-5.2361298
58	465	-5.236672
137	18	-5.239492
45	192	-5.242357
122	324	-5.2466316
174	3	-5.2487316
90	455	-5.248808
63	52	-5.2488112
66	130	-5.2489424
102	46	-5.2513356
47	477	-5.256164
39	137	-5.2584953
116	393	-5.2585196
150	21	-5.2624493
60	640	-5.2631483
76	528	-5.264526
171	53	-5.2682157
122	319	-5.269727
47	233	-5.271713
83	340	-5.274269
110	97	-5.2751193
93	63	-5.2774754
30	589	-5.2795386
68	651	-5.280556
95	612	-5.2831616
37	621	-5.2834024
95	447	-5.284074
127	282	-5.284507
60	130	-5.2858257
56	142	-5.28604
117	550	-5.2865877
55	152	-5.2899346
84	486	-5.2927737
110	374	-5.2977343
134	26	-5.2984705
134	21	-5.302964
75	536	-5.303014
57	505	-5.3060765
96	596	-5.306427
107	428	-5.308592
94	57	-5.3129525
63	413	-5.313322
107	386	-5.3136187
38	219	-5.313878
65	117	-5.317849
49	464	-5.3183713
41	101	-5.31971
67	33	-5.3203707
84	333	-5.32284
77	82	-5.325371
173	40	-5.330761
167	79	-5.334607
62	155	-5.3399825
179	25	-5.3436737
51	296	-5.3460016
52	477	-5.3463926
68	196	-5.3499255
157	16	-5.3519797
91	76	-5.356956
84	605	-5.358146
93	91	-5.3582783
38	154	-5.358559
56	279	-5.360665
42	492	-5.3637815
101	606	-5.364101
57	490	-5.3642454
55	31	-5.3645444
89	82	-5.3649254
36	128	-5.3656383
70	219	-5.3660245
62	231	-5.3681216
43	210	-5.368385
53	620	-5.370423
46	237	-5.3721447
44	591	-5.3743668
90	447	-5.3817043
33	638	-5.38275
109	368	-5.3831086
78	508	-5.383994
31	209	-5.3875837
80	529	-5.389304
40	617	-5.392142
50	217	-5.3938637
86	345	-5.394073
129	8	-5.3950086
121	312	-5.395655
152	163	-5.395817
52	611	-5.399358
117	114	-5.3997035
60	626	-5.4008803
131	59	-5.403586
29	327	-5.405053
59	635	-5.405782
67	62	-5.410249
176	21	-5.410611
83	501	-5.4128327
56	148	-5.4130273
39	76	-5.4137526
69	112	-5.4145617
139	215	-5.4166713
63	456	-5.42086
76	624	-5.4258456
39	230	-5.429647
37	171	-5.4313626
91	596	-5.4315295
30	350	-5.432914
54	452	-5.4348125
55	616	-5.4367986
67	178	-5.4395895
161	650	-5.4445477
41	509	-5.4462514
51	162	-5.4475284
77	170	-5.45127
139	281	-5.45238
77	146	-5.452601
49	41	-5.4535737
88	463	-5.45518
34	290	-5.4554744
72	93	-5.4566417
135	264	-5.458366
74	593	-5.461555
34	118	-5.462414
123	304	-5.463602
105	179	-5.4646425
65	418	-5.467217
43	63	-5.468991
54	605	-5.470551
29	267	-5.4709897
90	71	-5.471408
53	471	-5.472361
123	335	-5.4741597
59	433	-5.4742827
124	345	-5.4749904
50	459	-5.478208
77	583	-5.478438
84	318	-5.479603
174	17	-5.4819045
82	112	-5.482557
92	459	-5.483504
85	482	-5.4856896
37	143	-5.4873104
30	164	-5.490336
102	195	-5.4973817
82	323	-5.497715
150	179	-5.4990945
61	647	-5.4996676
51	532	-5.500784
687	588	-5.502874
50	492	-5.5039682
37	80	-5.5045223
83	622	-5.5085173
70	230	-5.508899
30	204	-5.509173
62	449	-5.515976
102	189	-5.516082
96	586	-5.5165224
162	111	-5.5181203
38	531	-5.5256753
115	363	-5.5295773
97	64	-5.52962
144	17	-5.5310216
52	292	-5.5310884
29	321	-5.53126
39	266	-5.5321016
85	31	-5.5331717
64	139	-5.5334578
135	257	-5.539689
136	4	-5.540262
70	265	-5.54197
58	453	-5.542604
98	58	-5.5431223
77	519	-5.5436673
104	431	-5.5440807
41	525	-5.5448155
135	279	-5.547338
93	99	-5.5490746
64	68	-5.553096
123	177	-5.5532265
73	605	-5.5554876
69	608	-5.5572214
68	579	-5.5584555
125	89	-5.5601416
60	176	-5.561002
158	12	-5.5638576
142	204	-5.567206
56	54	-5.5684524
135	236	-5.569783
96	236	-5.57314
85	459	-5.5745645
41	235	-5.575479
121	8	-5.5762362
31	61	-5.5800486
125	76	-5.583465
97	443	-5.5835238
617	680	-5.5863333
160	120	-5.586483
62	297	-5.5905843
99	93	-5.590614
90	86	-5.5918727
72	251	-5.5935907
122	331	-5.59796
142	11	-5.598265
93	68	-5.59836
49	473	-5.600883
83	492	-5.6050787
64	397	-5.6057105
72	335	-5.605763
66	123	-5.6058326
110	172	-5.606065
56	254	-5.6061816
25	254	-5.607589
78	555	-5.6089115
136	11	-5.61022
51	524	-5.6117277
33	46	-5.613518
104	119	-5.6139326
42	223	-5.615107
71	32	-5.6178536
50	181	-5.6184206
61	622	-5.620744
113	131	-5.6223855
84	117	-5.623908
62	442	-5.6244
112	651	-5.6249304
67	227	-5.6278906
46	52	-5.6292396
39	502	-5.6293454
138	650	-5.6294355
38	114	-5.630112
76	166	-5.632211
119	328	-5.6348023
49	303	-5.6399603
82	473	-5.640946
60	589	-5.642096
59	483	-5.6429157
117	556	-5.643073
100	208	-5.6455092
45	315	-5.6480274
161	9	-5.6506205
31	198	-5.6512628
95	624	-5.653862
56	271	-5.6582494
30	558	-5.6590366
56	650	-5.662565
75	97	-5.663072
178	650	-5.663123
54	183	-5.665518
115	389	-5.667671
153	147	-5.668604
127	342	-5.6689973
97	69	-5.669791
46	76	-5.670579
33	294	-5.6741757
53	520	-5.6764946
38	519	-5.6770654
100	222	-5.677521
45	508	-5.678869
155	132	-5.6806774
40	611	-5.681964
134	243	-5.682415
51	541	-5.68352
118	353	-5.688823
70	107	-5.690205
34	110	-5.6910043
84	654	-5.697227
50	46	-5.697636
50	166	-5.69778
343	672	-5.6978993
46	651	-5.700949
171	60	-5.702962
79	318	-5.7048445
128	274	-5.7059255
32	538	-5.7103
31	90	-5.712712
54	35	-5.7152486
118	108	-5.717833
58	246	-5.719229
117	95	-5.7214074
82	363	-5.722914
178	4	-5.72343
80	96	-5.7247186
69	597	-5.725485
36	323	-5.727376
132	260	-5.7284355
56	596	-5.7305603
29	316	-5.731288
134	49	-5.733575
76	543	-5.740521
29	222	-5.744291
34	634	-5.7460427
33	629	-5.746871
82	313	-5.753159
358	672	-5.7538915
33	619	-5.753936
97	101	-5.7544513
135	269	-5.7554035
144	192	-5.7557836
75	30	-5.757004
103	200	-5.7579412
81	88	-5.758426
80	545	-5.7604938
53	157	-5.760736
50	187	-5.7610073
86	85	-5.761643
110	416	-5.763569
115	397	-5.7647676
128	79	-5.765092
104	110	-5.7654724
78	150	-5.7659426
90	30	-5.766141
130	286	-5.766454
349	671	-5.7684917
130	22	-5.768917
95	78	-5.769343
76	86	-5.7710695
81	168	-5.7730904
175	33	-5.774597
54	50	-5.774627
88	269	-5.7813916
63	425	-5.7815676
137	229	-5.782055
68	269	-5.783254
53	488	-5.7839437
67	377	-5.7843633
70	175	-5.792297
130	298	-5.7969904
353	672	-5.800254
94	616	-5.801697
48	207	-5.802072
50	203	-5.8034945
66	58	-5.803947
33	172	-5.804214
287	673	-5.8120418
66	238	-5.8124127
115	142	-5.8146586
72	209	-5.8157835
96	647	-5.81582
125	7	-5.8166366
109	168	-5.8173785
38	555	-5.819301
42	513	-5.820213
31	138	-5.8210573
364	672	-5.8223796
140	15	-5.822492
58	329	-5.823575
53	481	-5.8252788
37	262	-5.825954
131	393	-5.8290215
58	67	-5.8291717
52	300	-5.832971
31	152	-5.8356185
112	428	-5.837428
181	21	-5.840075
376	672	-5.843554
90	254	-5.846257
50	66	-5.8482795
57	156	-5.8503833
56	612	-5.852124
86	474	-5.8553267
154	19	-5.857019
329	651	-5.857248
157	138	-5.861898
54	192	-5.870595
66	354	-5.8727427
136	286	-5.872806
101	55	-5.874084
70	247	-5.874631
34	615	-5.87469
101	65	-5.875478
47	512	-5.875893
43	218	-5.8761406
94	319	-5.880226
67	620	-5.8843107
40	240	-5.8858824
82	513	-5.887912
177	13	-5.8882327
44	601	-5.8917427
34	337	-5.891999
42	606	-5.896266
81	139	-5.898733
152	157	-5.9002047
108	107	-5.902465
85	357	-5.9030137
62	239	-5.9036665
73	616	-5.903668
54	447	-5.9063582
696	593	-5.907045
72	226	-5.9105463
70	257	-5.9116383
148	15	-5.918272
48	307	-5.918441
47	198	-5.919121
613	681	-5.923744
75	161	-5.92394
51	170	-5.926453
149	183	-5.932685
32	533	-5.9367337
63	405	-5.9372063
78	533	-5.9383664
61	617	-5.938949
279	673	-5.9391127
42	521	-5.943169
105	37	-5.943819
77	184	-5.944988
339	673	-5.9512744
61	417	-5.953533
33	580	-5.953922
57	621	-5.9554377
38	536	-5.956505
43	554	-5.957011
75	90	-5.9574265
32	642	-5.9581223
684	585	-5.958854
72	625	-5.9589777
625	681	-5.9621696
390	672	-5.967346
100	438	-5.971288
185	652	-5.97307
32	38	-5.9731793
170	65	-5.977048
137	273	-5.9777207
49	505	-5.9778233
96	457	-5.978275
62	144	-5.9847703
154	143	-5.9858937
73	222	-5.988287
114	135	-5.9892406
328	673	-5.989801
110	70	-5.9917703
90	94	-5.993188
112	117	-5.9937725
84	309	-5.9938893
90	488	-5.994439
101	29	-5.9949555
61	597	-5.9958386
32	286	-5.9960675
49	221	-5.997372
132	42	-5.9999003
