x_coord	y_coord	score
875	284	-0.045644462
914	384	-0.10904178
908	367	-0.12278551
793	56	-0.13372412
838	189	-0.14515868
880	299	-0.14887694
919	395	-0.15993091
842	195	-0.18980019
910	372	-0.19433795
874	280	-0.19537812
799	70	-0.2190006
910	380	-0.22005524
838	183	-0.22313656
799	75	-0.22618529
917	391	-0.2500152
876	288	-0.25029683
834	175	-0.25516254
833	171	-0.25642532
905	361	-0.25903314
920	399	-0.26244396
911	376	-0.26424628
852	225	-0.2680973
877	295	-0.28556752
923	402	-0.31125453
881	303	-0.32839715
792	50	-0.34091204
849	213	-0.34229666
866	261	-0.3440343
870	270	-0.34807092
914	379	-0.34994394
835	179	-0.3552115
903	356	-0.36558458
923	407	-0.36768535
850	217	-0.3684372
798	66	-0.37041855
801	80	-0.39882737
784	32	-0.40545604
869	266	-0.407981
873	276	-0.4093078
831	167	-0.41211703
848	209	-0.41689357
853	221	-0.41808772
853	229	-0.42132467
789	42	-0.42160106
864	254	-0.43016088
822	143	-0.43477502
927	411	-0.4392901
879	291	-0.44698533
843	201	-0.46871144
842	190	-0.46895733
816	124	-0.48513752
818	129	-0.48680043
862	249	-0.48898643
904	366	-0.49178305
909	363	-0.4926259
784	27	-0.49463922
795	60	-0.5033076
789	47	-0.50709105
860	244	-0.5073438
824	147	-0.5152666
814	113	-0.52452916
821	138	-0.5281925
806	94	-0.5335004
845	206	-0.5369078
901	352	-0.5445869
788	38	-0.5564503
815	118	-0.5617145
882	307	-0.56260264
927	416	-0.56402224
819	133	-0.57246155
804	87	-0.5802971
856	236	-0.5952158
863	258	-0.6092732
913	388	-0.6174978
858	240	-0.62408984
811	106	-0.6266496
832	163	-0.6314498
906	371	-0.63591737
884	312	-0.63867193
849	222	-0.6391306
879	285	-0.644162
795	69	-0.65138316
918	387	-0.6541998
835	186	-0.6567672
841	186	-0.6667893
794	64	-0.67280173
923	412	-0.68174666
922	199	-0.6976917
874	272	-0.7055866
924	398	-0.7097845
889	318	-0.71723473
838	194	-0.73144233
828	162	-0.73428744
886	308	-0.73729444
878	281	-0.74192375
856	226	-0.743412
885	317	-0.74378216
789	54	-0.74553084
898	343	-0.7630106
876	300	-0.7643537
828	153	-0.779065
829	158	-0.7793895
899	348	-0.7891311
788	33	-0.7892704
909	164	-0.80189204
825	140	-0.809078
884	94	-0.8113887
885	304	-0.81493735
927	405	-0.8212131
907	375	-0.8259219
881	86	-0.83238316
797	55	-0.83248
803	76	-0.83478534
805	83	-0.845471
800	84	-0.8510447
874	292	-0.8534938
857	232	-0.85928667
799	62	-0.86086416
901	360	-0.8664506
815	109	-0.8736711
807	90	-0.88025963
920	191	-0.8820665
882	295	-0.88729477
869	274	-0.8883152
881	91	-0.8930544
847	202	-0.89768386
889	324	-0.8998808
784	37	-0.90822995
924	203	-0.9086704
870	279	-0.9197198
907	357	-0.9207232
793	46	-0.92939305
870	262	-0.93103206
912	368	-0.9313898
810	95	-0.9332411
838	176	-0.93371964
814	128	-0.936658
784	22	-0.93716455
888	314	-0.9374622
921	390	-0.9445379
877	277	-0.95260334
864	245	-0.9545541
923	394	-0.9595138
845	212	-0.9609461
803	91	-0.9610934
914	373	-0.964748
924	195	-0.9669031
866	269	-0.96784055
824	152	-0.9689013
808	103	-0.97141814
797	79	-0.9873923
831	178	-0.99149513
914	394	-0.99327433
806	99	-0.9935427
871	283	-0.9935956
873	267	-1.0032774
815	132	-1.0068008
846	198	-1.0166786
865	265	-1.0191042
910	385	-1.0201004
811	100	-1.0204309
860	253	-1.0211025
817	137	-1.0244588
896	339	-1.0367037
827	144	-1.042147
931	418	-1.0548303
885	90	-1.0610467
868	257	-1.0614315
884	300	-1.0641127
852	233	-1.0642782
879	79	-1.0665073
785	41	-1.0667517
919	403	-1.0710275
916	398	-1.0752224
795	74	-1.0809401
913	170	-1.0871698
832	182	-1.0875273
893	325	-1.0893238
924	208	-1.0908628
810	110	-1.0926042
862	238	-1.1018491
872	287	-1.1139832
853	214	-1.1194168
830	174	-1.1247315
846	216	-1.1419575
839	199	-1.1527222
879	74	-1.1599649
823	134	-1.1649688
878	306	-1.1789452
909	159	-1.1816853
858	248	-1.1842277
892	321	-1.1843765
906	353	-1.1896724
927	421	-1.2066555
850	205	-1.2158395
914	180	-1.218363
918	200	-1.2225826
828	148	-1.2227739
825	157	-1.2285489
807	107	-1.2289189
904	349	-1.2316842
880	311	-1.235765
877	84	-1.2376904
837	172	-1.2384036
886	321	-1.2419813
918	195	-1.2444817
827	166	-1.2706318
791	61	-1.2715209
898	335	-1.2835215
849	228	-1.2841884
836	168	-1.287403
866	250	-1.2948076
812	123	-1.3048846
833	159	-1.317012
908	168	-1.3189486
865	32	-1.3225433
914	175	-1.3475819
882	82	-1.348219
898	355	-1.3511689
853	239	-1.3520412
866	36	-1.3545645
902	345	-1.3558276
896	125	-1.3579789
811	116	-1.3583667
808	86	-1.3604982
806	79	-1.3701282
819	120	-1.3751228
822	130	-1.3793325
841	205	-1.3809981
916	189	-1.3814712
861	33	-1.3884736
820	125	-1.3967897
918	382	-1.408883
923	417	-1.4138883
914	185	-1.4237335
885	98	-1.4392979
796	51	-1.4446217
793	41	-1.446401
905	161	-1.4468703
846	193	-1.4491773
788	28	-1.4512488
857	222	-1.4532843
920	204	-1.4571972
818	141	-1.457688
785	46	-1.4680469
814	103	-1.4714441
928	206	-1.4798669
866	75	-1.4809766
895	331	-1.4811845
895	346	-1.483516
820	148	-1.4977018
885	85	-1.4986643
818	115	-1.5007995
852	210	-1.5083685
782	18	-1.5094254
932	422	-1.5095825
922	187	-1.5106126
883	78	-1.5153959
828	170	-1.522815
877	89	-1.5321051
786	50	-1.5325055
842	209	-1.5338349
811	91	-1.5391388
862	262	-1.5508308
842	182	-1.5515838
881	315	-1.5717359
861	234	-1.5822017
878	70	-1.583953
855	243	-1.5919384
907	152	-1.59406
928	212	-1.5967968
890	310	-1.6023558
845	220	-1.6063071
834	190	-1.6186283
870	79	-1.622606
932	414	-1.6250626
875	78	-1.6273792
832	155	-1.6280754
928	401	-1.6281433
905	181	-1.6283559
901	340	-1.6295316
873	296	-1.629926
802	67	-1.6312017
868	48	-1.631737
896	351	-1.6449025
873	65	-1.6462666
824	161	-1.6503605
803	71	-1.6550112
827	136	-1.6634797
897	129	-1.672041
924	214	-1.6890185
799	88	-1.6917734
904	157	-1.6947
914	193	-1.6952188
925	240	-1.6969175
893	317	-1.7015154
865	70	-1.7143052
882	288	-1.7195492
856	218	-1.7229714
906	379	-1.7287204
910	183	-1.7379043
880	95	-1.7388295
860	228	-1.7478248
892	335	-1.7499517
791	68	-1.7585113
780	28	-1.760081
873	82	-1.7613357
918	184	-1.7629501
802	95	-1.7646704
814	96	-1.7665384
914	166	-1.7693585
792	37	-1.7699332
881	99	-1.7714874
891	329	-1.7727629
796	83	-1.7806817
889	305	-1.7807245
900	364	-1.7814513
927	247	-1.7868414
874	71	-1.7913353
868	40	-1.8005791
906	185	-1.8125329
892	124	-1.8152933
911	359	-1.8300799
931	410	-1.8321171
179	562	-1.8525454
913	199	-1.8527845
913	364	-1.8688021
917	376	-1.8698062
800	58	-1.8748295
900	134	-1.8841335
833	140	-1.8927594
873	87	-1.902832
126	423	-1.9098009
919	408	-1.9109223
902	125	-1.9142501
845	187	-1.9204745
861	28	-1.9223963
909	172	-1.9271129
885	325	-1.9289507
788	58	-1.9309907
866	44	-1.9358503
905	189	-1.9465722
909	104	-1.9474597
940	433	-1.950868
865	79	-1.9517858
904	145	-1.9532348
910	189	-1.9544284
873	50	-1.9579521
909	389	-1.962256
865	273	-1.9713768
928	201	-1.9733514
905	173	-1.9794093
904	165	-1.9991609
925	218	-2.003172
902	370	-2.0056338
871	75	-2.0060265
927	395	-2.008524
823	109	-2.009485
867	52	-2.0189757
899	157	-2.0213401
910	136	-2.021855
806	111	-2.0226307
893	342	-2.0324323
225	535	-2.0328162
214	608	-2.0371234
889	37	-2.041043
883	73	-2.0418954
901	175	-2.0508592
904	136	-2.0520318
869	33	-2.0657136
866	277	-2.0673854
875	61	-2.0706744
874	263	-2.0776787
902	152	-2.0786593
846	225	-2.0825012
227	541	-2.083816
903	131	-2.0838618
897	161	-2.0863671
910	155	-2.0892045
859	257	-2.0899389
901	141	-2.0917785
896	136	-2.092511
911	140	-2.108842
812	87	-2.1152751
797	47	-2.116079
783	14	-2.1183703
888	93	-2.125149
913	161	-2.1283991
897	324	-2.130527
878	273	-2.132775
925	191	-2.1345685
780	33	-2.1348352
922	386	-2.1405487
836	162	-2.1415622
819	108	-2.1430423
210	606	-2.143211
175	558	-2.1435559
230	544	-2.1452684
928	425	-2.145916
913	112	-2.1460254
877	66	-2.1517198
893	128	-2.1519868
921	211	-2.1532567
869	83	-2.1600568
910	178	-2.1618977
864	49	-2.164206
871	54	-2.1696622
133	424	-2.1712997
833	148	-2.1800737
915	141	-2.1878731
931	428	-2.1901538
901	162	-2.198543
918	208	-2.201476
864	65	-2.2038932
257	577	-2.2046282
916	369	-2.213557
925	223	-2.222831
874	304	-2.2240844
205	598	-2.2272987
925	389	-2.2288952
906	177	-2.2359815
166	548	-2.2485704
250	568	-2.250193
821	155	-2.2502205
824	114	-2.2517116
926	251	-2.2525063
206	602	-2.2593775
215	612	-2.2597775
872	46	-2.262239
905	197	-2.2660513
253	574	-2.2704675
911	108	-2.2729018
832	144	-2.2780657
910	196	-2.2781806
809	82	-2.2833266
793	32	-2.2898118
851	201	-2.2988703
276	609	-2.3009722
916	135	-2.3028476
882	280	-2.3091486
918	130	-2.3101747
815	92	-2.3118207
907	141	-2.3133726
899	169	-2.318139
861	39	-2.3283148
161	544	-2.334687
901	148	-2.3363767
796	36	-2.338492
915	360	-2.3386981
860	24	-2.3398306
803	63	-2.3423262
907	193	-2.3461812
809	120	-2.349026
886	296	-2.3503098
858	52	-2.361269
832	136	-2.3617558
800	52	-2.3619523
891	133	-2.3652527
857	35	-2.366554
869	71	-2.367853
908	147	-2.3692586
183	570	-2.3734798
883	103	-2.3739033
900	181	-2.374195
793	78	-2.3785877
931	251	-2.3854427
95	391	-2.385631
898	165	-2.3862932
853	247	-2.3869462
804	104	-2.3892066
831	187	-2.3893912
897	359	-2.396764
818	104	-2.3972147
893	159	-2.3987448
280	613	-2.401446
842	177	-2.4026034
280	608	-2.4033992
924	424	-2.4064114
129	426	-2.4075534
915	205	-2.4087756
223	539	-2.4087877
826	131	-2.411826
170	555	-2.41519
180	566	-2.415215
858	44	-2.4351254
869	253	-2.4356472
861	224	-2.438042
928	243	-2.4414384
137	429	-2.4433045
888	301	-2.4465547
889	99	-2.4475865
875	56	-2.4488819
798	93	-2.4508843
807	115	-2.4513607
868	246	-2.4528198
221	531	-2.4534414
927	235	-2.4539833
852	30	-2.4546087
885	292	-2.461709
780	23	-2.4644787
286	621	-2.4682512
866	61	-2.4700131
923	234	-2.4763622
877	268	-2.4767032
872	258	-2.478864
927	429	-2.4799538
888	333	-2.4818292
197	592	-2.4825978
908	320	-2.4838326
178	573	-2.4844892
850	197	-2.4864824
892	137	-2.4881024
857	27	-2.4887874
935	252	-2.4890654
129	420	-2.4912565
932	432	-2.4949434
918	172	-2.495433
948	459	-2.4968452
855	39	-2.4973345
788	23	-2.4996307
209	530	-2.5087326
893	120	-2.5095882
91	403	-2.5108507
870	291	-2.5109258
862	73	-2.51567
868	67	-2.5185978
807	75	-2.5188432
923	244	-2.5191863
915	402	-2.522203
218	616	-2.5236797
862	55	-2.5279913
779	13	-2.5296504
939	437	-2.530052
902	336	-2.5308402
206	607	-2.5310895
921	239	-2.538912
856	31	-2.539749
857	48	-2.5416594
202	594	-2.5524595
823	165	-2.559841
822	105	-2.5603173
910	354	-2.5660965
866	56	-2.5689864
190	592	-2.570349
817	100	-2.5723352
231	540	-2.5729098
186	573	-2.577573
835	152	-2.5826159
254	567	-2.5909066
901	185	-2.5910194
865	241	-2.5918963
797	40	-2.5920587
150	544	-2.593411
257	572	-2.594516
913	145	-2.599043
889	89	-2.6002321
215	529	-2.6046867
896	320	-2.6065845
886	81	-2.607216
934	256	-2.6076236
915	118	-2.6118808
890	42	-2.6142547
836	145	-2.625602
903	100	-2.6264613
824	126	-2.6265402
82	396	-2.6283958
94	387	-2.6295438
883	137	-2.6298325
82	383	-2.6305518
897	173	-2.6306324
881	276	-2.6316757
854	206	-2.6353905
873	41	-2.6359751
234	545	-2.6376684
170	485	-2.637744
926	231	-2.639345
882	69	-2.6427507
936	430	-2.6453424
883	284	-2.6459205
881	65	-2.6459992
835	197	-2.648498
882	320	-2.651171
205	527	-2.6517758
856	252	-2.652932
935	425	-2.6537874
791	73	-2.6556213
793	27	-2.6562188
888	125	-2.6578507
893	154	-2.6593275
202	606	-2.664277
876	310	-2.6657083
176	567	-2.670571
802	100	-2.6727073
862	45	-2.6734853
850	189	-2.6744442
177	577	-2.6748753
60	452	-2.6750631
165	552	-2.6775966
871	91	-2.680754
911	151	-2.6858673
213	524	-2.6894476
836	156	-2.6907566
911	204	-2.6928203
918	363	-2.6931589
841	167	-2.6982188
842	215	-2.6983237
914	124	-2.699452
858	61	-2.700691
119	423	-2.7024803
109	401	-2.7033103
90	399	-2.7034173
197	513	-2.7052064
803	55	-2.705572
877	52	-2.7108953
236	571	-2.7133398
927	255	-2.7184126
175	563	-2.7199454
195	588	-2.7207549
910	393	-2.7241812
837	203	-2.7272449
123	420	-2.7301393
186	588	-2.7304173
169	551	-2.7334597
886	329	-2.7342887
241	573	-2.734836
912	130	-2.7351584
854	43	-2.7360706
204	523	-2.7374418
923	183	-2.7382374
113	426	-2.740836
919	126	-2.7422645
871	37	-2.746091
272	606	-2.746146
867	282	-2.7464616
155	543	-2.7487376
888	46	-2.750887
848	232	-2.7557254
875	93	-2.7570102
890	339	-2.7597876
919	139	-2.76062
201	590	-2.76106
284	614	-2.7616954
90	391	-2.762749
922	381	-2.7650385
209	525	-2.7686133
918	122	-2.7732666
245	575	-2.7742162
860	219	-2.7767966
906	384	-2.7770653
898	121	-2.7779493
908	335	-2.779334
929	239	-2.7816093
259	582	-2.78202
866	28	-2.7833416
210	612	-2.784781
840	163	-2.788117
920	134	-2.788678
908	132	-2.7921393
96	395	-2.7945356
164	483	-2.7951624
820	162	-2.796961
171	559	-2.7991269
802	109	-2.7994647
931	246	-2.7996256
190	598	-2.801142
909	350	-2.8026316
97	405	-2.804116
119	417	-2.808297
826	118	-2.8098414
189	576	-2.8122864
261	578	-2.8128827
857	56	-2.8138905
856	211	-2.8141727
903	374	-2.8211117
852	35	-2.821297
801	48	-2.8220553
950	465	-2.8223615
208	534	-2.8254776
909	315	-2.8265293
909	125	-2.8278818
855	193	-2.8284316
198	605	-2.833814
170	547	-2.8342633
270	625	-2.834479
841	173	-2.8368218
919	372	-2.8370793
900	331	-2.8447757
921	219	-2.844981
944	450	-2.8456933
214	617	-2.8499835
870	62	-2.8503857
112	405	-2.8513205
242	560	-2.8514721
810	127	-2.8515806
191	509	-2.8525524
897	153	-2.8534179
890	33	-2.8550954
123	426	-2.8570764
220	542	-2.857768
935	419	-2.8618135
817	145	-2.8637626
164	558	-2.8675017
940	253	-2.8714254
889	129	-2.8714967
811	78	-2.8729603
904	316	-2.8747983
891	145	-2.8798993
892	94	-2.880752
865	86	-2.8834708
86	403	-2.8837538
931	404	-2.8838286
269	590	-2.8845437
893	98	-2.8847861
249	572	-2.8886466
159	540	-2.8903594
879	104	-2.891869
113	421	-2.8962522
876	259	-2.8968346
64	453	-2.8980508
907	346	-2.8991904
836	137	-2.9012887
202	601	-2.9050975
944	257	-2.905666
84	33	-2.908017
862	268	-2.908556
909	324	-2.9092612
788	64	-2.9108942
917	212	-2.911887
922	142	-2.9136693
198	596	-2.9137552
861	20	-2.914246
846	181	-2.916444
905	342	-2.9171743
868	286	-2.9191597
854	51	-2.9197237
834	132	-2.9206982
167	544	-2.922656
947	453	-2.9234781
811	131	-2.9252326
892	349	-2.9260538
900	87	-2.926069
222	624	-2.9262743
804	59	-2.9286735
211	602	-2.929353
236	550	-2.9299645
246	564	-2.9303267
924	172	-2.9386013
83	379	-2.939518
928	196	-2.9401522
268	609	-2.940602
288	625	-2.9415503
850	26	-2.9439135
875	99	-2.9440215
919	112	-2.9447765
69	383	-2.9451962
823	101	-2.9452608
859	65	-2.945568
781	40	-2.9481275
226	545	-2.948311
897	316	-2.9502354
894	313	-2.9505606
123	516	-2.9517543
887	136	-2.9521918
929	216	-2.953071
920	180	-2.955552
220	620	-2.9604213
919	413	-2.9607174
72	450	-2.9614615
87	383	-2.9629095
901	313	-2.9656854
867	234	-2.9658682
149	529	-2.9677138
201	515	-2.9689903
867	226	-2.969516
139	519	-2.9718192
110	417	-2.972665
168	481	-2.973226
897	140	-2.9742267
883	115	-2.9748054
901	104	-2.9749238
133	430	-2.9763784
813	83	-2.976826
182	577	-2.9774666
887	120	-2.9785473
943	191	-2.9787385
798	32	-2.9789398
881	51	-2.9820445
78	55	-2.9834685
91	395	-2.983548
193	584	-2.9867444
889	84	-2.989118
118	427	-2.9902205
909	340	-2.9918106
138	425	-2.9929354
162	479	-2.9941752
883	108	-2.994621
884	38	-2.9969022
888	51	-2.9971075
181	581	-2.997527
80	391	-2.9981625
174	571	-2.9990308
108	426	-3.0014942
807	70	-3.0017116
898	144	-3.0019882
886	277	-3.0054169
179	557	-3.0070086
828	181	-3.0087564
877	314	-3.008871
185	592	-3.008969
804	51	-3.0123587
877	36	-3.0133626
142	455	-3.0158234
917	240	-3.0162802
920	215	-3.0165937
892	149	-3.016934
896	67	-3.0181022
190	580	-3.0182364
864	231	-3.0194962
931	259	-3.0196114
849	236	-3.0203602
906	128	-3.023088
928	433	-3.0233808
827	177	-3.0242226
861	69	-3.0265644
903	320	-3.0305095
170	563	-3.031803
185	584	-3.0320902
844	170	-3.0336964
131	510	-3.0354202
281	617	-3.0357156
105	397	-3.0367792
862	60	-3.0378916
225	530	-3.0401738
923	227	-3.0422802
80	49	-3.0448961
878	264	-3.0474083
871	249	-3.0482354
140	531	-3.053077
209	538	-3.054941
887	288	-3.0553353
940	258	-3.0555649
292	627	-3.0561388
193	595	-3.0561912
126	417	-3.0562546
265	588	-3.05629
807	62	-3.056988
293	631	-3.0576143
250	563	-3.0580773
285	610	-3.0593321
911	120	-3.0622694
148	540	-3.0622942
96	409	-3.062561
875	254	-3.0626044
925	160	-3.064211
904	300	-3.0657663
217	533	-3.066697
88	387	-3.0676408
224	629	-3.0689936
153	547	-3.0736837
935	260	-3.0736864
120	405	-3.0741985
304	653	-3.0747042
81	471	-3.0769296
882	272	-3.079682
940	441	-3.0808954
103	479	-3.0824149
190	587	-3.0833287
205	513	-3.084899
919	235	-3.086556
909	200	-3.0880759
135	517	-3.0892913
922	176	-3.0893488
898	98	-3.092758
176	476	-3.0941005
892	116	-3.0944834
206	593	-3.095094
149	462	-3.0954504
34	157	-3.09617
68	452	-3.0985537
922	168	-3.1001153
800	105	-3.1004221
786	17	-3.100476
805	119	-3.1009307
800	44	-3.103318
229	536	-3.1043673
943	446	-3.1043797
264	582	-3.1045876
813	136	-3.1063495
119	510	-3.106536
221	546	-3.1103585
85	399	-3.1108065
213	540	-3.1140378
160	548	-3.1154153
111	409	-3.1163309
861	77	-3.1193469
277	590	-3.1199105
217	523	-3.119925
246	569	-3.1205137
855	202	-3.120599
107	405	-3.1232698
143	523	-3.1242669
824	169	-3.1289573
926	385	-3.1307218
784	54	-3.133294
281	598	-3.1383214
307	649	-3.1396747
69	446	-3.1416647
868	238	-3.1443481
892	103	-3.1445224
898	116	-3.1448739
204	531	-3.1525357
194	602	-3.152755
129	518	-3.1532218
941	284	-3.1544418
782	10	-3.1555643
197	518	-3.1575346
897	94	-3.1583006
806	66	-3.1593235
882	267	-3.1594577
906	96	-3.1614425
893	141	-3.1617093
158	484	-3.1623936
92	407	-3.1632829
885	131	-3.1634216
115	430	-3.1671689
866	221	-3.1674407
86	395	-3.173144
102	425	-3.1737947
229	651	-3.1740832
911	344	-3.1751916
947	193	-3.1765463
220	628	-3.1777503
921	421	-3.180286
912	399	-3.1824555
883	121	-3.1838279
838	149	-3.1848013
823	122	-3.184805
871	300	-3.1871722
952	469	-3.1875584
147	536	-3.1879022
269	621	-3.1881564
220	536	-3.1892354
873	32	-3.1913278
76	452	-3.1919963
100	393	-3.1931968
95	401	-3.1944213
235	541	-3.1945026
65	381	-3.1963518
915	352	-3.1969237
200	524	-3.1973886
160	557	-3.1983995
164	491	-3.199746
234	560	-3.2041748
897	178	-3.206748
284	606	-3.206788
829	128	-3.207243
56	451	-3.207314
240	569	-3.2110596
905	312	-3.2114575
116	404	-3.211944
922	248	-3.215514
34	150	-3.2158034
126	434	-3.2170427
276	604	-3.2171073
110	501	-3.2190392
909	116	-3.2204697
192	513	-3.2206461
215	604	-3.2288911
912	208	-3.231775
66	458	-3.2331002
83	37	-3.2364626
145	29	-3.236466
901	307	-3.238162
900	302	-3.2395308
292	622	-3.2398734
125	520	-3.2407534
905	106	-3.2409928
61	377	-3.2450318
206	614	-3.2461884
276	614	-3.247493
77	60	-3.247855
174	554	-3.2491207
287	617	-3.2493246
858	261	-3.2530847
844	164	-3.2541535
176	581	-3.2543423
854	24	-3.255883
216	622	-3.257512
795	87	-3.2603106
847	31	-3.2630796
125	512	-3.2645643
859	214	-3.266182
227	551	-3.2665224
818	152	-3.2683794
73	465	-3.2689438
894	164	-3.270525
921	377	-3.2709413
212	533	-3.272029
311	651	-3.2720966
152	532	-3.2736564
203	610	-3.274284
880	46	-3.276013
121	413	-3.2769783
945	261	-3.277077
209	516	-3.2816784
887	112	-3.2821157
914	356	-3.2829206
278	631	-3.283093
164	475	-3.2832406
104	401	-3.284121
67	442	-3.285827
137	434	-3.2871647
941	292	-3.289003
846	176	-3.2893677
853	47	-3.289644
59	436	-3.289822
920	368	-3.290178
165	563	-3.2921515
828	122	-3.2922246
131	522	-3.2933698
887	281	-3.2940524
278	625	-3.2949936
865	24	-3.2955096
133	419	-3.295523
806	123	-3.298592
106	418	-3.2991445
240	556	-3.2996633
236	650	-3.3001862
134	513	-3.3003335
797	102	-3.3008976
293	639	-3.3033571
138	453	-3.3048291
153	467	-3.3109367
76	64	-3.31144
173	473	-3.3133254
845	229	-3.3140652
935	436	-3.3147836
132	530	-3.3151805
186	579	-3.3161523
869	295	-3.321262
205	519	-3.3224757
81	400	-3.3227477
819	96	-3.3243062
122	503	-3.3248906
82	404	-3.3274755
816	88	-3.3290246
904	332	-3.329717
231	548	-3.331177
948	258	-3.3312824
63	438	-3.3314245
155	536	-3.3335836
141	432	-3.3340716
63	449	-3.3346572
261	573	-3.335297
902	193	-3.3359215
82	45	-3.3428574
272	598	-3.343168
110	649	-3.3445222
807	56	-3.3455336
209	597	-3.34868
72	387	-3.3489654
825	173	-3.3491898
246	559	-3.3509758
879	245	-3.3517692
889	293	-3.3522012
837	141	-3.3536184
170	569	-3.354228
84	41	-3.35432
935	247	-3.3548791
222	634	-3.3549838
798	98	-3.3555105
147	524	-3.3561099
847	36	-3.3567693
88	409	-3.357984
263	610	-3.3590076
801	36	-3.3616853
281	640	-3.3686855
948	266	-3.3716593
876	47	-3.374156
222	527	-3.3744192
208	618	-3.3758104
74	383	-3.3762937
858	74	-3.376401
298	621	-3.37695
117	649	-3.3777509
140	536	-3.378584
126	507	-3.378971
796	106	-3.3805683
900	189	-3.3813224
896	148	-3.383239
145	530	-3.3837194
151	537	-3.383935
912	240	-3.384444
227	559	-3.3851013
303	647	-3.3857596
85	472	-3.3879652
928	226	-3.3886204
914	157	-3.389274
308	657	-3.3907135
109	422	-3.391001
253	579	-3.391889
235	567	-3.3958855
260	606	-3.395993
120	432	-3.3964372
894	356	-3.3991792
781	45	-3.4000597
851	40	-3.4000683
859	16	-3.4008284
115	416	-3.4014342
797	28	-3.4019928
782	49	-3.4041016
92	383	-3.4066818
887	104	-3.4080253
815	79	-3.411634
887	77	-3.4117453
204	508	-3.4121838
802	114	-3.4162126
792	84	-3.4165668
265	577	-3.417332
240	649	-3.418452
915	149	-3.420533
196	509	-3.4219058
943	430	-3.4225626
915	104	-3.4230137
908	100	-3.4252586
947	274	-3.4276953
893	90	-3.4300282
885	42	-3.4319549
863	281	-3.4328418
272	611	-3.4342833
946	187	-3.4357092
802	40	-3.4361947
929	437	-3.436531
923	131	-3.4383051
217	539	-3.4398735
139	524	-3.4422555
101	649	-3.4431016
158	478	-3.4433205
229	634	-3.4438581
855	256	-3.4446077
857	21	-3.444949
83	387	-3.4470134
141	28	-3.4470768
161	553	-3.447316
872	244	-3.4491844
897	102	-3.4511666
127	430	-3.4517303
865	91	-3.4520335
177	472	-3.452733
231	571	-3.4530883
918	223	-3.4535568
890	297	-3.4556096
271	629	-3.456282
904	325	-3.4600837
174	493	-3.461164
896	62	-3.461616
186	508	-3.469368
97	471	-3.4710414
944	465	-3.4717443
938	451	-3.473942
89	478	-3.4741008
71	86	-3.475667
282	622	-3.477828
69	463	-3.479208
905	92	-3.4797862
267	605	-3.480188
237	575	-3.4820206
909	302	-3.4821405
110	430	-3.48286
909	307	-3.4832673
190	603	-3.4866087
879	109	-3.4867249
931	209	-3.4868984
874	103	-3.4875643
952	461	-3.4901075
923	156	-3.491083
226	625	-3.4939098
896	307	-3.4940267
183	497	-3.4962442
69	432	-3.4968984
875	247	-3.4986627
297	632	-3.4986808
947	280	-3.4996336
939	193	-3.4997752
210	521	-3.5017967
136	532	-3.5022008
112	398	-3.5025232
102	405	-3.504801
156	454	-3.5067232
273	592	-3.5072408
34	165	-3.5092473
901	296	-3.5102572
116	493	-3.5102913
59	431	-3.5123606
941	249	-3.5128682
879	58	-3.5132182
881	258	-3.5134919
72	379	-3.5136588
109	493	-3.5140204
154	463	-3.5142288
905	112	-3.5151083
923	164	-3.516325
854	198	-3.5165389
277	600	-3.5173197
160	474	-3.5182364
943	436	-3.5204775
923	137	-3.5220158
911	212	-3.5224118
102	417	-3.522996
77	470	-3.5246553
878	137	-3.524831
119	409	-3.5254335
926	186	-3.5258787
839	159	-3.5261161
942	267	-3.5265336
893	304	-3.5273347
267	594	-3.5281146
78	395	-3.5290973
170	491	-3.5295627
297	637	-3.531081
294	643	-3.531144
775	52	-3.5313396
906	205	-3.5317645
169	477	-3.5324018
889	344	-3.5333772
288	613	-3.5338116
943	288	-3.5339384
161	561	-3.5350266
912	319	-3.5353835
231	557	-3.538956
870	24	-3.5393393
199	586	-3.5403924
893	108	-3.5407314
238	561	-3.542823
196	523	-3.5430012
944	252	-3.5433242
182	587	-3.5449762
855	188	-3.5450857
271	602	-3.545573
256	591	-3.5456629
199	609	-3.54579
906	122	-3.5463276
915	246	-3.5488272
916	216	-3.5525656
919	230	-3.5526981
261	586	-3.5535984
120	499	-3.5538452
130	437	-3.5561233
950	473	-3.5563009
176	481	-3.559325
119	515	-3.5593822
949	262	-3.5598164
117	400	-3.5605469
214	520	-3.5606544
150	478	-3.5629458
258	568	-3.5634272
289	640	-3.5642698
857	70	-3.5645275
850	242	-3.564674
908	328	-3.5659504
902	64	-3.566131
85	391	-3.5664723
943	272	-3.5691543
98	415	-3.5696306
879	253	-3.5704308
302	643	-3.5709324
943	23	-3.572043
173	575	-3.5748165
885	34	-3.5773056
312	658	-3.580241
34	142	-3.5812755
871	97	-3.5828972
303	657	-3.5830016
255	563	-3.5844457
878	334	-3.5844753
205	589	-3.5847688
948	449	-3.5853398
80	513	-3.5856068
76	390	-3.586816
274	626	-3.5870783
197	527	-3.589581
923	148	-3.5910225
854	59	-3.5918517
135	523	-3.5928524
216	544	-3.5931337
201	528	-3.5948906
814	140	-3.5956542
154	479	-3.596236
288	633	-3.597397
919	145	-3.597751
137	528	-3.5979185
941	263	-3.5987365
47	168	-3.5989017
919	245	-3.6007547
947	285	-3.6008902
277	639	-3.6047044
884	334	-3.6053672
896	301	-3.6057065
215	626	-3.6072922
121	401	-3.6080897
121	436	-3.6089585
883	127	-3.6092563
840	155	-3.6099465
852	251	-3.6116323
70	459	-3.6132443
867	309	-3.6141558
859	208	-3.6141617
881	35	-3.6166372
851	185	-3.6184046
794	91	-3.6190064
146	454	-3.6212273
279	594	-3.6219127
78	385	-3.6229434
266	613	-3.6237075
242	565	-3.623896
224	638	-3.625649
166	487	-3.6265635
73	80	-3.6275437
78	466	-3.627609
190	572	-3.6285443
859	265	-3.632518
878	40	-3.6334999
838	208	-3.633544
111	487	-3.6338751
314	671	-3.6345978
133	455	-3.637641
778	17	-3.638632
126	501	-3.639906
84	410	-3.6419294
116	434	-3.6429336
944	277	-3.643944
137	447	-3.646333
931	393	-3.649274
89	471	-3.6496468
195	580	-3.6515782
73	68	-3.6517286
82	375	-3.6519067
78	379	-3.6537726
910	311	-3.6548696
915	407	-3.6554446
180	475	-3.6577632
818	158	-3.659144
201	520	-3.6602566
212	621	-3.6657348
49	369	-3.6659017
82	53	-3.6673265
946	197	-3.6709912
902	120	-3.671041
130	514	-3.6728003
51	440	-3.6738098
944	456	-3.6746294
115	504	-3.6762435
841	13	-3.676514
932	397	-3.6766186
863	216	-3.6769774
130	505	-3.6772726
932	242	-3.67865
928	182	-3.6795452
856	280	-3.679714
871	232	-3.6803904
843	160	-3.680419
185	566	-3.6809156
77	46	-3.6813638
45	164	-3.6814198
249	577	-3.6819441
179	493	-3.6866999
166	567	-3.6869414
296	626	-3.6869562
80	457	-3.6875699
255	606	-3.6878088
936	447	-3.6905591
164	540	-3.691037
878	318	-3.6921594
949	270	-3.6923947
70	90	-3.6936002
913	348	-3.6953468
145	544	-3.6964939
244	555	-3.6964958
137	420	-3.6973758
279	635	-3.6997259
905	306	-3.700565
130	416	-3.704124
918	357	-3.704163
948	201	-3.7043293
918	167	-3.706112
292	635	-3.7077045
112	413	-3.7084038
879	120	-3.7096195
826	106	-3.7100532
915	234	-3.7109618
870	29	-3.7117522
99	389	-3.7126305
203	535	-3.7129114
80	518	-3.7141585
101	409	-3.7143233
232	648	-3.714393
91	467	-3.7153778
947	468	-3.7158115
96	382	-3.7171075
269	580	-3.717486
943	17	-3.7215273
59	448	-3.722824
101	485	-3.724634
124	650	-3.7254987
943	37	-3.7283647
879	222	-3.7308195
155	475	-3.7324722
163	465	-3.7325945
208	542	-3.7343404
107	481	-3.7345016
180	485	-3.735745
919	117	-3.7375376
220	550	-3.7383041
232	637	-3.739544
945	293	-3.7436802
101	475	-3.7440472
88	379	-3.746042
79	42	-3.7470694
105	429	-3.7472494
186	596	-3.7523804
158	466	-3.7535138
66	377	-3.7542439
949	45	-3.7562976
878	127	-3.7565973
249	591	-3.7566133
129	454	-3.7577226
846	27	-3.7617755
35	146	-3.762084
149	548	-3.762927
882	262	-3.770362
63	433	-3.772562
949	21	-3.7741578
316	653	-3.7778237
72	63	-3.7786334
97	477	-3.779777
153	451	-3.780768
889	257	-3.781361
55	430	-3.7825706
75	514	-3.7840734
104	413	-3.7841594
897	382	-3.7865884
55	373	-3.7869446
797	110	-3.7877855
813	74	-3.789
298	641	-3.7893062
896	363	-3.7900896
116	412	-3.7913585
238	546	-3.7919385
805	46	-3.792103
943	44	-3.793971
76	520	-3.795216
134	451	-3.7952216
77	399	-3.7954996
284	626	-3.7962394
72	72	-3.7967823
877	25	-3.7973769
292	615	-3.7981484
289	608	-3.7987928
220	612	-3.7990258
949	213	-3.800247
235	556	-3.8002596
904	116	-3.8019526
827	110	-3.802706
868	314	-3.8027935
94	416	-3.8041043
884	48	-3.8041558
142	428	-3.8042386
905	83	-3.8054452
148	466	-3.8073633
89	463	-3.808149
62	457	-3.8081682
271	634	-3.8095112
105	495	-3.8102722
315	649	-3.8118913
942	196	-3.8120728
225	555	-3.8146536
200	510	-3.8164866
905	388	-3.816838
172	579	-3.8168674
149	30	-3.8174253
263	652	-3.8193772
860	272	-3.8194203
879	114	-3.8208394
106	487	-3.8226662
243	652	-3.8227654
160	536	-3.824082
300	652	-3.8267827
139	514	-3.8291233
936	264	-3.8305905
168	462	-3.8309994
820	92	-3.8316624
104	392	-3.8320642
895	168	-3.8342862
171	465	-3.83541
910	94	-3.835634
145	463	-3.8357127
76	572	-3.8371027
296	653	-3.8373222
832	194	-3.8379889
776	56	-3.8380833
209	511	-3.83873
165	651	-3.8391752
950	25	-3.8422554
141	450	-3.84298
821	180	-3.8482115
832	125	-3.8530245
898	83	-3.8547292
874	238	-3.8549995
39	210	-3.856099
936	238	-3.8574333
915	229	-3.8583007
176	468	-3.8635907
885	338	-3.8659704
134	651	-3.8690517
926	259	-3.869445
72	443	-3.8712451
936	455	-3.8713992
47	174	-3.8714278
76	71	-3.8739932
125	411	-3.8742392
156	470	-3.8744085
897	107	-3.8744395
149	457	-3.8749819
92	378	-3.8750575
157	551	-3.8767414
847	23	-3.877172
947	298	-3.87759
160	455	-3.8783884
70	436	-3.8785412
822	184	-3.8806117
924	152	-3.8809037
106	499	-3.8809922
894	112	-3.8816063
54	446	-3.8834746
172	480	-3.883515
99	399	-3.884051
941	187	-3.8868098
889	55	-3.889912
902	378	-3.893406
903	201	-3.8938284
126	439	-3.8950136
144	539	-3.8950913
224	652	-3.8970778
141	460	-3.897639
248	587	-3.897717
71	511	-3.898296
174	546	-3.898465
97	482	-3.899827
208	507	-3.900882
175	485	-3.9029052
253	587	-3.9033015
111	497	-3.9035378
944	183	-3.903759
928	176	-3.9055355
940	244	-3.9059432
951	279	-3.9067633
820	168	-3.9071157
240	551	-3.907571
128	651	-3.9077318
911	244	-3.9077446
922	364	-3.9079876
229	531	-3.9080229
92	412	-3.9089851
942	48	-3.9106934
307	643	-3.9108288
283	602	-3.9111192
776	27	-3.9129229
74	57	-3.9130774
880	133	-3.9136648
114	500	-3.915061
75	456	-3.9152942
232	564	-3.9164727
254	559	-3.9167628
880	249	-3.9180772
164	460	-3.9183972
908	397	-3.9194355
875	107	-3.9201107
903	229	-3.922186
878	339	-3.922423
194	573	-3.922845
894	51	-3.924311
923	124	-3.9244611
788	76	-3.927361
784	63	-3.9277754
853	55	-3.9286175
801	118	-3.9292624
113	508	-3.929367
96	487	-3.9300656
144	435	-3.9304087
851	21	-3.931355
65	429	-3.931445
204	539	-3.9317634
862	82	-3.9325194
943	302	-3.9345696
190	505	-3.9393537
76	462	-3.9396143
81	463	-3.9399018
274	621	-3.9405713
879	229	-3.9418364
882	61	-3.9424486
786	68	-3.9425812
197	476	-3.9428613
179	498	-3.9445515
952	488	-3.9471824
47	438	-3.947675
886	271	-3.947785
842	223	-3.9481912
902	79	-3.9507215
80	34	-3.951115
891	353	-3.951685
191	517	-3.9524124
98	423	-3.953294
241	578	-3.9533434
950	484	-3.9545557
137	464	-3.956075
115	514	-3.9563448
115	438	-3.9564
301	625	-3.9583774
918	161	-3.9587283
951	456	-3.9596176
871	221	-3.9620953
932	189	-3.962165
944	216	-3.9631014
68	94	-3.9643204
76	50	-3.9660714
84	514	-3.966314
910	216	-3.9681325
192	524	-3.9683723
228	644	-3.9684262
185	502	-3.9684331
84	522	-3.9686463
792	22	-3.9698749
943	461	-3.9700966
103	421	-3.9719856
946	433	-3.9722576
148	441	-3.973408
188	512	-3.974605
943	52	-3.9756258
794	99	-3.9756932
163	471	-3.977381
283	631	-3.9777868
948	253	-3.9791026
939	427	-3.9791272
806	128	-3.9803526
92	481	-3.9813943
268	599	-3.9821956
892	47	-3.982678
65	511	-3.9835672
236	640	-3.9837964
865	289	-3.9839258
846	13	-3.9850183
151	525	-3.9865026
219	638	-3.9866793
884	342	-3.988486
104	491	-3.9891648
218	607	-3.98981
43	170	-3.9907699
77	38	-3.9929202
180	480	-3.9948084
814	157	-3.9956126
882	330	-3.996652
149	474	-3.9977014
945	27	-3.9984014
268	617	-4.0019855
232	552	-4.0045924
944	33	-4.0062056
886	70	-4.007502
84	458	-4.0086994
77	448	-4.010079
54	369	-4.0108533
173	550	-4.011273
885	66	-4.0128055
224	619	-4.0128555
233	653	-4.013844
58	440	-4.014023
888	348	-4.014087
37	214	-4.01459
903	213	-4.0157475
918	108	-4.016032
228	630	-4.016736
929	221	-4.0186114
156	555	-4.018726
260	590	-4.0207667
949	33	-4.021152
287	629	-4.021369
144	467	-4.021612
135	509	-4.024426
74	76	-4.026768
93	472	-4.0274515
33	161	-4.0280557
876	242	-4.028447
919	152	-4.0291944
898	71	-4.0293193
183	556	-4.029885
218	632	-4.0300465
906	87	-4.030225
904	225	-4.0330048
233	633	-4.0331793
948	290	-4.0340095
142	527	-4.034201
249	604	-4.035642
898	50	-4.0366397
882	242	-4.037175
137	459	-4.03771
62	442	-4.039263
140	437	-4.0394654
851	255	-4.03997
160	462	-4.0419064
55	435	-4.042578
864	285	-4.042902
59	511	-4.0435004
911	332	-4.044129
874	206	-4.0442567
859	277	-4.0442677
817	84	-4.0445304
71	399	-4.0447154
115	489	-4.045314
855	275	-4.0454345
876	329	-4.0455875
89	484	-4.0461926
112	435	-4.048439
938	268	-4.0484657
911	220	-4.048514
147	430	-4.049228
854	16	-4.04943
823	188	-4.049739
820	176	-4.0544295
44	32	-4.0551176
69	82	-4.0552273
192	501	-4.0559483
106	409	-4.056313
70	428	-4.0574927
97	419	-4.058666
853	78	-4.060221
144	519	-4.0622253
942	212	-4.062736
877	31	-4.0631585
81	58	-4.0636196
925	376	-4.063623
887	144	-4.0639157
900	197	-4.0641904
914	420	-4.0645304
34	45	-4.0655837
34	170	-4.065893
927	168	-4.0668454
901	93	-4.067349
121	495	-4.068111
47	160	-4.0705256
311	662	-4.070651
145	18	-4.071972
100	493	-4.072331
298	647	-4.0727634
911	416	-4.075299
943	469	-4.0771017
277	618	-4.0771327
213	515	-4.077486
115	408	-4.07809
77	510	-4.0787015
85	477	-4.0797443
791	96	-4.080924
839	212	-4.0816545
897	45	-4.083128
168	495	-4.0834446
871	227	-4.0835195
882	55	-4.0842295
228	639	-4.0850306
880	238	-4.085633
771	42	-4.087835
141	419	-4.09011
302	629	-4.092729
950	217	-4.093294
238	644	-4.0945168
778	37	-4.094772
137	27	-4.0952044
85	464	-4.095638
876	131	-4.097038
914	250	-4.0975823
172	469	-4.097903
872	308	-4.098056
949	205	-4.098881
73	395	-4.101224
224	643	-4.101634
932	445	-4.1023073
176	540	-4.1024737
204	501	-4.102747
320	671	-4.1027913
947	14	-4.105191
881	324	-4.105414
183	561	-4.106088
940	200	-4.1075754
103	387	-4.1087356
145	458	-4.110352
856	271	-4.1105113
906	392	-4.1118703
299	658	-4.1139984
888	108	-4.1141944
252	583	-4.1170125
924	372	-4.1175785
191	497	-4.1186647
949	477	-4.1191583
53	426	-4.119211
198	531	-4.121985
945	473	-4.1237903
171	543	-4.1266603
821	88	-4.1269403
59	381	-4.127408
948	181	-4.1276593
926	453	-4.127704
911	236	-4.128453
885	249	-4.1301622
941	237	-4.130804
72	469	-4.1314735
950	49	-4.1349883
950	17	-4.135072
56	377	-4.1377697
301	633	-4.139639
75	376	-4.1404696
272	639	-4.1406436
926	380	-4.1414924
904	398	-4.1423244
71	520	-4.142969
200	614	-4.1436157
134	439	-4.143663
184	493	-4.144754
43	437	-4.1451073
935	411	-4.1486115
939	276	-4.149608
874	28	-4.149794
94	463	-4.1525593
944	442	-4.1538086
43	176	-4.1545587
124	406	-4.1561337
953	476	-4.1578183
74	369	-4.15803
126	451	-4.158463
896	75	-4.1593785
841	219	-4.1605806
898	368	-4.16231
80	63	-4.164569
239	542	-4.1660247
108	393	-4.16627
943	11	-4.1668963
150	446	-4.1670437
901	110	-4.1686583
942	204	-4.170494
949	54	-4.1710973
875	115	-4.172697
867	304	-4.1737022
275	586	-4.1743035
778	64	-4.1758237
282	652	-4.1758804
71	591	-4.1779466
88	414	-4.180234
861	202	-4.181717
882	142	-4.1822667
825	192	-4.182596
71	455	-4.1837487
229	567	-4.185097
303	639	-4.1856313
921	360	-4.1872025
82	467	-4.1880126
133	446	-4.188526
894	86	-4.189514
294	649	-4.1896024
893	360	-4.189655
847	41	-4.1913023
76	444	-4.1938677
175	497	-4.1947007
932	11	-4.195071
940	280	-4.1953273
932	205	-4.1955695
921	104	-4.1965923
66	369	-4.196828
942	296	-4.197255
952	480	-4.197595
144	440	-4.197665
278	643	-4.1979766
895	296	-4.199956
947	445	-4.200956
283	592	-4.2017226
61	155	-4.203198
951	284	-4.2038846
938	459	-4.204238
924	437	-4.2052255
35	218	-4.2055993
102	471	-4.2057066
176	651	-4.205818
257	652	-4.208064
884	347	-4.208416
173	461	-4.208894
140	23	-4.210162
923	108	-4.2110705
216	549	-4.211145
119	440	-4.213045
127	524	-4.2145877
890	285	-4.2149167
923	428	-4.2167997
71	375	-4.2192287
933	451	-4.219776
81	371	-4.2208853
891	79	-4.2211313
850	14	-4.2221417
81	453	-4.2256966
88	459	-4.226223
81	476	-4.2312837
257	595	-4.232201
144	25	-4.2334394
149	450	-4.235447
35	138	-4.2356887
316	667	-4.235742
120	519	-4.2363195
90	374	-4.2388277
779	7	-4.239397
211	625	-4.2395735
787	72	-4.2426395
931	193	-4.245688
950	37	-4.2480783
186	601	-4.249353
40	205	-4.2521563
944	208	-4.2540603
780	53	-4.254258
116	396	-4.254405
276	672	-4.2574797
265	572	-4.257689
265	622	-4.2585287
78	403	-4.259553
256	611	-4.260219
927	11	-4.26049
900	206	-4.2607856
786	80	-4.2616386
189	568	-4.2633853
855	12	-4.263726
863	295	-4.263939
821	172	-4.2646894
918	417	-4.265128
893	36	-4.266809
943	64	-4.2704554
919	157	-4.271406
950	222	-4.27314
181	507	-4.2735696
162	566	-4.2745905
226	571	-4.274914
947	41	-4.279157
149	19	-4.280703
775	23	-4.2814784
232	575	-4.2836704
96	467	-4.284594
925	302	-4.285574
312	666	-4.286245
214	506	-4.2876325
957	492	-4.288159
936	243	-4.2888064
150	470	-4.2913213
244	648	-4.2919707
902	394	-4.293255
129	412	-4.293701
948	209	-4.293742
58	427	-4.294481
169	652	-4.295811
950	295	-4.29687
850	180	-4.2972856
168	468	-4.297327
269	585	-4.299407
888	148	-4.3012424
187	486	-4.3014026
155	30	-4.3014603
228	563	-4.3023815
176	489	-4.302684
212	545	-4.3031173
37	153	-4.303995
875	121	-4.3045206
67	98	-4.3045382
811	68	-4.3048897
152	551	-4.305237
904	293	-4.3053813
888	63	-4.305639
956	484	-4.3064103
923	254	-4.306665
65	50	-4.306708
67	87	-4.3131657
816	164	-4.314583
140	468	-4.315565
38	149	-4.3163958
128	528	-4.317001
212	629	-4.3202457
233	644	-4.3204494
912	337	-4.3213096
814	148	-4.3213186
774	48	-4.323321
807	133	-4.3235397
160	651	-4.324202
131	620	-4.325462
134	415	-4.3258224
857	284	-4.3280253
250	558	-4.332351
105	651	-4.3325067
923	433	-4.3325963
74	432	-4.3349395
848	169	-4.3351517
843	24	-4.3365917
178	553	-4.338606
810	151	-4.339379
285	639	-4.340149
849	246	-4.3406534
50	365	-4.343157
161	487	-4.343618
910	412	-4.3437653
949	302	-4.344302
925	179	-4.3456035
829	191	-4.3486834
863	210	-4.349306
865	299	-4.349892
852	264	-4.3505917
775	60	-4.3514223
70	77	-4.3529716
100	384	-4.354284
932	263	-4.3548183
875	234	-4.3558197
913	303	-4.3588142
46	179	-4.359795
245	583	-4.3599067
915	412	-4.360665
111	482	-4.3606944
70	56	-4.3636246
884	254	-4.3640785
316	659	-4.364438
936	226	-4.3649983
775	14	-4.36784
261	621	-4.367909
944	246	-4.367961
153	483	-4.369624
194	607	-4.370432
292	654	-4.3705344
76	33	-4.3707123
54	398	-4.3712277
197	576	-4.3720083
932	440	-4.3731775
922	120	-4.37375
33	638	-4.3743014
914	225	-4.3756213
889	245	-4.3787627
86	468	-4.379047
72	51	-4.3801494
946	490	-4.380234
71	391	-4.380701
842	151	-4.380711
797	115	-4.3807225
889	140	-4.381994
148	23	-4.384472
947	428	-4.385672
933	15	-4.3860517
43	159	-4.386912
904	209	-4.387566
858	80	-4.3881803
865	206	-4.3890047
913	323	-4.391273
192	491	-4.395407
244	627	-4.396634
217	517	-4.397865
120	491	-4.3979855
61	149	-4.398769
250	608	-4.3999267
70	33	-4.4002028
137	18	-4.400964
207	622	-4.4012647
65	37	-4.402626
780	68	-4.403893
184	548	-4.4044404
244	548	-4.404447
131	27	-4.40829
256	602	-4.40851
122	620	-4.4090004
66	103	-4.410796
946	220	-4.412646
59	372	-4.413216
900	60	-4.4146733
855	267	-4.415751
223	523	-4.416618
252	594	-4.41667
85	48	-4.418009
47	373	-4.4189615
802	122	-4.4196277
909	408	-4.419941
902	69	-4.420913
40	200	-4.420924
784	75	-4.4212265
298	616	-4.4218073
843	40	-4.4219193
920	425	-4.4223666
932	183	-4.4226227
35	224	-4.4250937
282	644	-4.4266753
169	573	-4.4274387
932	198	-4.4282494
854	260	-4.428686
311	645	-4.4296575
150	521	-4.431975
878	218	-4.43268
199	505	-4.4339213
791	88	-4.436439
178	548	-4.4367723
884	30	-4.438273
66	398	-4.4389615
68	388	-4.4391694
807	142	-4.440755
65	462	-4.443216
910	229	-4.443415
918	249	-4.4440145
196	496	-4.444099
827	185	-4.4466395
953	493	-4.4472904
926	446	-4.447293
872	137	-4.4473925
886	266	-4.4477
934	465	-4.4487214
859	86	-4.449668
239	653	-4.4511576
37	160	-4.4519153
936	220	-4.452259
165	571	-4.4526463
887	357	-4.4526916
860	192	-4.4527454
775	44	-4.4537716
260	598	-4.4546704
787	13	-4.4548893
913	308	-4.4574223
867	217	-4.4583673
153	459	-4.459865
73	37	-4.460915
946	482	-4.461043
129	447	-4.463164
855	64	-4.4637866
242	643	-4.4645734
85	482	-4.4646897
790	92	-4.46508
879	343	-4.4655566
80	507	-4.4665427
889	156	-4.4678216
771	36	-4.4688644
790	18	-4.4698434
958	488	-4.470198
142	423	-4.475733
38	141	-4.475775
88	34	-4.478096
161	23	-4.4783516
63	96	-4.4787626
849	75	-4.4788485
897	184	-4.480028
952	291	-4.4801683
178	585	-4.4812093
898	56	-4.483254
801	127	-4.4841323
50	435	-4.4842877
65	490	-4.4856095
45	106	-4.485657
41	166	-4.485737
951	29	-4.4862933
906	221	-4.487216
891	66	-4.4887033
897	79	-4.4903374
145	472	-4.4905114
55	402	-4.4923964
764	10	-4.4924626
79	68	-4.493325
844	233	-4.494018
285	597	-4.496985
187	498	-4.4984
932	178	-4.498438
105	474	-4.4984994
935	36	-4.499948
83	444	-4.5001264
46	366	-4.503055
217	591	-4.503189
776	10	-4.504702
184	474	-4.505306
930	389	-4.506374
139	51	-4.507158
850	44	-4.5082517
56	384	-4.5090914
858	197	-4.509179
220	596	-4.509702
890	363	-4.5102096
58	368	-4.5105004
808	52	-4.5111117
47	96	-4.511876
181	591	-4.51373
309	671	-4.5173354
92	458	-4.518181
886	58	-4.518346
885	259	-4.5194783
157	450	-4.519497
45	377	-4.5207253
950	503	-4.52086
942	68	-4.5211782
793	103	-4.521926
75	589	-4.5262327
213	587	-4.5269303
155	23	-4.5275
70	404	-4.5275474
934	407	-4.528085
897	37	-4.5301213
955	472	-4.5352507
73	45	-4.5365114
783	59	-4.5367794
944	56	-4.537559
908	403	-4.5387053
847	52	-4.5391083
64	107	-4.540584
957	498	-4.541508
151	435	-4.5419097
261	594	-4.5461116
943	241	-4.5463076
157	560	-4.5477095
885	222	-4.548382
885	351	-4.5484095
868	94	-4.5486455
932	213	-4.5500617
294	658	-4.5505223
936	188	-4.5506196
140	541	-4.552013
901	383	-4.5540037
892	193	-4.554702
51	166	-4.556466
844	156	-4.5594497
223	615	-4.5615745
865	19	-4.5626707
904	217	-4.5627995
153	18	-4.5646963
950	58	-4.5654445
109	505	-4.5685887
871	127	-4.572553
939	420	-4.573901
845	247	-4.5749516
905	75	-4.575159
108	477	-4.575473
293	611	-4.5761333
64	92	-4.5766077
273	652	-4.5767775
236	579	-4.5771255
275	581	-4.577774
159	29	-4.5778723
262	614	-4.579752
85	621	-4.5818806
135	536	-4.5827193
134	24	-4.5828505
267	654	-4.582895
847	251	-4.5847497
169	472	-4.5858164
209	588	-4.5883117
936	442	-4.5899158
870	318	-4.590057
326	671	-4.5901937
898	386	-4.59267
112	392	-4.592893
84	509	-4.5944867
41	45	-4.594864
41	184	-4.597035
215	636	-4.5991025
52	450	-4.6006994
796	24	-4.6010094
906	66	-4.602088
226	648	-4.60237
223	560	-4.6025434
950	11	-4.6026487
120	652	-4.607658
35	174	-4.609582
108	388	-4.610149
42	180	-4.610261
278	651	-4.61128
937	291	-4.6122365
939	300	-4.614627
148	15	-4.6157055
932	236	-4.619454
952	299	-4.6197324
262	569	-4.621924
931	126	-4.622311
942	222	-4.6247253
913	314	-4.62603
49	427	-4.6264033
823	95	-4.6296053
920	436	-4.6321177
216	512	-4.6324725
940	464	-4.633034
259	564	-4.6330876
918	349	-4.633129
936	176	-4.6332917
928	441	-4.6338854
51	377	-4.6372957
941	29	-4.6373343
168	539	-4.6379366
61	489	-4.638049
833	201	-4.638121
838	216	-4.6397653
75	84	-4.639839
67	373	-4.6398783
50	444	-4.6400824
74	41	-4.6414876
806	138	-4.642695
191	487	-4.643523
896	378	-4.64365
63	395	-4.6469197
87	38	-4.6471186
952	41	-4.6473365
909	90	-4.6480126
899	375	-4.6484823
811	61	-4.650393
932	130	-4.6515164
66	494	-4.651979
936	415	-4.652272
69	573	-4.652921
237	636	-4.6529846
97	651	-4.6546707
68	467	-4.6553445
256	623	-4.6557055
40	217	-4.6557293
937	272	-4.656809
290	644	-4.6572547
285	672	-4.6581197
944	486	-4.6598434
917	306	-4.659949
239	624	-4.660192
262	602	-4.6622634
891	289	-4.6633
82	367	-4.6640425
188	492	-4.664543
58	456	-4.6654534
226	526	-4.666943
33	644	-4.6682763
182	552	-4.6683407
944	226	-4.6699076
843	30	-4.670243
286	643	-4.671515
85	518	-4.671732
111	472	-4.6731563
843	48	-4.6732063
287	603	-4.673334
889	250	-4.673508
272	671	-4.673766
152	651	-4.675749
838	133	-4.6759896
873	210	-4.6816874
194	530	-4.68261
136	443	-4.68284
76	438	-4.6838017
917	253	-4.684281
69	69	-4.685563
874	111	-4.68753
893	172	-4.687828
56	389	-4.6881666
62	102	-4.688213
234	537	-4.6907926
127	29	-4.6908984
152	556	-4.691358
933	459	-4.6914845
39	32	-4.6943564
180	544	-4.6947536
246	607	-4.6965585
950	306	-4.7021375
829	204	-4.7025557
928	164	-4.7026505
100	466	-4.704643
894	58	-4.7067757
262	625	-4.70701
108	434	-4.707025
911	83	-4.708052
231	605	-4.70818
950	432	-4.7104383
68	64	-4.7119784
949	62	-4.7123184
869	20	-4.712895
132	459	-4.7135477
32	634	-4.7137265
269	575	-4.71482
880	233	-4.714824
949	70	-4.7156916
788	85	-4.715713
803	134	-4.716364
60	402	-4.7181115
243	634	-4.719194
217	652	-4.7200336
46	184	-4.7200923
889	263	-4.7207913
199	480	-4.720864
947	437	-4.72148
47	381	-4.7256904
85	454	-4.727591
77	79	-4.7278256
896	194	-4.7300096
50	171	-4.7307487
853	73	-4.73091
861	12	-4.731766
220	642	-4.731959
872	132	-4.732067
776	32	-4.7327385
826	196	-4.7334085
936	196	-4.734015
51	431	-4.7340684
766	27	-4.735706
947	177	-4.735835
241	587	-4.735887
165	456	-4.737657
222	606	-4.73922
898	293	-4.7404785
845	17	-4.7406664
952	451	-4.7414174
64	385	-4.74158
959	502	-4.741727
35	209	-4.742066
180	503	-4.7426414
922	441	-4.7430797
875	226	-4.7434645
33	41	-4.7440114
910	75	-4.7454185
831	210	-4.7465463
171	498	-4.7506404
35	31	-4.7507
138	416	-4.7509274
304	671	-4.751119
70	516	-4.7526917
843	35	-4.753201
70	367	-4.753823
809	146	-4.755932
96	376	-4.7581196
200	499	-4.7600727
248	595	-4.7604628
896	31	-4.7608504
184	481	-4.760894
84	450	-4.761131
284	635	-4.761552
771	27	-4.7616553
893	70	-4.7616744
940	233	-4.7617006
141	17	-4.7622533
907	79	-4.7638855
902	44	-4.765671
51	88	-4.7658534
272	616	-4.7660146
836	222	-4.7660213
46	156	-4.7661753
54	408	-4.766449
114	652	-4.7665462
320	652	-4.767046
916	345	-4.7674007
841	44	-4.7703624
35	230	-4.771846
61	538	-4.7722664
771	22	-4.7738776
58	158	-4.7746716
98	497	-4.778978
41	423	-4.78
297	671	-4.784354
302	620	-4.785087
309	639	-4.787279
50	32	-4.7882657
924	307	-4.790642
886	239	-4.7910275
281	671	-4.792482
203	496	-4.7929583
39	172	-4.7930446
331	672	-4.7938933
188	476	-4.7943454
126	444	-4.7943854
61	143	-4.7948527
69	60	-4.7949276
834	206	-4.7963166
94	605	-4.7969375
324	667	-4.7975144
248	554	-4.797753
889	29	-4.7979784
249	599	-4.7994328
913	100	-4.8016076
208	502	-4.8029504
177	464	-4.803141
177	508	-4.8056664
172	21	-4.8104806
96	459	-4.8146434
42	40	-4.8160033
900	390	-4.8161573
164	496	-4.819864
201	578	-4.821764
828	200	-4.822576
77	621	-4.8232975
146	425	-4.8245974
871	106	-4.824639
196	502	-4.8250923
933	217	-4.826466
157	532	-4.826924
214	500	-4.828
56	70	-4.8284636
918	318	-4.831583
243	622	-4.8325505
848	79	-4.8354745
86	373	-4.836337
916	257	-4.836901
870	101	-4.8369083
918	338	-4.8371153
923	116	-4.838213
936	469	-4.838938
89	455	-4.839157
58	396	-4.839313
284	668	-4.8429785
773	18	-4.8450394
864	193	-4.8461223
75	577	-4.847237
320	666	-4.847238
845	239	-4.8472433
952	273	-4.8495183
293	670	-4.8507338
116	485	-4.85095
146	447	-4.8523293
61	507	-4.853586
192	475	-4.8549523
111	512	-4.855292
873	21	-4.855401
948	74	-4.855775
57	154	-4.856164
880	28	-4.856851
837	12	-4.857059
935	192	-4.857827
860	287	-4.857923
52	162	-4.8592978
69	38	-4.8602405
280	586	-4.8618174
31	154	-4.8634133
66	41	-4.8647795
183	469	-4.865132
219	587	-4.86611
908	298	-4.866301
49	92	-4.8668194
131	534	-4.8669853
930	455	-4.867035
957	480	-4.867116
949	499	-4.867561
92	621	-4.86767
305	635	-4.868519
137	45	-4.86964
213	598	-4.871022
884	25	-4.871318
817	173	-4.872632
62	367	-4.8759856
80	72	-4.876031
111	439	-4.87621
254	643	-4.87726
184	513	-4.879663
157	19	-4.880405
194	568	-4.880591
934	31	-4.880938
936	182	-4.881528
874	325	-4.8820386
203	617	-4.8837686
943	419	-4.8846555
264	618	-4.886416
813	144	-4.8880105
859	91	-4.8883014
934	401	-4.889407
223	602	-4.889451
167	23	-4.89013
821	79	-4.8925543
908	71	-4.892834
839	36	-4.895237
929	449	-4.8964634
254	598	-4.8966947
946	67	-4.897555
130	443	-4.897697
157	458	-4.897999
69	507	-4.8985295
184	540	-4.9001718
152	27	-4.9021
101	500	-4.902499
38	221	-4.902968
42	155	-4.903449
78	628	-4.9048676
124	530	-4.9054165
154	447	-4.9064264
849	173	-4.907166
230	527	-4.9080048
42	188	-4.9084563
205	579	-4.91082
104	383	-4.911418
130	23	-4.9118156
33	649	-4.9148602
783	71	-4.915384
950	66	-4.9161463
138	478	-4.9164405
42	380	-4.916636
35	56	-4.9167933
38	42	-4.9185452
873	313	-4.91905
53	393	-4.9192395
286	651	-4.919255
70	410	-4.9228835
154	528	-4.9233108
281	648	-4.9245296
53	381	-4.9254346
764	19	-4.928418
46	102	-4.9291663
943	72	-4.92922
245	590	-4.930377
947	407	-4.9308095
910	422	-4.9314513
41	433	-4.9320045
196	488	-4.9327755
40	195	-4.9329495
264	597	-4.933013
943	425	-4.934358
203	488	-4.935012
67	394	-4.936742
953	303	-4.938047
862	198	-4.938231
910	64	-4.9387465
771	13	-4.9394298
153	34	-4.9395075
918	76	-4.9402494
237	620	-4.9404235
55	74	-4.9434123
78	368	-4.943828
87	445	-4.9442425
767	23	-4.944732
56	56	-4.945503
140	510	-4.9458876
35	49	-4.9479747
64	404	-4.948546
104	433	-4.9487414
877	211	-4.949531
937	285	-4.9518085
934	269	-4.9518805
890	59	-4.9521503
945	306	-4.9540553
42	142	-4.9564047
144	14	-4.957068
192	9	-4.9575987
838	227	-4.95856
163	30	-4.9586477
72	95	-4.9617753
46	110	-4.963277
910	224	-4.963487
874	317	-4.964906
840	144	-4.965069
861	291	-4.9652567
219	603	-4.9657416
320	657	-4.96592
156	652	-4.9663672
258	560	-4.96827
921	303	-4.968591
915	424	-4.969292
912	327	-4.970588
945	478	-4.9745984
66	55	-4.977813
926	140	-4.9786234
870	202	-4.980224
169	455	-4.9836917
948	494	-4.985732
198	572	-4.9863434
810	139	-4.986679
37	186	-4.987008
92	370	-4.9886107
894	40	-4.989002
50	177	-4.9892564
895	205	-4.989917
52	84	-4.9899197
930	230	-4.992134
89	617	-4.992891
810	156	-4.993564
70	416	-4.9959197
243	544	-4.999221
793	109	-4.9995203
767	33	-5.0026503
259	617	-5.0045147
43	385	-5.005036
48	188	-5.006022
238	538	-5.006981
197	492	-5.0084705
220	556	-5.0109572
940	218	-5.011978
67	363	-5.012224
897	209	-5.012791
146	651	-5.0143914
188	8	-5.0159626
74	402	-5.0182004
218	505	-5.0209923
64	520	-5.0210037
116	518	-5.021212
896	260	-5.0227876
66	32	-5.0230336
473	671	-5.023787
152	440	-5.024485
940	34	-5.025239
918	87	-5.025284
885	233	-5.0253253
136	505	-5.0259557
267	628	-5.0270357
248	549	-5.0278487
817	75	-5.0287523
774	39	-5.030364
126	467	-5.0310073
43	209	-5.0310116
915	79	-5.0340223
80	524	-5.0354266
146	479	-5.0354567
61	55	-5.0354586
62	111	-5.035625
890	275	-5.0357556
940	177	-5.0365896
240	582	-5.03745
255	555	-5.03838
849	259	-5.0394683
44	49	-5.039664
882	219	-5.0422707
768	18	-5.0432005
957	506	-5.043354
42	134	-5.043931
894	292	-5.0440464
64	486	-5.044081
928	15	-5.0477166
919	353	-5.0492167
933	21	-5.0517635
952	267	-5.055601
95	491	-5.0571423
74	597	-5.0571547
142	32	-5.0574627
944	232	-5.057843
277	668	-5.0595627
122	443	-5.0606947
125	497	-5.0634594
950	228	-5.0637255
228	621	-5.0649614
846	243	-5.0652375
42	213	-5.065343
833	214	-5.067385
225	566	-5.0678315
239	632	-5.0689983
936	232	-5.0695243
937	296	-5.070214
80	408	-5.0703797
784	84	-5.0711985
63	45	-5.0716553
62	465	-5.0717397
806	41	-5.0722756
240	639	-5.0732346
888	190	-5.073275
142	446	-5.073815
60	49	-5.073933
58	363	-5.074103
813	161	-5.0745554
913	254	-5.0750275
877	20	-5.0756483
247	651	-5.0778127
66	591	-5.078361
893	366	-5.079503
329	668	-5.0805335
949	78	-5.081563
308	667	-5.081785
123	526	-5.0819507
61	461	-5.083468
951	507	-5.08362
43	363	-5.0860696
176	501	-5.086207
75	583	-5.088585
62	390	-5.089035
841	136	-5.090069
65	546	-5.090303
143	515	-5.091191
302	661	-5.0915556
77	372	-5.091872
212	591	-5.0926743
941	229	-5.0926924
816	169	-5.095238
133	463	-5.0964007
182	489	-5.096462
226	605	-5.097443
953	500	-5.0977335
901	290	-5.0983367
859	187	-5.100188
222	647	-5.100242
88	451	-5.1013455
253	650	-5.102433
953	55	-5.10353
906	60	-5.106805
315	663	-5.1079326
904	50	-5.1089153
893	177	-5.1098456
290	650	-5.112131
36	641	-5.1166496
210	25	-5.124966
43	138	-5.1249967
923	12	-5.1251826
951	436	-5.127575
939	126	-5.1314273
942	60	-5.1316905
301	668	-5.1321793
835	128	-5.134018
936	12	-5.135242
76	593	-5.1354713
125	402	-5.135954
91	651	-5.1363463
947	400	-5.1369233
241	671	-5.137084
61	483	-5.137531
950	196	-5.1382046
43	151	-5.1412244
59	162	-5.141242
938	207	-5.14317
216	641	-5.1432595
204	585	-5.1435366
37	650	-5.1437855
69	585	-5.1439524
932	172	-5.1441827
940	14	-5.1455803
144	53	-5.1490808
832	120	-5.149664
852	270	-5.150635
168	577	-5.155002
105	503	-5.1555834
829	115	-5.1581073
37	429	-5.1586475
74	507	-5.158839
124	492	-5.159413
33	354	-5.1602006
152	431	-5.1671906
45	426	-5.1679535
70	496	-5.1683803
54	420	-5.1689935
45	205	-5.1701202
222	590	-5.1719975
848	48	-5.1739454
74	89	-5.1749353
82	440	-5.1779394
869	213	-5.181571
146	33	-5.182098
30	167	-5.1836224
35	180	-5.1843715
206	11	-5.186413
32	629	-5.1881313
197	484	-5.1886516
918	432	-5.1895533
177	589	-5.1899524
79	83	-5.1903996
233	662	-5.193314
873	217	-5.1940956
93	500	-5.1963096
772	9	-5.197152
897	201	-5.1978188
158	525	-5.198915
897	394	-5.2023993
901	74	-5.209157
910	248	-5.212132
160	492	-5.214109
947	249	-5.2142963
959	510	-5.214356
825	91	-5.2165465
92	452	-5.216668
47	152	-5.218109
268	672	-5.2181697
68	73	-5.2184653
951	420	-5.2208548
822	84	-5.223046
161	451	-5.2232404
118	622	-5.2233768
839	23	-5.224131
63	88	-5.2244654
926	459	-5.228287
188	560	-5.228755
62	426	-5.2290077
126	24	-5.229633
931	385	-5.2302723
128	458	-5.230302
163	18	-5.231387
890	74	-5.2315974
945	236	-5.23304
92	488	-5.2349763
57	62	-5.2361193
763	14	-5.2376947
245	673	-5.2379317
855	83	-5.238317
927	263	-5.238636
87	30	-5.2426944
70	595	-5.2447047
127	35	-5.247124
216	595	-5.247634
917	83	-5.248379
125	455	-5.2486825
46	434	-5.252516
878	202	-5.2530575
33	213	-5.253159
936	202	-5.254563
81	623	-5.2546525
180	511	-5.2552786
949	144	-5.2553334
841	18	-5.255759
75	568	-5.256052
34	134	-5.256258
50	385	-5.256373
58	146	-5.256778
884	147	-5.257758
919	100	-5.2584004
81	436	-5.2590466
87	44	-5.2597322
235	607	-5.2608795
307	661	-5.261138
34	236	-5.261207
896	372	-5.262106
914	92	-5.262788
233	533	-5.2645555
37	435	-5.2658234
78	652	-5.2671804
951	446	-5.267392
76	616	-5.267493
37	645	-5.268035
284	658	-5.268305
865	201	-5.2690773
947	8	-5.269379
97	501	-5.270697
143	476	-5.273738
899	214	-5.273755
42	441	-5.2739387
197	535	-5.275795
194	479	-5.2758617
856	288	-5.2795067
235	670	-5.2797103
245	640	-5.281161
953	46	-5.281431
123	447	-5.2817373
856	681	-5.2821374
51	100	-5.2829394
40	50	-5.284223
65	540	-5.286416
918	310	-5.287344
133	411	-5.2876606
35	94	-5.288268
847	71	-5.290786
886	361	-5.2908444
131	501	-5.2908998
53	158	-5.2915797
917	334	-5.291722
44	198	-5.294052
77	475	-5.294956
68	45	-5.29597
60	386	-5.2967453
927	155	-5.2968874
914	341	-5.2996573
37	424	-5.3024044
57	485	-5.3033676
953	34	-5.303872
901	222	-5.3055515
81	617	-5.3072367
882	226	-5.307779
64	348	-5.3080425
893	253	-5.3089347
81	481	-5.3091264
120	397	-5.3104305
902	54	-5.310727
936	279	-5.3146076
128	407	-5.315652
906	232	-5.3159227
155	434	-5.3161907
39	145	-5.3170652
942	385	-5.3179955
273	577	-5.318055
165	536	-5.3208547
182	465	-5.3222322
232	629	-5.32357
150	7	-5.3250494
911	68	-5.325622
954	513	-5.3258486
44	130	-5.326153
132	467	-5.328796
69	424	-5.3303804
245	603	-5.330471
869	207	-5.3331194
874	333	-5.3331323
56	32	-5.3344593
941	475	-5.3350806
129	464	-5.335243
139	474	-5.3354726
934	473	-5.336668
38	190	-5.336865
289	671	-5.3368807
865	14	-5.3402314
901	233	-5.340512
48	50	-5.343267
112	478	-5.3433285
932	224	-5.3438945
84	62	-5.3457456
86	52	-5.347623
36	635	-5.34806
88	507	-5.3488736
136	470	-5.349108
57	423	-5.349217
935	302	-5.349285
948	130	-5.350201
208	628	-5.3506155
30	44	-5.357536
954	51	-5.3586855
952	210	-5.360342
211	633	-5.3615885
87	369	-5.36224
42	389	-5.362632
39	226	-5.363142
837	32	-5.3631754
246	631	-5.364412
252	613	-5.3695774
101	430	-5.370041
149	482	-5.3708277
39	137	-5.371463
70	101	-5.3732963
914	428	-5.374131
887	152	-5.3755355
46	192	-5.378917
74	179	-5.380532
69	564	-5.380858
64	152	-5.3829465
877	322	-5.3829503
950	511	-5.38307
213	651	-5.384399
925	367	-5.3844347
84	652	-5.3873324
34	37	-5.3892303
128	43	-5.3894277
811	55	-5.3894534
108	31	-5.3903165
67	351	-5.390408
136	540	-5.3906684
183	651	-5.391019
86	498	-5.3911386
205	574	-5.3922954
292	666	-5.392396
240	591	-5.3927746
805	37	-5.394248
56	150	-5.3953195
940	40	-5.3963795
109	143	-5.3966894
947	423	-5.399701
336	671	-5.400453
172	503	-5.401171
234	624	-5.4017587
939	45	-5.402772
64	84	-5.4048986
161	445	-5.404962
48	451	-5.4051547
227	575	-5.4087176
81	77	-5.4087625
131	490	-5.411693
66	408	-5.412873
62	362	-5.4132786
189	521	-5.413708
949	173	-5.414232
78	433	-5.419318
871	116	-5.420352
56	50	-5.420537
233	618	-5.420756
131	648	-5.4210024
837	40	-5.4212193
890	240	-5.421419
62	493	-5.421893
42	124	-5.421965
56	357	-5.4223204
947	310	-5.4238696
30	158	-5.4238763
853	68	-5.424235
210	12	-5.4245634
107	470	-5.424898
149	517	-5.4268026
935	44	-5.4270434
941	483	-5.42883
236	666	-5.428904
930	267	-5.430002
923	36	-5.431184
65	59	-5.4318304
151	12	-5.43189
940	172	-5.434668
85	56	-5.4354906
209	580	-5.436958
247	624	-5.4371405
45	43	-5.438276
44	56	-5.4399285
855	183	-5.440411
940	130	-5.4448657
31	350	-5.444939
793	15	-5.4457445
912	299	-5.4510984
954	307	-5.451783
196	12	-5.4542427
200	582	-5.45579
935	394	-5.4564137
96	552	-5.4584265
908	241	-5.4590015
920	258	-5.4604974
943	6	-5.4611325
140	651	-5.461875
47	362	-5.4631724
33	89	-5.4634447
40	58	-5.463981
207	498	-5.4642105
72	524	-5.4652767
90	497	-5.465441
43	116	-5.4661517
269	642	-5.4684873
150	427	-5.468536
943	162	-5.468549
55	416	-5.4700027
924	351	-5.4701657
34	71	-5.4703946
108	515	-5.471037
937	476	-5.471119
85	432	-5.471522
939	22	-5.472358
840	9	-5.4724307
297	612	-5.4760475
74	427	-5.4768863
926	145	-5.4770603
317	674	-5.477848
888	23	-5.4778686
953	22	-5.4779086
247	545	-5.479319
50	155	-5.4807725
157	488	-5.4810667
927	298	-5.481508
53	96	-5.482605
47	388	-5.482986
817	181	-5.486822
937	17	-5.4870067
903	402	-5.4878893
950	185	-5.488564
848	163	-5.4888377
895	245	-5.4908733
219	509	-5.4910374
31	147	-5.4916434
953	428	-5.492493
227	616	-5.4950585
914	73	-5.4951625
230	609	-5.496879
65	534	-5.4979544
31	32	-5.5001426
65	574	-5.500305
873	321	-5.5021877
948	441	-5.50641
868	121	-5.506858
46	392	-5.507232
917	301	-5.5083137
933	26	-5.5085845
73	473	-5.5098424
105	437	-5.5102744
63	516	-5.510776
166	446	-5.511532
177	459	-5.515214
65	505	-5.51638
204	492	-5.517075
217	599	-5.5172005
229	523	-5.5181894
959	515	-5.5183706
62	119	-5.5185633
912	87	-5.5187445
902	37	-5.519118
66	414	-5.5208426
66	79	-5.5210605
187	516	-5.521275
173	507	-5.5223556
52	361	-5.522621
43	369	-5.5229974
934	275	-5.5247703
58	109	-5.526246
32	227	-5.527669
926	134	-5.5276732
246	644	-5.5312376
38	177	-5.531886
220	520	-5.5351014
36	201	-5.5353627
319	662	-5.536099
797	20	-5.536807
926	128	-5.5373416
924	339	-5.5390677
775	6	-5.5394115
155	521	-5.5396132
118	444	-5.5396338
955	466	-5.543267
936	212	-5.5440407
187	471	-5.5443406
144	509	-5.5448136
88	513	-5.545654
851	62	-5.5457497
84	486	-5.5464525
224	610	-5.5464754
215	25	-5.5467143
935	8	-5.54684
926	119	-5.5469337
84	70	-5.5477195
323	660	-5.548293
90	607	-5.548537
94	496	-5.5492616
790	100	-5.5531387
37	356	-5.5540915
905	406	-5.5542645
890	163	-5.5543723
69	579	-5.555558
288	656	-5.5561576
890	270	-5.5563645
101	380	-5.5574646
928	34	-5.558836
46	422	-5.558891
58	406	-5.5618906
134	30	-5.562455
50	396	-5.563767
42	373	-5.564094
51	353	-5.5653467
64	354	-5.566311
90	418	-5.567499
52	57	-5.567576
867	321	-5.5682154
187	12	-5.5717435
870	16	-5.572326
870	194	-5.574096
50	423	-5.575926
943	406	-5.578545
942	492	-5.5790286
934	40	-5.5795956
61	532	-5.580389
99	462	-5.580695
61	61	-5.581773
931	300	-5.5832224
54	78	-5.5839915
900	33	-5.58498
911	60	-5.586014
948	122	-5.5874553
182	595	-5.588246
942	76	-5.5903053
947	126	-5.5933347
818	185	-5.5944223
81	30	-5.596029
884	18	-5.5963697
893	28	-5.5977287
924	316	-5.5979347
160	441	-5.5993624
43	419	-5.5993996
878	207	-5.599619
120	486	-5.600188
259	642	-5.6012683
919	95	-5.6032686
924	277	-5.6037283
59	520	-5.6039
71	530	-5.6053267
285	647	-5.6058483
30	641	-5.606573
83	66	-5.6083956
952	256	-5.613955
94	617	-5.61456
165	450	-5.615208
186	524	-5.6163692
950	236	-5.6164665
60	347	-5.6194344
79	575	-5.6203036
923	449	-5.6219263
833	91	-5.6229196
942	156	-5.6246204
898	41	-5.6249037
146	9	-5.6251497
180	600	-5.6259556
157	35	-5.6261153
237	628	-5.6276436
231	671	-5.6289067
928	123	-5.631035
240	609	-5.6331344
922	356	-5.633145
950	148	-5.633177
851	10	-5.6331778
919	322	-5.6378407
115	481	-5.6378913
51	389	-5.641164
189	480	-5.644863
199	539	-5.644975
42	357	-5.6454253
932	136	-5.647253
954	26	-5.647578
46	126	-5.6481194
943	319	-5.6492867
62	139	-5.651255
97	427	-5.6520424
187	555	-5.653509
846	67	-5.654747
886	194	-5.655092
291	604	-5.655455
895	390	-5.6561327
31	48	-5.6566405
68	109	-5.656835
59	105	-5.6577015
107	511	-5.658341
196	612	-5.6587167
255	616	-5.6592536
952	232	-5.6594443
127	533	-5.659727
951	164	-5.659959
50	182	-5.6601534
949	245	-5.662147
893	199	-5.665292
949	138	-5.6653767
959	520	-5.6674256
156	439	-5.667498
289	598	-5.6677213
244	611	-5.6705394
288	667	-5.6709523
943	411	-5.6710353
113	388	-5.6711574
927	290	-5.671328
862	94	-5.6741414
46	141	-5.67472
841	230	-5.6751094
75	406	-5.6756687
846	255	-5.6777782
863	189	-5.6783576
797	121	-5.6788907
208	584	-5.679014
167	29	-5.679031
190	564	-5.67976
858	9	-5.6799517
180	539	-5.680499
87	611	-5.680548
32	221	-5.68116
64	469	-5.682895
72	175	-5.684179
240	667	-5.684779
141	545	-5.6848116
263	563	-5.6855745
949	413	-5.6876965
949	396	-5.687927
950	169	-5.688173
269	650	-5.6883903
53	507	-5.691583
54	110	-5.6916294
247	635	-5.6916714
196	472	-5.6918597
874	144	-5.6921144
44	146	-5.692609
33	625	-5.694585
64	579	-5.6948466
866	98	-5.6961613
345	672	-5.6964736
38	385	-5.6965795
803	32	-5.6977887
833	13	-5.6978903
56	348	-5.6982365
204	480	-5.6998067
38	234	-5.70185
954	216	-5.7025213
222	513	-5.7033243
252	621	-5.703646
931	119	-5.7038274
266	567	-5.704209
821	194	-5.704399
127	647	-5.7054734
104	467	-5.705677
787	89	-5.7061167
772	31	-5.7073307
61	524	-5.709742
252	635	-5.7098885
244	594	-5.710032
889	367	-5.7103486
60	123	-5.7106085
31	139	-5.712233
855	90	-5.712873
122	452	-5.714746
948	115	-5.715313
88	521	-5.7158203
918	326	-5.7166567
243	539	-5.717033
159	14	-5.717735
140	13	-5.7178473
237	661	-5.7183194
92	613	-5.718765
142	7	-5.719389
894	181	-5.7194095
46	442	-5.72121
801	27	-5.7230053
477	669	-5.723697
95	455	-5.7255106
296	667	-5.726537
241	618	-5.7274156
61	351	-5.7280154
250	673	-5.7284036
176	512	-5.728743
879	16	-5.729078
50	40	-5.729713
779	72	-5.731125
170	535	-5.732693
37	419	-5.7332125
91	448	-5.733773
148	554	-5.7342553
939	408	-5.7357206
232	667	-5.7377605
72	356	-5.738589
132	612	-5.7423606
119	523	-5.743349
223	574	-5.743501
954	223	-5.743653
94	422	-5.744361
140	442	-5.744819
834	218	-5.7449512
284	588	-5.7455783
31	232	-5.7459545
53	124	-5.746141
910	56	-5.7478485
79	88	-5.750177
43	95	-5.752119
839	28	-5.7524643
269	668	-5.753023
468	671	-5.753278
294	607	-5.753383
65	423	-5.7539654
68	355	-5.7551117
154	8	-5.755356
173	456	-5.757215
882	206	-5.7586884
954	433	-5.7609353
80	192	-5.762048
955	437	-5.762082
190	528	-5.7622104
872	198	-5.762618
324	653	-5.7632766
74	188	-5.7644405
924	346	-5.7669086
931	37	-5.7671866
832	87	-5.767694
41	428	-5.7696223
86	427	-5.770537
61	115	-5.770854
60	356	-5.7709823
475	665	-5.771238
162	532	-5.7718716
54	455	-5.772515
174	586	-5.773386
126	39	-5.7734914
47	201	-5.775637
924	112	-5.7769814
108	622	-5.7787404
57	490	-5.779108
948	240	-5.779254
34	189	-5.7796187
319	648	-5.780731
899	28	-5.780801
266	633	-5.7810187
55	66	-5.782413
223	517	-5.7825794
212	496	-5.782864
175	536	-5.7853193
919	38	-5.785442
176	23	-5.7864943
135	53	-5.7879148
100	31	-5.7887993
931	285	-5.7893286
76	528	-5.7893925
880	214	-5.792214
880	146	-5.7926126
881	21	-5.793604
106	613	-5.794972
953	63	-5.7956038
285	664	-5.7960653
57	113	-5.7974443
52	49	-5.800006
782	79	-5.8007607
201	11	-5.8014894
257	673	-5.8017516
164	26	-5.801879
42	70	-5.803121
952	424	-5.8043013
216	554	-5.804362
41	108	-5.8048153
83	495	-5.804985
126	622	-5.805959
141	43	-5.8079042
169	449	-5.8091283
952	200	-5.811635
878	347	-5.811879
38	133	-5.812003
815	70	-5.814629
958	475	-5.8151407
156	493	-5.8161836
71	361	-5.8164673
81	363	-5.816782
158	564	-5.817308
37	379	-5.8203645
52	349	-5.820537
919	314	-5.820625
195	564	-5.821344
827	102	-5.82207
763	24	-5.8221765
192	540	-5.8223968
835	24	-5.8227324
188	542	-5.82443
840	234	-5.825412
919	342	-5.8263426
60	93	-5.827361
298	662	-5.8279285
837	17	-5.8288507
237	534	-5.8314285
35	85	-5.8329744
280	581	-5.8332524
60	31	-5.834284
74	626	-5.8346133
142	48	-5.8350244
34	205	-5.8366437
164	575	-5.838606
36	196	-5.8401737
892	371	-5.8434067
907	237	-5.843413
924	293	-5.8455453
905	28	-5.846447
936	131	-5.846716
925	361	-5.847557
167	499	-5.8493276
88	438	-5.849464
941	394	-5.853223
218	560	-5.853454
77	611	-5.8540754
134	475	-5.854493
34	61	-5.8579993
939	9	-5.859537
75	365	-5.8625603
138	8	-5.863383
176	524	-5.8636456
953	69	-5.8642554
231	579	-5.8656487
916	330	-5.86589
149	36	-5.866364
84	502	-5.8666883
36	630	-5.866782
261	656	-5.8673496
184	9	-5.867529
195	652	-5.8711753
76	410	-5.871266
48	132	-5.8715715
62	159	-5.87341
819	189	-5.8748584
467	677	-5.875887
41	415	-5.876772
262	645	-5.876784
952	73	-5.8770185
786	9	-5.87793
57	120	-5.878301
877	12	-5.87832
896	188	-5.87876
196	7	-5.879143
64	587	-5.879349
848	56	-5.8796244
65	583	-5.881013
50	357	-5.881417
58	101	-5.881994
222	570	-5.883368
45	37	-5.883642
952	180	-5.8836627
98	634	-5.8844304
842	244	-5.8867245
133	43	-5.888528
847	63	-5.8887095
48	507	-5.8908663
66	113	-5.892355
83	81	-5.893091
950	190	-5.893568
823	69	-5.8936086
56	412	-5.8943505
936	171	-5.8961916
262	631	-5.897728
290	660	-5.8979955
60	414	-5.90025
909	294	-5.9016542
112	517	-5.9033422
51	128	-5.9044895
88	628	-5.905181
117	392	-5.906613
49	105	-5.906817
74	497	-5.9068236
906	40	-5.9091167
144	548	-5.9091325
938	480	-5.909482
244	668	-5.912174
256	647	-5.914505
100	458	-5.9148307
943	311	-5.91579
40	230	-5.9174776
222	506	-5.917842
924	23	-5.919577
943	399	-5.920231
212	550	-5.9222775
891	206	-5.925497
421	664	-5.925622
800	131	-5.925799
954	59	-5.926132
48	148	-5.9266324
763	6	-5.9269886
955	517	-5.927446
931	7	-5.9289727
148	510	-5.930647
159	435	-5.9308977
255	639	-5.931344
127	489	-5.931411
264	671	-5.9328704
236	615	-5.9339633
899	257	-5.9342537
768	8	-5.934424
46	212	-5.93466
940	148	-5.9350424
91	31	-5.9366913
231	614	-5.9380465
863	303	-5.9381027
29	637	-5.939199
245	598	-5.940454
120	481	-5.940848
763	30	-5.942027
132	624	-5.9420624
907	418	-5.9429493
191	651	-5.946172
307	631	-5.948637
98	548	-5.9490533
313	641	-5.9503164
917	42	-5.9526806
53	104	-5.9533362
891	280	-5.9533706
89	49	-5.9550805
183	461	-5.9558783
61	135	-5.9570923
273	667	-5.9588027
941	307	-5.9589386
31	358	-5.9589972
52	332	-5.9598446
915	96	-5.9607477
947	418	-5.962729
133	19	-5.9628816
70	489	-5.964468
42	112	-5.966409
45	216	-5.969558
80	485	-5.9698563
89	501	-5.9714656
184	528	-5.9725447
925	311	-5.97269
893	375	-5.973876
66	359	-5.9743476
121	647	-5.974765
202	476	-5.9752584
130	473	-5.9762783
33	591	-5.9779224
77	92	-5.977973
883	355	-5.978173
809	48	-5.9786577
783	6	-5.9796667
951	311	-5.979985
874	17	-5.980895
128	493	-5.9818196
85	615	-5.982103
868	136	-5.9822474
944	496	-5.984394
237	588	-5.984617
97	506	-5.9864264
246	655	-5.986834
65	558	-5.987485
274	644	-5.9880757
236	656	-5.9918213
944	389	-5.992209
816	177	-5.9950223
954	287	-5.9956517
945	172	-5.9958687
277	647	-5.9968376
251	640	-5.9968567
940	122	-5.9969563
776	69	-5.9979763
225	671	-5.9990387
