x_coord	y_coord	score
889	630	0.32247338
877	638	0.2337546
904	618	0.20681712
885	632	0.18167225
859	652	0.16280171
873	641	0.13500437
741	535	0.12271878
737	540	0.11414024
863	649	0.11408642
899	622	0.10146317
893	626	0.07991251
916	608	0.07973489
912	612	0.040700108
745	533	0.012817115
881	637	0.009392768
908	614	-0.0037154555
829	470	-0.008624971
812	586	-0.041065246
791	500	-0.046984732
779	507	-0.04897344
755	630	-0.054089874
866	646	-0.058018804
787	503	-0.062616855
920	605	-0.06466517
878	535	-0.073456675
783	505	-0.07773787
793	602	-0.09820813
888	528	-0.11255634
890	422	-0.11471996
842	462	-0.11975378
799	598	-0.124869555
751	632	-0.14752907
743	639	-0.16762972
677	584	-0.16954875
775	512	-0.1737991
795	496	-0.18449445
845	457	-0.19143142
689	576	-0.19151673
734	543	-0.19776098
882	533	-0.21076564
927	395	-0.21343064
749	636	-0.21362598
739	643	-0.22445096
898	626	-0.23062631
892	526	-0.23447545
749	531	-0.23568685
860	448	-0.23589271
871	436	-0.24126372
664	597	-0.2454301
660	599	-0.2509281
730	546	-0.25332808
816	584	-0.25777605
759	627	-0.2718606
753	527	-0.2741307
770	512	-0.2872681
803	594	-0.29972738
894	420	-0.30029243
834	466	-0.3106534
723	653	-0.31096953
838	463	-0.31208402
869	643	-0.3187129
669	591	-0.3339614
720	656	-0.334596
925	600	-0.33829865
682	582	-0.3688621
850	452	-0.37010878
897	522	-0.3712371
884	529	-0.37272513
685	578	-0.38459432
758	525	-0.3851952
884	427	-0.39655903
653	602	-0.3989675
727	651	-0.40222436
856	449	-0.41129175
763	624	-0.4245135
855	653	-0.42810726
876	435	-0.43677625
923	400	-0.44093364
767	515	-0.45061898
888	426	-0.45404363
867	440	-0.4559576
868	543	-0.46592873
789	604	-0.46608967
804	590	-0.47206506
900	416	-0.47259888
919	402	-0.47722214
767	622	-0.4848994
668	595	-0.48637748
673	589	-0.48644432
826	474	-0.49606186
784	607	-0.49623215
926	497	-0.4966031
587	654	-0.5084447
880	633	-0.5119231
693	574	-0.5254922
697	569	-0.52676785
735	645	-0.5441171
895	621	-0.5456108
772	615	-0.5461362
742	539	-0.54813325
795	597	-0.5683646
736	536	-0.5730232
862	645	-0.58468264
808	587	-0.58631516
898	618	-0.59020865
894	630	-0.5964746
701	567	-0.5966343
915	406	-0.6132014
924	604	-0.6176245
776	613	-0.61778724
774	508	-0.6242716
799	593	-0.6256306
864	653	-0.6324411
820	583	-0.6358072
846	453	-0.63702893
657	603	-0.64333814
882	431	-0.6444391
591	650	-0.6492601
762	522	-0.65071774
768	617	-0.65701395
656	598	-0.6658685
858	648	-0.67555916
745	635	-0.67613083
650	605	-0.67816794
849	456	-0.6784123
903	623	-0.68674105
903	412	-0.6870227
909	618	-0.6967631
917	612	-0.7047235
867	650	-0.707431
854	453	-0.7119075
841	458	-0.71687174
889	625	-0.7174903
836	567	-0.7275526
799	494	-0.7310706
878	642	-0.73158884
912	607	-0.7317982
663	593	-0.7325028
747	640	-0.7454759
911	408	-0.7512927
754	531	-0.7639271
766	519	-0.7668421
763	516	-0.7681037
921	601	-0.7716961
680	587	-0.7749681
688	581	-0.7769406
862	444	-0.7871769
747	527	-0.793823
824	579	-0.80446815
841	565	-0.8076174
870	647	-0.80886817
731	647	-0.81264603
785	499	-0.8143186
874	537	-0.82292175
595	651	-0.8266952
860	551	-0.8318367
891	522	-0.83414626
733	539	-0.83490866
858	656	-0.8372367
808	592	-0.84194016
924	501	-0.84677655
648	609	-0.85276854
929	391	-0.8538512
780	609	-0.8612611
874	645	-0.8626835
780	511	-0.8718611
865	642	-0.87966776
899	518	-0.8887768
704	564	-0.8942529
746	537	-0.89864206
922	396	-0.90340924
582	654	-0.9045228
797	603	-0.9083159
726	550	-0.91134953
754	635	-0.91259205
929	599	-0.91385466
893	425	-0.9143133
743	529	-0.9157257
930	495	-0.91618675
820	478	-0.9252577
920	503	-0.93314266
915	604	-0.9352608
738	639	-0.9362335
771	516	-0.9378333
719	652	-0.93854284
845	560	-0.9481876
864	547	-0.9483216
846	461	-0.954327
839	467	-0.95487547
592	654	-0.9631182
780	502	-0.96414495
885	627	-0.9644755
907	411	-0.9659132
921	609	-0.9714632
759	519	-0.9732568
851	654	-0.9781445
870	638	-0.98277843
832	571	-0.9839561
856	553	-1.0018213
896	415	-1.0059552
744	643	-1.0080627
654	606	-1.0123835
771	620	-1.0212346
574	654	-1.0450442
692	570	-1.0537009
833	471	-1.054812
602	642	-1.0548785
672	585	-1.0589184
659	595	-1.0686928
722	552	-1.076203
795	501	-1.0794637
790	496	-1.084051
830	465	-1.0846696
738	544	-1.0856313
886	636	-1.0876743
872	541	-1.0903958
885	423	-1.0917897
928	603	-1.1035482
729	542	-1.107069
903	614	-1.113902
715	656	-1.1140741
852	448	-1.1148686
596	647	-1.1264316
727	646	-1.1347088
754	523	-1.1367646
849	558	-1.1426827
598	643	-1.1437062
887	524	-1.1439234
678	580	-1.1524047
877	431	-1.1536452
865	447	-1.1576129
873	432	-1.1580966
908	609	-1.1584613
747	631	-1.1654526
755	625	-1.1655546
775	504	-1.1661807
837	459	-1.1741005
788	608	-1.1766642
899	420	-1.1937705
852	555	-1.2005916
802	491	-1.2063081
764	628	-1.2104602
792	607	-1.2124941
887	532	-1.2125957
644	613	-1.2135429
913	616	-1.2268715
876	634	-1.2353934
828	575	-1.2400248
750	535	-1.2403436
728	655	-1.2446201
890	634	-1.2497118
786	508	-1.2508624
833	462	-1.2685785
592	646	-1.27616
578	650	-1.2772615
877	531	-1.2779181
586	650	-1.2789352
854	657	-1.2808797
812	591	-1.2816716
847	447	-1.2866173
649	601	-1.2869611
866	436	-1.2880532
903	516	-1.2885796
913	510	-1.2915123
902	521	-1.2960438
872	440	-1.3107525
852	650	-1.3158804
906	415	-1.3169838
824	470	-1.319127
896	527	-1.3211424
716	557	-1.3308247
698	573	-1.331745
672	594	-1.3325584
601	646	-1.3340143
857	445	-1.3351843
868	444	-1.3352776
739	531	-1.3415146
842	454	-1.3421816
759	622	-1.3499831
681	577	-1.3504038
880	528	-1.3523601
599	650	-1.3560703
662	603	-1.3663545
845	566	-1.3725637
808	485	-1.3752818
726	545	-1.3880106
785	603	-1.3929073
700	563	-1.3954295
791	598	-1.4011781
688	572	-1.409523
891	531	-1.4151796
766	511	-1.4187269
578	655	-1.4195379
859	452	-1.422909
734	641	-1.4300433
750	524	-1.4309391
863	439	-1.4376669
790	506	-1.4412423
919	407	-1.4445589
825	478	-1.4459277
677	590	-1.4467424
804	598	-1.447307
816	479	-1.4508564
751	627	-1.4536263
708	561	-1.4571444
904	408	-1.4585092
646	604	-1.4633234
667	587	-1.4643538
735	547	-1.4645746
907	622	-1.4659994
891	417	-1.4724927
918	509	-1.4731376
674	581	-1.4817854
606	641	-1.4877882
837	571	-1.4894158
794	492	-1.4895598
858	547	-1.5048195
640	614	-1.5099092
916	505	-1.5104407
775	609	-1.51793
593	642	-1.5219376
587	642	-1.5325253
883	525	-1.5415996
824	574	-1.5469537
843	466	-1.5475401
832	566	-1.5480704
877	541	-1.548802
871	651	-1.5515376
887	430	-1.5583829
738	648	-1.5647107
827	570	-1.5656492
882	641	-1.5675806
928	595	-1.5742277
730	643	-1.58225
881	629	-1.5856832
609	637	-1.5863218
863	543	-1.5874974
824	584	-1.5906422
799	499	-1.591932
804	487	-1.5947386
617	633	-1.5951117
840	561	-1.5961853
685	585	-1.6019964
826	466	-1.6140571
894	519	-1.6142244
712	560	-1.6177102
914	402	-1.6220222
928	399	-1.623764
731	652	-1.6283196
924	392	-1.6324242
769	612	-1.6346397
717	660	-1.6508889
899	411	-1.6531242
769	508	-1.6546682
912	412	-1.6595852
777	617	-1.6599387
718	553	-1.6673546
720	548	-1.6733744
918	398	-1.674758
907	514	-1.6752639
763	619	-1.6790615
821	474	-1.6852542
798	490	-1.6895825
916	410	-1.6909044
735	532	-1.6923128
879	427	-1.6973368
767	523	-1.6984798
760	631	-1.703866
927	492	-1.7111595
843	450	-1.713277
853	444	-1.7206713
703	560	-1.7274797
732	535	-1.7296402
931	491	-1.7406434
868	548	-1.7483063
770	520	-1.7526944
569	654	-1.7638153
724	657	-1.7682955
894	652	-1.7717863
842	569	-1.7740986
868	537	-1.7794819
883	537	-1.7853688
880	436	-1.78805
740	635	-1.794545
838	455	-1.7988225
781	613	-1.8031611
859	441	-1.8033162
609	630	-1.8049649
850	562	-1.8078052
820	578	-1.8090366
730	551	-1.8108951
816	589	-1.8169798
662	589	-1.8191148
652	597	-1.8212931
667	600	-1.8268436
929	500	-1.8352779
684	574	-1.8359545
850	658	-1.8362352
899	630	-1.8390326
762	512	-1.8406534
600	638	-1.8455564
740	526	-1.8518189
692	579	-1.856598
931	396	-1.85823
574	664	-1.8639675
744	524	-1.8727578
800	589	-1.8734375
908	405	-1.8757924
582	649	-1.8795892
605	633	-1.8829505
629	625	-1.8938723
644	608	-1.8951402
722	544	-1.8956064
652	610	-1.8970432
897	424	-1.8980908
696	565	-1.8983014
853	457	-1.9023829
902	627	-1.9031743
850	460	-1.9090056
671	598	-1.9152534
585	646	-1.9187751
847	652	-1.9195155
622	612	-1.920063
887	419	-1.9209521
811	582	-1.9283749
868	654	-1.9288303
768	627	-1.9296947
925	608	-1.9301515
658	607	-1.930322
815	580	-1.9390666
776	500	-1.9394838
716	549	-1.9494842
785	611	-1.9553045
613	634	-1.9556136
839	451	-1.956413
869	431	-1.9564445
618	624	-1.9613701
586	658	-1.9623946
924	404	-1.9637007
934	390	-1.9672463
613	629	-1.9694347
771	503	-1.9697374
925	505	-1.9698395
803	586	-1.980008
713	662	-1.9805038
619	629	-1.9841754
781	604	-1.9875909
759	529	-1.9894472
911	515	-1.990031
618	614	-1.9918239
655	594	-1.9943253
828	580	-1.9982097
763	526	-1.9994363
855	558	-2.004148
819	482	-2.005063
727	538	-2.0073225
695	548	-2.0105975
917	600	-2.0112245
670	580	-2.0120647
786	495	-2.0287035
622	603	-2.0290744
921	498	-2.0292332
865	551	-2.0342674
818	471	-2.041761
752	639	-2.0477502
781	498	-2.0500867
863	451	-2.0516706
709	557	-2.0540006
898	651	-2.0574422
723	648	-2.0584261
595	638	-2.0693824
915	395	-2.0761485
803	496	-2.0785737
891	429	-2.0841756
809	565	-2.0911162
715	545	-2.0954278
708	553	-2.0972598
705	653	-2.1035485
705	568	-2.1136365
812	483	-2.1160524
854	549	-2.1178265
920	391	-2.1237304
702	572	-2.1252623
601	634	-2.126199
938	388	-2.129835
573	650	-2.1411097
581	658	-2.1412675
903	419	-2.1490426
821	587	-2.1529682
829	477	-2.1544816
771	31	-2.1549933
569	664	-2.1563182
638	618	-2.1597788
930	387	-2.1646948
808	490	-2.165139
813	335	-2.1694882
658	591	-2.1722236
836	562	-2.174381
604	637	-2.1750388
708	548	-2.1758451
735	651	-2.202451
800	486	-2.2030425
677	576	-2.20529
906	519	-2.2057536
578	662	-2.213764
872	428	-2.2141948
849	552	-2.218922
711	658	-2.2255592
808	479	-2.2304003
901	511	-2.2304096
676	595	-2.2375424
633	621	-2.244827
666	583	-2.250621
914	483	-2.2509322
765	506	-2.2552233
627	602	-2.256653
619	620	-2.2575982
936	491	-2.2648344
829	461	-2.2658772
696	552	-2.2665095
812	478	-2.2681162
801	602	-2.268999
619	607	-2.2725093
720	558	-2.2771547
926	388	-2.2790651
762	653	-2.2796202
803	483	-2.286118
892	413	-2.288485
582	642	-2.2953548
696	577	-2.3054943
900	406	-2.306976
623	616	-2.3079867
832	576	-2.3086202
640	609	-2.309238
699	549	-2.3098545
649	613	-2.3111522
873	545	-2.312161
884	435	-2.3128636
816	506	-2.3136196
573	658	-2.3190207
764	615	-2.3195386
610	626	-2.3286214
873	533	-2.3291438
711	653	-2.337381
857	644	-2.342535
691	554	-2.3427117
743	647	-2.3431246
712	552	-2.346047
861	435	-2.3533087
723	540	-2.3577385
612	615	-2.3636026
849	443	-2.3641696
905	510	-2.3647647
704	556	-2.3689013
842	557	-2.3692734
757	514	-2.372271
710	665	-2.3789496
859	556	-2.3831577
817	475	-2.3873253
833	457	-2.3897178
909	509	-2.3911247
875	649	-2.3913195
625	606	-2.3979235
588	638	-2.4031665
794	505	-2.40544
904	403	-2.408579
923	494	-2.4130309
814	472	-2.417831
736	528	-2.4179876
861	641	-2.4179878
900	525	-2.4234657
787	599	-2.4237816
673	577	-2.4256742
924	596	-2.4279315
647	597	-2.4288642
902	652	-2.4296818
857	660	-2.4327986
891	620	-2.4341466
776	516	-2.444687
748	520	-2.447408
634	617	-2.4522057
715	651	-2.454276
915	514	-2.4584095
614	625	-2.4600182
618	637	-2.461312
865	432	-2.4650304
821	466	-2.4754188
621	634	-2.479582
881	422	-2.480862
718	541	-2.481968
716	562	-2.4905846
932	593	-2.4961083
836	32	-2.4971764
636	613	-2.4973524
697	544	-2.5026615
611	641	-2.5038052
910	401	-2.5098362
614	638	-2.5140715
766	654	-2.5147257
604	650	-2.515943
789	492	-2.5283697
724	556	-2.535108
807	469	-2.5377684
855	440	-2.5423498
605	645	-2.5490627
565	667	-2.549538
614	620	-2.550161
772	624	-2.5527487
877	630	-2.5534804
755	518	-2.5561888
711	564	-2.55672
935	495	-2.55901
792	594	-2.560412
644	600	-2.562107
686	556	-2.5655353
810	473	-2.5666752
784	512	-2.5688028
815	468	-2.5692399
911	397	-2.574068
869	448	-2.5779517
917	500	-2.5795288
579	646	-2.5823126
711	544	-2.58801
881	645	-2.589238
662	584	-2.5901225
591	658	-2.5912642
605	628	-2.5970242
785	31	-2.5973217
927	209	-2.6012022
631	603	-2.6086707
777	605	-2.6165173
699	559	-2.6250136
597	633	-2.6321235
767	502	-2.6331766
877	439	-2.6341696
862	657	-2.63493
846	555	-2.6359544
562	654	-2.6385365
641	605	-2.6398368
706	666	-2.6441565
691	549	-2.6452508
758	654	-2.651646
895	410	-2.6526024
898	32	-2.6532724
858	456	-2.6541514
897	514	-2.6564317
806	475	-2.6568892
853	661	-2.6575844
569	669	-2.659627
904	610	-2.6596684
914	32	-2.666704
598	654	-2.6744275
758	510	-2.6754835
624	620	-2.686585
700	553	-2.6914184
704	549	-2.691774
733	637	-2.6947055
628	614	-2.6953866
835	452	-2.700534
927	220	-2.7026935
812	562	-2.7139874
691	566	-2.7163315
910	646	-2.7182126
743	543	-2.7200115
816	485	-2.7218804
847	465	-2.7248416
864	638	-2.745055
782	494	-2.7550187
672	467	-2.7596266
932	487	-2.7613275
860	581	-2.777602
892	656	-2.7780235
561	666	-2.7785902
843	445	-2.7922075
922	508	-2.798955
772	498	-2.7996838
568	659	-2.8027933
549	680	-2.8121653
625	629	-2.8133616
612	605	-2.8222964
732	526	-2.8264487
635	601	-2.8311412
941	385	-2.8347595
629	619	-2.8376734
802	479	-2.8390753
601	629	-2.8393934
859	542	-2.8403285
616	610	-2.8457606
916	390	-2.84681
887	246	-2.846989
709	642	-2.8498561
553	678	-2.851093
756	31	-2.8513124
670	483	-2.857446
801	567	-2.8614933
864	539	-2.8615692
843	33	-2.8618357
843	585	-2.8692882
922	387	-2.86956
927	384	-2.8724284
561	671	-2.8804898
906	489	-2.8823445
748	644	-2.882382
888	434	-2.883669
839	595	-2.8862648
820	507	-2.8888705
775	621	-2.8929126
876	424	-2.8967059
610	621	-2.8973472
852	585	-2.9011538
761	507	-2.9026651
695	556	-2.9056284
826	566	-2.9062414
553	671	-2.9077158
849	662	-2.90836
728	533	-2.9099338
908	651	-2.9136045
919	513	-2.916738
731	530	-2.9192631
843	592	-2.9216728
642	619	-2.922407
807	583	-2.9236612
627	610	-2.9297965
912	487	-2.9326935
622	626	-2.9329083
640	599	-2.9347713
918	616	-2.9399657
888	536	-2.944361
679	467	-2.9513147
701	654	-2.953886
666	493	-2.956283
682	560	-2.9568963
906	626	-2.9613876
795	591	-2.9615393
691	584	-2.9615395
927	215	-2.971413
902	491	-2.9721525
895	634	-2.9739401
802	571	-2.9747665
685	552	-2.9750612
872	633	-2.9772856
911	603	-2.979013
812	339	-2.9796128
768	650	-2.9816275
812	508	-2.984126
918	482	-2.9879832
716	665	-2.9935234
681	591	-2.9976614
927	229	-2.998226
839	446	-3.001394
617	603	-3.0018458
872	549	-3.0028515
758	533	-3.0031154
695	561	-3.003458
557	676	-3.0053613
565	672	-3.0073662
782	641	-3.008635
770	641	-3.0131497
693	543	-3.0148723
885	560	-3.0191762
564	662	-3.023827
724	535	-3.0254967
906	645	-3.026219
697	653	-3.0276058
842	652	-3.029244
838	653	-3.0298078
887	640	-3.0301478
936	486	-3.0319552
922	613	-3.032489
909	541	-3.0359812
679	572	-3.0365076
865	350	-3.038119
869	425	-3.041617
663	496	-3.0423577
929	627	-3.0434363
678	483	-3.043901
790	31	-3.045561
646	617	-3.047261
573	668	-3.0512283
857	436	-3.052809
634	625	-3.0532663
853	646	-3.055617
795	487	-3.057206
909	393	-3.0578465
831	32	-3.0618424
912	503	-3.0624082
838	471	-3.0629754
882	541	-3.063032
759	635	-3.0631409
934	521	-3.064366
637	622	-3.0675032
912	621	-3.0716825
777	496	-3.0754588
726	642	-3.0758412
759	617	-3.0776725
906	399	-3.0783238
729	638	-3.0796015
662	486	-3.0816064
753	654	-3.0827124
804	564	-3.0839806
766	31	-3.0849676
864	555	-3.0855973
936	384	-3.0876389
941	489	-3.087662
854	581	-3.090943
810	466	-3.0929606
825	462	-3.093003
831	562	-3.1016545
796	608	-3.101761
932	602	-3.1022248
719	647	-3.1024954
709	423	-3.1037927
652	591	-3.1042976
743	630	-3.106334
886	32	-3.1070619
561	659	-3.111296
643	596	-3.120839
920	597	-3.123974
729	633	-3.1259315
818	574	-3.1267467
825	32	-3.1299858
786	638	-3.1312804
899	494	-3.1341946
807	494	-3.1431384
928	378	-3.143455
894	617	-3.1461306
557	667	-3.1472063
873	444	-3.149487
798	504	-3.1535034
632	610	-3.154826
848	32	-3.1565135
771	608	-3.1567965
918	31	-3.1576533
934	625	-3.1787992
780	488	-3.1797514
885	554	-3.1825256
809	596	-3.1847453
683	452	-3.186053
772	654	-3.188737
581	665	-3.1914685
802	337	-3.1930354
694	656	-3.1950462
835	599	-3.2061236
766	640	-3.2095096
926	102	-3.2137895
846	656	-3.2161615
892	433	-3.2204955
896	428	-3.2249968
545	681	-3.229739
926	517	-3.2298894
822	570	-3.2303264
926	33	-3.2306767
851	439	-3.2317572
793	580	-3.2337706
835	447	-3.2357829
776	492	-3.23689
785	491	-3.2395294
750	516	-3.241202
808	507	-3.241955
562	675	-3.245618
666	604	-3.2468178
630	599	-3.248062
902	423	-3.2524693
666	485	-3.253793
721	661	-3.2559664
584	662	-3.260573
900	647	-3.2606146
912	389	-3.2624822
669	576	-3.2641962
674	485	-3.2661202
720	537	-3.268396
854	32	-3.2707937
905	394	-3.2730818
802	471	-3.2740908
597	615	-3.277294
697	438	-3.2779672
923	408	-3.28199
912	194	-3.2850456
775	29	-3.2891648
918	384	-3.2943761
866	428	-3.2945096
853	539	-3.2983105
593	634	-3.3002279
706	647	-3.3011808
907	484	-3.3064072
605	615	-3.3074763
683	466	-3.3081234
914	642	-3.3090518
812	488	-3.310881
762	30	-3.3151262
928	488	-3.3154693
829	456	-3.3168275
860	537	-3.3198636
934	326	-3.3225298
890	651	-3.3258948
791	611	-3.32744
674	573	-3.3281476
705	643	-3.3322208
690	558	-3.3410048
906	32	-3.3414118
892	535	-3.3441286
897	614	-3.3472743
728	555	-3.3553393
707	662	-3.3575966
608	651	-3.3639388
930	607	-3.3648784
798	480	-3.3684707
908	641	-3.3754082
738	522	-3.379293
824	482	-3.3847606
774	640	-3.387247
905	545	-3.3886766
926	108	-3.3906257
687	568	-3.3910291
547	676	-3.3920398
611	611	-3.3921595
793	632	-3.396926
911	537	-3.3973248
701	671	-3.4003441
813	617	-3.4025328
541	680	-3.4056225
935	394	-3.406148
888	414	-3.4076197
703	422	-3.4082663
818	463	-3.4091973
891	32	-3.4135337
883	418	-3.4159396
910	520	-3.4168332
924	483	-3.4179213
848	648	-3.42055
739	652	-3.4218554
942	389	-3.4250264
927	196	-3.4265594
876	527	-3.4288127
698	540	-3.4320586
877	546	-3.4321454
845	29	-3.4323447
641	535	-3.4338896
783	590	-3.4341207
869	532	-3.435274
743	520	-3.4355106
736	634	-3.4360003
922	380	-3.437177
844	596	-3.444163
578	641	-3.4451222
842	470	-3.447982
892	258	-3.4502935
630	629	-3.4511795
714	540	-3.4534
682	555	-3.454376
747	541	-3.454561
697	422	-3.4555082
903	486	-3.4572356
886	250	-3.4588203
748	654	-3.4594064
796	577	-3.4648848
926	92	-3.465364
574	646	-3.4657335
577	667	-3.4658582
702	667	-3.468291
898	499	-3.471183
798	333	-3.4733517
890	518	-3.4741871
831	451	-3.4749107
687	548	-3.475288
583	638	-3.4757333
656	611	-3.476029
766	529	-3.47862
657	587	-3.4805713
846	223	-3.4807227
934	318	-3.4842985
899	345	-3.4847853
767	631	-3.4849393
675	599	-3.4861352
701	576	-3.4863555
780	637	-3.486612
821	31	-3.4888697
895	532	-3.498068
926	509	-3.5010211
634	606	-3.501944
722	644	-3.5037613
782	600	-3.5052223
847	589	-3.5070455
849	540	-3.5073295
899	655	-3.5152504
873	350	-3.5172222
936	591	-3.5185754
702	658	-3.520631
933	499	-3.5216174
568	650	-3.5227952
639	653	-3.523782
552	667	-3.5246239
884	521	-3.5248528
742	670	-3.530931
926	205	-3.5311143
713	668	-3.5329344
771	524	-3.533285
914	519	-3.5356686
707	657	-3.5368955
841	573	-3.537007
665	489	-3.5404058
762	502	-3.5414476
886	652	-3.5433598
846	570	-3.5447412
845	542	-3.545062
928	224	-3.551273
662	608	-3.5533636
663	580	-3.5536346
851	566	-3.5569782
931	383	-3.560932
723	635	-3.5641587
699	595	-3.5644042
648	593	-3.5666738
806	569	-3.5671103
891	344	-3.5692887
850	548	-3.569513
778	601	-3.5764775
696	670	-3.579321
770	27	-3.5818133
910	416	-3.582811
754	536	-3.5833836
732	656	-3.585276
933	597	-3.5862696
709	669	-3.5869954
706	544	-3.5885243
814	464	-3.5961766
889	558	-3.5991616
882	650	-3.599212
654	486	-3.5999346
917	486	-3.6005845
558	663	-3.604102
929	632	-3.6042416
855	544	-3.6057775
891	554	-3.6061618
843	665	-3.610851
927	112	-3.611564
549	672	-3.6137521
891	195	-3.615145
927	96	-3.6159692
846	581	-3.617098
828	585	-3.61806
938	327	-3.6248212
504	651	-3.6287038
800	575	-3.6288393
869	552	-3.6334596
944	486	-3.6419046
930	312	-3.6473567
809	619	-3.6489878
899	549	-3.6542916
911	531	-3.6544259
679	462	-3.6546273
746	665	-3.6625493
706	581	-3.664497
753	619	-3.6655393
940	520	-3.6670024
692	678	-3.667061
788	488	-3.6681104
922	519	-3.670548
786	27	-3.6739163
711	647	-3.6751819
746	627	-3.676892
850	579	-3.6806977
918	517	-3.6810036
857	531	-3.6824155
728	468	-3.682548
788	581	-3.6832478
802	502	-3.6847515
931	231	-3.6859238
889	546	-3.686319
695	405	-3.6864524
832	652	-3.6901023
929	523	-3.6935163
632	550	-3.6967049
854	563	-3.7004206
715	579	-3.7023482
893	648	-3.7042518
702	650	-3.7051742
739	631	-3.7053087
711	587	-3.7054856
871	181	-3.706081
924	212	-3.7067504
669	488	-3.706792
902	33	-3.7097428
822	459	-3.7114804
856	536	-3.712539
861	430	-3.7127314
951	578	-3.714681
781	515	-3.71756
925	88	-3.7191753
816	561	-3.723469
680	564	-3.7242405
943	381	-3.7244925
703	440	-3.7245212
934	620	-3.725023
893	515	-3.7266507
710	568	-3.726845
892	447	-3.7269328
840	30	-3.7290447
601	614	-3.7299418
891	638	-3.736235
904	345	-3.7364695
699	587	-3.7396166
779	594	-3.7434313
765	611	-3.749604
710	638	-3.750613
910	31	-3.7535067
683	570	-3.7572715
914	650	-3.759348
894	476	-3.760136
701	451	-3.7604518
813	566	-3.7642198
867	635	-3.765912
658	583	-3.766743
678	450	-3.7687516
745	619	-3.769514
775	520	-3.7709007
779	536	-3.7709312
862	455	-3.7709637
773	650	-3.7710772
711	419	-3.771584
698	657	-3.7743475
698	666	-3.7787166
683	461	-3.7794888
610	645	-3.7808154
606	624	-3.7849958
806	499	-3.7864938
836	575	-3.793053
806	465	-3.7955444
861	32	-3.7962942
894	250	-3.797166
907	420	-3.7994742
717	641	-3.8001258
851	591	-3.8014386
772	629	-3.8017333
801	475	-3.804341
837	558	-3.8072705
127	27	-3.8126066
902	398	-3.815042
872	346	-3.8166943
704	596	-3.817813
933	629	-3.8190937
809	355	-3.8204906
669	496	-3.8241174
942	589	-3.827623
825	558	-3.8282347
930	483	-3.8291893
824	506	-3.8292964
819	502	-3.8293617
835	594	-3.8340216
840	599	-3.83432
680	677	-3.8354278
925	592	-3.83796
772	23	-3.8408034
898	402	-3.8424292
706	639	-3.8427815
705	670	-3.8428972
693	652	-3.84417
689	562	-3.8448176
670	603	-3.8453877
935	517	-3.8470078
923	512	-3.8477535
820	591	-3.847985
793	627	-3.8498359
924	489	-3.850002
885	644	-3.855324
869	527	-3.855421
879	554	-3.856288
755	615	-3.8673625
820	558	-3.8680446
811	418	-3.868879
839	587	-3.8714528
537	681	-3.8727663
838	591	-3.8747985
845	441	-3.874844
588	632	-3.877561
788	23	-3.8782876
804	506	-3.878597
905	524	-3.8833275
749	617	-3.8839848
689	438	-3.8842945
812	331	-3.8847005
887	621	-3.8869658
697	452	-3.8870475
854	461	-3.888605
684	485	-3.8888025
907	604	-3.8905761
788	595	-3.8911908
884	448	-3.8915193
938	319	-3.891874
922	32	-3.8922694
845	661	-3.8932567
846	39	-3.894195
833	603	-3.8963761
834	475	-3.8966277
888	242	-3.9004996
949	586	-3.901214
665	481	-3.9032998
825	383	-3.9033244
736	655	-3.904832
814	576	-3.9054332
938	379	-3.9054391
682	395	-3.9054518
675	470	-3.906729
668	468	-3.9070492
939	392	-3.9089148
688	468	-3.912752
843	552	-3.9132154
926	116	-3.9132323
740	665	-3.9137719
915	646	-3.9144173
940	485	-3.9154353
623	599	-3.9154694
753	513	-3.917125
675	464	-3.9172616
892	264	-3.919243
879	524	-3.9210582
930	505	-3.9214725
929	622	-3.9242308
815	613	-3.9255407
927	201	-3.9323695
675	491	-3.9324245
734	552	-3.9358132
732	467	-3.9374387
928	513	-3.9383967
745	472	-3.9431393
914	382	-3.9458117
847	666	-3.9469006
931	375	-3.947202
676	569	-3.947837
693	437	-3.9491436
910	481	-3.952387
794	479	-3.9524238
811	669	-3.956106
901	543	-3.957614
792	636	-3.9606166
683	672	-3.960866
918	629	-3.9635432
693	423	-3.965187
905	494	-3.96635
926	612	-3.9689999
828	481	-3.9690554
719	634	-3.9704728
688	677	-3.971198
867	577	-3.9713845
661	482	-3.9795868
897	644	-3.9810386
865	534	-3.9820974
597	628	-3.9833386
757	506	-3.9843342
715	566	-3.9846108
703	663	-3.9847581
853	532	-3.986239
30	156	-3.9885466
632	539	-3.9901464
887	238	-3.9919386
744	655	-3.9921024
617	641	-3.9932826
918	495	-3.9934042
896	464	-3.993812
677	458	-3.9947057
766	498	-3.9972906
883	548	-3.997658
910	527	-3.9984896
542	676	-3.9989662
762	648	-4.0031667
733	631	-4.0040154
853	435	-4.0069523
890	294	-4.008245
927	37	-4.0091643
715	645	-4.0113325
701	436	-4.0120153
950	574	-4.0146785
914	528	-4.0156884
760	613	-4.019886
676	475	-4.020777
756	650	-4.0229034
872	422	-4.023175
706	573	-4.023307
763	634	-4.0253844
695	675	-4.0264764
939	494	-4.027057
739	548	-4.028054
682	448	-4.0281506
878	652	-4.0295577
778	642	-4.0297737
763	532	-4.0299716
679	487	-4.032132
867	452	-4.033744
927	120	-4.0355954
686	589	-4.036368
744	516	-4.037532
675	563	-4.0384107
859	585	-4.0400243
772	635	-4.0458717
690	452	-4.04725
687	464	-4.04805
877	558	-4.0504456
836	669	-4.0509653
679	479	-4.054355
794	335	-4.0545473
820	613	-4.0552626
844	22	-4.0564256
950	582	-4.059704
869	569	-4.0607114
823	562	-4.0633864
650	618	-4.064242
808	561	-4.0647516
901	643	-4.065468
637	549	-4.067801
927	237	-4.0682607
887	656	-4.0687995
900	611	-4.07047
906	390	-4.0729876
711	4	-4.0732822
882	440	-4.076154
846	469	-4.076963
936	600	-4.0781612
740	468	-4.078605
586	628	-4.0792913
694	466	-4.082072
936	236	-4.083958
629	633	-4.0896792
916	620	-4.0897894
887	550	-4.0908117
709	407	-4.091882
885	234	-4.092094
883	244	-4.0926948
851	464	-4.093624
711	581	-4.095037
704	585	-4.0960937
779	519	-4.096461
916	196	-4.096903
720	638	-4.0980844
800	329	-4.098496
640	541	-4.0996246
772	646	-4.1002316
689	407	-4.102981
938	587	-4.1087675
817	510	-4.1089797
929	326	-4.1117454
891	328	-4.113933
890	249	-4.116038
769	601	-4.1162095
782	617	-4.116818
764	5	-4.1168633
27	144	-4.118734
571	607	-4.1187463
893	547	-4.119006
784	594	-4.1194143
822	605	-4.1201744
784	654	-4.1202936
846	57	-4.1213737
680	597	-4.1223116
914	37	-4.125705
658	485	-4.126733
934	313	-4.127885
880	415	-4.13214
817	565	-4.1327276
908	505	-4.1334953
727	529	-4.1335545
593	617	-4.1339192
756	640	-4.1347327
893	406	-4.1353664
780	31	-4.136996
880	32	-4.137472
505	647	-4.137505
874	448	-4.13769
835	28	-4.1383486
640	649	-4.1396947
643	623	-4.141055
799	585	-4.1413393
29	151	-4.141468
671	492	-4.1421523
865	341	-4.1442986
685	564	-4.1453276
816	419	-4.145843
814	502	-4.1474905
857	431	-4.1489863
865	33	-4.1490517
682	456	-4.149883
913	499	-4.1500163
875	568	-4.1516314
677	31	-4.1526647
869	338	-4.153923
897	447	-4.154078
866	658	-4.1551504
762	642	-4.156988
750	664	-4.1575737
861	577	-4.1580615
844	538	-4.159728
930	519	-4.1626096
691	670	-4.165695
618	599	-4.165723
689	422	-4.166781
927	65	-4.1674833
738	669	-4.1691265
900	162	-4.1692257
888	262	-4.1704764
916	635	-4.170944
892	492	-4.1716843
741	617	-4.1718297
747	670	-4.17425
749	623	-4.176354
861	571	-4.1769695
827	379	-4.1788497
897	509	-4.179317
774	602	-4.1803536
700	599	-4.182662
928	308	-4.18336
886	258	-4.18433
825	496	-4.1844006
810	570	-4.1851783
671	463	-4.1885724
918	524	-4.1885753
792	25	-4.188678
888	254	-4.1940117
848	219	-4.195433
881	624	-4.19574
631	593	-4.197034
700	425	-4.2012134
777	654	-4.2016096
785	485	-4.2034726
920	411	-4.20713
781	481	-4.2075624
795	329	-4.20919
951	570	-4.2104797
948	485	-4.21247
733	522	-4.2147884
902	482	-4.2152247
771	5	-4.222542
793	585	-4.2234874
885	328	-4.2250123
929	590	-4.226771
772	493	-4.227109
850	643	-4.2280283
745	651	-4.229337
787	634	-4.231189
927	527	-4.2315702
797	32	-4.240145
800	628	-4.242598
838	22	-4.2439966
839	666	-4.2441373
877	520	-4.24472
918	641	-4.2496243
864	424	-4.250328
721	452	-4.250765
927	480	-4.251349
793	642	-4.252393
837	38	-4.253104
905	539	-4.25342
761	657	-4.253755
653	614	-4.254122
725	631	-4.2544723
587	624	-4.256018
810	578	-4.25659
858	638	-4.2572937
900	341	-4.2594757
799	420	-4.2642703
841	37	-4.265753
955	577	-4.265867
912	199	-4.265968
900	531	-4.266669
697	430	-4.268307
570	673	-4.269172
813	595	-4.274418
924	523	-4.274719
827	387	-4.2758794
873	341	-4.2763567
898	488	-4.280326
938	314	-4.280771
944	518	-4.281787
685	481	-4.281818
920	376	-4.283039
877	420	-4.284027
874	654	-4.2855144
842	545	-4.287159
878	444	-4.2878747
891	660	-4.2895055
788	480	-4.2898088
934	482	-4.290099
767	533	-4.290238
873	561	-4.290512
916	75	-4.2907815
902	507	-4.29332
907	78	-4.2948275
674	480	-4.295812
903	528	-4.2966022
796	569	-4.3001785
797	339	-4.302267
647	621	-4.3030653
820	486	-4.304174
910	625	-4.304667
715	6	-4.3062196
829	601	-4.306545
806	339	-4.3074613
634	597	-4.30801
932	514	-4.3099375
716	587	-4.310688
911	312	-4.311355
788	614	-4.311419
694	664	-4.313479
685	439	-4.314562
842	669	-4.315696
938	240	-4.3181434
880	517	-4.3186965
739	454	-4.3197417
871	175	-4.3214216
709	415	-4.321725
546	669	-4.3234262
928	318	-4.323952
812	652	-4.3240895
884	413	-4.324585
883	566	-4.324678
699	407	-4.3262534
637	537	-4.3270426
888	541	-4.3280945
932	526	-4.3290524
718	97	-4.3294497
846	228	-4.331598
673	452	-4.3332505
590	662	-4.3333654
699	580	-4.3348274
700	446	-4.337068
914	631	-4.3387294
678	559	-4.3395243
800	606	-4.340098
650	485	-4.3401175
862	531	-4.340584
553	663	-4.3409395
928	146	-4.3439765
749	650	-4.34698
587	616	-4.3499107
673	459	-4.349965
774	486	-4.350545
670	572	-4.351168
913	599	-4.353516
821	566	-4.3554683
938	232	-4.356876
865	581	-4.359129
797	631	-4.3596945
595	657	-4.3607097
897	554	-4.361697
896	541	-4.3635635
689	446	-4.364095
816	490	-4.364198
918	653	-4.364369
696	600	-4.3644795
855	577	-4.364614
782	633	-4.3653965
697	9	-4.3656654
846	50	-4.3677907
671	471	-4.367834
887	648	-4.367867
778	540	-4.3681273
927	84	-4.3687854
863	146	-4.3687887
900	353	-4.370346
815	605	-4.371503
789	630	-4.374871
617	652	-4.375366
869	349	-4.3756633
543	672	-4.375992
809	336	-4.37656
833	496	-4.379595
736	469	-4.3799195
4	178	-4.3835335
720	667	-4.383835
686	449	-4.38441
666	499	-4.386625
953	585	-4.387146
818	498	-4.387336
734	452	-4.388312
63	94	-4.3885894
558	680	-4.392447
676	26	-4.3945327
930	618	-4.397954
894	292	-4.399413
892	269	-4.4030104
759	4	-4.404383
724	467	-4.4045715
920	491	-4.4068456
708	594	-4.407048
927	191	-4.407116
593	629	-4.40723
896	342	-4.407355
908	73	-4.407575
640	546	-4.4082923
812	557	-4.408554
805	623	-4.4097433
829	591	-4.4101834
59	96	-4.4104147
907	532	-4.410517
701	418	-4.4128723
942	377	-4.412915
813	225	-4.4138856
823	599	-4.4140544
709	540	-4.414433
932	237	-4.4155593
283	555	-4.415676
603	570	-4.417297
833	580	-4.4184914
834	544	-4.4186177
908	636	-4.4198213
886	267	-4.41995
768	22	-4.422297
841	541	-4.422348
797	476	-4.4225264
29	22	-4.4232535
767	636	-4.4259944
810	623	-4.426001
852	665	-4.4260874
893	175	-4.431743
932	322	-4.4320292
946	579	-4.433542
832	671	-4.4336066
603	654	-4.4337006
824	590	-4.434274
802	582	-4.434713
900	427	-4.4352317
850	536	-4.4353476
684	678	-4.4357204
945	585	-4.436419
912	638	-4.436447
881	248	-4.4367437
893	442	-4.4372005
851	29	-4.4379134
719	4	-4.4382725
908	600	-4.4425716
701	545	-4.4434175
664	467	-4.4444475
623	652	-4.4504952
888	449	-4.4508367
767	8	-4.4509964
815	415	-4.453098
608	607	-4.4543667
666	609	-4.455634
891	187	-4.455878
785	584	-4.4578514
948	590	-4.461064
792	576	-4.4631367
918	658	-4.463605
882	656	-4.4637156
834	21	-4.4643526
895	469	-4.4663777
898	433	-4.4672766
644	592	-4.467412
922	527	-4.467684
873	629	-4.4684033
62	99	-4.4703603
887	332	-4.4747295
739	472	-4.4750247
929	403	-4.4757395
919	100	-4.476155
936	332	-4.4764104
846	549	-4.483132
758	27	-4.483449
766	645	-4.483913
717	583	-4.4856977
885	544	-4.486126
743	458	-4.486412
701	8	-4.4868045
771	529	-4.487581
688	10	-4.487841
927	128	-4.4888535
717	494	-4.491453
714	636	-4.492389
832	558	-4.492735
854	641	-4.4930577
928	124	-4.4939747
785	477	-4.494477
698	649	-4.4961934
748	512	-4.498143
754	7	-4.498184
773	539	-4.499616
723	531	-4.5011835
915	103	-4.5020614
818	69	-4.5024757
791	590	-4.503472
811	351	-4.5102005
891	500	-4.511503
771	544	-4.512623
827	595	-4.513147
700	458	-4.514883
892	542	-4.515672
707	501	-4.516552
910	491	-4.517569
600	618	-4.517869
944	619	-4.51788
798	472	-4.517894
603	558	-4.5180197
915	539	-4.518332
868	573	-4.5199614
939	515	-4.5201554
923	197	-4.523851
828	507	-4.5244803
662	492	-4.524565
699	661	-4.524601
810	614	-4.5254292
907	196	-4.525454
680	440	-4.5260677
768	487	-4.527002
925	79	-4.5272574
893	643	-4.527676
886	663	-4.529817
887	481	-4.5300198
891	353	-4.5301557
890	199	-4.5319324
902	391	-4.5329795
670	475	-4.5338964
855	571	-4.534718
709	634	-4.536239
923	208	-4.538292
927	75	-4.538952
801	467	-4.540216
836	70	-4.5407166
848	594	-4.543093
930	212	-4.54351
869	563	-4.5454707
580	670	-4.546934
912	421	-4.547171
912	438	-4.5474463
901	167	-4.5477476
687	457	-4.5484786
896	161	-4.5491166
796	651	-4.552573
818	617	-4.5555587
740	656	-4.555796
691	461	-4.556184
691	479	-4.5589323
751	613	-4.5590143
789	511	-4.559474
847	232	-4.5613494
869	333	-4.564284
822	225	-4.5643115
888	271	-4.5659637
910	545	-4.5665846
701	395	-4.566948
933	379	-4.5676694
688	595	-4.5680766
824	455	-4.568176
807	671	-4.569523
823	5	-4.5733857
933	588	-4.575985
694	539	-4.5766783
720	8	-4.5784745
945	490	-4.5794234
791	485	-4.5803604
831	597	-4.5806947
678	445	-4.584556
889	340	-4.5860214
647	643	-4.5863514
904	549	-4.5888305
835	588	-4.589222
901	537	-4.5895047
861	661	-4.59106
613	568	-4.591738
625	29	-4.595028
934	510	-4.5973105
896	437	-4.5985546
778	648	-4.5990586
703	502	-4.6013985
695	583	-4.601416
838	42	-4.6019645
793	509	-4.6032
890	299	-4.6057787
758	8	-4.6064997
812	325	-4.6076603
841	581	-4.6097403
824	28	-4.6102524
885	175	-4.6104245
718	480	-4.611205
900	58	-4.611307
797	565	-4.612481
893	559	-4.6135693
858	618	-4.6136513
879	448	-4.6141486
912	654	-4.6143804
847	531	-4.6160884
682	470	-4.6167235
892	482	-4.616878
907	212	-4.6169133
612	649	-4.617292
870	32	-4.621596
841	25	-4.622641
697	443	-4.623097
945	386	-4.6231465
787	591	-4.6235857
907	630	-4.6237144
701	481	-4.624153
638	626	-4.6249113
505	642	-4.625803
898	483	-4.6260033
701	403	-4.6264586
697	399	-4.6289387
878	358	-4.6296206
930	206	-4.631163
60	91	-4.6313663
730	472	-4.636535
639	645	-4.6387672
775	4	-4.6410465
743	8	-4.6410866
778	523	-4.641573
936	244	-4.6449213
628	652	-4.646244
896	257	-4.6463885
947	515	-4.648883
881	332	-4.6490617
127	10	-4.650505
813	512	-4.650953
749	6	-4.6510835
818	569	-4.65229
855	588	-4.655241
579	637	-4.6555934
907	310	-4.656655
631	535	-4.6575394
688	600	-4.6586313
807	503	-4.659957
891	179	-4.660027
850	183	-4.6600904
734	621	-4.660733
574	672	-4.6613164
921	626	-4.6643558
802	31	-4.664798
855	145	-4.666029
26	154	-4.666611
707	6	-4.666916
789	641	-4.667209
812	31	-4.6678767
706	589	-4.667991
896	246	-4.668126
914	190	-4.67033
883	444	-4.6718245
682	476	-4.6727977
631	27	-4.6747274
800	424	-4.6751556
923	95	-4.675449
899	36	-4.6782184
639	595	-4.678626
951	479	-4.680658
854	617	-4.6808357
785	628	-4.6821284
781	27	-4.6823354
696	448	-4.682808
889	408	-4.6834474
513	646	-4.6837077
684	424	-4.6839905
823	375	-4.6842012
938	481	-4.68433
879	563	-4.6866026
733	625	-4.687042
751	458	-4.688376
741	623	-4.6910634
829	494	-4.691519
911	345	-4.692214
687	673	-4.694128
851	575	-4.694685
936	228	-4.69495
928	241	-4.694964
861	157	-4.6953797
907	328	-4.696856
867	183	-4.6973834
959	574	-4.697724
766	26	-4.6989846
806	602	-4.702645
835	656	-4.7042737
839	232	-4.7052345
901	464	-4.7052765
950	566	-4.7053137
756	611	-4.7088094
896	658	-4.710654
690	483	-4.7121444
892	438	-4.712295
841	657	-4.712554
692	11	-4.7130713
624	33	-4.7135253
749	658	-4.7137218
814	343	-4.7138977
814	6	-4.7139816
945	481	-4.7145524
808	514	-4.714723
646	654	-4.71513
881	513	-4.7151585
810	500	-4.716108
645	549	-4.71696
918	69	-4.71786
664	576	-4.7202525
671	32	-4.721933
812	632	-4.7227526
821	512	-4.722802
732	460	-4.7228727
920	77	-4.72413
746	613	-4.7241955
931	476	-4.7244515
837	494	-4.725057
826	604	-4.726038
613	601	-4.726885
708	577	-4.729787
738	464	-4.730666
913	523	-4.7313347
869	343	-4.731452
778	631	-4.732462
803	651	-4.7332034
737	460	-4.735744
538	677	-4.735954
905	341	-4.738035
845	45	-4.7389708
694	151	-4.7410536
707	454	-4.7420406
916	378	-4.744364
697	171	-4.7445226
903	606	-4.744886
125	31	-4.7452197
732	146	-4.74597
732	556	-4.746325
684	408	-4.7464437
509	651	-4.746572
679	673	-4.747694
788	651	-4.747958
848	23	-4.748293
895	327	-4.748399
942	313	-4.749912
860	560	-4.7505145
917	531	-4.7506475
689	474	-4.750838
817	32	-4.7531223
949	379	-4.7532067
659	489	-4.7532697
915	57	-4.755572
927	53	-4.756172
717	459	-4.7563653
862	617	-4.7577934
802	343	-4.757888
792	568	-4.7599244
682	549	-4.761527
774	8	-4.7624283
610	555	-4.7631536
803	333	-4.764017
940	593	-4.7650366
921	593	-4.7679214
940	621	-4.7685075
837	84	-4.768558
825	510	-4.7685957
913	341	-4.768608
692	457	-4.7692738
789	351	-4.7697062
801	561	-4.7702985
906	424	-4.7704477
714	574	-4.770581
921	91	-4.773231
823	609	-4.774398
838	55	-4.7749557
890	562	-4.778639
903	631	-4.778789
606	619	-4.7806334
873	521	-4.781606
689	544	-4.781846
896	266	-4.7829614
927	142	-4.7841015
65	90	-4.7848287
840	442	-4.7871227
881	353	-4.7879815
797	581	-4.7886157
703	4	-4.790322
915	41	-4.7911625
767	607	-4.791717
634	654	-4.7917857
694	594	-4.792454
907	437	-4.793051
932	400	-4.7945404
779	589	-4.7956867
797	508	-4.795891
708	458	-4.7971544
938	374	-4.799273
586	620	-4.799985
826	652	-4.8004837
876	33	-4.8015857
836	554	-4.8043456
949	511	-4.804656
890	286	-4.805208
694	482	-4.805312
954	581	-4.805416
746	453	-4.806114
910	384	-4.806666
855	151	-4.807692
831	446	-4.8077593
681	32	-4.80907
927	407	-4.809417
904	503	-4.809853
866	157	-4.809867
743	568	-4.8107386
701	644	-4.811506
680	27	-4.8115563
690	588	-4.8130584
696	434	-4.814135
919	193	-4.814677
934	421	-4.818425
873	574	-4.8209844
839	550	-4.8218117
287	545	-4.822011
695	660	-4.822135
706	419	-4.822896
835	665	-4.8238683
628	35	-4.8246117
865	567	-4.8250155
815	460	-4.825117
925	628	-4.82527
773	19	-4.826064
801	624	-4.826381
727	146	-4.8279114
865	627	-4.8287106
930	613	-4.829037
520	643	-4.8300695
895	307	-4.8311973
611	35	-4.8318305
725	451	-4.8321075
702	487	-4.8338056
789	586	-4.839332
877	354	-4.8393774
916	420	-4.839709
691	416	-4.839986
897	536	-4.8402185
125	23	-4.840425
672	618	-4.8415837
914	70	-4.8421865
926	314	-4.8424993
131	26	-4.84387
887	318	-4.8446765
827	670	-4.845479
864	632	-4.8469634
716	452	-4.848833
925	375	-4.8502955
938	224	-4.851402
753	643	-4.852078
602	625	-4.852978
914	534	-4.8538265
837	583	-4.8550553
889	444	-4.8553147
819	601	-4.8561234
777	23	-4.8561997
949	612	-4.856715
942	614	-4.8583927
809	343	-4.86082
635	629	-4.8649373
716	570	-4.866198
919	65	-4.8662634
656	493	-4.8668914
867	144	-4.8673587
730	628	-4.8701296
761	609	-4.870991
727	463	-4.8719463
695	418	-4.872325
708	496	-4.8724103
889	495	-4.8736
942	582	-4.874224
798	325	-4.8757596
712	451	-4.8759847
838	74	-4.877691
686	669	-4.8780885
920	633	-4.878202
805	617	-4.878766
885	37	-4.880988
833	379	-4.8817663
752	298	-4.8818574
672	70	-4.8819795
882	665	-4.8829484
565	607	-4.883424
815	670	-4.884787
923	105	-4.885584
771	535	-4.886471
915	626	-4.8867216
795	573	-4.888117
820	672	-4.8889227
677	496	-4.889129
818	5	-4.8912177
713	497	-4.891366
848	436	-4.8916383
893	332	-4.891829
946	572	-4.8918934
853	187	-4.8923264
837	539	-4.8941994
822	386	-4.8945484
645	533	-4.8950953
682	668	-4.8951464
582	634	-4.8958893
860	627	-4.8963537
934	606	-4.896754
897	333	-4.8985953
696	679	-4.8990088
717	670	-4.8997397
888	290	-4.900851
817	333	-4.901558
925	623	-4.902424
644	650	-4.9038305
901	437	-4.9041758
915	415	-4.906471
825	371	-4.906605
899	442	-4.9071307
282	560	-4.9106326
821	231	-4.9108734
620	649	-4.9119205
727	559	-4.912071
838	50	-4.9128456
827	452	-4.9128947
919	645	-4.914412
735	4	-4.9149323
699	466	-4.915074
926	658	-4.9159107
887	438	-4.9160957
867	585	-4.9162884
675	681	-4.917236
704	448	-4.9172616
877	625	-4.9181914
905	334	-4.9185886
283	546	-4.9187713
903	433	-4.918992
880	346	-4.919029
812	347	-4.920111
750	471	-4.921809
558	655	-4.9225917
827	502	-4.923108
950	474	-4.9234686
936	616	-4.924543
873	553	-4.925042
866	152	-4.926816
923	83	-4.927065
893	496	-4.930249
647	589	-4.930889
595	570	-4.9311676
816	383	-4.931783
620	35	-4.9321027
852	597	-4.9322286
620	27	-4.932891
899	607	-4.9330883
641	550	-4.935225
644	544	-4.935231
666	477	-4.9389
842	41	-4.9390273
811	493	-4.940058
670	561	-4.940452
897	545	-4.941171
757	35	-4.941295
697	393	-4.943012
295	549	-4.9439874
840	662	-4.9449983
661	612	-4.9450455
938	308	-4.9454103
904	386	-4.9464655
25	158	-4.9466605
710	10	-4.9483943
760	344	-4.948604
943	514	-4.9490056
754	509	-4.949686
855	379	-4.9502826
914	62	-4.9511533
891	509	-4.954392
779	527	-4.9548187
931	221	-4.9550796
758	644	-4.955875
700	591	-4.9560175
701	429	-4.9561715
804	520	-4.9572196
923	63	-4.960153
295	555	-4.960492
751	465	-4.9610925
912	79	-4.9624786
567	676	-4.963211
868	556	-4.9636784
782	650	-4.964065
955	473	-4.9649405
817	494	-4.9659133
885	345	-4.96612
814	497	-4.9685516
932	227	-4.9694095
624	41	-4.9696193
796	635	-4.9697237
563	650	-4.970235
617	570	-4.9707723
794	619	-4.9713454
690	666	-4.97553
745	147	-4.975675
686	412	-4.9759936
916	596	-4.9772086
751	539	-4.9774947
704	498	-4.9788957
929	304	-4.9790087
641	641	-4.979031
697	414	-4.980349
899	44	-4.980807
902	497	-4.9813075
767	541	-4.981735
666	618	-4.984028
843	106	-4.985502
831	5	-4.986062
901	78	-4.98653
757	658	-4.98709
627	596	-4.987759
671	26	-4.9905567
927	60	-4.9911466
745	4	-4.9919677
912	74	-4.991999
575	603	-4.9932227
904	656	-4.9940434
710	480	-4.994454
861	459	-4.9949255
553	603	-4.9951124
846	68	-4.9969306
892	357	-4.999302
745	465	-5.000303
905	206	-5.000905
625	635	-5.0009284
868	523	-5.002516
895	346	-5.003092
953	375	-5.003314
938	524	-5.003626
764	298	-5.0040894
846	236	-5.0050287
922	479	-5.0051737
704	506	-5.0055523
850	607	-5.005947
855	137	-5.008342
696	456	-5.008377
32	72	-5.0090036
501	646	-5.0092974
768	494	-5.010996
611	573	-5.012996
928	428	-5.013765
675	555	-5.014509
897	503	-5.0145655
796	23	-5.0174255
814	621	-5.017894
910	185	-5.0192523
942	318	-5.020338
698	14	-5.020552
674	609	-5.020677
780	477	-5.023067
839	672	-5.0233564
903	443	-5.0234013
777	626	-5.0234694
811	459	-5.0234885
913	99	-5.0242352
926	71	-5.0243964
881	559	-5.025458
938	498	-5.027372
901	553	-5.0282774
828	29	-5.0289664
908	57	-5.0290513
636	650	-5.029147
720	468	-5.0294576
895	242	-5.0308833
644	539	-5.0315204
734	473	-5.034423
854	609	-5.034869
692	598	-5.034896
853	613	-5.0350704
595	27	-5.0356207
785	472	-5.0362625
894	300	-5.036267
850	51	-5.0366645
818	609	-5.0367785
865	528	-5.038897
876	550	-5.0409074
590	621	-5.0421486
680	491	-5.0422983
684	545	-5.042857
603	607	-5.045187
836	649	-5.046014
671	567	-5.04733
903	312	-5.048797
915	490	-5.048906
869	379	-5.0502815
862	151	-5.0502996
609	569	-5.050454
811	412	-5.0518064
893	488	-5.053717
533	680	-5.0538783
568	610	-5.053981
910	69	-5.0547175
846	670	-5.0548763
926	323	-5.055378
655	497	-5.055874
775	598	-5.055979
862	609	-5.0560846
709	0	-5.056565
913	433	-5.0577335
850	468	-5.05778
631	555	-5.0579133
938	476	-5.058436
740	627	-5.059148
933	308	-5.060371
784	22	-5.06209
877	246	-5.0621996
906	480	-5.0622177
925	635	-5.063667
932	330	-5.06526
1	181	-5.0661025
691	433	-5.066406
792	652	-5.0680747
806	613	-5.0681643
873	358	-5.0704207
850	616	-5.0708575
841	19	-5.0708914
898	252	-5.0710173
721	472	-5.0715313
693	7	-5.0718083
861	379	-5.0718975
954	573	-5.0720363
918	95	-5.0736656
922	327	-5.0748935
936	340	-5.075087
949	603	-5.0763564
899	62	-5.078793
719	533	-5.078804
815	387	-5.079145
818	74	-5.0795984
690	649	-5.0796585
739	518	-5.079693
498	649	-5.0804486
31	145	-5.0805607
764	21	-5.0805874
822	21	-5.080924
938	248	-5.083253
789	346	-5.083559
889	514	-5.0847063
904	639	-5.085032
794	29	-5.0851765
595	621	-5.0856695
860	633	-5.086295
946	615	-5.086686
719	565	-5.0879936
937	323	-5.0886755
856	664	-5.090497
837	5	-5.0912476
832	38	-5.0921206
830	69	-5.0922313
918	141	-5.0931034
611	27	-5.094675
895	35	-5.0950413
6	174	-5.0956492
898	640	-5.0963087
945	593	-5.09634
842	70	-5.0970607
693	429	-5.098017
701	169	-5.0987444
753	667	-5.099086
903	326	-5.0991907
852	22	-5.101762
943	373	-5.103299
691	487	-5.1055036
629	543	-5.10555
846	187	-5.106125
934	633	-5.10635
892	245	-5.1073775
881	238	-5.107688
569	603	-5.1084437
870	455	-5.108625
867	421	-5.108983
905	429	-5.109114
870	159	-5.1098757
796	524	-5.11046
704	407	-5.111539
694	587	-5.112288
727	660	-5.1127667
901	5	-5.1128273
926	233	-5.113792
741	476	-5.1144834
574	640	-5.114941
822	68	-5.1150184
781	582	-5.115313
720	476	-5.116669
693	31	-5.118798
34	22	-5.1188617
789	624	-5.1189017
827	550	-5.1192575
803	8	-5.1202416
868	631	-5.1213837
615	555	-5.122436
723	5	-5.123133
911	91	-5.1240206
713	456	-5.127131
876	414	-5.127333
826	70	-5.1278872
929	282	-5.12829
884	263	-5.1285787
879	37	-5.1298127
685	31	-5.1307044
832	383	-5.131088
908	315	-5.132022
713	406	-5.1329446
585	667	-5.133364
686	396	-5.136508
769	594	-5.1372657
936	583	-5.137353
904	350	-5.138624
595	558	-5.139284
919	87	-5.14039
854	181	-5.1403904
582	607	-5.140552
809	371	-5.1416903
879	242	-5.142713
723	574	-5.145876
717	499	-5.1459804
746	564	-5.146044
712	591	-5.1464386
645	639	-5.1480527
685	497	-5.149224
795	343	-5.1500797
944	624	-5.1523275
726	473	-5.1534653
930	636	-5.1587853
849	36	-5.159944
809	363	-5.1605716
930	424	-5.162831
874	366	-5.1638675
682	602	-5.1648545
26	148	-5.1653743
804	627	-5.17061
735	456	-5.1706533
893	183	-5.1715093
125	15	-5.1716905
830	545	-5.173121
606	611	-5.1740766
936	398	-5.1741443
859	183	-5.1748624
820	491	-5.1765347
755	283	-5.1765475
921	110	-5.176729
886	284	-5.17805
677	39	-5.1780834
633	634	-5.1786127
890	478	-5.179151
900	634	-5.179182
857	614	-5.179277
879	252	-5.179949
897	165	-5.1810102
846	103	-5.181411
928	277	-5.1821036
679	23	-5.1826725
922	73	-5.184441
718	485	-5.184978
804	422	-5.1860514
762	488	-5.1876864
607	678	-5.188648
959	472	-5.188877
844	601	-5.1896605
619	554	-5.190132
927	421	-5.1905904
807	460	-5.1914005
913	28	-5.192514
827	485	-5.192691
671	557	-5.1939015
901	449	-5.195301
665	471	-5.1953382
890	204	-5.1954813
918	535	-5.1956444
911	671	-5.195918
805	575	-5.1964264
929	89	-5.196624
833	479	-5.1967535
814	666	-5.1977034
807	652	-5.1984572
843	577	-5.199013
287	554	-5.199147
893	5	-5.200324
720	101	-5.2011046
850	602	-5.2013955
698	5	-5.202942
909	207	-5.2033277
614	644	-5.2035394
654	521	-5.2046843
821	652	-5.2051573
6	169	-5.2070227
943	309	-5.2070947
705	493	-5.207618
788	37	-5.208964
814	355	-5.20956
804	91	-5.2098083
721	582	-5.2106733
688	491	-5.211201
938	205	-5.2118063
714	0	-5.2119384
702	12	-5.21199
846	74	-5.212234
894	551	-5.2138996
581	602	-5.214676
889	232	-5.2159076
775	543	-5.2164564
766	537	-5.2168694
714	27	-5.217205
710	411	-5.2180414
636	533	-5.219463
703	399	-5.2198815
800	416	-5.219904
928	291	-5.220124
881	232	-5.2203927
820	27	-5.220804
633	641	-5.2214465
900	52	-5.2226377
854	191	-5.223689
754	663	-5.2243147
926	475	-5.225165
619	645	-5.227583
800	616	-5.2278986
911	105	-5.2281733
955	371	-5.229706
709	398	-5.229851
914	53	-5.232386
779	8	-5.2325172
708	403	-5.2330556
743	576	-5.2338853
909	340	-5.2339063
911	425	-5.2344646
833	550	-5.2352066
752	32	-5.235381
691	495	-5.2356195
738	480	-5.2362065
790	19	-5.2366037
901	90	-5.2368436
837	236	-5.2376537
931	431	-5.2378235
122	26	-5.2378736
902	74	-5.24036
884	516	-5.240771
718	12	-5.241155
695	410	-5.241174
804	515	-5.241807
880	372	-5.2427816
818	57	-5.242951
632	647	-5.242977
896	195	-5.2434287
818	85	-5.243651
674	677	-5.243823
810	7	-5.24422
674	604	-5.244549
889	566	-5.2450304
571	616	-5.2454233
736	8	-5.2468853
843	5	-5.248076
950	383	-5.249641
694	648	-5.249879
938	121	-5.2500267
722	27	-5.2500415
927	45	-5.250163
893	167	-5.2504706
892	163	-5.2505193
784	533	-5.250526
927	150	-5.250545
800	523	-5.2517996
740	4	-5.2522955
871	248	-5.2526584
654	481	-5.2533712
909	596	-5.253608
879	569	-5.254468
858	188	-5.254804
624	647	-5.255275
793	347	-5.2560654
617	668	-5.256589
885	296	-5.258064
898	294	-5.2599516
923	216	-5.2602844
897	473	-5.260363
837	228	-5.2609267
780	621	-5.261756
811	386	-5.262173
805	510	-5.264481
695	462	-5.2645316
857	155	-5.264625
914	45	-5.2646847
728	525	-5.2667565
810	359	-5.267755
859	5	-5.2679076
816	411	-5.269047
846	63	-5.2692747
898	357	-5.271401
716	536	-5.2739844
684	26	-5.27593
781	473	-5.2817554
684	403	-5.283277
953	601	-5.2858276
690	658	-5.2880707
949	489	-5.2888775
718	25	-5.288919
865	335	-5.291979
721	407	-5.2923484
680	423	-5.2927723
746	476	-5.2935147
942	304	-5.2935534
722	460	-5.2943277
731	565	-5.2945385
904	163	-5.29484
934	503	-5.297549
790	476	-5.300266
928	297	-5.3013287
599	572	-5.301989
819	456	-5.303406
861	368	-5.303537
658	1	-5.3037987
684	596	-5.304542
685	445	-5.3054314
823	669	-5.3054686
672	448	-5.306513
814	571	-5.3070407
762	9	-5.307775
877	116	-5.3085175
937	596	-5.3086905
704	426	-5.3103986
651	534	-5.3105426
788	466	-5.31116
938	272	-5.312663
911	213	-5.3128953
700	677	-5.3135405
869	366	-5.313684
637	637	-5.3141747
865	559	-5.3142595
885	167	-5.3157387
659	498	-5.319294
923	192	-5.323378
493	649	-5.323391
921	532	-5.324939
806	579	-5.3263574
810	605	-5.3269362
699	536	-5.3279853
867	5	-5.328435
949	470	-5.328838
710	488	-5.329801
944	567	-5.3298545
539	670	-5.33052
923	221	-5.330657
673	497	-5.33212
868	148	-5.333649
894	275	-5.3339243
693	470	-5.3342423
653	640	-5.3351088
919	106	-5.3357525
798	643	-5.336381
812	673	-5.3365154
720	578	-5.3369255
938	511	-5.3374286
827	6	-5.3381586
942	472	-5.3385515
816	556	-5.34119
847	84	-5.341499
902	157	-5.342578
6	182	-5.3427944
730	582	-5.3430843
674	614	-5.3435726
929	105	-5.3451195
723	563	-5.345169
934	612	-5.346051
777	531	-5.3474655
914	184	-5.3478994
825	37	-5.349199
832	57	-5.349604
890	128	-5.350261
730	574	-5.3508477
911	318	-5.3510785
705	635	-5.3524237
944	610	-5.352674
655	618	-5.353828
768	36	-5.3540835
794	470	-5.355614
609	602	-5.3573575
933	241	-5.3579693
742	278	-5.3589244
912	327	-5.3606586
863	140	-5.3613644
907	202	-5.361421
897	287	-5.3615985
827	608	-5.3619123
663	42	-5.364763
910	95	-5.3647704
693	445	-5.364895
885	485	-5.365016
907	90	-5.3652625
904	199	-5.365577
591	613	-5.365845
893	607	-5.365878
2	186	-5.3672075
858	462	-5.3675427
897	311	-5.3682976
842	53	-5.3694315
950	466	-5.3699794
648	70	-5.3736258
930	115	-5.3741946
946	376	-5.375893
906	292	-5.3773685
948	621	-5.3777027
875	179	-5.3780394
697	29	-5.3796625
863	4	-5.3817263
739	569	-5.38249
689	428	-5.382824
839	242	-5.3829336
769	18	-5.383679
898	40	-5.384088
694	503	-5.38568
784	446	-5.3858585
775	526	-5.3862996
920	622	-5.3866525
857	29	-5.3870177
938	604	-5.3876724
929	334	-5.387902
928	138	-5.3892865
877	333	-5.3894677
734	667	-5.389794
688	606	-5.389808
653	586	-5.391974
826	231	-5.392404
898	349	-5.392608
675	672	-5.393088
11	158	-5.3936577
703	510	-5.395778
831	500	-5.3964405
833	387	-5.396799
910	307	-5.3974276
758	501	-5.3977094
680	606	-5.3983397
696	155	-5.3987026
953	609	-5.398719
918	475	-5.4003086
727	4	-5.4019485
896	451	-5.403179
914	108	-5.403486
803	207	-5.404303
641	633	-5.4063554
46	23	-5.407091
759	537	-5.4078355
901	68	-5.408279
938	211	-5.4085374
737	575	-5.408753
633	545	-5.4097133
796	624	-5.4106865
841	86	-5.411293
810	628	-5.4126782
913	205	-5.413399
832	584	-5.4135475
855	4	-5.4145913
821	495	-5.4148645
576	607	-5.41495
846	215	-5.415803
808	421	-5.4166403
893	60	-5.4195504
856	592	-5.420233
637	554	-5.4203753
928	132	-5.421284
895	199	-5.4215856
722	13	-5.422981
938	218	-5.423643
919	53	-5.4241567
25	23	-5.424196
920	666	-5.424984
737	676	-5.425382
523	639	-5.4254823
821	61	-5.425951
765	491	-5.428933
491	680	-5.4290237
674	442	-5.4299607
938	302	-5.4302397
835	442	-5.4335213
872	415	-5.4335847
706	11	-5.433588
814	21	-5.4339623
783	525	-5.434755
800	25	-5.4350166
812	599	-5.4356804
845	181	-5.4367003
866	456	-5.439134
781	627	-5.4403925
684	391	-5.441349
737	624	-5.4417243
0	177	-5.4417734
866	176	-5.442185
913	494	-5.442961
831	667	-5.4436283
672	62	-5.4438396
910	157	-5.4448543
949	562	-5.448109
752	647	-5.4481845
703	467	-5.4494495
129	14	-5.4501905
812	516	-5.4509487
926	617	-5.4517217
806	347	-5.4522157
955	605	-5.452484
872	5	-5.452977
299	551	-5.454037
918	81	-5.454964
938	471	-5.4559836
824	673	-5.4576745
801	428	-5.4589806
897	303	-5.459471
709	484	-5.4596353
851	149	-5.4597874
666	70	-5.4610076
942	325	-5.4626303
922	618	-5.4628158
873	624	-5.463503
553	609	-5.4638405
939	276	-5.4645953
712	492	-5.465242
759	23	-5.465332
843	605	-5.465573
901	84	-5.466574
831	85	-5.4669952
826	490	-5.467357
918	61	-5.4679666
662	475	-5.4679985
755	463	-5.4686136
515	650	-5.46917
890	664	-5.469993
810	644	-5.4701686
949	594	-5.4702997
63	86	-5.4706016
547	665	-5.4707685
885	617	-5.4717417
750	10	-5.472099
743	662	-5.4726057
905	216	-5.4738007
841	78	-5.4741583
701	491	-5.4743114
899	468	-5.475448
918	116	-5.476766
874	184	-5.4767833
843	233	-5.4773903
823	405	-5.478056
855	90	-5.4785924
701	413	-5.479872
883	660	-5.4807286
959	579	-5.48451
901	175	-5.484818
921	637	-5.485695
729	578	-5.486129
676	424	-5.4866266
563	680	-5.4868913
669	457	-5.4875655
920	137	-5.4884615
891	336	-5.48851
599	622	-5.489002
799	648	-5.48942
627	642	-5.4896517
598	611	-5.4898806
827	225	-5.490341
860	567	-5.4906154
744	480	-5.491353
897	6	-5.4917436
646	487	-5.491895
860	591	-5.4926467
799	7	-5.4940786
714	11	-5.4952497
728	458	-5.495277
816	349	-5.496155
890	616	-5.4975266
885	372	-5.4976945
628	549	-5.4977
899	328	-5.4981666
685	430	-5.500591
282	550	-5.5009346
601	566	-5.50107
826	554	-5.503264
851	5	-5.503395
667	464	-5.503427
947	325	-5.503483
881	366	-5.5042353
829	21	-5.5052853
904	317	-5.5055566
729	488	-5.5056753
713	632	-5.50766
858	607	-5.5115
838	66	-5.5115724
769	589	-5.5116224
652	649	-5.511775
823	367	-5.512048
660	619	-5.5125318
772	35	-5.512555
824	390	-5.5128784
0	190	-5.5132957
645	0	-5.51334
643	646	-5.514038
728	668	-5.5142636
667	452	-5.51442
880	509	-5.5146003
802	323	-5.515355
765	658	-5.517051
621	594	-5.517557
948	520	-5.518879
909	549	-5.521299
950	616	-5.5225296
740	146	-5.522651
864	346	-5.5229635
851	528	-5.5231233
622	638	-5.523627
31	140	-5.5246067
731	2	-5.5247464
945	510	-5.5249367
838	224	-5.525118
892	191	-5.525535
918	38	-5.526455
949	372	-5.5271845
843	98	-5.527721
876	345	-5.5293856
801	632	-5.529835
820	417	-5.5312643
805	85	-5.531338
877	619	-5.531498
908	191	-5.5321083
871	580	-5.5324507
919	199	-5.532735
628	538	-5.533122
898	397	-5.534616
599	677	-5.534858
654	0	-5.535295
904	145	-5.535402
722	0	-5.5358872
887	610	-5.5363364
818	64	-5.537017
785	576	-5.537573
829	219	-5.538395
795	8	-5.539516
938	626	-5.5395846
13	154	-5.540365
833	42	-5.5410423
807	32	-5.541337
627	25	-5.5424585
842	609	-5.546268
630	31	-5.546412
893	254	-5.5468793
736	557	-5.547199
849	145	-5.547238
907	5	-5.547443
850	571	-5.548026
918	424	-5.5485563
724	9	-5.549172
681	681	-5.5496044
720	456	-5.550852
706	674	-5.55108
742	462	-5.55111
822	499	-5.551165
719	93	-5.552022
683	12	-5.5521674
606	573	-5.5539546
30	77	-5.554596
872	354	-5.5553117
934	573	-5.5561867
791	341	-5.5570545
510	641	-5.5571566
708	427	-5.557882
856	49	-5.5583262
661	630	-5.558476
783	468	-5.5585804
691	645	-5.5588975
920	419	-5.5591855
874	172	-5.5605073
835	508	-5.5607696
730	453	-5.560977
877	234	-5.561626
616	34	-5.562082
811	237	-5.5625687
887	354	-5.56335
854	601	-5.563388
914	477	-5.5637817
886	276	-5.5643544
926	531	-5.564529
853	103	-5.565096
927	245	-5.566067
906	119	-5.567128
921	331	-5.5678277
624	46	-5.5687084
648	647	-5.5701733
910	61	-5.5705643
909	500	-5.571363
659	579	-5.5720882
942	236	-5.572884
827	87	-5.573148
928	586	-5.5734386
793	615	-5.5735607
653	529	-5.57395
919	209	-5.574315
295	541	-5.5744085
904	56	-5.576309
896	128	-5.57722
924	430	-5.577355
925	425	-5.577397
850	224	-5.57762
820	35	-5.5778165
938	126	-5.5779305
653	517	-5.5800447
936	346	-5.580176
645	631	-5.5804887
940	568	-5.581128
291	556	-5.5816674
616	648	-5.583519
825	613	-5.583743
737	618	-5.583765
747	460	-5.585947
799	519	-5.587029
949	503	-5.5879664
848	191	-5.5888367
869	459	-5.5889044
907	102	-5.589962
957	477	-5.5906754
807	416	-5.5914283
769	657	-5.59149
938	280	-5.5918527
915	92	-5.5920644
706	600	-5.592159
719	573	-5.593201
641	527	-5.593427
740	552	-5.5946107
910	323	-5.594622
681	498	-5.595645
903	469	-5.5988464
736	628	-5.599172
887	161	-5.599973
719	259	-5.601004
859	193	-5.601446
685	665	-5.6016426
617	676	-5.6037965
907	581	-5.603998
908	380	-5.6042013
914	115	-5.6042686
889	348	-5.604605
927	286	-5.6053843
948	317	-5.605536
841	495	-5.6061726
914	543	-5.6062794
699	503	-5.6064963
796	221	-5.606749
801	511	-5.607025
953	380	-5.6074924
952	483	-5.607572
793	564	-5.6076236
79	29	-5.6076274
735	403	-5.6091933
681	41	-5.6095343
917	670	-5.6109123
894	284	-5.612228
599	658	-5.61352
893	504	-5.6142464
910	331	-5.614884
842	118	-5.6154475
783	552	-5.616707
853	637	-5.618141
888	474	-5.6199703
876	452	-5.621569
514	640	-5.6226025
942	478	-5.623436
913	658	-5.6263413
819	451	-5.628372
913	5	-5.628569
938	292	-5.628708
843	530	-5.6297626
957	570	-5.630716
877	229	-5.6311016
728	8	-5.6322684
860	425	-5.634132
664	624	-5.635511
649	538	-5.636964
797	639	-5.637476
938	579	-5.6376314
29	160	-5.6388674
668	622	-5.639265
744	65	-5.639969
873	111	-5.640185
764	286	-5.6402345
693	491	-5.6404357
640	531	-5.6425586
864	186	-5.6432157
931	581	-5.6443005
43	5	-5.644305
884	460	-5.6445603
838	603	-5.6451797
838	546	-5.645346
652	644	-5.6462255
731	476	-5.646917
806	23	-5.6471176
683	37	-5.6480694
726	391	-5.648566
2	173	-5.649073
912	376	-5.650988
813	648	-5.6511726
763	543	-5.652369
564	611	-5.652483
906	553	-5.654786
693	475	-5.6553574
773	588	-5.656636
745	572	-5.657933
948	309	-5.6584735
808	633	-5.658955
873	332	-5.659422
694	604	-5.660312
692	27	-5.6605864
873	380	-5.6626544
721	419	-5.663603
754	556	-5.6639743
801	55	-5.6648655
841	237	-5.666728
873	128	-5.666793
670	608	-5.6668053
572	611	-5.6670127
948	608	-5.6671352
813	656	-5.6687136
785	537	-5.669042
769	104	-5.6694455
845	379	-5.670355
785	434	-5.671132
898	477	-5.6718273
827	331	-5.6730304
48	5	-5.6735077
731	560	-5.676081
858	36	-5.677465
594	625	-5.6776195
824	244	-5.677766
709	391	-5.6780486
903	127	-5.6782775
809	665	-5.6788197
885	314	-5.679117
851	378	-5.6794825
710	28	-5.6798596
827	393	-5.68047
838	314	-5.680544
837	186	-5.68097
887	310	-5.6812854
856	632	-5.6813693
713	477	-5.681848
679	427	-5.682499
842	426	-5.682797
786	647	-5.682816
703	455	-5.6838517
26	140	-5.684502
811	405	-5.6862087
853	98	-5.6883507
837	79	-5.6889052
896	271	-5.6898713
727	570	-5.6900954
837	378	-5.6920705
816	651	-5.692076
850	382	-5.692772
938	506	-5.6932993
863	181	-5.694279
31	134	-5.694871
792	552	-5.6949434
888	5	-5.69509
831	541	-5.6957936
704	540	-5.696009
931	576	-5.6975713
896	56	-5.697734
738	399	-5.6978765
858	574	-5.698187
690	618	-5.698725
858	623	-5.6998825
909	40	-5.70183
700	495	-5.702047
917	342	-5.702526
617	563	-5.702653
642	627	-5.704556
904	61	-5.7045574
656	62	-5.705403
740	613	-5.707301
500	653	-5.7074604
648	62	-5.7080464
846	644	-5.709072
689	32	-5.7093787
675	35	-5.7114215
951	368	-5.7116747
810	170	-5.712297
750	454	-5.7126303
820	79	-5.71301
837	219	-5.7146473
599	556	-5.715623
841	377	-5.716993
726	677	-5.7171926
629	638	-5.7174807
927	29	-5.7176614
291	550	-5.7177587
557	611	-5.7188005
944	494	-5.718875
755	3	-5.7190638
847	576	-5.7196884
855	527	-5.7202983
903	600	-5.7213283
640	657	-5.7213583
671	38	-5.724454
795	422	-5.7245708
687	681	-5.724664
822	54	-5.725536
955	467	-5.7255735
942	577	-5.7256217
762	497	-5.725864
839	531	-5.7266526
738	564	-5.7282834
942	285	-5.7286735
705	435	-5.7291346
872	557	-5.7294216
729	99	-5.729492
882	613	-5.7302666
757	607	-5.7305236
710	151	-5.7305326
615	28	-5.730947
797	465	-5.731353
756	42	-5.731998
922	37	-5.7334747
689	653	-5.7340956
895	354	-5.7347746
895	261	-5.734826
865	460	-5.7349367
668	515	-5.735816
896	610	-5.7358828
796	656	-5.736313
893	613	-5.7375407
505	655	-5.737741
938	116	-5.7387757
891	48	-5.7388854
836	88	-5.7407556
719	105	-5.740769
834	8	-5.740783
812	320	-5.7409863
894	44	-5.742426
658	615	-5.7426434
850	56	-5.742944
900	603	-5.743166
859	147	-5.7437434
873	370	-5.744527
833	217	-5.744929
701	27	-5.7457438
684	493	-5.7459245
863	613	-5.748111
605	578	-5.748471
610	565	-5.748691
897	177	-5.748956
740	67	-5.7497387
926	271	-5.75142
842	145	-5.753715
724	455	-5.7542415
856	367	-5.755689
856	21	-5.7565427
824	449	-5.7568593
6	22	-5.7576566
831	657	-5.758463
696	426	-5.7586207
788	656	-5.75956
27	128	-5.760228
648	86	-5.7607155
708	450	-5.7613006
922	657	-5.761981
847	19	-5.7619915
776	636	-5.762725
741	12	-5.7664466
877	147	-5.767253
594	661	-5.7674956
940	599	-5.7676816
887	324	-5.769649
840	489	-5.7704573
776	33	-5.7705436
772	12	-5.7708592
688	442	-5.7722397
902	171	-5.772685
666	559	-5.774433
922	642	-5.774457
816	515	-5.7751355
930	188	-5.7754855
857	141	-5.7761264
793	353	-5.7767124
821	39	-5.7771792
891	159	-5.777355
687	417	-5.777747
714	422	-5.777762
651	622	-5.778441
873	252	-5.7785606
821	658	-5.778608
931	216	-5.779336
721	464	-5.779727
677	667	-5.780443
756	459	-5.7805996
792	523	-5.781
934	427	-5.781166
906	68	-5.7815804
720	489	-5.7817407
843	82	-5.783185
786	18	-5.784659
812	423	-5.785611
506	634	-5.785722
847	6	-5.7857842
949	387	-5.7859106
915	212	-5.7865787
930	100	-5.787576
810	367	-5.78831
818	170	-5.788596
582	629	-5.789187
668	74	-5.7904587
829	53	-5.790583
850	669	-5.790991
817	226	-5.7911367
946	473	-5.7911806
924	412	-5.7920175
929	41	-5.7922206
754	38	-5.7927704
808	456	-5.7933345
765	603	-5.794312
776	446	-5.794778
636	542	-5.794907
642	486	-5.7959566
917	435	-5.79619
877	175	-5.7967134
819	389	-5.7970014
834	53	-5.7971964
731	617	-5.7978334
918	5	-5.7982893
918	124	-5.7989316
731	481	-5.799625
897	460	-5.7996397
832	489	-5.7999144
843	648	-5.7999625
940	331	-5.8003182
894	401	-5.8004327
599	562	-5.800959
947	477	-5.8014674
916	22	-5.8015833
826	546	-5.801651
825	75	-5.8027244
639	27	-5.803036
543	666	-5.8038235
660	468	-5.804389
688	16	-5.804919
780	4	-5.8060164
881	379	-5.8060837
781	19	-5.80657
858	376	-5.8066688
946	414	-5.806849
689	507	-5.8074474
847	108	-5.8075643
716	469	-5.8079076
922	115	-5.8086624
898	48	-5.808892
743	390	-5.809337
915	49	-5.810362
760	600	-5.8110285
615	574	-5.8116927
688	28	-5.8122473
837	18	-5.813189
805	225	-5.81441
809	574	-5.8149223
831	607	-5.815322
621	667	-5.816402
620	537	-5.817177
877	5	-5.817577
850	40	-5.819709
875	159	-5.8198247
870	171	-5.82017
898	392	-5.82021
0	195	-5.8212233
699	603	-5.82247
682	97	-5.823041
821	411	-5.823798
888	358	-5.825077
934	304	-5.8256974
784	36	-5.8257785
788	442	-5.826141
922	312	-5.826573
869	619	-5.8268104
881	327	-5.8273096
705	28	-5.827561
569	646	-5.8279495
628	646	-5.8283324
858	382	-5.8292513
865	364	-5.8300853
721	630	-5.8308244
705	129	-5.8315115
802	620	-5.8323073
833	49	-5.8327355
630	656	-5.833256
701	0	-5.8336296
793	648	-5.8336806
797	225	-5.833733
509	645	-5.834225
942	222	-5.834664
713	199	-5.83493
783	7	-5.835171
656	70	-5.8362384
939	268	-5.836651
876	516	-5.837827
924	662	-5.837935
818	20	-5.83811
882	357	-5.838962
627	554	-5.8393445
812	679	-5.8393826
898	280	-5.8399763
882	179	-5.8413334
915	119	-5.841479
697	166	-5.841791
791	572	-5.8418393
681	652	-5.842398
938	610	-5.842833
887	302	-5.8435616
849	611	-5.8436017
758	662	-5.8444476
885	464	-5.8450975
918	133	-5.8453245
41	23	-5.845374
651	635	-5.845762
900	242	-5.845913
901	22	-5.8462763
942	230	-5.8472714
954	567	-5.849387
700	32	-5.850255
589	666	-5.850612
874	462	-5.8516645
905	287	-5.851721
492	642	-5.8526692
652	654	-5.852836
752	292	-5.8537364
579	610	-5.8543277
681	613	-5.85438
698	532	-5.855304
849	100	-5.8559194
507	638	-5.855996
813	609	-5.856344
908	433	-5.8568354
810	639	-5.856859
685	473	-5.8574033
789	526	-5.857747
902	181	-5.8603845
867	37	-5.8609614
777	18	-5.8620396
545	621	-5.8621864
841	431	-5.862473
691	411	-5.8626
835	243	-5.8633165
66	98	-5.8679266
723	569	-5.86813
622	50	-5.8689904
841	102	-5.869341
804	558	-5.8695173
863	465	-5.870368
892	365	-5.870759
822	379	-5.8708215
677	19	-5.8711033
764	35	-5.8724356
836	500	-5.87311
808	519	-5.8732
927	158	-5.873563
765	17	-5.8736815
883	320	-5.8740835
758	50	-5.8745065
700	507	-5.874609
951	303	-5.8747873
932	472	-5.876598
9	177	-5.877093
952	589	-5.87726
873	658	-5.8772793
815	406	-5.8773255
674	76	-5.877865
7	159	-5.877926
53	4	-5.878893
697	479	-5.879383
293	545	-5.880323
884	6	-5.88168
721	147	-5.8819084
887	183	-5.8845806
892	52	-5.8860755
927	330	-5.886155
928	249	-5.886444
724	665	-5.8884587
844	437	-5.8885565
736	228	-5.8923326
831	554	-5.8923793
931	143	-5.892726
607	559	-5.8932962
917	429	-5.8941083
788	424	-5.894639
705	414	-5.89505
749	508	-5.895058
693	16	-5.8951254
848	489	-5.8954415
744	547	-5.895649
30	68	-5.896348
718	109	-5.8996663
886	42	-5.900132
694	624	-5.9012613
742	675	-5.9016433
938	111	-5.902314
710	675	-5.9023175
805	643	-5.902597
59	84	-5.902791
923	68	-5.9036074
913	87	-5.9042068
582	624	-5.904462
817	594	-5.9050097
905	123	-5.9059567
738	391	-5.906325
930	653	-5.907787
678	624	-5.908792
906	671	-5.908798
723	403	-5.908971
683	420	-5.9093904
889	487	-5.9097395
33	150	-5.910039
905	279	-5.910305
630	41	-5.910623
940	252	-5.9121423
788	329	-5.9130344
650	1	-5.9141464
932	417	-5.91628
0	23	-5.916721
665	628	-5.917444
902	358	-5.917644
905	176	-5.917806
752	286	-5.9181423
900	143	-5.9186153
861	342	-5.9195576
882	482	-5.9199004
889	174	-5.9203873
613	653	-5.9207883
668	681	-5.9213696
815	373	-5.921517
927	5	-5.922305
554	654	-5.922472
669	612	-5.923157
932	371	-5.9247465
790	8	-5.9261627
839	438	-5.9265814
896	187	-5.9275246
922	204	-5.9276605
903	283	-5.9284196
911	111	-5.929063
616	551	-5.929161
715	678	-5.929704
921	427	-5.9306026
133	8	-5.9312997
748	556	-5.9313464
559	651	-5.9314756
885	229	-5.932755
750	67	-5.932977
807	215	-5.9333
801	371	-5.9333262
866	413	-5.933391
688	511	-5.933998
899	28	-5.934036
752	48	-5.934642
603	673	-5.9354525
665	456	-5.935879
732	671	-5.936173
914	666	-5.936502
37	19	-5.9376287
820	550	-5.9380445
15	159	-5.9388976
942	291	-5.9388995
107	33	-5.940121
578	630	-5.940813
907	442	-5.941079
811	231	-5.941221
902	331	-5.9418178
769	96	-5.9421287
821	595	-5.9442906
709	183	-5.944356
922	652	-5.9443607
886	196	-5.9447207
693	395	-5.945219
854	37	-5.945822
895	318	-5.946091
837	525	-5.9473734
31	126	-5.9478416
697	187	-5.9480286
883	185	-5.9484725
943	393	-5.9485683
812	244	-5.9490666
692	441	-5.949075
833	75	-5.9494
686	656	-5.9499288
708	466	-5.9518776
909	82	-5.952372
701	306	-5.9524345
931	192	-5.9529934
687	434	-5.9535904
678	610	-5.9536786
792	213	-5.9537444
928	263	-5.9538603
697	219	-5.955045
898	299	-5.9562187
802	349	-5.9577703
784	670	-5.9582653
734	613	-5.958488
869	626	-5.9585624
702	640	-5.958815
907	108	-5.95955
776	480	-5.960691
865	21	-5.9613905
879	21	-5.9620824
827	656	-5.9626856
926	22	-5.964914
702	514	-5.965527
871	187	-5.9665337
121	12	-5.9682336
33	18	-5.968547
785	516	-5.9698243
690	403	-5.969985
705	430	-5.9702015
914	158	-5.9715347
847	431	-5.9724517
910	177	-5.974836
808	648	-5.975207
908	297	-5.9757023
760	493	-5.975705
816	631	-5.9764667
864	29	-5.9768662
842	229	-5.977579
942	605	-5.9783783
907	22	-5.9783893
877	657	-5.978484
668	41	-5.9788294
851	134	-5.9792485
930	34	-5.9812627
792	326	-5.981396
622	58	-5.9817576
809	249	-5.9821863
879	669	-5.9842377
807	609	-5.98456
822	237	-5.9853168
746	297	-5.9860344
834	65	-5.9860454
751	559	-5.989547
863	586	-5.9897137
687	615	-5.990307
796	541	-5.992109
676	523	-5.992644
802	612	-5.9934163
813	451	-5.993578
916	145	-5.9937634
749	145	-5.9941635
884	272	-5.9949946
822	9	-5.9975705
823	248	-5.998001
797	209	-5.998341
908	161	-5.9992065
21	22	-5.9996657
