x_coord	y_coord	score
667	87	-0.5881111
685	98	-0.82564706
663	85	-0.83240443
657	79	-0.86107177
671	91	-0.88657856
691	98	-0.9310224
739	138	-0.9550077
661	81	-1.0467507
753	148	-1.0515583
757	152	-1.08155
681	97	-1.1552073
822	94	-1.17743
671	86	-1.1866724
818	90	-1.2061906
743	140	-1.2080836
834	99	-1.2320464
749	144	-1.255488
627	61	-1.276008
634	61	-1.2834166
675	93	-1.2914426
826	95	-1.2971648
619	53	-1.3081846
738	134	-1.3102834
758	148	-1.3211178
734	133	-1.367223
625	53	-1.3682669
799	76	-1.389004
830	98	-1.3962749
748	140	-1.4049528
688	101	-1.4104738
668	83	-1.411291
760	156	-1.4208825
688	95	-1.4289036
662	89	-1.4331484
666	91	-1.4669688
653	77	-1.467275
677	98	-1.4770272
792	70	-1.4936186
796	73	-1.5344323
665	80	-1.5492427
814	89	-1.5693593
684	94	-1.5741999
849	114	-1.5765527
754	144	-1.578726
824	90	-1.5800742
823	202	-1.6031613
662	77	-1.6051335
675	88	-1.6076946
804	78	-1.6383594
720	125	-1.6429304
742	135	-1.6689433
626	69	-1.6891087
658	84	-1.6894882
748	148	-1.6909243
753	40	-1.6912575
626	57	-1.6975311
658	75	-1.6994699
694	101	-1.7061471
757	43	-1.7070137
680	93	-1.7173946
915	383	-1.7212698
744	144	-1.7234349
735	137	-1.7239022
819	200	-1.7354809
718	121	-1.746181
635	65	-1.7536845
752	152	-1.7572845
739	34	-1.7926407
651	73	-1.7978752
763	152	-1.8001604
846	109	-1.8148229
813	192	-1.817686
808	80	-1.822215
731	130	-1.8284104
817	196	-1.8540848
735	33	-1.8569189
818	95	-1.8763185
827	204	-1.8820181
631	57	-1.889937
792	75	-1.8930049
813	85	-1.8938023
615	49	-1.8981786
784	172	-1.899889
861	121	-1.9036124
840	105	-1.9100727
924	571	-1.9239714
593	34	-1.9274923
830	93	-1.9316945
864	124	-1.9541558
588	33	-1.95857
765	156	-1.9784873
868	126	-1.986423
876	133	-1.9867513
749	39	-1.9874057
850	118	-1.9987093
682	101	-2.001726
791	348	-2.0020847
631	64	-2.0100298
740	143	-2.0103033
838	101	-2.0248106
642	65	-2.0263307
622	65	-2.0264163
857	120	-2.0317318
813	197	-2.0433393
670	95	-2.0436904
647	74	-2.0507324
788	68	-2.0642056
919	648	-2.07131
871	129	-2.0776403
724	123	-2.0785918
727	129	-2.0840406
828	208	-2.0868666
621	57	-2.0917528
598	40	-2.0942562
730	134	-2.1079788
925	567	-2.1155624
621	49	-2.1174603
817	86	-2.1236458
577	32	-2.1277483
845	113	-2.1280122
767	262	-2.12855
599	36	-2.1307619
865	120	-2.1429083
714	123	-2.143939
882	134	-2.165977
800	80	-2.1663978
796	68	-2.1673198
807	188	-2.1690588
723	128	-2.1713104
892	420	-2.1724088
821	87	-2.174053
845	105	-2.1752667
696	105	-2.1760697
914	379	-2.180577
809	84	-2.189994
634	69	-2.200354
652	81	-2.2020004
773	56	-2.2122517
716	127	-2.218353
743	35	-2.2193966
854	116	-2.2247267
800	72	-2.2284188
788	176	-2.2425551
768	160	-2.248385
745	243	-2.2544348
842	349	-2.2571752
892	438	-2.2633355
584	34	-2.2659664
643	73	-2.2854753
619	68	-2.2868626
765	51	-2.2900574
731	138	-2.2909698
868	346	-2.2979844
835	95	-2.2982225
639	69	-2.2984178
630	70	-2.3075428
810	88	-2.3088589
674	101	-2.3089683
679	89	-2.311295
618	62	-2.3121035
793	177	-2.3139906
655	72	-2.314268
850	110	-2.3161693
672	82	-2.3177104
695	97	-2.3195615
847	561	-2.3204322
924	649	-2.3211365
812	81	-2.3242874
823	98	-2.3311722
712	114	-2.3377185
686	172	-2.3620262
817	204	-2.3736973
699	102	-2.3752608
692	94	-2.3756237
625	74	-2.3766594
788	73	-2.386788
629	51	-2.3923109
769	53	-2.393937
736	142	-2.3969846
857	586	-2.4028986
649	78	-2.413474
590	37	-2.4182246
752	139	-2.4185398
635	74	-2.4226444
842	110	-2.424189
893	424	-2.4242368
728	125	-2.4258416
856	231	-2.4330134
824	207	-2.4392192
925	497	-2.440006
755	156	-2.4451494
893	416	-2.4452374
919	382	-2.4472537
735	129	-2.4480767
892	412	-2.450085
784	178	-2.4580467
691	104	-2.4591706
863	557	-2.4596686
686	167	-2.4614544
791	173	-2.4617743
573	33	-2.4618018
886	137	-2.465134
746	136	-2.4681327
719	130	-2.4705114
805	83	-2.4720037
594	42	-2.4734442
744	239	-2.478536
589	43	-2.4791267
611	50	-2.4825895
644	77	-2.4834793
761	42	-2.4901812
780	60	-2.492775
745	40	-2.49507
842	343	-2.5143201
782	64	-2.518121
645	69	-2.5181696
639	61	-2.5220046
795	181	-2.5252419
893	434	-2.5316365
769	258	-2.5323913
915	388	-2.538168
726	133	-2.5410504
807	75	-2.5411325
872	134	-2.558917
699	109	-2.5594506
606	40	-2.559982
683	180	-2.5614862
805	184	-2.5621433
911	385	-2.5640898
718	41	-2.564747
707	112	-2.5651352
866	340	-2.568554
683	90	-2.568998
710	121	-2.5764709
814	201	-2.5783987
614	65	-2.5793076
779	175	-2.5808077
822	197	-2.5814824
585	30	-2.5834196
760	262	-2.5862334
741	39	-2.5909476
822	413	-2.603785
715	131	-2.6044307
874	423	-2.6044638
687	91	-2.6082304
669	79	-2.6088347
664	173	-2.6097245
650	69	-2.6100893
796	348	-2.6108823
753	45	-2.6113803
925	562	-2.6117423
792	65	-2.6124258
809	193	-2.6134846
920	161	-2.614993
877	129	-2.6176207
676	84	-2.6194873
703	107	-2.620956
721	135	-2.6245496
835	104	-2.633159
925	635	-2.635479
739	130	-2.6363494
581	31	-2.6452968
892	430	-2.6490798
855	112	-2.6527162
586	40	-2.6587381
708	34	-2.6602066
675	105	-2.6811416
614	53	-2.6844249
678	102	-2.6850438
925	383	-2.6867018
654	85	-2.6890407
821	409	-2.691527
880	461	-2.693094
853	121	-2.6947582
909	378	-2.695699
603	44	-2.6975272
867	556	-2.7034647
831	102	-2.7044477
925	575	-2.7045662
709	38	-2.7063265
787	64	-2.7094598
790	344	-2.7116568
866	561	-2.7142267
639	76	-2.714821
657	88	-2.7155576
680	85	-2.7163436
846	117	-2.7208512
914	157	-2.7225804
761	49	-2.723259
792	339	-2.733435
869	545	-2.734972
846	565	-2.7365642
731	32	-2.7393255
758	39	-2.754523
768	153	-2.7549996
764	259	-2.759645
843	101	-2.7605546
890	442	-2.7612793
759	144	-2.7662265
774	172	-2.7669947
912	523	-2.7682052
925	606	-2.7747216
888	141	-2.7805092
922	165	-2.7835577
631	76	-2.7836654
616	57	-2.7856925
611	62	-2.7881181
840	562	-2.7883217
867	131	-2.7894874
869	121	-2.7902803
594	47	-2.7915506
851	230	-2.7928004
761	160	-2.7928162
925	642	-2.7959964
773	160	-2.8009586
827	212	-2.8016276
749	34	-2.8019788
841	355	-2.8021405
777	57	-2.809077
670	100	-2.8139093
599	46	-2.8145232
741	147	-2.820748
872	419	-2.824119
580	35	-2.829355
924	583	-2.829404
607	47	-2.8309271
712	128	-2.8356206
663	94	-2.8358514
889	375	-2.8378906
910	158	-2.8397198
797	176	-2.8440852
863	347	-2.8534234
872	125	-2.855565
865	549	-2.857735
870	342	-2.859971
925	390	-2.8659463
773	51	-2.868092
680	177	-2.8690615
878	137	-2.8701925
715	118	-2.8704867
585	44	-2.8708866
829	89	-2.8713562
811	77	-2.871358
603	34	-2.8729718
647	65	-2.8737206
598	32	-2.8743181
788	170	-2.876823
762	147	-2.8786914
879	465	-2.8823888
797	309	-2.8855112
925	534	-2.8859699
881	457	-2.8880684
873	346	-2.8913147
795	78	-2.89197
888	538	-2.8940194
888	532	-2.8945134
768	57	-2.8952842
919	387	-2.9030704
683	161	-2.905589
682	173	-2.906363
820	208	-2.9069545
702	113	-2.9096868
858	124	-2.9120603
830	364	-2.9122016
913	161	-2.916099
859	560	-2.919845
592	30	-2.9229019
876	33	-2.924595
845	346	-2.9256372
874	428	-2.927256
849	106	-2.931545
845	381	-2.9320986
722	119	-2.93488
765	43	-2.9362037
756	49	-2.9365404
685	176	-2.9370615
788	182	-2.9396617
888	424	-2.9444678
612	46	-2.9481895
786	348	-2.9491212
925	491	-2.9500115
625	31	-2.951278
784	69	-2.9516642
925	618	-2.952943
719	45	-2.9544861
780	171	-2.9565907
889	435	-2.9572983
915	650	-2.9589565
772	261	-2.9606094
724	49	-2.963871
768	48	-2.9689338
881	130	-2.9707174
747	152	-2.9744046
714	39	-2.9750597
815	366	-2.9800348
666	97	-2.9823852
912	38	-2.9852314
882	477	-2.9903016
752	243	-2.9909122
662	169	-2.9920666
868	336	-2.994247
887	133	-2.9965634
886	476	-2.9968534
709	125	-3.0050483
888	413	-3.00595
826	199	-3.0060441
892	446	-3.0151222
907	382	-3.0183487
766	255	-3.018513
801	103	-3.0190895
822	212	-3.0218346
859	555	-3.0224164
839	97	-3.0232387
881	445	-3.0242724
687	105	-3.0254772
794	98	-3.0260909
801	183	-3.027648
842	361	-3.0287166
860	117	-3.031148
805	192	-3.0326574
840	651	-3.0350587
859	346	-3.0353506
816	82	-3.0360022
784	96	-3.0363548
844	337	-3.0366547
755	36	-3.0372102
861	585	-3.0394635
814	94	-3.0421228
874	439	-3.0448585
775	176	-3.045076
602	55	-3.0503345
569	34	-3.0545251
925	612	-3.055243
716	135	-3.055246
772	156	-3.0678275
915	375	-3.068424
891	137	-3.0718439
884	556	-3.073052
706	122	-3.0732572
847	285	-3.0763
725	139	-3.0771637
757	403	-3.078123
802	187	-3.0800362
750	156	-3.0803518
582	41	-3.0825424
666	76	-3.0841522
578	43	-3.0851703
881	450	-3.0854533
841	114	-3.0873384
911	34	-3.087496
888	419	-3.0917432
908	527	-3.096262
878	479	-3.099353
748	236	-3.1061375
783	182	-3.1093466
603	49	-3.1096075
894	406	-3.110304
621	72	-3.1117005
893	141	-3.1147652
918	378	-3.118079
809	198	-3.1187222
797	185	-3.1212225
756	140	-3.125558
853	343	-3.1261404
880	473	-3.1271532
806	87	-3.1271565
919	642	-3.1278512
609	55	-3.1307747
612	58	-3.1348608
914	527	-3.138008
790	352	-3.1395974
676	109	-3.1402376
892	536	-3.1419702
863	128	-3.1430142
699	96	-3.1439133
879	381	-3.1467314
800	179	-3.147184
896	419	-3.147979
712	35	-3.1490436
813	205	-3.1490722
812	187	-3.1501582
577	39	-3.1523058
826	101	-3.1526256
687	163	-3.1541052
774	60	-3.1544785
695	110	-3.157854
858	590	-3.1652172
890	408	-3.165651
925	630	-3.1690295
648	82	-3.1698606
846	557	-3.1707008
838	351	-3.1716616
758	258	-3.172341
780	179	-3.1769302
925	504	-3.1784878
681	105	-3.18053
925	398	-3.1811166
864	553	-3.1813476
905	386	-3.1829443
855	631	-3.1835887
868	552	-3.1843743
805	309	-3.184414
816	410	-3.1856627
574	29	-3.1857555
709	117	-3.1858442
916	522	-3.191229
732	126	-3.1914902
874	138	-3.194627
844	331	-3.1963615
846	341	-3.1992428
884	472	-3.2023542
904	404	-3.2024784
869	350	-3.2027695
688	159	-3.203251
859	577	-3.2080836
925	282	-3.2097335
777	159	-3.2103028
849	226	-3.2120733
764	55	-3.2166562
624	78	-3.2173073
692	33	-3.2191937
821	417	-3.2199287
700	32	-3.220394
727	33	-3.2207124
872	413	-3.2229135
842	566	-3.2238243
756	160	-3.2238665
878	453	-3.2274137
886	552	-3.2334723
830	353	-3.2379162
770	254	-3.2384243
906	157	-3.2386413
848	131	-3.240752
893	532	-3.2413716
690	173	-3.2436702
663	73	-3.2441099
889	365	-3.2447028
896	437	-3.2452002
828	216	-3.2502234
855	615	-3.2532206
625	48	-3.2535954
845	386	-3.256393
900	147	-3.2567809
749	44	-3.2579281
916	165	-3.2602208
868	135	-3.262532
885	377	-3.262687
792	184	-3.266048
886	468	-3.2721646
599	52	-3.272549
704	33	-3.2726626
684	86	-3.2757573
823	403	-3.2775443
780	68	-3.2788754
877	449	-3.2793164
889	496	-3.2797348
737	38	-3.282189
618	46	-3.2834175
784	145	-3.2838702
795	344	-3.2848754
719	116	-3.2869298
863	567	-3.2874708
691	169	-3.2915356
906	150	-3.2929633
917	81	-3.2931886
830	369	-3.2938545
925	598	-3.2947342
855	559	-3.3020735
629	32	-3.3027823
924	169	-3.3075805
925	103	-3.309016
842	572	-3.3102925
633	53	-3.3108633
921	637	-3.3121808
855	227	-3.3189046
925	512	-3.3193142
832	360	-3.3196871
702	168	-3.3209472
785	167	-3.321961
766	149	-3.3230898
820	83	-3.3245058
768	33	-3.3258889
891	371	-3.3271406
875	444	-3.3272388
861	342	-3.3273296
887	430	-3.3279965
891	527	-3.3294487
726	53	-3.3323605
662	177	-3.3323975
785	60	-3.3333337
682	165	-3.3333375
864	573	-3.337379
818	414	-3.3386247
807	105	-3.3407855
804	71	-3.3433588
870	540	-3.3433952
847	231	-3.3457048
890	472	-3.3457782
836	648	-3.3478446
847	569	-3.348788
679	160	-3.3496063
884	527	-3.3560655
849	122	-3.3571615
871	560	-3.361451
896	468	-3.3639107
570	30	-3.3642275
855	347	-3.3664382
878	469	-3.3665311
884	481	-3.3668277
813	362	-3.3672538
838	346	-3.3677104
757	242	-3.3708723
845	227	-3.371445
857	581	-3.371641
890	480	-3.374299
832	348	-3.375797
889	490	-3.377042
608	59	-3.3776145
795	352	-3.377838
909	153	-3.3792412
875	380	-3.3817255
834	91	-3.3821638
880	35	-3.3850696
896	410	-3.3851063
870	33	-3.3854043
795	103	-3.3870242
853	234	-3.3919
759	399	-3.3929322
851	557	-3.3940985
779	400	-3.394341
867	565	-3.3947148
844	377	-3.396645
825	86	-3.3986514
731	143	-3.3999753
612	69	-3.400718
765	163	-3.401555
886	513	-3.4016242
883	464	-3.4029832
781	56	-3.4032607
610	42	-3.4045706
788	340	-3.4066694
926	379	-3.408572
834	365	-3.4097347
832	214	-3.4098592
702	99	-3.41036
817	191	-3.4132426
895	441	-3.4172368
790	61	-3.4177585
876	417	-3.4199574
666	167	-3.4199893
750	135	-3.4267132
847	279	-3.4291077
838	109	-3.4293444
832	463	-3.4314997
920	575	-3.4330156
911	649	-3.4330742
875	514	-3.4333825
884	346	-3.4334416
737	146	-3.4350097
884	541	-3.4354622
881	559	-3.4388711
784	150	-3.439726
662	160	-3.4407408
924	602	-3.4413762
889	501	-3.4414802
903	153	-3.4475172
743	131	-3.449018
914	516	-3.4528823
747	404	-3.455355
730	57	-3.4565127
891	587	-3.459257
888	523	-3.4602957
578	28	-3.4638596
809	408	-3.4672077
875	463	-3.4693398
893	376	-3.4703104
635	79	-3.4714324
862	512	-3.4734747
659	92	-3.47362
593	53	-3.47399
702	126	-3.4790092
903	390	-3.479452
672	173	-3.4836211
925	406	-3.489573
915	393	-3.489607
874	433	-3.4903898
821	193	-3.493572
856	636	-3.4941814
769	242	-3.4963338
668	174	-3.4966784
602	39	-3.4975672
882	550	-3.5014434
863	579	-3.5015411
773	257	-3.5027933
838	360	-3.5035708
847	432	-3.5036066
759	35	-3.5067096
822	421	-3.508469
777	64	-3.5126393
618	75	-3.514719
886	545	-3.5159116
607	36	-3.5162964
838	576	-3.5170467
667	162	-3.5197196
704	103	-3.523137
919	157	-3.5245385
847	273	-3.5257566
801	68	-3.528487
871	531	-3.5286841
904	525	-3.531125
881	439	-3.531174
764	39	-3.531489
867	332	-3.531806
691	109	-3.535591
742	60	-3.5404458
756	212	-3.54316
715	44	-3.5443614
925	623	-3.5443625
695	160	-3.5472698
644	61	-3.547712
709	192	-3.5480149
809	366	-3.5512364
872	338	-3.5522065
870	425	-3.5523686
817	419	-3.553663
710	132	-3.55484
679	169	-3.5551379
764	32	-3.556073
640	80	-3.556953
679	181	-3.5569806
887	517	-3.558627
652	65	-3.5588167
894	145	-3.559255
887	381	-3.5594447
924	523	-3.5604353
866	542	-3.5608695
723	41	-3.566292
561	23	-3.5675452
673	78	-3.5681841
842	558	-3.5685341
840	339	-3.5693586
621	32	-3.5696497
705	116	-3.5718007
886	438	-3.5720718
872	556	-3.5772965
925	108	-3.5790749
695	168	-3.5833592
684	157	-3.5912356
916	583	-3.5924227
766	172	-3.5924962
861	550	-3.5932305
884	522	-3.5938148
698	114	-3.5953636
840	644	-3.5954466
780	95	-3.5961013
716	113	-3.5991204
876	457	-3.5991764
825	407	-3.6009536
915	509	-3.6012664
809	183	-3.6029742
884	536	-3.6033237
753	236	-3.603339
767	251	-3.603919
845	373	-3.6047297
862	337	-3.6048422
895	650	-3.6056347
905	400	-3.6080892
817	370	-3.610386
924	508	-3.6120315
759	53	-3.6125758
789	98	-3.6152368
873	544	-3.6168213
788	149	-3.6174188
703	95	-3.619024
926	538	-3.6200957
918	77	-3.6205585
910	374	-3.6217256
911	42	-3.62266
707	106	-3.6228802
774	243	-3.6230347
837	546	-3.6255322
898	142	-3.6266322
901	384	-3.6272788
906	596	-3.6279042
572	37	-3.632418
864	33	-3.6337624
860	233	-3.6358528
706	128	-3.6358824
876	384	-3.6361446
879	376	-3.636997
859	113	-3.6372595
799	99	-3.6378863
778	32	-3.6387577
882	139	-3.6391873
719	37	-3.6445043
606	52	-3.6454296
857	341	-3.6454306
871	549	-3.646039
925	587	-3.6460466
850	564	-3.6468146
811	355	-3.6479301
849	633	-3.6512792
884	412	-3.6516142
834	218	-3.6516905
781	161	-3.6570923
830	377	-3.6579883
777	52	-3.658184
691	90	-3.66004
924	528	-3.663562
818	374	-3.6642976
717	139	-3.665191
797	52	-3.6673024
918	571	-3.667346
792	150	-3.66898
861	545	-3.6715245
925	456	-3.6722538
599	58	-3.6726763
625	84	-3.6733959
574	42	-3.675301
844	323	-3.6756907
821	396	-3.6762824
903	650	-3.677748
914	370	-3.678625
902	264	-3.6814897
816	209	-3.6832879
848	102	-3.685763
671	104	-3.6859858
851	614	-3.6860762
893	401	-3.6866121
802	86	-3.6866498
906	531	-3.6872132
889	484	-3.689391
880	555	-3.6895838
791	335	-3.6905713
810	202	-3.6913826
896	431	-3.692089
760	254	-3.6935585
888	403	-3.6938677
824	147	-3.6941187
890	467	-3.6949332
769	44	-3.6992807
698	37	-3.701231
758	176	-3.7033446
659	174	-3.7046037
815	78	-3.7051375
912	477	-3.706148
743	151	-3.7074225
765	138	-3.7076569
864	231	-3.7084143
677	173	-3.7085516
878	421	-3.7088687
853	627	-3.7110853
608	65	-3.7113845
890	591	-3.7121904
883	254	-3.7123778
862	563	-3.7142496
884	420	-3.7158365
696	93	-3.7170794
764	265	-3.7174435
902	380	-3.7183602
718	49	-3.7195976
854	479	-3.7236948
876	522	-3.7240033
842	131	-3.7242658
793	308	-3.729113
819	364	-3.729292
885	442	-3.7295935
925	557	-3.7307212
916	34	-3.7308095
854	376	-3.7313156
776	168	-3.7317593
926	34	-3.7355607
810	72	-3.7364354
760	164	-3.7380433
832	373	-3.738888
847	553	-3.7392826
857	573	-3.7402399
672	161	-3.7409692
805	197	-3.7415802
588	47	-3.7421093
843	577	-3.7422128
843	437	-3.7431226
781	153	-3.7432232
659	71	-3.7435439
917	398	-3.743898
741	245	-3.747867
924	394	-3.7487764
780	149	-3.7510734
751	232	-3.7518134
825	310	-3.752557
846	573	-3.755631
565	22	-3.7569733
820	268	-3.758121
738	57	-3.7585196
870	431	-3.7596679
887	509	-3.7609215
841	365	-3.7620504
837	565	-3.762635
732	36	-3.764985
847	267	-3.7667766
909	402	-3.7673419
824	316	-3.7678792
711	110	-3.769491
843	127	-3.7696717
899	261	-3.7700026
867	577	-3.7704477
865	509	-3.7705016
874	37	-3.7716506
819	99	-3.772402
825	302	-3.772452
877	436	-3.7745645
883	531	-3.7762997
776	163	-3.7770436
925	542	-3.779149
726	59	-3.781195
676	178	-3.7817144
770	176	-3.7835824
906	276	-3.7847586
809	413	-3.7858863
886	458	-3.7869911
831	205	-3.7883186
924	77	-3.7890334
846	650	-3.789848
710	42	-3.790487
890	542	-3.7906132
911	165	-3.7914417
842	327	-3.792047
895	590	-3.7925394
792	48	-3.7926507
911	390	-3.7926557
912	584	-3.7928877
671	177	-3.793024
799	107	-3.7943287
870	603	-3.7948813
857	565	-3.794898
845	222	-3.7958827
674	34	-3.7963648
785	154	-3.796801
770	248	-3.797923
670	75	-3.7981136
777	182	-3.7987254
781	166	-3.8008652
901	157	-3.8026745
926	579	-3.8039627
902	394	-3.8044026
701	122	-3.806433
839	639	-3.8066351
905	376	-3.8068364
30	30	-3.807193
661	165	-3.8076112
828	547	-3.807697
925	276	-3.8097765
650	86	-3.8101861
827	395	-3.8128738
483	24	-3.8131306
893	523	-3.8137355
889	145	-3.8138075
922	645	-3.814258
828	296	-3.8147557
924	160	-3.8164372
721	33	-3.8184633
770	61	-3.8206134
726	143	-3.8218646
888	263	-3.8231986
873	527	-3.8235083
873	152	-3.824655
610	75	-3.8272011
616	71	-3.8281326
722	57	-3.828534
785	344	-3.8326063
617	31	-3.8342764
773	32	-3.8343134
890	555	-3.8344028
903	414	-3.8351974
869	479	-3.8359396
870	384	-3.8371031
925	415	-3.8376176
926	286	-3.8381317
707	100	-3.8402364
852	618	-3.8407872
809	310	-3.84268
763	250	-3.8433626
889	650	-3.8441422
912	531	-3.8448722
916	89	-3.8449736
885	488	-3.845389
812	271	-3.8457246
919	168	-3.8461812
867	570	-3.8468063
817	405	-3.8481452
899	651	-3.8488584
886	407	-3.8503735
797	64	-3.854368
885	416	-3.8545985
849	135	-3.8555415
603	59	-3.8573496
811	422	-3.8582778
730	52	-3.8605993
892	476	-3.8607156
670	166	-3.86108
766	247	-3.8614755
842	231	-3.8619833
781	348	-3.8620431
888	347	-3.8622718
890	550	-3.8623595
848	333	-3.864393
854	125	-3.865274
899	287	-3.8677142
915	403	-3.8689606
899	151	-3.869014
770	171	-3.8730392
783	73	-3.8735502
742	31	-3.874003
809	396	-3.8779175
602	30	-3.8791792
871	516	-3.880839
884	425	-3.8811617
873	142	-3.8816402
855	553	-3.8819652
919	392	-3.8832738
734	60	-3.8856766
918	85	-3.8856986
808	360	-3.886256
833	451	-3.886446
688	87	-3.888666
866	328	-3.8890529
925	292	-3.8892431
925	461	-3.8893492
721	52	-3.890484
622	45	-3.8933208
735	123	-3.895183
611	23	-3.8952036
895	584	-3.895444
636	57	-3.8959253
795	172	-3.8972716
884	33	-3.9001243
771	146	-3.9001732
857	594	-3.9006772
840	295	-3.9008303
569	23	-3.901661
881	434	-3.902509
677	165	-3.9027574
896	473	-3.9030914
877	510	-3.9033866
610	30	-3.904451
841	334	-3.9061222
815	351	-3.906965
890	456	-3.907228
687	31	-3.907451
831	651	-3.9076214
900	402	-3.9088035
854	108	-3.9091778
907	651	-3.9111981
864	134	-3.9117188
810	417	-3.912147
842	118	-3.914217
915	644	-3.9160938
915	497	-3.9182312
901	66	-3.9194288
884	373	-3.9199576
904	146	-3.9225924
779	652	-3.9228518
760	139	-3.9230478
725	45	-3.9281762
820	297	-3.9286754
906	282	-3.9300747
840	220	-3.9306076
678	79	-3.9317756
864	516	-3.9322515
855	610	-3.9351022
880	485	-3.9356265
682	110	-3.938178
921	631	-3.9392896
873	450	-3.9393787
565	32	-3.9394624
758	171	-3.9410958
845	289	-3.94135
791	356	-3.9421842
805	53	-3.9429262
738	126	-3.9445832
666	102	-3.9465852
749	240	-3.9469452
888	450	-3.9487815
843	96	-3.948794
892	452	-3.9494998
809	268	-3.9501448
874	475	-3.9509118
843	315	-3.9519637
925	54	-3.9537396
872	395	-3.9539402
863	589	-3.9541368
807	316	-3.9545825
926	45	-3.9557242
888	595	-3.9558904
913	481	-3.9564137
885	561	-3.9568462
696	31	-3.9568644
701	117	-3.9574041
926	439	-3.9580846
886	493	-3.9610326
872	520	-3.963526
772	164	-3.9641612
925	98	-3.9652598
853	223	-3.9655051
773	152	-3.9656816
874	467	-3.9659727
845	121	-3.9673607
801	308	-3.9680278
842	369	-3.9680355
894	264	-3.9680793
838	92	-3.969321
778	244	-3.9702914
887	446	-3.9707813
788	56	-3.9713612
711	95	-3.975755
870	615	-3.9761572
897	415	-3.9771154
764	168	-3.9774857
880	126	-3.9788191
588	27	-3.9801438
772	47	-3.9805033
27	123	-3.9827876
852	55	-3.9848177
892	575	-3.9851124
705	37	-3.985368
582	47	-3.9857192
905	535	-3.988316
872	565	-3.9885902
725	29	-3.9886262
920	567	-3.9906619
721	140	-3.990718
905	408	-3.9908054
701	190	-3.9921174
872	333	-3.9958732
918	579	-3.9959462
922	500	-3.9969954
888	361	-3.997015
900	292	-3.997726
870	437	-3.9983158
824	217	-3.9985998
773	180	-4.003782
777	154	-4.004715
849	347	-4.0050035
911	284	-4.0054154
926	50	-4.006208
897	423	-4.007609
872	408	-4.0093946
849	127	-4.009429
882	515	-4.010589
900	408	-4.010774
748	399	-4.011039
856	622	-4.011713
733	147	-4.0136237
876	342	-4.0153575
793	53	-4.0157022
820	400	-4.0176315
582	27	-4.0176883
493	25	-4.0180497
897	375	-4.0181766
694	164	-4.0200768
925	548	-4.020808
893	367	-4.020923
738	62	-4.0214415
710	90	-4.0216217
706	172	-4.023515
821	272	-4.0237126
861	627	-4.024454
906	480	-4.024581
868	522	-4.0249715
751	403	-4.0250177
915	153	-4.027167
755	136	-4.02921
716	34	-4.030182
628	79	-4.0310497
876	412	-4.031087
834	352	-4.0315995
832	457	-4.0337586
849	235	-4.0340934
834	344	-4.0342913
925	81	-4.0350833
799	408	-4.035248
563	28	-4.037166
731	122	-4.037856
841	226	-4.041076
845	295	-4.041174
708	188	-4.042906
606	31	-4.0441213
926	164	-4.0455127
705	135	-4.046711
884	593	-4.0483904
859	569	-4.049846
907	161	-4.052189
884	454	-4.05377
753	71	-4.0538034
881	428	-4.0545106
843	554	-4.0547824
619	80	-4.0557413
814	73	-4.0561686
818	213	-4.0594378
26	29	-4.059584
817	380	-4.0606914
764	243	-4.060944
921	614	-4.061063
845	353	-4.062359
876	124	-4.063148
912	91	-4.06407
901	613	-4.0649242
899	389	-4.0687213
777	404	-4.069221
844	390	-4.0710325
825	651	-4.071305
669	35	-4.07151
712	136	-4.0732017
666	63	-4.0739474
926	402	-4.0740204
776	260	-4.074412
904	600	-4.0747895
772	335	-4.0768385
481	28	-4.0769444
840	381	-4.0790315
894	150	-4.079073
897	644	-4.0794673
916	505	-4.079528
603	66	-4.081534
804	651	-4.0822325
875	539	-4.082574
854	650	-4.0830913
912	83	-4.085022
864	116	-4.0852995
627	88	-4.087831
777	146	-4.0880804
805	364	-4.08887
895	381	-4.0893855
870	139	-4.090337
767	232	-4.0909257
909	279	-4.091441
906	590	-4.0915236
916	534	-4.091544
847	439	-4.093111
910	149	-4.093152
918	371	-4.0946183
754	32	-4.0966544
813	448	-4.0968957
896	461	-4.1007385
810	93	-4.100865
906	492	-4.1012406
883	340	-4.101585
866	355	-4.102659
466	6	-4.102818
842	319	-4.103748
883	510	-4.1041265
814	481	-4.1044064
867	234	-4.105388
796	337	-4.106176
837	559	-4.1081843
888	584	-4.1106296
768	238	-4.110874
892	581	-4.112572
797	356	-4.112737
875	559	-4.1140122
868	362	-4.1153054
803	411	-4.115368
878	347	-4.1158657
873	376	-4.1161537
802	96	-4.1163087
827	401	-4.116741
700	92	-4.1173077
859	228	-4.1187496
822	160	-4.118828
604	91	-4.1188564
822	469	-4.1193175
911	291	-4.1214647
892	359	-4.1216803
687	110	-4.1230893
881	545	-4.1232457
926	39	-4.1234107
900	418	-4.1235375
874	481	-4.123652
814	416	-4.124655
804	180	-4.125409
907	392	-4.1273065
778	87	-4.1307197
920	585	-4.1320014
835	652	-4.1327977
884	259	-4.1329746
667	178	-4.133363
825	418	-4.1335754
859	400	-4.133869
824	298	-4.1342688
904	497	-4.134646
799	152	-4.1347094
902	39	-4.1353564
861	633	-4.135601
706	92	-4.1356053
782	34	-4.135708
777	396	-4.136137
755	407	-4.1367917
887	397	-4.137153
663	181	-4.1374288
636	32	-4.138694
762	173	-4.139208
821	264	-4.1394672
725	37	-4.140485
878	39	-4.140789
892	133	-4.14079
881	417	-4.1424413
662	64	-4.1426306
884	143	-4.1431093
894	484	-4.143187
900	604	-4.1433043
586	23	-4.143797
763	134	-4.1439953
789	52	-4.144264
868	219	-4.144417
885	129	-4.1454616
830	220	-4.146315
868	324	-4.1464653
896	447	-4.1473536
794	188	-4.1493297
763	347	-4.1503763
877	518	-4.1510878
893	488	-4.1514583
848	87	-4.1515107
878	527	-4.1522117
701	40	-4.154224
666	69	-4.154498
852	474	-4.1546717
839	569	-4.15473
854	89	-4.155371
891	380	-4.1594086
877	141	-4.159472
840	376	-4.1600795
830	467	-4.161429
778	74	-4.161928
826	414	-4.162543
919	605	-4.1641793
914	578	-4.16474
910	595	-4.164776
771	138	-4.1649384
897	64	-4.1656985
869	510	-4.1661215
854	216	-4.166125
911	519	-4.1662903
815	358	-4.1692533
871	356	-4.169636
906	604	-4.17159
699	158	-4.172616
740	241	-4.17275
816	309	-4.1733227
890	149	-4.1738305
694	172	-4.174028
916	476	-4.1740365
906	294	-4.1748047
852	483	-4.1770663
924	594	-4.177532
874	552	-4.17777
713	140	-4.179953
859	351	-4.180034
908	522	-4.180438
806	67	-4.180905
869	144	-4.1819754
829	383	-4.182107
928	570	-4.182747
865	474	-4.1827826
692	113	-4.184303
682	81	-4.1845026
710	174	-4.186295
864	400	-4.187571
826	366	-4.1878724
813	442	-4.187979
615	22	-4.188336
567	27	-4.188674
820	392	-4.189318
919	402	-4.190048
848	263	-4.1903405
820	475	-4.192169
670	67	-4.1945977
757	232	-4.195077
755	255	-4.19592
895	397	-4.196667
892	460	-4.1972365
768	38	-4.197321
643	83	-4.198002
841	263	-4.202115
730	62	-4.202484
870	535	-4.20386
787	186	-4.2046785
710	196	-4.2047873
887	462	-4.2049804
851	284	-4.2050095
573	24	-4.2060146
837	552	-4.206942
830	85	-4.2081823
828	349	-4.2083273
799	345	-4.208888
614	76	-4.2102942
865	583	-4.21271
904	484	-4.2138314
781	388	-4.214279
829	317	-4.214629
794	59	-4.2151375
840	633	-4.215464
710	168	-4.2156134
890	514	-4.215924
731	213	-4.215927
899	523	-4.2171264
811	107	-4.217169
893	500	-4.2182207
925	448	-4.2188845
489	24	-4.2190495
826	565	-4.2201204
789	78	-4.2201986
910	275	-4.220341
852	47	-4.221505
913	79	-4.2217197
801	349	-4.222456
805	99	-4.222549
872	597	-4.2231584
868	230	-4.2233357
841	433	-4.225377
846	636	-4.226247
878	431	-4.2270613
702	174	-4.2273526
763	142	-4.227784
826	161	-4.229302
557	22	-4.2296753
862	332	-4.230141
880	385	-4.230315
921	496	-4.230585
910	600	-4.2310553
880	623	-4.2316413
851	266	-4.2338886
672	108	-4.235097
925	443	-4.23513
799	190	-4.2363644
824	322	-4.236414
880	597	-4.238445
925	73	-4.238729
884	585	-4.239042
579	24	-4.2391095
855	58	-4.241243
866	241	-4.2417307
864	221	-4.243813
833	547	-4.244911
908	476	-4.2450576
788	47	-4.2452073
734	55	-4.2458563
561	34	-4.245899
844	282	-4.247122
785	159	-4.248268
858	91	-4.2485123
913	493	-4.2485204
828	358	-4.2494035
891	519	-4.2494903
816	396	-4.2515645
910	535	-4.2521644
849	382	-4.2522492
768	266	-4.252311
673	169	-4.252998
829	304	-4.254533
901	536	-4.2548447
892	493	-4.255789
865	629	-4.2569737
895	603	-4.2573338
912	512	-4.258004
776	338	-4.258778
796	47	-4.260321
891	68	-4.26184
768	333	-4.2622857
691	29	-4.263596
677	113	-4.2643676
822	481	-4.264639
913	397	-4.2646523
828	552	-4.265545
614	40	-4.266272
865	226	-4.2677503
808	272	-4.268581
874	245	-4.269583
836	87	-4.2699857
880	413	-4.2699943
743	64	-4.270326
621	22	-4.270373
830	201	-4.2704024
876	531	-4.270876
838	129	-4.2709036
770	142	-4.2710686
892	597	-4.2717566
895	386	-4.2721567
570	41	-4.272288
884	364	-4.2725167
746	157	-4.273153
834	127	-4.2732573
683	185	-4.274358
866	37	-4.274981
903	268	-4.2757397
885	499	-4.275923
861	508	-4.2765617
902	529	-4.276568
798	390	-4.276705
706	167	-4.2772546
852	130	-4.2787533
922	609	-4.2801533
880	538	-4.2813764
884	250	-4.2817287
836	643	-4.2823086
883	565	-4.282373
836	356	-4.282673
920	33	-4.282699
915	287	-4.2833695
706	41	-4.2836013
789	153	-4.2843833
894	571	-4.2845583
897	393	-4.2859936
851	272	-4.2866654
816	299	-4.286943
784	53	-4.288434
836	222	-4.2898197
691	37	-4.289964
838	216	-4.2902756
903	552	-4.2905693
760	31	-4.2907033
868	527	-4.291048
723	115	-4.29131
921	102	-4.291635
884	577	-4.2931476
908	586	-4.2934933
906	372	-4.2935796
901	54	-4.29387
749	160	-4.2941184
917	93	-4.294364
851	242	-4.296056
662	100	-4.2961006
825	192	-4.2972364
743	235	-4.297876
755	208	-4.299186
691	42	-4.2992015
594	57	-4.299502
907	287	-4.3002124
790	651	-4.3003907
589	51	-4.300487
742	69	-4.300802
902	467	-4.3017006
819	434	-4.302766
907	40	-4.3027883
832	209	-4.303013
832	447	-4.303368
802	421	-4.3036413
797	404	-4.3049054
801	175	-4.305141
852	138	-4.30546
864	257	-4.306151
912	46	-4.3065543
733	28	-4.307391
823	151	-4.3074017
811	350	-4.308827
877	254	-4.3089175
893	464	-4.3103786
888	258	-4.3106594
811	438	-4.311477
779	91	-4.3117
658	168	-4.3121076
781	343	-4.3123245
887	588	-4.3123474
921	80	-4.314598
853	590	-4.318438
876	373	-4.3195806
620	40	-4.3201265
702	132	-4.320153
656	67	-4.3206406
890	641	-4.3210793
845	311	-4.3212485
844	88	-4.3228774
868	392	-4.323838
856	473	-4.324189
815	436	-4.3247504
874	627	-4.3250613
833	439	-4.325119
575	46	-4.3267145
872	221	-4.328451
669	170	-4.3285294
896	284	-4.32862
895	70	-4.329465
904	517	-4.3295674
920	618	-4.3310285
703	164	-4.3330774
899	575	-4.3331013
870	149	-4.333506
755	262	-4.3338366
890	505	-4.334115
891	510	-4.334906
636	84	-4.335269
777	347	-4.3352966
874	148	-4.3359213
801	337	-4.3366356
906	91	-4.3390217
898	265	-4.340656
844	218	-4.3406625
747	132	-4.3409233
917	600	-4.342432
859	129	-4.3425884
768	166	-4.343238
711	31	-4.3433127
748	212	-4.3455667
887	369	-4.346909
895	456	-4.3473973
819	304	-4.347554
805	356	-4.3486466
884	264	-4.3491607
900	571	-4.34986
651	90	-4.3503895
857	549	-4.3511844
849	221	-4.3516827
870	242	-4.353291
857	626	-4.3542547
856	370	-4.3560348
791	104	-4.3562994
773	402	-4.3568482
803	368	-4.3571887
557	33	-4.3572116
901	398	-4.3572536
743	405	-4.3586783
670	181	-4.3595448
818	479	-4.3603225
886	504	-4.361288
839	620	-4.3615265
675	182	-4.3627048
875	350	-4.3634977
809	151	-4.3640943
852	638	-4.3657436
804	63	-4.365763
847	98	-4.3659863
738	30	-4.366916
925	485	-4.3677583
859	617	-4.3680754
914	573	-4.369711
849	628	-4.3711877
851	339	-4.371533
812	68	-4.3720407
875	249	-4.3726697
925	433	-4.375434
889	385	-4.37583
888	603	-4.376384
888	608	-4.3767247
773	408	-4.3772874
920	525	-4.3786983
774	253	-4.3794813
921	280	-4.380249
851	258	-4.381597
797	301	-4.3819423
796	82	-4.3845015
834	110	-4.3853793
834	338	-4.3866925
926	411	-4.3868103
924	516	-4.3880477
823	168	-4.3888044
748	246	-4.3889856
853	585	-4.3914533
767	145	-4.391951
920	290	-4.3928447
885	39	-4.39295
852	372	-4.3940206
757	216	-4.395416
850	51	-4.395668
747	61	-4.3963194
814	267	-4.399444
632	82	-4.399598
847	394	-4.3997316
822	102	-4.399899
861	597	-4.399934
798	56	-4.4031267
920	509	-4.4035015
817	107	-4.40658
803	59	-4.406619
747	411	-4.4069
145	2	-4.4070134
922	227	-4.407949
781	394	-4.408253
715	94	-4.4091973
848	92	-4.4100204
863	621	-4.4102707
838	230	-4.4104567
707	30	-4.410688
888	627	-4.4126754
759	246	-4.4133973
913	280	-4.4143405
795	333	-4.4152412
826	354	-4.415541
862	603	-4.416586
698	125	-4.417886
880	603	-4.4197583
873	509	-4.4201026
873	579	-4.4210043
845	443	-4.421213
917	530	-4.421922
834	318	-4.4219613
790	145	-4.4220853
776	48	-4.422394
903	645	-4.423973
774	342	-4.423975
897	39	-4.424137
876	391	-4.4253426
904	584	-4.42567
901	501	-4.426122
697	120	-4.4283123
903	521	-4.4286714
917	638	-4.429601
813	382	-4.4297314
871	442	-4.4305
817	651	-4.430751
843	546	-4.4315352
880	611	-4.432136
801	51	-4.4337177
731	219	-4.4345903
643	88	-4.4353485
914	596	-4.435481
866	215	-4.4357834
906	33	-4.436484
711	103	-4.436616
839	591	-4.4389677
920	652	-4.4402595
869	473	-4.4409018
860	219	-4.4411554
842	299	-4.441632
869	224	-4.442407
851	577	-4.4426928
454	9	-4.443356
798	398	-4.443614
868	117	-4.444258
632	88	-4.446484
873	230	-4.447051
678	185	-4.449283
921	532	-4.449782
818	554	-4.449841
901	275	-4.449994
611	34	-4.450954
727	214	-4.451286
840	287	-4.4514093
784	244	-4.4517417
844	550	-4.453488
794	312	-4.455287
849	290	-4.456694
841	385	-4.45772
901	548	-4.457837
811	370	-4.4587803
924	85	-4.4647527
559	27	-4.466221
861	215	-4.466378
892	559	-4.46643
607	72	-4.4671707
884	650	-4.468293
770	87	-4.468367
866	439	-4.4686174
672	71	-4.468971
901	374	-4.4693565
838	291	-4.469583
698	171	-4.4709005
650	61	-4.471581
897	499	-4.472008
807	392	-4.473142
809	101	-4.473466
500	23	-4.4735518
865	145	-4.4742646
725	147	-4.474703
913	473	-4.4749556
867	468	-4.47515
925	375	-4.476878
709	200	-4.4770565
907	646	-4.477836
822	553	-4.4779267
866	504	-4.478108
800	652	-4.478182
798	95	-4.478282
845	358	-4.48016
902	284	-4.4802322
916	97	-4.480423
848	139	-4.480716
864	385	-4.4817843
925	370	-4.4826474
793	257	-4.4830885
626	22	-4.484257
872	265	-4.4846673
622	28	-4.4858193
807	421	-4.4860816
870	329	-4.486146
847	427	-4.4876266
851	622	-4.4879007
840	580	-4.489
808	179	-4.4910946
716	143	-4.4911957
846	318	-4.4915648
540	5	-4.491697
843	235	-4.49208
749	68	-4.4929547
861	224	-4.493286
915	41	-4.4933043
732	239	-4.494085
704	88	-4.4948583
917	501	-4.495037
813	374	-4.4960017
810	264	-4.4961014
765	60	-4.4961557
878	491	-4.496753
865	351	-4.496942
822	155	-4.49811
765	176	-4.498734
831	312	-4.499426
800	333	-4.4995337
835	573	-4.50002
796	651	-4.5019827
909	495	-4.502015
792	169	-4.5021944
813	407	-4.502749
915	169	-4.503971
858	477	-4.5044703
831	300	-4.505143
837	113	-4.506294
859	363	-4.5067143
757	390	-4.507692
896	640	-4.5085597
887	342	-4.510371
921	563	-4.510387
673	112	-4.514477
871	569	-4.5144835
593	91	-4.5157604
870	483	-4.5161586
924	452	-4.5183687
793	44	-4.5201526
727	119	-4.520155
676	75	-4.520354
820	218	-4.520964
865	138	-4.522359
917	513	-4.523332
847	579	-4.5236654
805	407	-4.5248623
857	236	-4.525932
872	184	-4.5269814
803	360	-4.52791
847	327	-4.5280313
684	189	-4.5307245
838	626	-4.531104
905	418	-4.5318327
896	529	-4.5323405
878	649	-4.532482
928	387	-4.53265
783	92	-4.5326676
909	396	-4.5346174
887	389	-4.5352025
820	145	-4.537166
794	196	-4.538566
471	6	-4.538614
856	54	-4.5398307
856	212	-4.53992
809	386	-4.540134
888	355	-4.540822
889	158	-4.5413113
838	301	-4.542005
586	55	-4.5421205
758	395	-4.5466075
709	184	-4.546857
874	257	-4.5478444
892	565	-4.547964
890	646	-4.5504503
625	36	-4.551048
738	151	-4.551053
872	585	-4.5519443
883	382	-4.5522704
863	112	-4.5524073
699	165	-4.5552716
843	647	-4.5577884
628	28	-4.559405
925	268	-4.5596504
692	157	-4.5603676
852	85	-4.560885
803	153	-4.5613656
885	393	-4.562037
895	517	-4.563705
735	51	-4.563771
874	156	-4.564748
872	619	-4.5654473
902	641	-4.566498
773	388	-4.5682063
825	143	-4.5688334
809	481	-4.5693655
836	297	-4.5693765
815	473	-4.5696163
709	139	-4.570778
914	588	-4.570795
856	337	-4.5719223
916	291	-4.572087
819	79	-4.572296
913	538	-4.572869
497	26	-4.5729766
908	516	-4.573901
892	346	-4.574068
897	533	-4.5755
784	652	-4.575531
599	99	-4.576906
776	333	-4.576959
851	250	-4.5774717
805	202	-4.577808
865	150	-4.577835
908	539	-4.5787516
901	621	-4.5793104
819	424	-4.5801973
821	649	-4.5802083
847	83	-4.5813093
869	379	-4.581509
872	403	-4.5821857
876	336	-4.5827775
824	431	-4.58626
702	184	-4.5869336
878	397	-4.587111
816	69	-4.5883403
722	144	-4.5883856
912	469	-4.5885806
892	260	-4.590101
911	87	-4.592761
819	113	-4.5931225
596	28	-4.5939856
914	350	-4.594509
692	86	-4.5945206
607	22	-4.594596
852	330	-4.594819
875	166	-4.595587
848	57	-4.596047
597	93	-4.597936
920	504	-4.5982637
752	214	-4.5985284
907	272	-4.598755
751	224	-4.5999503
761	130	-4.6002116
739	122	-4.6006703
838	584	-4.601229
877	547	-4.602374
864	617	-4.6039467
728	48	-4.603972
891	396	-4.6041174
845	366	-4.604127
824	477	-4.6046133
865	211	-4.6047688
869	627	-4.604839
813	649	-4.604968
806	555	-4.606512
866	320	-4.6070466
921	626	-4.6075306
792	404	-4.6084123
729	149	-4.6095653
854	644	-4.609644
781	99	-4.6108212
917	613	-4.613121
849	376	-4.6133018
824	548	-4.6134057
917	283	-4.6134543
856	382	-4.6159925
823	425	-4.616204
876	104	-4.6162457
859	609	-4.616274
900	50	-4.617198
896	480	-4.61751
876	615	-4.6188464
750	407	-4.6197004
928	494	-4.6200323
772	239	-4.620998
830	292	-4.621583
907	412	-4.623072
880	521	-4.623911
826	374	-4.624021
838	368	-4.6243286
817	385	-4.6245914
756	165	-4.6246433
486	27	-4.6249156
843	240	-4.624929
867	587	-4.6254244
871	216	-4.626074
830	343	-4.6264277
828	105	-4.6267157
758	181	-4.6273236
889	33	-4.6275096
847	615	-4.627517
815	423	-4.629237
775	653	-4.630274
667	106	-4.6312823
832	577	-4.6317444
777	82	-4.6321993
917	407	-4.6328835
815	98	-4.633106
775	142	-4.6348953
748	204	-4.6349545
754	399	-4.6372414
809	475	-4.641845
847	259	-4.6419096
460	6	-4.6426873
686	153	-4.642947
801	417	-4.644923
743	56	-4.6452565
808	404	-4.645641
818	321	-4.646599
757	70	-4.6470604
883	401	-4.64997
819	316	-4.6514516
806	95	-4.6523623
801	427	-4.652742
801	196	-4.653332
896	137	-4.6534224
239	0	-4.6545577
885	350	-4.6550775
908	467	-4.6559057
904	290	-4.656513
869	581	-4.657256
862	396	-4.6576743
895	578	-4.6582036
895	155	-4.660502
918	517	-4.6607037
841	441	-4.6608753
890	351	-4.6618767
915	604	-4.663427
779	231	-4.6640224
568	19	-4.664406
696	88	-4.66458
901	493	-4.665966
829	196	-4.6660447
861	328	-4.6663885
871	575	-4.667351
902	630	-4.6681337
880	257	-4.668601
895	539	-4.67092
775	584	-4.670921
786	336	-4.670921
718	55	-4.6711135
674	118	-4.6711664
900	33	-4.671265
790	192	-4.671485
846	53	-4.6744475
908	511	-4.6747155
826	118	-4.6750846
868	420	-4.6754203
866	428	-4.6758404
813	149	-4.6759744
901	46	-4.6762953
901	556	-4.676369
920	38	-4.676605
512	38	-4.6774464
826	473	-4.6777086
857	222	-4.680335
793	154	-4.6811495
873	471	-4.681621
603	95	-4.682095
731	208	-4.682939
926	296	-4.683189
888	166	-4.6837144
824	178	-4.6862707
725	206	-4.68697
851	443	-4.6870317
920	459	-4.6888037
824	465	-4.690326
823	306	-4.690387
889	254	-4.6906395
893	390	-4.6916223
900	609	-4.6916943
880	343	-4.692366
865	500	-4.692895
756	204	-4.694424
873	225	-4.6947165
782	186	-4.6950006
869	366	-4.695252
843	269	-4.6964197
845	631	-4.6965938
545	6	-4.697974
437	6	-4.6986346
742	43	-4.6993046
875	634	-4.6996636
839	283	-4.7008996
902	592	-4.700996
799	60	-4.7017226
824	112	-4.7017503
918	595	-4.70247
872	607	-4.702751
846	644	-4.703291
758	250	-4.703546
834	543	-4.704028
449	8	-4.704805
917	276	-4.7050743
910	580	-4.705115
534	5	-4.7057757
849	246	-4.7058134
819	120	-4.706657
816	272	-4.7067018
761	58	-4.706844
569	77	-4.7077494
868	412	-4.708674
498	8	-4.7095246
876	599	-4.709773
903	279	-4.7099867
826	222	-4.710405
909	416	-4.7105923
886	599	-4.711315
923	173	-4.711647
591	24	-4.712283
851	572	-4.7136064
571	45	-4.7141614
902	141	-4.7142916
850	652	-4.7151
871	631	-4.715242
838	317	-4.7154775
855	241	-4.715742
853	499	-4.717196
828	228	-4.718141
781	50	-4.7187295
888	573	-4.719276
891	153	-4.719649
908	261	-4.7202716
866	261	-4.720296
814	491	-4.72031
908	499	-4.720767
838	322	-4.7210455
803	108	-4.721745
918	229	-4.721957
876	621	-4.7226915
901	422	-4.723073
900	596	-4.7231956
876	404	-4.72365
777	256	-4.7240424
849	587	-4.724049
813	213	-4.726848
918	634	-4.726892
802	149	-4.7271466
853	104	-4.727675
834	468	-4.727718
851	552	-4.7280064
829	391	-4.7287083
509	23	-4.72935
668	158	-4.730211
850	478	-4.7304864
715	109	-4.730563
841	587	-4.7306204
761	214	-4.7308965
895	509	-4.7310295
873	589	-4.7314544
626	42	-4.7319365
854	487	-4.732184
851	277	-4.7339115
27	39	-4.734089
840	139	-4.7349606
894	607	-4.7354684
923	231	-4.7364907
717	30	-4.7382507
823	188	-4.7388463
927	646	-4.738962
871	238	-4.739909
896	594	-4.7415743
726	64	-4.741692
851	38	-4.7428765
847	447	-4.7431073
902	89	-4.743293
878	628	-4.744578
858	374	-4.745497
867	314	-4.750079
860	613	-4.7504025
840	543	-4.751097
906	299	-4.753218
880	371	-4.753361
786	163	-4.753373
836	377	-4.754284
872	460	-4.7543287
909	50	-4.7551556
587	91	-4.755666
870	399	-4.755751
764	335	-4.755936
808	333	-4.7569366
820	288	-4.757904
900	70	-4.7583175
896	290	-4.758494
784	46	-4.758682
10	28	-4.760485
686	79	-4.7606015
899	434	-4.761845
890	623	-4.762356
847	241	-4.7626085
658	162	-4.762782
729	39	-4.7645035
797	316	-4.7657337
843	277	-4.7663746
878	551	-4.7664204
860	60	-4.7674413
884	572	-4.767696
925	477	-4.767708
808	321	-4.770507
590	59	-4.771361
856	602	-4.771588
810	64	-4.7727256
150	2	-4.7742143
881	409	-4.775617
704	160	-4.7761283
788	400	-4.7767377
843	429	-4.777924
885	581	-4.7784266
820	260	-4.778538
725	218	-4.7785854
759	135	-4.7790403
830	157	-4.779798
886	621	-4.7806544
868	493	-4.7810903
785	100	-4.7812653
909	423	-4.7820992
701	136	-4.7823524
873	362	-4.782728
816	401	-4.7834234
894	363	-4.7839746
742	127	-4.784585
861	143	-4.784593
834	122	-4.7847524
889	72	-4.7848516
871	464	-4.785278
832	308	-4.785967
788	94	-4.7864747
813	58	-4.7874794
849	388	-4.7890043
900	300	-4.7890344
796	149	-4.7919626
770	329	-4.792606
914	75	-4.792927
709	220	-4.79293
550	6	-4.793039
884	640	-4.7941904
851	295	-4.7951684
807	551	-4.795778
925	92	-4.796266
921	589	-4.7963448
911	507	-4.796728
861	359	-4.79674
620	84	-4.7968116
918	491	-4.797378
880	251	-4.797398
186	0	-4.79752
850	610	-4.797536
905	488	-4.7981243
836	460	-4.798581
897	491	-4.7996335
897	257	-4.8000054
833	381	-4.8005786
908	145	-4.8009505
898	164	-4.8024936
560	19	-4.802515
832	224	-4.8034434
490	28	-4.8043704
824	172	-4.8056927
687	181	-4.8065586
795	192	-4.8076944
838	328	-4.8078175
865	481	-4.808569
913	355	-4.8101945
836	212	-4.81084
417	5	-4.8112803
433	4	-4.812514
890	268	-4.8129067
640	34	-4.8135552
922	537	-4.8140965
738	42	-4.8144903
868	374	-4.8146462
597	139	-4.814822
668	185	-4.8148227
809	206	-4.814851
27	33	-4.8148575
742	82	-4.815802
921	397	-4.815976
747	208	-4.8159842
611	79	-4.816217
862	520	-4.8180594
860	651	-4.818354
818	470	-4.8184075
834	638	-4.819167
855	249	-4.8196597
890	612	-4.8200617
778	187	-4.8205285
913	502	-4.8223934
865	613	-4.822472
769	181	-4.822574
779	263	-4.822664
683	34	-4.822913
910	297	-4.823733
629	46	-4.8237834
769	74	-4.8242407
826	581	-4.8255525
903	260	-4.825626
696	155	-4.8257637
926	345	-4.825799
815	305	-4.8258286
603	71	-4.8259773
916	366	-4.829576
875	160	-4.8303566
917	480	-4.8318152
465	10	-4.833295
455	5	-4.833713
809	380	-4.8337145
884	607	-4.8345776
862	503	-4.835225
834	592	-4.836409
181	0	-4.8365145
843	395	-4.836722
784	88	-4.8370023
878	607	-4.8370676
847	400	-4.8378305
839	615	-4.838259
911	487	-4.8391457
773	185	-4.8396153
867	113	-4.8405876
714	98	-4.84066
598	65	-4.8406944
750	49	-4.8408327
755	225	-4.8419824
866	531	-4.842417
844	640	-4.8434877
899	269	-4.8439145
804	329	-4.843942
898	171	-4.843965
842	84	-4.8443317
801	354	-4.8449883
805	415	-4.845306
910	369	-4.8457823
674	46	-4.8463984
737	159	-4.846527
903	578	-4.8478084
873	120	-4.8481865
846	480	-4.8487
907	81	-4.848953
530	6	-4.849849
890	339	-4.850164
622	88	-4.850534
835	118	-4.850729
832	334	-4.850758
424	4	-4.852761
882	405	-4.854488
885	358	-4.85488
831	443	-4.8563657
898	427	-4.8584003
816	263	-4.858825
906	463	-4.8589153
638	88	-4.8589745
926	465	-4.859034
837	373	-4.859248
785	352	-4.859893
819	359	-4.861258
721	28	-4.8615165
793	329	-4.8627234
875	171	-4.8628454
775	248	-4.8632283
853	439	-4.863289
781	241	-4.8637
614	28	-4.863762
854	351	-4.863881
876	593	-4.8641777
667	31	-4.864319
880	263	-4.8657436
863	364	-4.8659997
875	502	-4.8663135
904	608	-4.866575
732	652	-4.86716
832	161	-4.8673925
859	250	-4.8676066
734	41	-4.8681717
874	651	-4.868712
780	78	-4.8687377
786	104	-4.870219
830	322	-4.8705416
878	119	-4.8713584
905	65	-4.8717237
857	483	-4.8725495
912	364	-4.8728724
522	40	-4.8732624
661	156	-4.8732853
805	351	-4.873498
864	433	-4.8748217
841	122	-4.8755374
734	153	-4.875562
746	232	-4.8755674
742	155	-4.87575
883	368	-4.8771367
878	542	-4.8775735
858	133	-4.8779225
864	422	-4.8794255
921	286	-4.8801746
906	614	-4.88084
874	109	-4.880979
879	247	-4.882208
903	540	-4.8822737
596	23	-4.882362
807	57	-4.885517
705	194	-4.886491
872	370	-4.8867426
811	427	-4.8880816
824	106	-4.8882375
866	601	-4.8893456
766	83	-4.890169
838	83	-4.8902054
872	252	-4.8909025
874	611	-4.891091
675	158	-4.891326
877	535	-4.8913283
564	18	-4.8925176
896	371	-4.8926516
907	550	-4.893005
844	135	-4.894181
701	154	-4.894227
768	341	-4.8943706
852	335	-4.8943896
876	241	-4.894475
860	383	-4.896918
835	313	-4.897173
831	70	-4.897638
837	630	-4.898186
902	625	-4.898316
594	87	-4.8985815
857	396	-4.8996167
921	294	-4.9005094
920	153	-4.9007316
800	341	-4.9013186
631	22	-4.9014363
872	388	-4.9025297
510	27	-4.9030256
916	103	-4.9036427
854	364	-4.9052086
777	387	-4.905715
915	485	-4.9066877
814	153	-4.9072356
735	215	-4.908476
429	2	-4.9093895
909	483	-4.910007
740	651	-4.910252
921	74	-4.9107246
841	425	-4.9113536
912	641	-4.9114456
898	587	-4.912894
766	99	-4.913018
846	47	-4.913363
928	500	-4.913874
777	418	-4.91518
757	59	-4.917307
914	567	-4.9173203
833	230	-4.9180593
833	615	-4.9192615
790	394	-4.9195952
782	141	-4.9197035
813	177	-4.919996
772	231	-4.9201884
891	76	-4.9207315
831	168	-4.920754
716	90	-4.92078
857	102	-4.920973
830	147	-4.9211245
703	143	-4.9218745
858	109	-4.9220285
22	30	-4.922514
816	186	-4.922954
817	440	-4.9238877
904	574	-4.9254074
797	394	-4.925454
557	8	-4.925877
877	563	-4.926001
865	460	-4.926138
875	400	-4.926736
849	143	-4.9273973
825	182	-4.927872
789	259	-4.9282107
504	25	-4.9282637
748	57	-4.929228
798	200	-4.93047
844	307	-4.9308257
906	265	-4.9318423
836	73	-4.9323297
819	152	-4.9323535
851	503	-4.932421
864	237	-4.9324403
458	10	-4.9329185
867	444	-4.9333706
572	20	-4.9335995
576	21	-4.9341774
863	324	-4.934835
923	156	-4.9354715
783	402	-4.936599
869	416	-4.9380493
880	589	-4.9386544
761	351	-4.939207
761	404	-4.94022
899	296	-4.9407387
881	496	-4.941022
825	362	-4.9411087
899	505	-4.94175
821	381	-4.943195
798	368	-4.9440722
864	416	-4.945384
690	178	-4.9459906
882	492	-4.947229
740	52	-4.9476223
811	299	-4.9479947
803	395	-4.9493613
813	103	-4.949667
824	82	-4.949686
911	406	-4.950042
868	186	-4.950669
773	394	-4.9511113
743	340	-4.952545
742	115	-4.9529943
605	99	-4.9530816
924	469	-4.953976
892	546	-4.954298
878	332	-4.955411
876	366	-4.9556994
876	497	-4.956419
848	255	-4.9582734
668	110	-4.9590755
890	569	-4.959433
781	83	-4.9611683
853	493	-4.9615693
855	598	-4.9631743
833	564	-4.9636517
756	132	-4.9642878
921	408	-4.9646626
853	134	-4.964961
752	163	-4.9651985
857	139	-4.9658732
885	336	-4.966557
579	123	-4.966911
821	565	-4.9679456
782	339	-4.9680524
864	265	-4.968306
921	97	-4.971003
819	352	-4.9713106
701	180	-4.9717107
857	330	-4.971717
870	259	-4.9724426
862	379	-4.973253
805	176	-4.9745283
904	475	-4.9754505
795	248	-4.9763207
852	238	-4.9765058
918	538	-4.980174
843	303	-4.9805193
750	64	-4.9805245
854	41	-4.9812865
823	435	-4.981371
863	470	-4.981699
916	617	-4.9819937
850	43	-4.982082
684	39	-4.982492
833	114	-4.9828477
847	485	-4.982877
762	179	-4.9837723
882	615	-4.9855304
922	89	-4.985609
902	479	-4.9862385
876	183	-4.986412
494	29	-4.987506
858	37	-4.987716
731	66	-4.9890113
864	390	-4.9891033
898	87	-4.991087
799	320	-4.991782
720	112	-4.992397
829	437	-4.992698
709	178	-4.993089
881	394	-4.993281
792	81	-4.9935884
843	258	-4.995867
853	289	-4.9961967
761	71	-4.998681
677	71	-4.998905
694	124	-4.9995546
191	0	-5.000271
767	586	-5.001072
920	477	-5.001344
761	388	-5.001416
871	623	-5.0014715
831	288	-5.0015593
813	432	-5.00194
516	37	-5.0019717
784	77	-5.0021343
856	442	-5.002267
758	236	-5.0025854
567	38	-5.0029883
811	317	-5.0034065
860	638	-5.003517
862	39	-5.003604
642	57	-5.004245
828	576	-5.004621
822	255	-5.004698
700	44	-5.00514
767	29	-5.0055537
647	89	-5.0063605
898	600	-5.007299
754	172	-5.007328
738	118	-5.008328
787	231	-5.0090313
903	617	-5.0095263
895	78	-5.01049
840	549	-5.011167
851	368	-5.01151
807	337	-5.0121136
860	258	-5.0125527
856	45	-5.0125656
722	69	-5.012832
618	36	-5.0130353
894	166	-5.013554
794	400	-5.014762
821	369	-5.0155973
876	264	-5.015774
898	176	-5.0157895
697	192	-5.0158577
836	588	-5.0164666
842	254	-5.016899
891	39	-5.0172915
815	111	-5.0200667
782	103	-5.0222836
861	206	-5.022579
824	269	-5.0245137
906	642	-5.025172
770	81	-5.026894
895	268	-5.0281887
657	140	-5.030431
799	329	-5.0304418
832	131	-5.031496
921	599	-5.0315332
176	0	-5.0317445
682	76	-5.0318465
872	455	-5.0321264
796	270	-5.0326753
805	91	-5.033322
827	387	-5.0334015
783	232	-5.033628
899	580	-5.034575
510	33	-5.03469
253	0	-5.0347347
869	212	-5.0350776
502	9	-5.035595
814	145	-5.0366263
924	235	-5.0369697
921	414	-5.037158
854	469	-5.03717
820	276	-5.037575
785	263	-5.0380106
814	63	-5.040105
735	45	-5.040113
909	432	-5.0402174
265	0	-5.0405536
908	363	-5.0410166
914	227	-5.041551
875	357	-5.043062
870	649	-5.0430655
813	182	-5.043628
553	23	-5.044272
603	23	-5.04565
807	305	-5.0458183
906	503	-5.048514
910	606	-5.048911
837	384	-5.0490313
901	509	-5.049274
582	21	-5.050369
861	137	-5.050463
405	5	-5.0516686
910	574	-5.051788
898	453	-5.051865
789	166	-5.0519857
681	114	-5.052815
495	21	-5.0533543
800	90	-5.0540543
860	367	-5.054368
140	2	-5.0548844
772	325	-5.0557127
884	625	-5.057163
843	421	-5.0581164
902	161	-5.0582566
687	83	-5.058885
794	500	-5.058891
630	36	-5.059257
772	40	-5.0602527
619	125	-5.061924
894	33	-5.0638514
599	70	-5.063993
876	487	-5.0640326
756	74	-5.064257
807	300	-5.0643783
832	647	-5.0645204
889	562	-5.0646114
892	283	-5.0653434
811	97	-5.0654464
869	611	-5.0656157
912	464	-5.0662107
852	262	-5.067575
827	122	-5.0678735
745	161	-5.068037
866	252	-5.070161
743	334	-5.070615
727	68	-5.071909
831	581	-5.073699
233	0	-5.0739245
836	455	-5.0763044
828	410	-5.0773616
754	651	-5.0774994
925	59	-5.0775766
662	185	-5.0777965
835	206	-5.0795097
773	416	-5.0804777
821	141	-5.0808005
763	236	-5.081023
420	2	-5.081258
909	77	-5.081384
928	395	-5.0816693
785	308	-5.082089
898	278	-5.082744
775	264	-5.0847225
871	593	-5.084936
780	335	-5.0868607
777	240	-5.088121
905	546	-5.091123
826	154	-5.0916514
815	485	-5.0921516
774	88	-5.0924516
697	135	-5.0947223
441	4	-5.0957923
890	248	-5.0959167
824	73	-5.0966682
759	408	-5.0969334
895	611	-5.0970774
606	26	-5.097334
699	129	-5.099408
926	69	-5.0995874
800	171	-5.1007047
692	79	-5.101672
874	493	-5.1017485
870	108	-5.1033525
834	330	-5.1041656
885	268	-5.1045785
921	374	-5.1050467
883	246	-5.105058
786	356	-5.1060476
846	362	-5.1071215
926	142	-5.1073256
801	299	-5.1073427
750	74	-5.1084194
757	382	-5.1091967
767	95	-5.109977
561	44	-5.111593
909	472	-5.113501
690	118	-5.11369
847	620	-5.1137314
694	45	-5.11382
864	103	-5.114176
926	552	-5.115448
866	207	-5.1155906
733	243	-5.115967
658	63	-5.116675
791	120	-5.117138
837	335	-5.1174526
796	253	-5.117478
839	267	-5.117877
864	526	-5.1183915
877	260	-5.118832
851	512	-5.1196322
506	8	-5.120087
839	241	-5.120584
877	228	-5.12195
865	595	-5.1223717
831	178	-5.122455
894	553	-5.122963
880	584	-5.123943
813	454	-5.124879
788	332	-5.126783
886	148	-5.1272335
734	115	-5.1273937
848	549	-5.127452
694	117	-5.1281996
856	253	-5.1285615
894	272	-5.129911
839	134	-5.130311
676	189	-5.13086
747	198	-5.131323
859	515	-5.13255
902	567	-5.134755
863	302	-5.1348825
703	29	-5.135162
638	22	-5.1369905
858	356	-5.1401334
736	219	-5.140928
779	408	-5.1411877
260	0	-5.1427975
804	206	-5.1433835
629	6	-5.144686
678	35	-5.146453
587	123	-5.1466627
223	0	-5.1473765
783	110	-5.1491804
862	437	-5.150789
896	54	-5.152165
893	355	-5.152612
817	347	-5.1529512
810	54	-5.154211
916	608	-5.1550074
921	107	-5.1558957
860	211	-5.1562653
875	603	-5.1577945
743	74	-5.157821
606	87	-5.158171
863	607	-5.158669
893	256	-5.158869
555	28	-5.159072
899	58	-5.1590886
762	232	-5.159955
567	73	-5.1615567
851	448	-5.162094
782	600	-5.1630273
743	123	-5.163458
482	6	-5.164833
917	295	-5.1654644
851	392	-5.1655865
795	321	-5.166159
907	427	-5.1677146
886	644	-5.169071
881	389	-5.169487
917	415	-5.169747
794	107	-5.170013
638	53	-5.1705933
858	542	-5.1707945
669	189	-5.1722593
860	239	-5.172366
895	90	-5.1723886
914	345	-5.172815
708	144	-5.1734824
853	567	-5.173998
677	122	-5.1753235
525	6	-5.1757154
809	111	-5.1757417
866	487	-5.176016
773	65	-5.176141
867	622	-5.1765237
659	180	-5.1768074
926	365	-5.1787615
899	134	-5.1790724
886	568	-5.1816654
852	93	-5.1818266
838	41	-5.1819987
890	129	-5.1835284
761	343	-5.1836853
900	543	-5.184611
633	29	-5.184792
823	351	-5.1860967
813	160	-5.1864457
582	57	-5.1866975
794	408	-5.187642
789	43	-5.1881337
244	0	-5.1897173
815	295	-5.190438
877	408	-5.1906433
822	116	-5.1906877
823	32	-5.1907444
634	124	-5.1911874
818	75	-5.1914763
904	69	-5.191539
910	228	-5.191833
902	62	-5.19188
518	33	-5.1921973
836	634	-5.192563
883	332	-5.1925945
900	80	-5.193335
729	27	-5.194769
835	619	-5.1949134
805	345	-5.1961718
833	626	-5.198007
886	161	-5.1989217
879	107	-5.1992407
522	34	-5.199975
908	355	-5.201176
889	578	-5.201216
514	32	-5.2012343
815	168	-5.2018194
484	10	-5.2020273
804	267	-5.202194
826	379	-5.202431
39	4	-5.202547
766	228	-5.20302
820	71	-5.2040997
485	20	-5.204531
918	347	-5.20463
906	86	-5.2046366
875	116	-5.2047496
514	6	-5.2052116
899	464	-5.2055244
867	456	-5.205666
923	192	-5.2067447
752	248	-5.207043
898	633	-5.2084928
802	617	-5.2088733
845	583	-5.2090597
618	153	-5.210167
899	249	-5.2113667
746	116	-5.2124696
744	401	-5.212669
756	197	-5.2156763
818	103	-5.2160645
894	504	-5.216127
804	372	-5.216196
907	241	-5.2189627
800	46	-5.2194357
918	463	-5.220949
885	157	-5.221
761	81	-5.222656
709	212	-5.22332
825	569	-5.223879
499	30	-5.2239203
911	232	-5.224388
894	513	-5.2252245
866	633	-5.2256575
862	532	-5.225935
4	37	-5.2263165
750	30	-5.2267113
907	141	-5.227041
907	236	-5.227076
270	0	-5.227178
904	51	-5.228885
801	401	-5.2306504
810	400	-5.230943
799	413	-5.2314687
499	19	-5.2320213
862	442	-5.2329473
412	5	-5.2338476
606	76	-5.2341747
726	72	-5.235459
852	385	-5.2358947
884	635	-5.236681
925	421	-5.237146
722	62	-5.2374125
749	363	-5.2375913
841	447	-5.238624
688	5	-5.239665
737	66	-5.239696
744	211	-5.2406135
921	544	-5.2412195
911	54	-5.241922
826	422	-5.2430415
494	9	-5.243318
917	471	-5.244321
28	127	-5.2461424
770	98	-5.2463064
573	79	-5.247513
897	625	-5.2488456
906	44	-5.2489
754	66	-5.249206
823	121	-5.249811
879	339	-5.2501416
778	226	-5.250855
776	138	-5.252587
925	148	-5.2528267
23	37	-5.253247
841	629	-5.253927
747	395	-5.2549734
817	60	-5.256605
829	543	-5.256687
860	55	-5.256935
915	411	-5.257827
567	46	-5.2584434
878	150	-5.259078
841	245	-5.260076
763	397	-5.260234
747	216	-5.26113
870	247	-5.2611313
859	500	-5.261488
815	315	-5.2622128
818	493	-5.2629733
839	234	-5.26334
894	159	-5.2640424
879	159	-5.264123
924	272	-5.2641954
741	344	-5.2651587
850	470	-5.26555
687	36	-5.2655644
899	483	-5.26584
865	183	-5.2660832
897	47	-5.267331
786	190	-5.2674127
833	82	-5.2674665
834	183	-5.2689137
867	303	-5.2693105
685	118	-5.270427
846	41	-5.271241
774	75	-5.272251
818	65	-5.2723656
717	60	-5.272453
635	8	-5.2733006
815	392	-5.2738385
891	163	-5.2746105
27	100	-5.2748814
661	104	-5.2750845
834	191	-5.2751827
400	5	-5.275744
892	64	-5.2768354
862	540	-5.277106
578	55	-5.2772365
771	602	-5.280209
914	50	-5.280423
680	155	-5.2816753
711	216	-5.282071
861	482	-5.2823205
911	240	-5.2837768
915	419	-5.2838616
804	145	-5.284407
896	495	-5.2852345
905	435	-5.28526
888	616	-5.2852697
585	50	-5.286154
671	39	-5.2861547
805	464	-5.286716
840	391	-5.2872643
710	208	-5.2872696
789	245	-5.2893553
770	103	-5.290117
688	114	-5.2910404
831	589	-5.291246
928	603	-5.291705
827	186	-5.293272
831	643	-5.293335
902	561	-5.293606
826	127	-5.293771
913	548	-5.2941523
880	115	-5.294241
771	652	-5.2946267
610	89	-5.2947016
899	440	-5.2960854
470	10	-5.2965336
780	382	-5.297046
6	27	-5.297529
839	273	-5.2977943
826	559	-5.299146
851	431	-5.299725
872	113	-5.299888
856	245	-5.299916
875	268	-5.300088
847	591	-5.3007264
428	6	-5.3008
842	476	-5.3012323
857	438	-5.3020124
670	116	-5.303346
917	591	-5.303768
819	293	-5.304728
852	604	-5.305107
828	461	-5.305159
754	128	-5.305494
778	351	-5.307819
809	470	-5.3085356
743	328	-5.309779
803	604	-5.3109517
734	223	-5.3112698
869	153	-5.3118515
503	29	-5.312999
807	539	-5.313976
923	223	-5.3150635
766	89	-5.315238
853	398	-5.31562
864	464	-5.315886
854	359	-5.315951
856	434	-5.3164573
665	114	-5.316813
716	151	-5.3178906
864	649	-5.318737
893	279	-5.319046
753	52	-5.3204045
867	396	-5.3205957
709	164	-5.32183
850	217	-5.3218794
767	130	-5.324348
748	194	-5.325466
850	489	-5.3259697
809	449	-5.326116
611	99	-5.3264627
514	25	-5.3275123
828	336	-5.3275213
925	300	-5.32753
871	104	-5.328182
806	263	-5.329125
780	259	-5.3292966
776	69	-5.329563
865	310	-5.3303485
12	44	-5.3308077
857	207	-5.331474
908	95	-5.3318167
4	43	-5.3323617
863	452	-5.332545
642	6	-5.3328233
896	82	-5.333277
803	313	-5.333508
918	172	-5.33417
18	28	-5.3351145
228	0	-5.335182
571	71	-5.3358226
901	487	-5.336208
795	122	-5.336987
792	272	-5.3371654
882	147	-5.3377423
903	637	-5.337923
872	234	-5.3386497
709	46	-5.340311
903	513	-5.340518
887	78	-5.340684
802	447	-5.3407145
566	42	-5.3411903
827	169	-5.34224
154	0	-5.342871
789	196	-5.3433566
894	252	-5.343774
881	267	-5.343974
759	126	-5.3441443
859	392	-5.344557
910	269	-5.3461328
34	28	-5.346193
715	102	-5.346396
651	34	-5.3469033
809	329	-5.346928
824	330	-5.347581
603	138	-5.3479366
830	117	-5.3489437
676	41	-5.3491244
842	535	-5.3492527
862	404	-5.349475
834	175	-5.34957
801	272	-5.349948
928	609	-5.3505816
713	148	-5.3506193
916	467	-5.351431
921	520	-5.352426
862	426	-5.352548
913	637	-5.352666
519	6	-5.35498
796	88	-5.3556986
448	4	-5.355792
901	167	-5.3585505
894	244	-5.358689
477	26	-5.359242
918	149	-5.3592424
834	165	-5.3602204
723	671	-5.360502
831	188	-5.3612986
899	515	-5.361892
662	59	-5.36236
855	285	-5.363021
875	218	-5.363936
921	368	-5.3641176
905	471	-5.3641624
842	460	-5.3646417
860	432	-5.366169
875	568	-5.367131
784	237	-5.367982
841	250	-5.36815
683	5	-5.368943
704	139	-5.3702664
884	125	-5.3716383
698	5	-5.372597
926	63	-5.3726463
862	412	-5.372717
657	158	-5.372824
747	369	-5.373437
559	38	-5.373951
857	386	-5.375025
839	603	-5.375064
928	638	-5.375987
746	71	-5.376104
847	299	-5.376543
860	202	-5.3765655
744	248	-5.377585
873	179	-5.3783584
796	386	-5.3811603
905	230	-5.3812575
877	645	-5.382722
805	296	-5.3834567
397	2	-5.38378
894	621	-5.386241
896	615	-5.386309
829	405	-5.3865075
659	97	-5.386911
906	165	-5.3869767
819	429	-5.3894415
654	174	-5.389587
823	294	-5.3896456
878	155	-5.3909593
869	448	-5.3909955
832	551	-5.392612
500	13	-5.395283
796	305	-5.3956304
678	117	-5.395832
749	651	-5.396925
816	217	-5.396963
864	92	-5.3978696
865	246	-5.3988314
8	40	-5.399819
816	564	-5.3998313
872	325	-5.400351
883	118	-5.4006095
695	40	-5.4007406
595	97	-5.400771
787	114	-5.400972
823	68	-5.4014125
846	474	-5.401867
905	368	-5.4019656
809	276	-5.4026
894	337	-5.4026585
869	255	-5.4030433
837	595	-5.405283
820	310	-5.405558
746	128	-5.40566
839	259	-5.4066052
919	224	-5.407024
821	184	-5.4073343
758	193	-5.4076133
914	148	-5.4084015
819	169	-5.408705
671	63	-5.409043
831	33	-5.410264
667	140	-5.4110756
825	263	-5.411244
925	241	-5.41193
637	46	-5.4123764
865	203	-5.413198
798	423	-5.4137626
12	32	-5.4144244
877	112	-5.4144754
924	481	-5.415072
875	187	-5.415289
476	6	-5.4155607
902	461	-5.4155626
911	591	-5.4155927
872	637	-5.4156523
838	450	-5.4158144
818	137	-5.4177456
866	107	-5.4181914
888	184	-5.420061
493	13	-5.4204884
843	401	-5.420744
804	611	-5.421082
863	374	-5.4213448
905	633	-5.421914
551	32	-5.422142
217	0	-5.422285
912	250	-5.4226503
729	82	-5.4239917
806	619	-5.425385
861	254	-5.42683
160	0	-5.427379
785	250	-5.4280996
896	347	-5.430424
859	33	-5.430937
910	545	-5.4310555
786	82	-5.4313045
813	321	-5.4331107
799	606	-5.433595
812	345	-5.433918
773	235	-5.434804
795	360	-5.43531
814	276	-5.435316
889	197	-5.435405
821	175	-5.436463
854	99	-5.436658
832	433	-5.4376225
700	87	-5.4386005
927	520	-5.439673
752	228	-5.4408526
836	305	-5.4416447
805	387	-5.4422874
896	549	-5.4430604
878	145	-5.4430833
608	94	-5.4434633
924	177	-5.444675
830	572	-5.445373
897	567	-5.445504
756	365	-5.445642
809	651	-5.4456935
811	391	-5.4472923
889	637	-5.4481535
807	426	-5.4487033
870	489	-5.4500294
785	138	-5.451487
752	56	-5.451586
928	488	-5.4516625
655	93	-5.4521184
819	484	-5.452323
743	86	-5.4525805
748	415	-5.452816
509	5	-5.4531016
693	5	-5.4543867
710	160	-5.4549017
29	2	-5.4551773
882	629	-5.455217
693	128	-5.4565024
726	195	-5.456755
911	142	-5.457246
833	631	-5.4576554
924	197	-5.4583626
928	507	-5.458883
831	143	-5.459332
916	563	-5.4593644
642	30	-5.4593673
776	94	-5.459545
686	43	-5.460124
868	404	-5.463118
834	39	-5.464626
795	266	-5.4656463
903	240	-5.4660587
732	247	-5.4666653
821	109	-5.4673324
132	28	-5.467602
27	118	-5.46847
926	473	-5.469317
815	531	-5.4694543
835	157	-5.4699593
921	275	-5.470229
791	263	-5.4702806
647	134	-5.4708333
906	555	-5.472657
662	150	-5.474568
765	215	-5.4746046
826	326	-5.475734
762	586	-5.4761
787	255	-5.476179
526	36	-5.4763703
787	142	-5.4764776
619	138	-5.4794545
928	279	-5.479584
871	504	-5.4797893
822	561	-5.480033
653	138	-5.480406
562	8	-5.48081
855	504	-5.4821196
801	648	-5.482393
791	320	-5.482407
786	33	-5.4827805
818	559	-5.4839635
883	165	-5.484316
842	468	-5.4847026
916	143	-5.4850206
751	254	-5.4850564
921	473	-5.485184
847	417	-5.485321
879	567	-5.4858837
823	77	-5.486482
738	70	-5.4865236
786	406	-5.486819
778	235	-5.486909
800	364	-5.4870276
813	539	-5.4878793
490	8	-5.4881477
862	243	-5.4891906
758	228	-5.489577
642	21	-5.490045
683	150	-5.4904428
766	105	-5.490742
900	472	-5.491628
902	252	-5.4917536
854	62	-5.4918184
855	294	-5.49318
389	0	-5.494355
736	237	-5.494593
824	290	-5.4950995
880	363	-5.4960537
842	39	-5.496669
805	382	-5.4975023
698	187	-5.498533
815	428	-5.4988256
730	44	-5.499264
837	540	-5.499712
621	104	-5.50041
744	652	-5.5006676
809	434	-5.501001
886	180	-5.501739
880	243	-5.5027943
919	622	-5.502968
897	366	-5.503286
807	169	-5.5039473
685	22	-5.5045543
768	134	-5.5045576
491	19	-5.505261
819	133	-5.5059013
904	137	-5.506215
743	348	-5.5071125
821	439	-5.508127
915	542	-5.508753
575	51	-5.5092707
793	94	-5.5122657
778	104	-5.512452
775	43	-5.51464
703	148	-5.5147552
884	386	-5.51486
849	323	-5.5153084
751	209	-5.5156016
358	0	-5.517047
810	155	-5.5175977
779	191	-5.517988
891	169	-5.5186396
776	602	-5.5191717
855	50	-5.520566
911	170	-5.522222
695	151	-5.522322
662	34	-5.522333
863	496	-5.5235815
857	450	-5.525244
830	125	-5.525833
834	569	-5.526689
818	256	-5.5270166
805	399	-5.5276766
699	196	-5.5284123
925	306	-5.528414
869	498	-5.5285764
903	426	-5.5289936
789	310	-5.529255
853	34	-5.5295053
830	567	-5.530574
757	82	-5.5309496
920	298	-5.5315433
902	172	-5.5317
929	382	-5.5317445
844	77	-5.532406
869	195	-5.532437
914	235	-5.532611
912	359	-5.532705
810	445	-5.5330734
888	176	-5.533091
612	85	-5.533129
822	386	-5.5341344
290	0	-5.535341
524	30	-5.5360947
792	161	-5.536517
853	355	-5.5367637
921	488	-5.5379324
662	51	-5.5393524
808	147	-5.5395947
858	645	-5.5399857
922	42	-5.5406227
688	75	-5.5410957
890	631	-5.5412517
855	326	-5.541306
61	0	-5.5419884
797	156	-5.543145
780	249	-5.5434804
748	120	-5.543864
537	8	-5.5446277
421	7	-5.5452437
925	262	-5.5456176
20	40	-5.546005
882	355	-5.546157
594	62	-5.546445
893	342	-5.546661
817	148	-5.547328
753	362	-5.548233
853	142	-5.5489235
871	189	-5.5494633
719	93	-5.5496144
869	181	-5.5509005
921	455	-5.551243
910	351	-5.5514584
863	316	-5.552173
690	46	-5.552206
807	161	-5.552544
635	36	-5.552607
618	25	-5.554187
823	492	-5.5552397
879	351	-5.555416
819	465	-5.5554695
814	172	-5.55556
443	8	-5.555879
35	3	-5.5585613
870	38	-5.558562
736	211	-5.561673
698	140	-5.5623126
925	349	-5.5629935
739	47	-5.5641274
914	633	-5.5643415
882	271	-5.564619
734	69	-5.564665
425	9	-5.5647335
699	28	-5.564821
898	43	-5.5667624
616	83	-5.567802
511	9	-5.5692153
897	74	-5.5695524
714	48	-5.570577
911	613	-5.570855
750	82	-5.5715575
680	191	-5.5718255
925	124	-5.5720634
929	565	-5.5724077
896	180	-5.5730405
838	279	-5.5734367
678	45	-5.57452
771	91	-5.5751996
855	446	-5.5754166
835	602	-5.5757666
926	226	-5.575792
747	381	-5.5763316
788	89	-5.576932
790	382	-5.5769405
766	71	-5.5769424
801	203	-5.57793
924	152	-5.5784516
903	132	-5.57848
790	368	-5.5787115
835	32	-5.5787497
865	368	-5.5787606
783	605	-5.579882
776	391	-5.580357
814	619	-5.581132
835	580	-5.581332
793	232	-5.5815897
754	177	-5.581615
821	222	-5.5827374
860	147	-5.5849643
847	422	-5.58559
888	275	-5.5875425
845	451	-5.5879707
852	254	-5.588711
501	5	-5.589217
903	431	-5.5897856
127	28	-5.590735
751	131	-5.591067
788	388	-5.5922275
735	671	-5.592904
912	262	-5.5945363
855	257	-5.594563
601	8	-5.595089
810	210	-5.595894
275	0	-5.59662
575	59	-5.5968046
881	197	-5.59689
551	27	-5.5983496
739	408	-5.599306
908	252	-5.6002126
786	38	-5.6007295
790	360	-5.6010137
600	26	-5.601304
620	8	-5.6026483
856	461	-5.6031213
776	327	-5.6032276
887	171	-5.604109
875	237	-5.604369
843	414	-5.604808
829	232	-5.6050267
739	78	-5.6051617
919	233	-5.605437
768	349	-5.605737
753	116	-5.605859
755	220	-5.6064386
871	204	-5.6067142
920	364	-5.608094
639	39	-5.608234
110	0	-5.6082687
489	12	-5.608901
888	284	-5.609024
587	99	-5.609117
832	153	-5.6099744
740	213	-5.6115103
839	161	-5.612979
879	164	-5.6130757
602	75	-5.6136007
809	260	-5.6144123
823	358	-5.614478
778	214	-5.614862
556	18	-5.6152134
801	157	-5.6160593
882	505	-5.618221
762	651	-5.619012
866	299	-5.619151
775	412	-5.6191573
872	273	-5.6198816
878	641	-5.6199684
844	542	-5.6209216
896	557	-5.621181
850	646	-5.6213026
900	457	-5.621838
817	176	-5.622236
902	244	-5.623154
928	453	-5.6241975
248	1	-5.6247
862	478	-5.62486
679	148	-5.6249537
844	140	-5.625532
713	87	-5.6262455
674	193	-5.6269765
748	164	-5.627862
771	131	-5.6287155
900	93	-5.628767
745	46	-5.6293774
802	434	-5.6297207
903	83	-5.630019
892	81	-5.6302648
787	275	-5.632672
859	284	-5.633225
751	60	-5.6344757
913	433	-5.6345997
880	576	-5.6351933
925	252	-5.635458
583	88	-5.6354966
724	151	-5.635782
830	593	-5.6372085
887	245	-5.6386423
750	171	-5.6386647
633	92	-5.63903
842	481	-5.639273
708	150	-5.639521
762	393	-5.6403766
929	459	-5.640995
684	28	-5.6414394
609	8	-5.6424446
794	372	-5.6434245
781	253	-5.6434703
830	182	-5.643876
403	1	-5.644322
825	131	-5.6447215
790	39	-5.644985
874	572	-5.6453414
918	71	-5.645517
757	187	-5.645702
859	87	-5.6466236
852	465	-5.646949
804	172	-5.6471376
625	8	-5.6474323
828	111	-5.6481476
479	10	-5.6482124
876	586	-5.6489515
907	169	-5.649356
813	477	-5.6503854
683	194	-5.65048
791	602	-5.651726
770	227	-5.6521397
730	74	-5.6524405
928	615	-5.6530724
803	304	-5.654377
828	648	-5.6560764
753	77	-5.6568813
763	339	-5.657172
638	28	-5.6573315
876	328	-5.657506
822	373	-5.6587844
893	317	-5.6597333
4	31	-5.660016
634	49	-5.6602564
755	122	-5.6621695
808	547	-5.662205
554	5	-5.6626205
909	64	-5.6636395
884	240	-5.663726
926	353	-5.664212
925	341	-5.665651
789	328	-5.6667657
354	2	-5.6674
346	1	-5.667903
885	611	-5.6682496
864	491	-5.6704063
505	12	-5.6710944
533	9	-5.67139
779	45	-5.6714735
774	382	-5.6717405
865	60	-5.6724043
774	213	-5.672548
909	58	-5.672983
918	353	-5.6737227
769	345	-5.6738496
928	524	-5.6743736
761	240	-5.6746035
850	161	-5.675149
908	347	-5.675491
784	398	-5.6758723
779	109	-5.675922
102	0	-5.676851
799	161	-5.6782384
868	266	-5.6785116
55	0	-5.6785336
818	568	-5.6796923
867	606	-5.67975
831	635	-5.680018
791	115	-5.680604
816	445	-5.680628
927	172	-5.681299
738	113	-5.684217
918	135	-5.684704
676	145	-5.684719
826	483	-5.685474
838	466	-5.6857247
692	190	-5.6862593
595	125	-5.6876187
873	644	-5.687754
921	558	-5.6879735
808	461	-5.689891
469	28	-5.690893
752	259	-5.691413
8	35	-5.692216
894	86	-5.6926208
925	359	-5.692799
824	259	-5.692978
818	32	-5.693814
746	360	-5.694454
852	581	-5.6952953
521	23	-5.695329
906	304	-5.695877
862	108	-5.696171
917	546	-5.697034
860	524	-5.697816
736	653	-5.698217
876	222	-5.6994286
842	45	-5.699829
641	49	-5.6998587
661	55	-5.7004156
824	390	-5.7005887
849	457	-5.7010884
350	0	-5.701097
904	364	-5.702729
838	47	-5.7034082
822	64	-5.703422
748	78	-5.703511
786	271	-5.705195
771	70	-5.7055755
857	510	-5.7064805
728	670	-5.7068877
876	233	-5.7079124
646	52	-5.7081394
879	500	-5.7089806
595	149	-5.709737
879	635	-5.709935
647	6	-5.71068
711	204	-5.7113533
794	364	-5.7132688
805	473	-5.7145042
758	652	-5.7147202
814	637	-5.7149854
717	147	-5.7159147
901	369	-5.7159495
862	354	-5.7162457
851	595	-5.717083
912	96	-5.7174516
883	74	-5.7176795
758	96	-5.7178035
793	111	-5.718546
846	251	-5.7186418
892	173	-5.7188716
835	235	-5.7188897
901	304	-5.719372
43	2	-5.720458
749	53	-5.7210126
652	134	-5.721435
697	175	-5.7216506
838	438	-5.721985
925	426	-5.7225323
846	464	-5.7225876
758	78	-5.7226777
703	5	-5.723168
771	107	-5.723821
905	55	-5.7242084
908	135	-5.7252035
655	33	-5.7257295
922	219	-5.726588
599	89	-5.727053
904	226	-5.7273917
802	553	-5.728106
806	325	-5.7286806
809	465	-5.7297525
778	221	-5.7300677
12	38	-5.730282
413	1	-5.730981
827	175	-5.731454
707	230	-5.7321954
26	104	-5.732722
928	627	-5.7335052
852	517	-5.7341833
766	78	-5.7344866
777	98	-5.7359786
824	543	-5.736024
817	142	-5.736638
862	644	-5.73666
841	530	-5.737495
856	95	-5.738717
527	40	-5.738998
795	261	-5.7391334
196	0	-5.7391915
820	179	-5.7400513
900	182	-5.7415485
908	438	-5.7420735
910	244	-5.74409
895	248	-5.744738
845	410	-5.7449565
921	425	-5.745405
573	55	-5.7457776
825	511	-5.7463083
850	147	-5.7470703
594	8	-5.747112
828	268	-5.747234
869	645	-5.7483563
903	235	-5.753462
920	189	-5.753508
834	293	-5.7535334
670	147	-5.754146
808	341	-5.75508
563	39	-5.755082
929	399	-5.755158
822	128	-5.7552333
763	28	-5.755446
758	86	-5.755665
872	175	-5.7561693
690	22	-5.7564125
858	468	-5.7586284
788	241	-5.7595787
809	375	-5.7596197
849	495	-5.759752
875	74	-5.7604604
647	57	-5.7606754
929	289	-5.7620635
916	338	-5.762149
816	287	-5.762217
799	431	-5.762538
909	617	-5.7643857
782	228	-5.7645144
880	103	-5.764886
830	192	-5.7651105
822	461	-5.765329
881	183	-5.7656417
599	123	-5.7666073
896	358	-5.7667294
802	167	-5.767291
922	48	-5.7677045
840	311	-5.768497
763	224	-5.769539
896	131	-5.769717
741	160	-5.770281
586	60	-5.77066
708	616	-5.7707043
840	75	-5.7710476
830	77	-5.771884
799	121	-5.772192
881	644	-5.772547
828	479	-5.772989
894	42	-5.7734747
843	160	-5.7737117
774	36	-5.774212
786	384	-5.774372
393	1	-5.7745743
924	185	-5.7755337
615	88	-5.7762446
755	386	-5.776688
818	488	-5.779123
759	209	-5.780184
773	84	-5.780418
814	469	-5.781034
140	12	-5.7812543
895	562	-5.781268
863	154	-5.781324
408	2	-5.7817264
906	456	-5.7822857
727	223	-5.7823553
675	67	-5.7828627
792	325	-5.7850666
701	48	-5.7859883
753	200	-5.786112
754	85	-5.7862387
612	19	-5.7866135
911	570	-5.78671
907	571	-5.788807
769	66	-5.788846
911	301	-5.7896857
734	82	-5.7902536
917	250	-5.7906604
529	10	-5.791811
616	6	-5.7920628
676	6	-5.79208
876	506	-5.7928815
774	225	-5.793844
747	190	-5.7938957
682	71	-5.7940197
801	112	-5.795208
765	401	-5.7955427
892	288	-5.795635
851	461	-5.7966704
849	315	-5.7973723
804	623	-5.7982955
437	1	-5.798974
804	48	-5.7998104
824	138	-5.8000674
751	218	-5.8002696
543	2	-5.801538
815	119	-5.8016977
738	84	-5.8016987
861	262	-5.803428
853	548	-5.8045993
281	0	-5.807469
802	391	-5.8078523
925	314	-5.808233
832	326	-5.8091087
836	138	-5.809238
758	65	-5.80955
866	536	-5.809774
782	40	-5.8103285
860	294	-5.812865
802	459	-5.8134475
518	28	-5.8134713
867	66	-5.813558
170	0	-5.813732
664	109	-5.8140163
796	275	-5.814672
881	619	-5.816446
887	152	-5.8166914
715	52	-5.816699
630	125	-5.8168225
631	40	-5.8168235
857	404	-5.817132
557	45	-5.8171678
695	230	-5.818203
792	316	-5.818243
857	495	-5.820092
772	348	-5.8204103
798	382	-5.8214054
879	300	-5.821714
925	330	-5.8219476
858	488	-5.8220325
548	23	-5.824206
814	497	-5.8245287
814	553	-5.824692
811	115	-5.825425
728	94	-5.8254457
686	147	-5.82579
901	76	-5.8275113
789	235	-5.8278704
871	199	-5.8279767
666	58	-5.8281994
864	306	-5.8296885
911	132	-5.830983
3	48	-5.831568
903	248	-5.8328733
778	588	-5.8341537
792	90	-5.83458
691	153	-5.834725
896	544	-5.8354254
635	19	-5.8357277
681	42	-5.83625
881	580	-5.836295
721	148	-5.838307
733	251	-5.8393135
575	75	-5.839367
829	619	-5.8406267
657	135	-5.8409653
505	21	-5.8410325
830	172	-5.8415837
849	641	-5.8428864
810	280	-5.843836
696	267	-5.8441634
809	173	-5.8444557
797	418	-5.8445306
731	235	-5.844676
757	114	-5.8448796
132	12	-5.845506
772	398	-5.847378
663	189	-5.8477345
790	157	-5.848607
797	234	-5.848617
14	27	-5.848849
671	30	-5.849528
879	169	-5.8502893
826	344	-5.850804
807	606	-5.8509774
839	209	-5.8535676
863	446	-5.8548303
793	300	-5.855061
0	65	-5.8551836
888	191	-5.855501
910	460	-5.8559804
724	159	-5.856079
697	182	-5.856207
924	310	-5.857007
916	45	-5.857386
816	325	-5.8580804
27	110	-5.858298
850	599	-5.858317
799	246	-5.8583283
881	122	-5.858728
807	485	-5.8606105
861	419	-5.8611703
920	145	-5.8623548
870	208	-5.863864
767	651	-5.864589
825	274	-5.8649616
794	391	-5.86589
722	74	-5.866405
916	361	-5.8687778
915	300	-5.8691025
813	256	-5.8709135
915	244	-5.87125
644	46	-5.8726296
699	52	-5.8731866
770	214	-5.8731933
762	97	-5.8736844
212	0	-5.8737025
654	60	-5.875036
677	49	-5.875365
830	639	-5.8757224
822	284	-5.8758693
314	2	-5.8761487
865	196	-5.8766217
842	214	-5.87814
799	146	-5.8794193
778	38	-5.879618
853	455	-5.879649
705	181	-5.8801427
671	6	-5.8806767
812	339	-5.880998
694	132	-5.8814993
553	9	-5.8817058
921	419	-5.8818383
781	648	-5.882341
505	4	-5.8823786
662	140	-5.8836527
342	0	-5.8836694
779	671	-5.8838887
605	6	-5.8843136
753	168	-5.886459
138	28	-5.886538
794	494	-5.887091
836	443	-5.8892155
384	0	-5.889289
760	122	-5.889491
362	1	-5.889904
583	122	-5.890592
699	150	-5.8928223
847	504	-5.8936114
871	269	-5.897907
608	158	-5.8985124
821	280	-5.898734
666	118	-5.8988166
860	457	-5.900201
890	240	-5.900248
710	612	-5.901245
25	25	-5.9016128
300	0	-5.9016614
797	43	-5.9021616
874	100	-5.902186
744	51	-5.902339
781	420	-5.9023933
798	610	-5.902396
732	193	-5.904591
798	257	-5.904624
695	27	-5.904694
844	59	-5.9055514
811	304	-5.9059825
892	311	-5.906596
66	0	-5.9069257
901	347	-5.9081078
689	122	-5.9081388
416	9	-5.90835
20	34	-5.9099073
803	376	-5.9111004
850	435	-5.9111104
855	390	-5.9118066
912	101	-5.91189
855	267	-5.9120293
718	67	-5.9120984
751	125	-5.912449
886	279	-5.913807
760	333	-5.91391
823	518	-5.9141335
590	20	-5.9143844
857	298	-5.916091
707	224	-5.9177737
926	112	-5.9177823
776	649	-5.918116
893	333	-5.919286
883	106	-5.9200034
840	456	-5.92091
618	19	-5.9209967
817	449	-5.9211206
789	109	-5.9221034
889	332	-5.922879
712	189	-5.922934
487	16	-5.923695
591	95	-5.924544
736	109	-5.925264
529	30	-5.9254055
759	423	-5.9257307
835	179	-5.9257784
928	168	-5.9259305
8	23	-5.9276433
895	351	-5.9290886
928	76	-5.930045
653	6	-5.9301963
708	86	-5.9303846
778	195	-5.9319153
589	87	-5.932331
882	110	-5.9327307
925	136	-5.933081
723	4	-5.9331717
755	369	-5.933246
916	219	-5.933516
512	2	-5.9348307
813	387	-5.9355435
700	79	-5.938709
878	310	-5.9391465
746	343	-5.939357
836	78	-5.939856
705	153	-5.940317
567	8	-5.940348
828	81	-5.941221
750	176	-5.9420443
893	627	-5.942048
811	486	-5.9425097
515	10	-5.943481
703	200	-5.9435334
805	633	-5.943714
785	194	-5.943773
843	621	-5.9439807
801	232	-5.944258
828	627	-5.9446597
655	22	-5.945739
716	171	-5.946101
51	1	-5.9477854
796	168	-5.9485474
795	117	-5.9487123
859	445	-5.9489713
783	115	-5.9489827
799	295	-5.9493904
818	159	-5.9504495
828	165	-5.9505224
793	200	-5.950635
579	87	-5.950957
797	242	-5.9510694
823	334	-5.9514275
750	392	-5.951519
925	131	-5.952214
827	427	-5.952218
720	89	-5.953033
873	300	-5.9536543
733	204	-5.9536595
804	275	-5.954028
875	66	-5.9550056
928	650	-5.955683
866	190	-5.955882
910	68	-5.9562306
841	143	-5.9568267
921	431	-5.957009
851	81	-5.957424
716	671	-5.958652
832	472	-5.9590473
394	5	-5.960623
914	621	-5.961206
854	280	-5.9612417
833	389	-5.962475
839	419	-5.9627376
915	55	-5.963109
916	272	-5.965071
727	78	-5.9659057
850	363	-5.967026
804	443	-5.9677672
781	137	-5.967783
840	33	-5.968041
165	0	-5.9691043
917	432	-5.969937
808	256	-5.9704924
908	173	-5.9705596
894	238	-5.970776
879	359	-5.97104
923	246	-5.971827
573	87	-5.9727335
876	275	-5.973335
827	69	-5.973384
847	545	-5.9744744
646	22	-5.9746666
809	284	-5.974797
691	183	-5.9749517
625	92	-5.9752016
814	631	-5.9753537
765	67	-5.9763293
928	530	-5.9763355
761	184	-5.9765234
858	323	-5.97653
767	600	-5.976783
911	224	-5.9768105
762	85	-5.9769382
645	34	-5.9769764
872	163	-5.9769793
877	581	-5.9778757
862	64	-5.979143
852	173	-5.981003
765	387	-5.9815454
728	114	-5.983344
774	189	-5.983711
581	51	-5.983855
864	637	-5.9839234
806	627	-5.9842777
747	124	-5.984613
891	181	-5.9848986
824	577	-5.9851584
856	203	-5.9865746
899	476	-5.9868145
852	507	-5.988132
425	32	-5.9882636
849	157	-5.989673
682	124	-5.990485
752	382	-5.9910574
857	641	-5.9913554
763	355	-5.9919744
2	103	-5.9922576
929	405	-5.9933147
674	149	-5.993685
809	295	-5.994011
781	356	-5.994412
817	221	-5.9957514
826	254	-5.997505
741	110	-5.997554
573	135	-5.997835
