x_coord	y_coord	score
485	651	0.097230405
762	578	0.034641027
833	568	0.034480035
698	590	0.0025656521
814	569	-0.011901945
693	591	-0.021241456
796	573	-0.030330867
684	594	-0.0420568
767	578	-0.04243058
756	580	-0.0489029
481	652	-0.06346208
784	575	-0.06868753
779	576	-0.07781333
658	600	-0.087600976
489	650	-0.10695571
838	568	-0.12618217
843	567	-0.13190457
662	599	-0.13691947
775	577	-0.15576589
752	581	-0.16047525
674	596	-0.16320688
678	595	-0.18084899
822	569	-0.18238834
810	572	-0.21505682
715	588	-0.22224742
792	575	-0.22513592
828	568	-0.226976
710	588	-0.22899556
598	615	-0.23091021
475	653	-0.23796014
818	568	-0.25210667
802	572	-0.2534963
690	594	-0.25628072
720	586	-0.2638679
727	586	-0.26553285
669	598	-0.26893753
602	614	-0.27048865
748	582	-0.27857083
514	639	-0.29813275
703	590	-0.31966457
543	631	-0.3267022
806	571	-0.32699546
788	574	-0.33754307
652	601	-0.34517878
731	584	-0.34936312
593	616	-0.35498753
848	567	-0.3739265
500	647	-0.38478467
614	610	-0.4063565
555	627	-0.4079716
535	632	-0.41403615
771	576	-0.41664812
555	651	-0.427085
547	652	-0.44441575
853	566	-0.44590586
610	613	-0.45834416
494	649	-0.45868212
559	650	-0.46669772
736	584	-0.46767914
567	624	-0.47749522
689	590	-0.47763354
471	652	-0.48464698
858	565	-0.49188137
742	582	-0.4961053
580	620	-0.50313807
543	653	-0.5053608
528	635	-0.50940627
559	626	-0.518761
648	602	-0.5222143
584	618	-0.5322057
817	572	-0.5326214
749	578	-0.547576
520	637	-0.5565742
547	630	-0.5574559
510	641	-0.5766597
618	609	-0.58124876
551	628	-0.592922
588	616	-0.59548247
571	623	-0.60393244
576	621	-0.6212117
563	625	-0.6330415
504	643	-0.6509927
524	636	-0.65381646
606	615	-0.6539794
636	605	-0.67566025
539	630	-0.67756325
632	606	-0.6842624
551	650	-0.69180703
496	645	-0.70472336
537	653	-0.7053802
665	596	-0.70762587
670	594	-0.72185636
696	594	-0.7234302
862	564	-0.72375506
622	610	-0.73557436
642	603	-0.7508118
563	649	-0.7518921
809	568	-0.75276256
467	653	-0.7529439
879	561	-0.7679546
153	652	-0.78982115
706	587	-0.79647297
753	577	-0.8018347
482	648	-0.82004267
531	631	-0.8319223
478	649	-0.83259326
760	582	-0.83294225
798	569	-0.8362777
840	564	-0.8590604
486	647	-0.86054546
678	617	-0.8754288
490	645	-0.8835801
772	580	-0.8888552
884	561	-0.8995411
716	584	-0.90056515
685	615	-0.90232337
673	619	-0.90741134
681	591	-0.90787345
815	653	-0.9088925
595	612	-0.91818726
791	571	-0.928916
782	579	-0.93096054
702	586	-0.9433485
498	651	-0.9477843
707	591	-0.94877684
834	572	-0.949829
699	569	-0.9503342
628	609	-0.95223916
758	576	-0.95889735
745	579	-0.9633341
518	641	-0.979877
724	583	-0.98000216
850	563	-1.0139608
675	592	-1.0151024
811	654	-1.0214688
473	630	-1.0224986
567	648	-1.0319264
825	565	-1.0354714
607	610	-1.0482243
615	614	-1.0517232
855	562	-1.05483
699	613	-1.0664558
738	580	-1.0672933
875	563	-1.0682108
781	572	-1.0685222
500	641	-1.0697879
835	564	-1.0761755
868	564	-1.0831178
844	563	-1.0843093
711	584	-1.0883486
841	571	-1.0900373
766	574	-1.0911345
469	631	-1.0989448
776	573	-1.1220108
506	639	-1.1295353
599	611	-1.1306546
661	595	-1.1341319
829	572	-1.1427553
492	653	-1.1439081
801	654	-1.1472646
513	644	-1.1506846
504	648	-1.1706774
580	642	-1.1815988
695	570	-1.1898286
147	652	-1.1904752
704	569	-1.2002382
531	653	-1.2049589
669	617	-1.208721
693	615	-1.2166313
785	571	-1.2206987
803	568	-1.220746
463	652	-1.23653
665	602	-1.2395127
734	588	-1.2447003
525	632	-1.2455214
572	619	-1.2484261
871	561	-1.253603
581	615	-1.2582752
585	640	-1.261828
673	600	-1.2631559
685	589	-1.2633739
787	578	-1.2671965
806	654	-1.2749529
508	645	-1.2827666
657	596	-1.2830204
733	580	-1.2881421
596	619	-1.288832
640	607	-1.2949997
544	627	-1.2988389
695	587	-1.2995228
577	617	-1.3038764
532	636	-1.3084397
797	653	-1.3147148
121	650	-1.3186785
740	586	-1.3189226
819	652	-1.3249263
799	576	-1.3263501
682	618	-1.3314741
556	623	-1.3407801
561	645	-1.3408877
728	581	-1.3414714
719	590	-1.3429378
805	575	-1.3500371
689	616	-1.3503418
829	564	-1.3528045
540	656	-1.3530649
663	619	-1.3575609
552	654	-1.3585732
591	620	-1.3626012
705	611	-1.3642579
645	599	-1.3697306
859	561	-1.3703183
589	638	-1.3779737
568	620	-1.3869747
794	568	-1.3940237
585	613	-1.3965803
674	615	-1.3995631
565	644	-1.4055918
465	633	-1.4080243
511	636	-1.4164952
516	635	-1.4232867
649	598	-1.4310856
129	650	-1.4345118
579	646	-1.4404385
736	602	-1.4431543
590	612	-1.4454827
619	613	-1.4464936
679	613	-1.4642496
659	623	-1.4650189
724	589	-1.4669374
821	564	-1.4686687
748	602	-1.4689903
856	569	-1.4725482
488	654	-1.4726244
711	592	-1.4726309
668	621	-1.4759158
653	597	-1.4774677
571	646	-1.4822434
888	560	-1.4972825
502	652	-1.5024687
695	611	-1.5033075
745	585	-1.5041782
624	606	-1.5069633
865	561	-1.5089077
813	565	-1.5094633
601	618	-1.5171518
556	647	-1.5176682
534	628	-1.5188788
914	63	-1.5241424
603	609	-1.5249724
894	562	-1.5257071
776	581	-1.5259666
732	605	-1.5314507
540	650	-1.5444874
759	602	-1.5447464
575	625	-1.5476569
552	624	-1.5485251
474	648	-1.5516702
730	589	-1.5522833
544	649	-1.5541171
521	633	-1.5551659
767	599	-1.555562
564	621	-1.5558424
899	562	-1.5567371
495	641	-1.5685999
638	601	-1.5772376
861	651	-1.5853221
646	624	-1.5876609
719	581	-1.592722
656	604	-1.5977837
707	566	-1.6033971
846	571	-1.603818
851	570	-1.6060998
707	583	-1.6118293
666	592	-1.6118509
740	601	-1.6154754
540	626	-1.6220998
560	622	-1.6407369
825	652	-1.6445351
752	601	-1.6546386
477	631	-1.6614318
857	652	-1.6617435
766	582	-1.6618866
646	606	-1.6656965
548	625	-1.6683276
744	603	-1.6686221
908	55	-1.6714196
628	604	-1.671472
587	621	-1.6749007
653	624	-1.6761154
701	609	-1.6775264
575	647	-1.6813138
572	642	-1.6853073
534	656	-1.6945567
527	652	-1.6946121
659	618	-1.6967361
581	638	-1.7093447
615	606	-1.7158004
710	569	-1.719391
592	634	-1.7203466
620	605	-1.7238321
687	611	-1.7242106
701	594	-1.7363299
125	648	-1.7374427
611	607	-1.7389576
527	639	-1.7434982
661	603	-1.7442663
523	640	-1.7446263
928	138	-1.7471657
709	610	-1.7518461
540	634	-1.7539133
95	481	-1.754045
57	651	-1.7546103
773	599	-1.7553346
159	652	-1.75661
793	654	-1.7606734
618	632	-1.7637403
459	653	-1.7698778
813	575	-1.7773424
829	589	-1.7819735
117	649	-1.7821707
468	649	-1.787426
910	59	-1.792482
594	638	-1.7968326
596	653	-1.7971388
865	567	-1.8008133
831	652	-1.8015684
546	656	-1.8134149
772	572	-1.8237479
579	624	-1.8308256
635	609	-1.8326901
677	599	-1.8361189
881	565	-1.8427219
817	563	-1.8434334
470	656	-1.8440824
783	594	-1.8513795
651	605	-1.8539277
861	568	-1.8541919
821	573	-1.8557409
850	575	-1.8558292
664	623	-1.8585211
707	606	-1.8627313
691	586	-1.8632628
690	570	-1.8684689
568	641	-1.8743414
552	646	-1.8749752
105	651	-1.880036
483	644	-1.8881698
762	573	-1.8970767
702	565	-1.8980197
584	644	-1.8980197
711	605	-1.9049698
464	656	-1.9065162
764	602	-1.9067276
528	628	-1.9082463
712	565	-1.9110059
834	587	-1.911068
755	584	-1.9117035
626	628	-1.9118396
732	600	-1.9169455
633	602	-1.9210893
576	643	-1.9291358
808	590	-1.9322519
737	606	-1.9361488
605	653	-1.9432627
586	635	-1.943429
655	620	-1.9451284
642	623	-1.9493879
876	558	-1.9560658
530	657	-1.9602051
728	603	-1.9647416
934	79	-1.9690114
577	639	-1.9762065
804	591	-1.9787117
738	590	-1.9794666
880	557	-1.9830173
696	566	-1.9872836
677	621	-1.9888531
534	650	-1.9900013
681	598	-1.9998878
750	574	-2.0008051
741	577	-2.001544
856	587	-2.0029497
916	557	-2.0042517
818	591	-2.0087905
824	589	-2.0104775
686	619	-2.0115733
790	567	-2.0141551
598	636	-2.014802
922	650	-2.0153177
716	605	-2.016972
600	652	-2.0254447
583	623	-2.0273457
789	653	-2.031786
918	561	-2.0433035
746	575	-2.0446913
481	630	-2.0450618
920	554	-2.056787
617	628	-2.056843
884	651	-2.0573015
892	580	-2.0577245
101	481	-2.0585938
671	590	-2.0654285
842	587	-2.068933
596	608	-2.0708413
698	584	-2.071148
607	634	-2.0712554
767	594	-2.0747042
858	579	-2.081434
926	553	-2.0832539
922	68	-2.0841446
562	641	-2.0867083
521	652	-2.0875359
904	53	-2.0981352
479	645	-2.0988607
795	578	-2.1011503
806	565	-2.103684
898	558	-2.1071951
926	644	-2.1076174
678	588	-2.1081529
643	627	-2.1084194
548	647	-2.1092057
919	63	-2.1122017
557	643	-2.1136618
813	591	-2.1206324
791	579	-2.1224887
554	631	-2.1256807
814	657	-2.1318445
850	587	-2.1332712
918	130	-2.1356888
613	634	-2.1358738
622	630	-2.1387498
885	557	-2.1398294
649	621	-2.1408317
610	653	-2.1416202
413	652	-2.1427863
756	599	-2.14414
612	617	-2.1444721
526	658	-2.1484528
772	593	-2.149367
357	652	-2.1528044
798	657	-2.1533775
665	615	-2.157676
630	627	-2.158135
461	635	-2.1625755
670	613	-2.1638322
883	34	-2.1658063
838	574	-2.170838
847	560	-2.171566
872	566	-2.17281
800	594	-2.1747499
903	561	-2.1753626
724	605	-2.1803207
932	140	-2.180545
558	630	-2.1839414
751	585	-2.184805
865	652	-2.187315
810	658	-2.1880636
641	598	-2.195907
645	620	-2.2013488
860	585	-2.202628
855	573	-2.205161
853	651	-2.2128458
502	637	-2.2130742
715	580	-2.2134643
887	564	-2.2135487
913	56	-2.2222698
697	617	-2.2243912
91	482	-2.2245743
892	558	-2.224852
636	627	-2.2256649
875	585	-2.2274313
716	566	-2.2283447
455	652	-2.2304602
113	651	-2.2345276
715	610	-2.237178
846	576	-2.2372484
507	652	-2.237782
460	658	-2.2494848
777	598	-2.249764
722	610	-2.249783
763	598	-2.2512488
686	573	-2.2602637
926	71	-2.2603197
733	592	-2.262211
591	653	-2.2644944
588	643	-2.2733102
821	586	-2.28096
602	634	-2.283165
852	559	-2.284093
720	606	-2.2916195
887	578	-2.2932038
882	578	-2.2941527
817	587	-2.2974768
809	576	-2.3041992
805	587	-2.3043647
801	588	-2.305627
841	560	-2.305705
842	575	-2.3075235
724	649	-2.3076487
67	651	-2.3078647
768	603	-2.3082519
472	634	-2.312094
513	652	-2.3123317
825	585	-2.3165727
782	568	-2.318114
838	586	-2.319332
853	578	-2.3225222
862	558	-2.325578
703	605	-2.325847
703	615	-2.327134
566	652	-2.3290539
876	580	-2.329608
774	589	-2.330161
836	652	-2.3314154
105	479	-2.3320234
779	593	-2.3321702
478	656	-2.332672
868	558	-2.3366873
726	565	-2.3387284
683	570	-2.3412304
596	632	-2.3501127
888	583	-2.3504853
800	565	-2.3546588
880	652	-2.362275
710	649	-2.3622918
794	658	-2.3680568
61	650	-2.369984
720	565	-2.370281
802	658	-2.3712618
670	576	-2.374251
734	596	-2.3794682
587	654	-2.3816183
872	557	-2.3910682
674	575	-2.3934574
897	580	-2.3947747
558	654	-2.4045339
854	583	-2.4047492
903	575	-2.4068983
572	650	-2.4097443
787	595	-2.4112728
870	586	-2.41168
778	569	-2.4119308
573	615	-2.4120371
755	573	-2.4205797
73	651	-2.4227293
746	590	-2.429842
926	134	-2.4304392
723	601	-2.4343672
856	558	-2.4374259
562	653	-2.4395597
512	648	-2.4397514
837	590	-2.4451208
797	589	-2.4507287
95	486	-2.4529564
755	604	-2.454634
51	651	-2.4560623
900	51	-2.4571514
862	580	-2.463084
614	652	-2.4635842
890	650	-2.4662244
809	585	-2.4665968
566	637	-2.467346
517	651	-2.472986
928	75	-2.473662
870	579	-2.4742534
844	59	-2.476943
417	651	-2.4771314
487	642	-2.4787703
783	599	-2.478858
917	67	-2.4849646
484	655	-2.48554
718	649	-2.4859726
39	651	-2.4883995
719	602	-2.4892495
638	622	-2.4928463
849	652	-2.4930432
830	585	-2.4951184
895	576	-2.4989722
459	631	-2.500286
672	623	-2.500427
784	652	-2.5069451
831	576	-2.5097315
215	651	-2.5115225
649	627	-2.5115988
841	652	-2.5236728
745	599	-2.5265918
517	645	-2.5321717
137	652	-2.5376813
691	610	-2.5434184
813	586	-2.5451322
621	626	-2.5470004
620	653	-2.547888
109	649	-2.5597727
736	576	-2.5665212
591	608	-2.56751
589	631	-2.5725808
807	594	-2.5825627
570	627	-2.5830514
682	575	-2.5846736
887	38	-2.5864341
675	611	-2.5880675
623	602	-2.59121
842	55	-2.5951657
792	589	-2.5980842
507	635	-2.5988877
818	656	-2.5991287
878	29	-2.600172
877	567	-2.6035354
849	579	-2.6048474
927	640	-2.605003
629	631	-2.6052408
678	574	-2.606126
345	651	-2.6065638
796	595	-2.6067505
517	631	-2.60979
729	608	-2.6118333
921	558	-2.6185958
28	479	-2.6225448
561	637	-2.624294
633	630	-2.6243987
911	574	-2.626125
896	46	-2.6288302
703	582	-2.6332288
474	657	-2.6367323
723	579	-2.637301
859	572	-2.6380491
163	651	-2.6396391
878	576	-2.642714
782	589	-2.6439142
634	623	-2.6441624
749	598	-2.644517
913	561	-2.6474485
766	590	-2.6503108
530	649	-2.6540587
786	566	-2.656229
882	30	-2.6649718
848	583	-2.674432
791	594	-2.6744637
781	583	-2.6748567
611	630	-2.675412
687	597	-2.6763353
787	590	-2.6763484
838	56	-2.678596
920	646	-2.680651
583	648	-2.6808457
916	80	-2.6812527
491	640	-2.6818209
522	629	-2.6833007
922	562	-2.6866398
553	620	-2.6883202
162	637	-2.6911564
929	79	-2.6925402
913	74	-2.6956718
578	612	-2.6992984
806	660	-2.7001936
903	581	-2.7021472
909	559	-2.7031333
827	577	-2.706125
531	625	-2.709495
536	637	-2.712128
536	624	-2.717361
728	593	-2.7192242
930	552	-2.7198186
738	595	-2.7202914
605	630	-2.7214382
916	59	-2.724787
875	651	-2.7298217
925	557	-2.7330358
850	63	-2.734012
691	566	-2.7373765
45	651	-2.7394073
874	25	-2.746252
895	54	-2.7467372
562	629	-2.7483592
421	652	-2.7487717
697	607	-2.7489822
899	574	-2.7583122
866	581	-2.7587814
742	591	-2.7602985
512	632	-2.7622921
915	553	-2.762466
789	658	-2.7643487
938	81	-2.7658153
592	642	-2.770235
654	593	-2.772373
920	78	-2.7731452
728	651	-2.7740123
682	610	-2.7759736
692	619	-2.7765126
778	586	-2.7779858
931	144	-2.777988
133	651	-2.7791293
786	582	-2.7846992
861	576	-2.7862594
890	42	-2.7868185
751	605	-2.7883918
926	649	-2.7901468
902	47	-2.7903972
97	477	-2.790457
407	652	-2.7977936
873	576	-2.7980504
56	644	-2.8008912
894	649	-2.800919
866	587	-2.8017018
583	653	-2.8021767
792	650	-2.8064334
600	630	-2.811137
497	637	-2.8121564
658	592	-2.8148787
907	576	-2.817826
825	593	-2.8183167
915	572	-2.820925
925	549	-2.8210645
521	644	-2.8221476
918	566	-2.8245773
834	648	-2.8273582
708	614	-2.8291447
74	482	-2.8299484
543	623	-2.8317788
933	83	-2.8318179
522	656	-2.8336618
839	648	-2.8340724
849	67	-2.8345525
464	629	-2.8364718
914	578	-2.8400352
826	581	-2.846401
851	57	-2.848367
902	557	-2.8512847
97	651	-2.8539362
711	579	-2.8539724
883	583	-2.8540635
827	44	-2.855935
586	609	-2.8561697
772	585	-2.857678
832	561	-2.8576858
166	638	-2.8591108
922	136	-2.8601632
617	602	-2.8601785
796	564	-2.8603034
899	55	-2.8632245
48	535	-2.8642592
468	636	-2.864626
832	46	-2.864631
903	57	-2.8648417
662	591	-2.8658097
485	629	-2.866005
865	577	-2.866301
715	601	-2.8664186
846	589	-2.8667886
932	148	-2.8668149
87	480	-2.8706305
895	42	-2.8728094
826	561	-2.8732052
928	84	-2.8768957
556	639	-2.8775656
91	477	-2.8782845
854	65	-2.8801584
812	650	-2.881733
227	652	-2.8825004
593	624	-2.8825166
364	652	-2.8853703
797	661	-2.885584
891	575	-2.8920906
923	74	-2.8930206
841	50	-2.8979828
631	612	-2.8983803
627	624	-2.8984494
32	652	-2.9004996
869	575	-2.9012535
909	63	-2.9016664
650	594	-2.9024277
524	649	-2.90286
62	426	-2.9036753
629	600	-2.90398
768	570	-2.9047089
209	651	-2.9050848
812	595	-2.9053812
733	609	-2.9070952
600	606	-2.9092114
922	128	-2.9098775
727	599	-2.9106016
624	652	-2.9117804
846	64	-2.9118516
698	573	-2.9145539
537	647	-2.9151323
593	629	-2.9172843
557	619	-2.9177692
456	656	-2.9210477
845	651	-2.9258597
623	614	-2.9285505
183	650	-2.9335048
625	633	-2.9356
569	616	-2.9385827
823	578	-2.9435942
76	621	-2.944916
834	53	-2.9466708
579	652	-2.9508352
889	555	-2.9571316
804	597	-2.964634
618	617	-2.965183
921	550	-2.9655054
730	563	-2.9669194
42	535	-2.9684746
836	48	-2.9711173
661	627	-2.9729075
651	617	-2.9731536
836	560	-2.9744873
916	126	-2.9763482
924	82	-2.97645
607	619	-2.9770644
833	591	-2.9781473
52	538	-2.9795423
606	606	-2.9813232
933	75	-2.9869962
932	134	-2.9877455
561	618	-2.9889514
706	595	-2.9892237
682	586	-2.9893122
759	596	-2.992161
929	556	-2.996501
841	591	-3.0016563
669	603	-3.0021322
550	633	-3.0062401
779	652	-3.0077376
800	650	-3.0093098
827	36	-3.0099168
882	38	-3.0134296
891	53	-3.0149047
708	602	-3.0164263
706	650	-3.0181284
817	660	-3.0226104
763	593	-3.0228808
79	651	-3.024007
455	660	-3.0294056
730	647	-3.0297391
736	563	-3.0298262
26	473	-3.0341878
641	619	-3.0354702
612	603	-3.0358436
822	649	-3.0394459
816	649	-3.0405602
858	63	-3.041226
541	646	-3.0451949
882	82	-3.046185
109	481	-3.0476153
465	660	-3.0494444
60	563	-3.0500636
912	556	-3.0531607
529	643	-3.0534718
566	628	-3.053883
198	652	-3.0573149
341	652	-3.058306
219	652	-3.0596302
928	147	-3.0629609
521	660	-3.0635314
843	583	-3.0646214
597	623	-3.0646324
828	649	-3.064648
878	34	-3.0658088
747	606	-3.0662198
142	652	-3.07
895	555	-3.07269
908	555	-3.0732045
475	644	-3.074489
829	40	-3.078834
926	561	-3.0788395
913	110	-3.079658
856	59	-3.0807166
352	652	-3.0813363
627	613	-3.0823407
917	115	-3.0826335
932	88	-3.0835667
934	92	-3.0856504
817	577	-3.087177
635	598	-3.0960817
565	633	-3.1035213
73	486	-3.1046453
926	572	-3.1054597
913	68	-3.1058602
832	580	-3.11266
869	653	-3.1186986
899	554	-3.1191714
493	634	-3.11942
886	574	-3.120618
537	659	-3.1214974
879	584	-3.122068
690	575	-3.1224403
35	480	-3.1225278
661	614	-3.1236758
674	587	-3.1245587
921	572	-3.1287913
571	638	-3.1303766
758	590	-3.133046
771	652	-3.1335654
266	651	-3.1342564
798	585	-3.1350794
792	598	-3.1356652
712	613	-3.1364515
687	585	-3.141523
455	633	-3.1431813
553	642	-3.1455524
525	614	-3.1471949
565	617	-3.1477406
810	562	-3.1504965
912	124	-3.1558037
525	645	-3.1589823
920	577	-3.1600425
99	485	-3.1625807
905	109	-3.1639504
646	595	-3.166557
840	644	-3.167521
582	634	-3.1700346
864	572	-3.1703317
742	596	-3.1771262
451	654	-3.1788197
817	596	-3.1798742
88	474	-3.1804314
787	561	-3.1817315
936	138	-3.183774
942	83	-3.1894517
919	71	-3.1989064
101	475	-3.2002103
923	116	-3.2004895
549	621	-3.2009323
61	645	-3.2039468
57	426	-3.2071233
223	651	-3.207355
910	580	-3.2076306
764	586	-3.2086744
121	645	-3.209926
229	631	-3.2110698
582	610	-3.2113528
599	640	-3.214334
708	562	-3.2174692
587	647	-3.21889
922	642	-3.2245889
721	652	-3.2261078
927	143	-3.228576
48	540	-3.2288435
694	583	-3.2324314
927	578	-3.2348597
792	563	-3.2352746
32	477	-3.2361805
918	651	-3.2364898
926	129	-3.2368972
824	39	-3.2376065
702	651	-3.238969
909	121	-3.2401505
784	658	-3.2410266
545	644	-3.2437077
94	474	-3.2438736
928	90	-3.2505493
714	650	-3.2509205
460	649	-3.2511475
902	585	-3.2534342
676	570	-3.2540734
861	589	-3.256122
924	140	-3.2571266
776	602	-3.2571664
912	130	-3.2622104
884	42	-3.262964
179	652	-3.263506
194	651	-3.2659838
489	630	-3.2679582
877	572	-3.2689152
922	567	-3.270444
75	637	-3.2708228
763	652	-3.273213
930	69	-3.2742255
750	589	-3.2748568
533	660	-3.2750201
790	583	-3.2793672
835	40	-3.2845695
90	486	-3.2872002
742	607	-3.2889643
753	596	-3.2893586
898	584	-3.2895598
947	89	-3.2897937
862	655	-3.290957
881	25	-3.2921078
917	75	-3.2931213
557	635	-3.2933578
906	572	-3.2937968
41	543	-3.294635
885	27	-3.296079
65	561	-3.2963057
270	650	-3.2978942
909	72	-3.2984564
892	47	-3.2999997
835	577	-3.3024857
129	645	-3.3026679
911	116	-3.304764
893	584	-3.3086295
110	473	-3.310293
78	486	-3.3104758
858	648	-3.31049
167	652	-3.3105903
631	588	-3.310762
925	78	-3.3120837
920	84	-3.314893
799	598	-3.315587
899	60	-3.3163521
32	608	-3.3172686
61	432	-3.3177602
924	63	-3.3185425
641	611	-3.3187013
842	63	-3.3195915
44	539	-3.319618
888	34	-3.3205616
21	473	-3.3216343
862	64	-3.3225117
730	577	-3.323027
927	566	-3.3249638
917	581	-3.327982
895	61	-3.3281443
838	580	-3.3288853
864	648	-3.32986
831	50	-3.3368802
869	629	-3.3379223
714	570	-3.3395798
504	631	-3.3405006
41	426	-3.3407505
656	615	-3.3447244
71	621	-3.3465605
476	635	-3.3477545
203	651	-3.3498716
356	648	-3.3499746
63	557	-3.351142
930	128	-3.3514671
853	590	-3.3554225
877	554	-3.3560648
822	582	-3.356935
687	567	-3.3573568
869	569	-3.3582006
841	640	-3.36399
775	653	-3.37099
550	658	-3.373753
914	567	-3.3747687
471	645	-3.375199
82	482	-3.3761787
628	651	-3.3791034
788	649	-3.3802164
921	56	-3.385617
813	661	-3.3875887
617	621	-3.3876908
613	626	-3.3897014
666	575	-3.3917925
903	63	-3.3928907
520	648	-3.3942506
846	53	-3.3944218
774	568	-3.397198
667	626	-3.3979285
610	637	-3.398677
475	626	-3.4004579
906	48	-3.4019396
436	652	-3.4023223
902	68	-3.4030926
41	512	-3.4077952
768	662	-3.4080315
39	419	-3.4093301
125	623	-3.4095232
500	633	-3.4100862
746	595	-3.4106884
792	662	-3.411678
464	648	-3.4118373
857	68	-3.412894
101	652	-3.4167879
180	647	-3.4174864
767	651	-3.4190145
887	49	-3.4197502
29	486	-3.420102
820	37	-3.420251
924	88	-3.4230626
715	593	-3.4244225
835	630	-3.4255936
681	622	-3.4263413
662	576	-3.4264617
898	650	-3.4273846
941	87	-3.4324794
608	627	-3.4369063
23	469	-3.4369917
920	124	-3.4375856
937	85	-3.438729
913	651	-3.4418917
425	651	-3.4421248
909	108	-3.4445229
902	640	-3.448552
839	60	-3.4488006
835	583	-3.4511197
719	569	-3.4515748
930	643	-3.4517815
360	649	-3.4528103
724	596	-3.4548318
802	584	-3.4574509
508	629	-3.4643013
61	422	-3.4693294
854	628	-3.473982
906	584	-3.4740202
67	482	-3.4745967
599	656	-3.4747357
549	643	-3.4751315
801	662	-3.4758615
907	67	-3.481006
465	639	-3.4812174
929	548	-3.483744
544	635	-3.483788
513	627	-3.4863818
840	46	-3.4873257
104	484	-3.4879074
807	650	-3.49295
579	607	-3.4961486
459	639	-3.4964738
754	588	-3.496999
916	134	-3.498233
60	440	-3.4982722
701	619	-3.5003588
623	622	-3.50183
480	634	-3.502695
882	572	-3.5027523
231	651	-3.5044484
337	651	-3.5047565
104	471	-3.5060215
917	54	-3.5081499
627	589	-3.508353
843	647	-3.5087378
764	661	-3.5099313
646	616	-3.5116544
123	641	-3.5120182
821	594	-3.5168736
450	662	-3.5211802
623	588	-3.522063
912	78	-3.5243263
873	571	-3.5250819
555	657	-3.5260708
902	571	-3.528935
852	53	-3.529164
710	596	-3.5315022
840	630	-3.531962
802	579	-3.5393398
55	563	-3.542252
833	36	-3.5423763
637	585	-3.5464268
794	582	-3.5470986
43	421	-3.5483572
494	630	-3.5497553
759	570	-3.5507977
31	482	-3.5512607
575	653	-3.5538745
693	597	-3.5544202
620	599	-3.5552638
834	58	-3.5562723
533	645	-3.557397
588	605	-3.5578136
759	586	-3.5593581
874	30	-3.5621316
861	626	-3.562151
929	151	-3.5624714
636	613	-3.5629818
603	638	-3.5640664
156	649	-3.5643785
905	119	-3.565398
873	589	-3.5654585
724	561	-3.565935
578	635	-3.5699308
54	439	-3.5718617
913	120	-3.5753577
807	580	-3.5762486
881	48	-3.5779278
35	423	-3.5780869
589	625	-3.5795486
822	655	-3.5824528
772	661	-3.5834303
672	571	-3.5851514
780	556	-3.5917442
783	563	-3.593513
865	555	-3.5940228
162	647	-3.5961568
497	655	-3.6010225
533	614	-3.603406
645	612	-3.605879
97	490	-3.6070883
882	647	-3.610918
796	649	-3.6117744
585	630	-3.6150837
820	560	-3.617983
642	615	-3.6187496
617	636	-3.6200461
539	610	-3.6212935
432	653	-3.6227086
900	122	-3.6235297
262	650	-3.6239586
518	627	-3.625245
569	631	-3.6265032
637	631	-3.628527
529	612	-3.6327856
30	472	-3.636349
718	577	-3.636641
740	573	-3.6376173
84	477	-3.6391287
759	662	-3.6400142
95	470	-3.6441162
818	583	-3.6444764
24	480	-3.6472516
909	127	-3.648332
162	629	-3.651949
682	566	-3.6522038
489	635	-3.6572652
53	647	-3.6576726
780	661	-3.6599655
899	43	-3.6614618
525	625	-3.662392
370	652	-3.662405
643	582	-3.6630683
694	653	-3.6631713
601	626	-3.6661112
694	574	-3.6662416
686	607	-3.6667614
649	609	-3.6683037
459	662	-3.668342
39	508	-3.6700344
858	629	-3.6730678
678	608	-3.6737816
69	422	-3.6763403
51	643	-3.6804616
740	562	-3.6816697
776	662	-3.6816733
470	627	-3.6833456
901	645	-3.6861272
872	36	-3.6872163
911	52	-3.6918616
891	37	-3.6961005
703	573	-3.6966197
594	660	-3.6967943
44	531	-3.6980324
74	633	-3.6983495
57	431	-3.6995738
704	601	-3.7002969
747	665	-3.7014775
728	559	-3.7054095
85	486	-3.7075782
850	629	-3.710222
275	651	-3.7165139
808	598	-3.7198508
844	643	-3.7199023
594	604	-3.7234354
594	649	-3.7256708
930	560	-3.7301393
772	604	-3.7321765
910	570	-3.7322369
19	467	-3.7335083
53	425	-3.7336223
471	660	-3.7345
104	604	-3.7352765
74	556	-3.7356424
788	599	-3.738773
445	662	-3.739633
898	98	-3.7407799
897	109	-3.7429233
498	629	-3.744232
906	642	-3.7453935
480	641	-3.7463088
694	629	-3.7464645
706	579	-3.7492151
554	616	-3.7496457
926	124	-3.7507966
330	652	-3.7516513
896	566	-3.752648
902	565	-3.7528613
712	560	-3.7531536
881	553	-3.7541542
906	60	-3.7553887
893	645	-3.7588108
621	635	-3.7589068
938	148	-3.7609696
779	565	-3.7616777
930	94	-3.7628453
71	496	-3.7673159
543	659	-3.7683127
915	646	-3.7685156
170	637	-3.770429
917	549	-3.771596
106	515	-3.7722032
177	639	-3.7739933
89	651	-3.774534
911	552	-3.7746592
73	492	-3.775195
786	662	-3.7754974
525	662	-3.7780213
835	644	-3.7787762
53	435	-3.7788987
855	656	-3.7805648
637	618	-3.7825205
905	71	-3.7857993
495	626	-3.7859774
922	120	-3.7861993
67	426	-3.7865078
866	66	-3.7866907
934	553	-3.7867982
602	622	-3.7871263
878	648	-3.7874658
726	611	-3.7882984
917	121	-3.7939095
907	563	-3.795157
887	587	-3.8000448
746	562	-3.8013883
161	642	-3.8027785
887	570	-3.8032935
831	645	-3.80595
882	587	-3.8069918
850	648	-3.8117678
699	562	-3.8120003
662	631	-3.8134215
630	621	-3.8148956
69	488	-3.8154175
817	29	-3.8155544
859	555	-3.8174362
841	42	-3.819537
57	558	-3.8270762
36	486	-3.827586
707	572	-3.827898
43	480	-3.828274
862	630	-3.8291433
62	417	-3.8301642
886	84	-3.8303916
76	477	-3.8308756
751	664	-3.8342645
923	580	-3.8356397
552	637	-3.8402722
78	481	-3.8410833
906	124	-3.8479338
532	621	-3.848676
56	537	-3.8503644
99	471	-3.8511019
785	586	-3.8518836
575	609	-3.8531504
814	560	-3.853999
86	621	-3.856993
150	649	-3.8580234
65	486	-3.8610237
883	97	-3.8615026
484	638	-3.8615828
853	69	-3.8622787
357	640	-3.865051
936	144	-3.8675354
850	641	-3.8677163
845	639	-3.8678133
918	111	-3.8742833
627	645	-3.8763473
879	636	-3.8764274
886	53	-3.8771045
760	606	-3.877841
441	652	-3.8779063
921	543	-3.878988
878	588	-3.8800967
896	121	-3.8804338
824	33	-3.8846169
841	67	-3.8847294
67	553	-3.8886635
676	603	-3.8911135
925	544	-3.8928533
490	626	-3.8946865
858	73	-3.8960075
716	614	-3.897908
689	622	-3.900357
158	639	-3.901488
891	565	-3.9019923
127	640	-3.9026315
927	66	-3.9032545
903	42	-3.9038622
533	640	-3.9054222
51	562	-3.907665
890	29	-3.9079096
903	553	-3.9092927
878	80	-3.9093535
454	639	-3.9115014
780	656	-3.9119236
45	425	-3.9122725
42	547	-3.9126165
73	551	-3.9134386
908	112	-3.913851
446	652	-3.9139647
845	68	-3.9169805
550	617	-3.9230828
106	475	-3.925864
632	652	-3.9273527
755	660	-3.928124
76	645	-3.928958
517	656	-3.930236
723	568	-3.9302762
698	652	-3.9319408
826	29	-3.9327376
898	92	-3.9328942
897	65	-3.9334037
654	628	-3.934973
764	569	-3.9349952
611	621	-3.9352453
938	91	-3.935616
861	645	-3.9383981
822	44	-3.9390676
95	494	-3.9390683
82	414	-3.939753
927	634	-3.9405625
930	637	-3.9438653
924	637	-3.9442384
767	658	-3.945806
235	652	-3.9475105
930	574	-3.9487994
719	595	-3.9494004
485	634	-3.9508784
78	555	-3.9509223
67	645	-3.953691
27	468	-3.9572191
403	653	-3.9574337
918	138	-3.9583504
57	436	-3.9610338
654	608	-3.9643202
619	649	-3.9652796
899	600	-3.9665601
622	618	-3.9667294
696	621	-3.966749
108	469	-3.9755948
27	431	-3.9782364
20	478	-3.9796193
59	567	-3.980865
684	631	-3.9815097
72	478	-3.9816568
529	661	-3.9820619
865	79	-3.9827075
706	618	-3.9838743
39	478	-3.9856427
647	581	-3.9862213
216	633	-3.9882112
646	630	-3.9922545
851	660	-3.9934304
449	658	-3.9946992
930	384	-3.9952679
539	621	-3.9955094
844	47	-3.9963233
869	590	-3.9974625
502	627	-3.9984405
50	438	-3.9988866
528	622	-4.0009003
858	55	-4.0011983
436	665	-4.0012083
759	650	-4.0017805
704	561	-4.002106
258	651	-4.0034966
65	420	-4.007019
506	625	-4.0074353
473	639	-4.0076737
685	623	-4.010337
47	419	-4.0118
913	583	-4.012923
125	629	-4.017466
39	539	-4.0214972
85	555	-4.0222034
41	528	-4.0237994
904	636	-4.024828
619	589	-4.025465
125	653	-4.0257454
733	651	-4.0259986
854	647	-4.029316
862	59	-4.029587
28	532	-4.029853
887	647	-4.030559
765	606	-4.0312634
79	501	-4.033931
859	658	-4.0343466
28	544	-4.0355735
873	42	-4.036755
514	660	-4.0372834
873	628	-4.037796
165	644	-4.0436187
666	630	-4.0445476
917	642	-4.048784
868	649	-4.0497675
682	626	-4.0507336
839	636	-4.0519238
160	633	-4.05216
442	665	-4.054372
898	642	-4.0552106
816	36	-4.055503
838	64	-4.0610566
107	519	-4.062542
776	657	-4.0629253
81	575	-4.0633764
635	589	-4.065298
882	52	-4.065435
28	464	-4.0672464
830	33	-4.067305
294	634	-4.0696273
49	426	-4.071051
712	575	-4.071754
836	639	-4.0735555
751	570	-4.075763
42	517	-4.0783772
803	562	-4.080831
70	557	-4.080883
37	513	-4.084307
883	78	-4.0849676
614	599	-4.0861907
571	654	-4.087115
42	413	-4.088416
583	605	-4.088648
667	588	-4.088838
699	629	-4.0889797
888	98	-4.092049
72	644	-4.092597
123	633	-4.09267
830	55	-4.094044
791	559	-4.094656
834	66	-4.0954175
906	102	-4.096384
114	624	-4.0973287
867	75	-4.0975423
891	58	-4.0979657
187	651	-4.0993896
600	660	-4.10339
692	606	-4.1034837
869	41	-4.104167
855	639	-4.1047344
346	466	-4.1071463
36	475	-4.108205
533	609	-4.1100297
865	84	-4.112804
876	38	-4.113247
903	113	-4.1136384
861	82	-4.115318
28	459	-4.1184464
919	609	-4.119564
846	630	-4.122458
571	611	-4.1237426
872	648	-4.124637
931	122	-4.1271996
865	644	-4.1275764
52	443	-4.1283803
869	554	-4.1288676
201	647	-4.1290703
607	649	-4.129733
678	630	-4.1314335
50	558	-4.1317534
45	544	-4.1320987
760	658	-4.1337237
37	544	-4.1337647
934	130	-4.135016
819	646	-4.137825
906	567	-4.1383204
924	148	-4.1395397
44	486	-4.1396074
889	25	-4.1398287
862	76	-4.14249
680	602	-4.142637
74	625	-4.1432514
222	631	-4.14585
652	588	-4.1458554
624	598	-4.1459703
777	559	-4.147853
91	543	-4.148262
756	665	-4.1491637
46	436	-4.150694
32	426	-4.151771
943	91	-4.1519685
641	586	-4.152218
343	640	-4.1524124
64	565	-4.1539264
15	472	-4.154421
482	626	-4.1553073
771	657	-4.155776
897	646	-4.1559544
938	552	-4.157056
870	26	-4.1587596
891	638	-4.1595464
896	637	-4.159773
654	579	-4.1600842
739	665	-4.1607575
71	501	-4.163286
96	462	-4.1632986
81	551	-4.1642494
783	648	-4.1647058
903	650	-4.1655126
544	610	-4.165752
175	651	-4.168348
590	658	-4.1684713
898	570	-4.170033
850	49	-4.171884
161	620	-4.171928
431	649	-4.172141
642	594	-4.1722665
731	643	-4.17228
901	108	-4.175565
866	656	-4.1761847
899	588	-4.1781607
857	625	-4.1802726
211	633	-4.1828775
934	98	-4.1847997
750	660	-4.18734
671	627	-4.1874366
874	97	-4.188832
860	641	-4.190121
133	646	-4.190139
894	572	-4.1912746
43	647	-4.191647
925	539	-4.1930175
896	102	-4.1947484
538	614	-4.1986823
785	557	-4.2000628
905	646	-4.200558
52	496	-4.2014456
38	534	-4.2051477
111	477	-4.2052174
81	511	-4.2053914
959	260	-4.2058783
623	647	-4.2071433
726	645	-4.209904
582	627	-4.211217
892	94	-4.211542
931	156	-4.2137766
868	34	-4.215341
118	653	-4.2156725
650	613	-4.2186146
666	611	-4.2207346
32	543	-4.221624
671	609	-4.2226715
684	601	-4.224312
822	660	-4.2266126
841	618	-4.2268457
52	533	-4.231365
40	488	-4.2315826
853	555	-4.2318153
113	483	-4.2319856
732	567	-4.233781
317	651	-4.2338862
825	646	-4.23732
661	635	-4.2379065
834	635	-4.241704
839	626	-4.2418733
899	117	-4.242756
41	551	-4.2434363
795	636	-4.2456837
883	109	-4.249036
851	546	-4.2496743
903	462	-4.250245
33	508	-4.251294
169	642	-4.2513933
585	658	-4.2525244
917	544	-4.253415
871	602	-4.2544036
918	88	-4.2545376
89	551	-4.254946
857	644	-4.255392
579	601	-4.2571898
66	478	-4.258365
72	540	-4.2591143
432	666	-4.25941
692	625	-4.261503
79	588	-4.2639904
233	632	-4.2664237
799	635	-4.266433
638	595	-4.268615
861	69	-4.270277
80	474	-4.270583
795	560	-4.274087
546	618	-4.2746396
42	434	-4.2751184
873	637	-4.275389
916	586	-4.2753944
626	617	-4.2758656
738	567	-4.2775197
700	577	-4.278626
907	44	-4.2791166
297	641	-4.2793283
91	490	-4.280815
930	650	-4.2818832
69	549	-4.283765
849	72	-4.285144
927	115	-4.286597
901	74	-4.286768
32	602	-4.29248
59	554	-4.2962193
883	637	-4.296885
32	614	-4.2984805
930	569	-4.300399
875	21	-4.301099
884	88	-4.304584
745	571	-4.30547
439	662	-4.307076
583	600	-4.3080997
920	638	-4.3092604
948	93	-4.309504
750	650	-4.3095284
25	485	-4.310528
826	48	-4.3106136
41	500	-4.3123283
83	505	-4.312456
845	593	-4.3129773
812	579	-4.3138757
510	623	-4.3139653
898	39	-4.3151894
906	130	-4.3164573
781	603	-4.3172812
79	496	-4.3182917
937	76	-4.318331
27	490	-4.3211207
908	76	-4.323408
869	635	-4.32365
27	536	-4.3293157
89	588	-4.3295393
117	644	-4.331218
52	511	-4.331708
604	657	-4.3326283
832	640	-4.333852
607	640	-4.334178
167	620	-4.3343034
56	498	-4.334781
66	430	-4.335151
91	471	-4.335295
716	559	-4.338511
877	109	-4.3390346
86	544	-4.340387
755	652	-4.342546
591	646	-4.346159
930	582	-4.3470488
743	664	-4.3474355
879	41	-4.3480554
901	127	-4.34848
920	584	-4.3494396
690	582	-4.3508263
891	103	-4.3513074
929	98	-4.351409
69	562	-4.3517203
865	606	-4.352381
711	617	-4.353034
510	662	-4.354495
521	615	-4.355509
80	638	-4.356018
942	147	-4.3569245
53	542	-4.35703
63	552	-4.35792
491	657	-4.360788
826	57	-4.361479
659	607	-4.3615584
857	591	-4.361814
90	532	-4.3621607
902	104	-4.362339
279	650	-4.362774
36	427	-4.3643055
410	655	-4.3648458
81	516	-4.3652477
895	113	-4.3675985
811	631	-4.368578
943	79	-4.369535
872	84	-4.3701763
31	430	-4.3723464
102	488	-4.373258
940	141	-4.3742886
77	576	-4.3751416
416	655	-4.375505
477	660	-4.3760424
868	625	-4.3766794
87	504	-4.3769336
19	482	-4.3776937
893	653	-4.378518
541	638	-4.3794203
59	608	-4.380659
959	306	-4.381006
84	472	-4.3811088
912	136	-4.381688
85	513	-4.3819313
633	584	-4.383653
450	650	-4.3843703
904	98	-4.3846064
828	630	-4.385185
959	294	-4.386087
94	466	-4.386209
937	95	-4.390721
915	620	-4.3917546
776	649	-4.3924747
903	469	-4.3925653
862	603	-4.3933873
615	647	-4.3942685
699	603	-4.3957243
895	30	-4.395888
47	563	-4.396186
181	637	-4.396676
311	651	-4.397
70	636	-4.3970876
843	548	-4.3972425
873	108	-4.3981533
61	488	-4.398376
856	77	-4.3993616
689	630	-4.3999953
746	661	-4.400309
85	550	-4.4016623
538	643	-4.40309
742	652	-4.403494
929	543	-4.4040356
929	538	-4.4059215
69	416	-4.407319
428	654	-4.4081244
880	623	-4.408388
927	604	-4.4090905
501	656	-4.409901
469	640	-4.4113326
632	634	-4.4116015
169	647	-4.4125233
874	77	-4.4141183
598	647	-4.416568
650	575	-4.4166384
119	623	-4.41732
717	653	-4.4176245
456	614	-4.418913
946	85	-4.419947
467	644	-4.421317
530	617	-4.4262085
615	590	-4.4286985
81	521	-4.431867
433	662	-4.4320803
95	514	-4.4330435
774	563	-4.4332876
693	578	-4.4338613
179	617	-4.435789
768	613	-4.4375553
946	154	-4.438298
844	626	-4.4394207
558	615	-4.440207
103	522	-4.440352
542	616	-4.442823
596	643	-4.4463334
436	647	-4.4469275
427	647	-4.447131
52	429	-4.447996
677	566	-4.4484506
102	534	-4.448914
923	144	-4.449209
499	660	-4.449225
55	492	-4.4498343
709	653	-4.451397
339	639	-4.4553933
814	599	-4.4558578
58	445	-4.457371
559	658	-4.459905
933	549	-4.460416
877	84	-4.46048
62	436	-4.4608827
34	643	-4.4612503
927	60	-4.4614396
87	493	-4.461607
885	92	-4.463889
536	618	-4.4661603
738	610	-4.4686623
648	590	-4.469985
799	561	-4.470263
869	80	-4.4704003
41	494	-4.4731703
90	620	-4.4758244
736	571	-4.47768
664	606	-4.478048
40	402	-4.4786315
48	498	-4.47977
41	557	-4.4800887
874	17	-4.4825273
876	47	-4.482583
483	660	-4.4850693
914	84	-4.485919
514	621	-4.4861174
78	572	-4.4865203
696	633	-4.4867134
938	560	-4.48683
940	556	-4.4872727
27	508	-4.4876614
933	557	-4.488695
428	665	-4.488726
686	627	-4.4887786
677	584	-4.4899797
283	651	-4.4902678
863	660	-4.4916987
721	614	-4.4927325
60	538	-4.4934664
325	651	-4.493697
128	609	-4.493786
769	607	-4.494443
38	548	-4.4949775
47	431	-4.4967074
827	642	-4.4971747
196	647	-4.4989376
914	90	-4.499311
911	644	-4.5000443
658	575	-4.500264
849	79	-4.500309
548	638	-4.501271
830	594	-4.5018506
177	644	-4.5031934
68	538	-4.5060143
901	604	-4.5067816
77	491	-4.507811
35	540	-4.508673
60	640	-4.5089836
945	102	-4.5100613
917	107	-4.5111094
817	40	-4.511792
891	588	-4.5129366
631	596	-4.5144496
75	497	-4.515026
603	603	-4.5162024
98	467	-4.517382
921	108	-4.517727
32	489	-4.5208907
312	584	-4.521135
946	148	-4.521172
487	658	-4.521846
930	102	-4.522573
762	665	-4.5231752
714	597	-4.5236974
66	606	-4.525712
77	559	-4.525744
926	583	-4.5259137
154	637	-4.526745
79	507	-4.5269876
67	492	-4.527304
521	624	-4.527876
572	634	-4.52898
870	64	-4.5300074
181	643	-4.5307345
861	608	-4.5327764
563	671	-4.53343
959	265	-4.5339093
96	498	-4.5340266
119	640	-4.535717
898	80	-4.5363994
887	600	-4.5369782
686	653	-4.5377026
959	321	-4.5381026
909	652	-4.5405126
873	73	-4.541611
685	578	-4.542045
931	565	-4.542719
239	651	-4.546185
45	508	-4.5469527
24	460	-4.5470695
854	622	-4.547492
165	634	-4.5490875
83	589	-4.551379
670	631	-4.5542006
70	648	-4.556571
73	424	-4.559469
736	647	-4.559687
828	655	-4.561088
51	554	-4.562943
657	588	-4.564036
454	664	-4.564273
608	602	-4.564394
898	86	-4.5644937
606	623	-4.5650153
720	560	-4.565438
50	545	-4.56577
399	652	-4.5658436
183	598	-4.568486
443	645	-4.5689006
460	612	-4.569154
946	98	-4.5691667
894	641	-4.5707784
34	535	-4.570964
55	614	-4.571659
704	626	-4.5720177
910	648	-4.5751553
51	417	-4.5762014
838	35	-4.576533
865	545	-4.577897
873	553	-4.5783734
299	636	-4.5806503
675	626	-4.5823407
321	652	-4.582929
927	155	-4.5831923
145	648	-4.585086
921	538	-4.587481
306	590	-4.58803
894	600	-4.588038
927	595	-4.5881863
64	537	-4.5889006
789	555	-4.590384
28	518	-4.591755
105	600	-4.5923514
873	88	-4.592539
75	502	-4.592899
192	631	-4.5940676
93	649	-4.594571
877	626	-4.5948486
40	483	-4.5959606
554	609	-4.5971184
849	556	-4.597961
109	627	-4.599349
870	99	-4.5997458
156	629	-4.600892
86	574	-4.603585
891	111	-4.603995
565	656	-4.6053033
94	574	-4.6060634
879	98	-4.606169
124	637	-4.6064634
121	627	-4.610841
424	666	-4.61152
96	592	-4.613227
186	647	-4.6141114
753	566	-4.6168404
824	25	-4.61691
662	548	-4.621242
643	643	-4.622792
349	649	-4.6235943
959	255	-4.623647
776	555	-4.624389
922	112	-4.62454
566	613	-4.625488
823	631	-4.626463
959	300	-4.627391
24	465	-4.6306987
54	610	-4.6309724
102	518	-4.6334553
866	61	-4.635752
14	468	-4.638926
752	562	-4.6408362
48	529	-4.643449
910	586	-4.643661
70	544	-4.645531
301	640	-4.6481576
32	626	-4.6492987
90	579	-4.6499376
158	645	-4.6511936
549	608	-4.6520166
865	639	-4.6543803
505	621	-4.6544514
45	643	-4.655426
451	632	-4.656142
855	634	-4.6564236
834	28	-4.660707
572	605	-4.6608334
840	622	-4.66176
504	660	-4.6651096
849	592	-4.665502
910	104	-4.6663218
580	656	-4.667402
173	640	-4.667949
862	635	-4.668032
921	634	-4.6690874
226	634	-4.6691685
681	652	-4.669285
903	589	-4.6695304
947	81	-4.669542
59	621	-4.6711245
48	512	-4.6723
815	632	-4.672618
562	614	-4.6744366
726	576	-4.674593
52	566	-4.6755147
705	622	-4.676783
80	622	-4.6777635
783	640	-4.6794243
28	651	-4.679691
110	606	-4.680961
5	577	-4.681107
691	650	-4.682214
91	513	-4.682564
312	590	-4.6829176
53	488	-4.6839056
26	444	-4.686785
642	631	-4.687527
926	119	-4.688604
947	73	-4.688826
348	654	-4.689201
139	648	-4.690174
941	100	-4.692347
657	636	-4.6933913
720	662	-4.6942034
851	625	-4.6949296
301	651	-4.695669
59	633	-4.6972876
425	670	-4.6973805
813	30	-4.6979823
887	110	-4.698591
850	656	-4.699115
49	506	-4.699511
648	585	-4.700092
615	642	-4.701572
558	672	-4.7024684
94	586	-4.7032804
55	553	-4.703633
904	600	-4.704357
911	46	-4.7045145
895	125	-4.7045145
817	557	-4.7047853
959	311	-4.7050524
959	247	-4.7051253
74	473	-4.7051516
361	641	-4.706047
842	614	-4.70632
652	633	-4.7067432
128	523	-4.7074924
827	52	-4.707973
771	642	-4.7084064
490	670	-4.7127705
631	643	-4.713343
92	528	-4.7134576
97	522	-4.7149673
94	456	-4.7161093
819	33	-4.7172956
877	545	-4.717803
74	573	-4.718547
244	651	-4.719268
39	430	-4.7202544
930	118	-4.7204475
918	102	-4.7207713
856	51	-4.721148
915	604	-4.7232857
599	596	-4.7247977
91	496	-4.7260046
909	636	-4.726039
732	665	-4.7264347
830	27	-4.728741
63	496	-4.7297626
715	618	-4.7330937
851	635	-4.7332373
100	494	-4.733385
857	547	-4.733489
102	502	-4.7339077
416	662	-4.735197
37	502	-4.7372117
757	562	-4.7395535
113	628	-4.7401495
936	502	-4.740547
807	559	-4.7407913
697	580	-4.7413535
725	654	-4.7419415
892	99	-4.7431216
892	122	-4.74477
595	598	-4.745407
84	498	-4.745428
40	643	-4.7458177
816	25	-4.7462487
931	602	-4.7466125
738	651	-4.747415
35	649	-4.749682
856	82	-4.7504277
127	634	-4.75083
907	461	-4.7515473
868	71	-4.7519064
517	617	-4.7522593
649	640	-4.75249
724	666	-4.7537284
673	567	-4.7544346
111	632	-4.754918
89	593	-4.755258
959	272	-4.7556434
890	88	-4.755842
567	672	-4.756776
853	74	-4.758225
45	502	-4.758341
67	620	-4.758417
29	540	-4.7590203
83	492	-4.7595015
913	640	-4.7612877
83	649	-4.761809
844	635	-4.762958
835	32	-4.7660236
897	35	-4.766033
512	656	-4.7660713
91	506	-4.766798
578	628	-4.7682266
68	567	-4.769973
519	664	-4.7704706
67	498	-4.7707224
893	26	-4.7721233
833	62	-4.7732224
921	605	-4.773787
892	552	-4.774863
90	539	-4.775657
742	660	-4.775855
95	504	-4.7769666
949	506	-4.777595
872	46	-4.7776923
873	655	-4.778487
376	652	-4.778806
76	527	-4.7799425
827	660	-4.779957
113	469	-4.780016
456	648	-4.780126
94	534	-4.7820854
942	95	-4.782259
885	103	-4.782567
864	623	-4.7843237
35	431	-4.7846756
27	455	-4.785846
51	613	-4.7864313
861	614	-4.78708
881	629	-4.789301
573	630	-4.789689
494	660	-4.790309
835	595	-4.790383
56	509	-4.793278
652	583	-4.7951956
628	585	-4.796198
940	136	-4.7969937
526	618	-4.799957
866	30	-4.8010764
959	89	-4.8017874
63	610	-4.803271
909	133	-4.8037524
547	671	-4.804236
499	624	-4.8048096
603	594	-4.80489
88	611	-4.805678
230	635	-4.80589
156	620	-4.8060346
29	528	-4.8063016
887	639	-4.80651
893	107	-4.806748
892	33	-4.807077
61	596	-4.8076544
920	620	-4.808741
345	470	-4.80925
949	500	-4.8101745
866	601	-4.810859
598	602	-4.812043
116	634	-4.8122473
668	569	-4.8128557
671	580	-4.8130217
46	415	-4.815158
11	465	-4.81548
887	80	-4.8181725
927	508	-4.8185496
37	520	-4.8192377
959	289	-4.8193483
872	624	-4.8202395
35	418	-4.820857
106	533	-4.821142
37	552	-4.821998
904	80	-4.8235755
232	628	-4.8264647
477	671	-4.8266344
220	635	-4.826961
37	607	-4.829803
744	566	-4.8313885
440	648	-4.8319974
824	597	-4.832761
85	519	-4.8340015
70	474	-4.834085
588	599	-4.837714
114	474	-4.83829
934	152	-4.83843
917	614	-4.838737
882	21	-4.839148
734	559	-4.840147
43	562	-4.8405447
902	94	-4.8416867
65	542	-4.8422065
71	428	-4.8426433
51	502	-4.8427997
76	440	-4.8437576
866	25	-4.843906
666	635	-4.8449817
305	652	-4.845283
934	571	-4.845824
873	103	-4.8458467
353	641	-4.846487
747	653	-4.848392
921	654	-4.850593
347	641	-4.8524356
942	551	-4.8540525
633	616	-4.854536
449	640	-4.8579435
656	632	-4.8619757
866	18	-4.8622704
109	486	-4.8627667
486	625	-4.863793
82	558	-4.8690715
446	666	-4.869368
852	550	-4.869655
34	494	-4.870553
552	671	-4.8708763
932	578	-4.87209
685	547	-4.8723927
901	621	-4.8724384
847	547	-4.874003
90	584	-4.874176
28	427	-4.876844
92	517	-4.877054
913	635	-4.877302
420	670	-4.8774204
175	635	-4.877785
391	652	-4.8785014
677	578	-4.878705
732	573	-4.880512
44	521	-4.8805804
866	632	-4.8807397
429	669	-4.8810577
611	648	-4.881889
51	632	-4.882513
959	236	-4.883043
408	660	-4.8833694
410	649	-4.8838077
68	440	-4.8838105
769	646	-4.8844104
887	631	-4.8868504
90	573	-4.886968
463	673	-4.887031
444	658	-4.8895006
844	557	-4.8896513
619	595	-4.890433
41	438	-4.890941
28	513	-4.891367
122	606	-4.8923707
811	557	-4.892869
97	531	-4.8933544
109	602	-4.8941016
864	99	-4.894618
428	673	-4.895503
900	635	-4.8960347
959	326	-4.896761
840	595	-4.896904
920	92	-4.8980627
885	552	-4.8993783
31	422	-4.9043036
793	640	-4.9051847
420	648	-4.905466
498	664	-4.907357
861	551	-4.908698
883	545	-4.9087577
881	93	-4.9094305
746	619	-4.9106846
68	632	-4.9133725
882	618	-4.914049
97	606	-4.915452
294	626	-4.916186
53	626	-4.9167814
959	316	-4.919152
99	515	-4.920113
358	644	-4.921174
63	481	-4.9211955
745	669	-4.9213643
657	611	-4.922614
654	573	-4.923347
646	576	-4.923711
725	615	-4.9239607
579	660	-4.9241476
567	609	-4.9244432
200	643	-4.926152
923	601	-4.926495
88	638	-4.9272065
785	604	-4.927802
898	69	-4.9280763
496	670	-4.9287353
75	414	-4.9291587
870	91	-4.9293733
65	414	-4.929596
28	435	-4.9296203
879	17	-4.9301515
87	570	-4.9317293
416	671	-4.9332633
121	495	-4.93404
481	673	-4.934671
884	624	-4.935272
63	637	-4.9356775
124	521	-4.936174
80	646	-4.938346
213	638	-4.9383965
894	90	-4.9398384
830	670	-4.9418993
560	609	-4.9425077
712	671	-4.94264
591	596	-4.942989
86	508	-4.943051
82	543	-4.944778
875	13	-4.945589
887	57	-4.947162
644	589	-4.9479084
925	653	-4.947926
701	633	-4.9493885
931	388	-4.9501414
662	533	-4.951286
47	494	-4.95141
57	486	-4.951857
930	392	-4.951904
131	641	-4.9521027
64	642	-4.9529886
106	541	-4.9531155
77	550	-4.9569254
33	553	-4.957119
90	458	-4.9574966
453	643	-4.958535
175	620	-4.9597664
941	151	-4.959904
48	647	-4.960785
104	498	-4.962494
690	654	-4.9628606
293	651	-4.963449
934	325	-4.9636345
842	38	-4.9639196
959	278	-4.965858
822	642	-4.9665904
485	671	-4.967602
26	382	-4.9676785
888	654	-4.968818
88	468	-4.970333
712	662	-4.9708924
342	648	-4.971832
19	461	-4.9718504
847	661	-4.9718575
775	640	-4.974125
769	566	-4.9743047
872	51	-4.9743543
697	625	-4.974809
34	471	-4.975163
862	27	-4.9761944
135	642	-4.9766946
670	584	-4.978808
29	502	-4.980222
925	93	-4.9806676
793	632	-4.980881
34	516	-4.981761
77	512	-4.981962
871	22	-4.9829774
900	596	-4.98332
666	580	-4.9852242
89	522	-4.9854937
879	549	-4.9856763
749	565	-4.986078
869	87	-4.9861836
48	490	-4.9890075
944	138	-4.9901667
49	486	-4.990243
33	547	-4.9929924
823	670	-4.9937468
728	569	-4.995383
513	665	-4.9972854
5	585	-4.9973674
611	595	-4.999072
861	546	-4.9991126
60	603	-5.0000215
881	113	-5.0001936
917	539	-5.0032687
812	37	-5.005058
413	658	-5.005815
846	622	-5.006296
88	527	-5.006588
932	160	-5.0071273
832	660	-5.0077605
834	626	-5.0087795
114	604	-5.009221
758	474	-5.0094576
728	662	-5.009909
914	609	-5.011203
925	608	-5.011965
821	48	-5.0125794
717	573	-5.01274
859	86	-5.013502
29	548	-5.0135527
209	639	-5.014384
418	579	-5.0148563
951	547	-5.015156
934	508	-5.0151668
959	191	-5.015232
29	522	-5.0154114
428	660	-5.01615
858	604	-5.016903
897	76	-5.0177927
746	649	-5.018618
959	284	-5.018867
194	635	-5.019257
160	625	-5.0195436
31	467	-5.020412
791	602	-5.0209002
959	226	-5.0222855
603	648	-5.0223255
179	628	-5.0224442
934	562	-5.022713
903	548	-5.0232954
810	25	-5.0235405
307	585	-5.023616
959	94	-5.0238256
931	596	-5.025253
79	563	-5.025709
318	584	-5.027162
913	548	-5.027167
489	539	-5.0275145
860	622	-5.0282106
937	133	-5.029148
47	553	-5.032133
7	461	-5.032738
345	462	-5.032776
94	619	-5.0328712
639	580	-5.034192
108	523	-5.034841
880	87	-5.040171
938	566	-5.046347
422	662	-5.0465016
888	620	-5.0469923
950	86	-5.047579
95	579	-5.048274
664	571	-5.0486803
719	666	-5.0490546
76	592	-5.049451
945	143	-5.049693
950	510	-5.0497613
27	439	-5.0502214
856	552	-5.0517654
869	95	-5.0518117
56	638	-5.051885
449	645	-5.0540004
71	412	-5.0542765
60	614	-5.059089
844	72	-5.0626025
193	644	-5.0627217
69	625	-5.063324
892	630	-5.0641513
88	516	-5.0642343
57	418	-5.0644526
779	642	-5.06461
298	632	-5.065722
506	664	-5.06587
912	514	-5.0687604
934	71	-5.0691953
59	495	-5.0693083
807	553	-5.069491
120	636	-5.0695205
509	619	-5.069994
120	523	-5.0716567
46	549	-5.072454
730	612	-5.072864
216	626	-5.0729785
403	660	-5.073336
931	63	-5.0742617
346	637	-5.0745378
50	422	-5.0767546
45	558	-5.07757
871	545	-5.0775967
752	646	-5.0777364
95	544	-5.078485
624	642	-5.0808787
29	599	-5.0822983
959	242	-5.082456
938	547	-5.0824833
889	119	-5.0834193
65	548	-5.083742
326	636	-5.083968
914	98	-5.083977
81	527	-5.0842175
82	571	-5.0842557
879	541	-5.086311
311	640	-5.0867
793	646	-5.086791
904	90	-5.087238
758	566	-5.088325
914	103	-5.08858
658	580	-5.0894217
185	639	-5.0902014
78	544	-5.0902333
40	523	-5.091077
309	580	-5.0924015
101	530	-5.096066
182	621	-5.0962477
98	458	-5.0977516
893	604	-5.0995097
934	640	-5.0995708
850	664	-5.1004634
69	433	-5.1014194
694	562	-5.1022797
688	602	-5.1025963
796	601	-5.102624
489	662	-5.1043763
751	669	-5.1053405
576	604	-5.105535
910	600	-5.1061225
803	630	-5.1067004
640	590	-5.1088285
127	613	-5.1093783
773	558	-5.1097
878	74	-5.1107545
943	74	-5.111006
695	649	-5.1117845
910	621	-5.1131005
55	479	-5.113238
708	670	-5.113871
183	616	-5.1141424
864	72	-5.114599
931	380	-5.1152544
629	637	-5.1164994
125	617	-5.1179843
70	572	-5.1182075
878	670	-5.119392
919	143	-5.121114
635	645	-5.1213965
716	670	-5.1214504
433	670	-5.1223464
303	580	-5.1226835
699	648	-5.123166
102	648	-5.123176
73	560	-5.12338
767	640	-5.1237445
763	646	-5.125892
77	422	-5.128594
920	147	-5.129017
33	521	-5.129081
888	591	-5.1294665
816	44	-5.130157
119	631	-5.130902
297	652	-5.131866
799	553	-5.1326675
194	627	-5.133338
709	621	-5.1335855
85	562	-5.1337037
736	662	-5.1357703
420	656	-5.136795
902	84	-5.1378736
122	620	-5.138306
773	665	-5.1383657
84	531	-5.138441
794	556	-5.1387744
76	516	-5.1388454
878	640	-5.138899
803	636	-5.139334
32	633	-5.140361
908	137	-5.140466
835	670	-5.1423364
757	646	-5.143664
712	548	-5.1441135
742	647	-5.1444497
729	655	-5.1463404
619	644	-5.1463785
819	553	-5.1467423
751	654	-5.1487694
721	670	-5.148964
113	646	-5.1490235
57	473	-5.149772
37	530	-5.149888
653	637	-5.1500807
907	551	-5.1517816
472	671	-5.153141
931	114	-5.154824
69	603	-5.1549773
824	557	-5.15535
888	106	-5.158609
816	639	-5.1590724
55	622	-5.159923
931	329	-5.1607924
890	642	-5.1633854
45	440	-5.1636233
875	645	-5.167831
542	671	-5.169212
110	501	-5.169336
582	670	-5.169378
74	547	-5.1712976
874	66	-5.1741743
50	413	-5.1745124
925	100	-5.1754546
760	640	-5.1758313
829	558	-5.1758585
922	104	-5.175937
925	626	-5.1763363
83	419	-5.1775413
815	645	-5.1776505
912	617	-5.1785645
85	578	-5.1799674
153	646	-5.1812873
96	518	-5.1822834
855	661	-5.1829367
714	666	-5.183773
876	53	-5.1840663
949	490	-5.1846194
822	53	-5.185054
189	596	-5.1855025
893	118	-5.185681
293	630	-5.185783
58	550	-5.186394
903	474	-5.1873407
44	497	-5.188521
931	608	-5.188788
949	551	-5.1901264
852	612	-5.1910825
875	633	-5.1913443
917	46	-5.19171
237	631	-5.192155
868	48	-5.194024
53	602	-5.1951804
68	595	-5.1967278
547	661	-5.197557
602	643	-5.1990924
936	321	-5.1991243
79	568	-5.2003016
38	497	-5.2047515
865	89	-5.2070255
702	670	-5.2085323
467	671	-5.209882
931	502	-5.2106333
23	456	-5.2113705
574	672	-5.2116566
287	576	-5.2125883
38	627	-5.2147303
90	547	-5.215837
74	588	-5.2163024
945	69	-5.2175107
69	610	-5.2184877
454	629	-5.220366
866	616	-5.2206388
33	598	-5.2222934
875	600	-5.2223406
883	655	-5.2227163
913	140	-5.2229786
29	494	-5.224431
663	587	-5.225192
352	637	-5.22877
610	591	-5.228845
15	464	-5.229499
773	613	-5.229843
906	30	-5.231265
65	503	-5.232542
93	595	-5.2328157
828	638	-5.2341185
64	633	-5.234347
656	584	-5.236028
940	595	-5.2362456
12	461	-5.236379
32	458	-5.237372
886	64	-5.2376046
249	651	-5.238511
818	670	-5.239448
648	636	-5.239654
866	103	-5.2406993
606	644	-5.2410293
865	591	-5.2411156
67	590	-5.2423515
914	510	-5.2424536
694	637	-5.2445226
89	557	-5.244574
85	540	-5.24544
859	30	-5.246032
100	463	-5.2465563
276	562	-5.246756
57	541	-5.2472606
185	594	-5.247906
421	674	-5.2481112
566	668	-5.248397
566	605	-5.2492666
99	595	-5.250393
149	656	-5.2507105
857	612	-5.25152
677	653	-5.252315
432	658	-5.252884
567	660	-5.253538
294	568	-5.2549214
228	627	-5.2558417
117	497	-5.2564206
918	96	-5.25691
684	582	-5.2576714
936	102	-5.2591705
803	647	-5.2593384
670	636	-5.260805
959	331	-5.263163
300	590	-5.2652125
879	103	-5.2653613
98	535	-5.2658367
72	535	-5.2659106
54	447	-5.2660685
65	602	-5.267016
938	572	-5.2674937
72	441	-5.268759
93	521	-5.269682
340	635	-5.2704015
636	651	-5.2731237
877	90	-5.2741766
550	612	-5.274954
54	421	-5.275051
611	641	-5.275817
31	640	-5.2762156
418	666	-5.2762165
59	480	-5.276326
92	609	-5.27685
838	548	-5.2768674
871	610	-5.2780995
112	636	-5.278968
896	551	-5.2806373
38	602	-5.281724
958	251	-5.282305
30	645	-5.284192
870	658	-5.2848563
34	527	-5.2850027
528	566	-5.2851048
939	387	-5.2854133
698	599	-5.286146
724	661	-5.2861705
32	619	-5.2874427
286	571	-5.288392
883	610	-5.288799
45	526	-5.288888
99	506	-5.289099
55	503	-5.2902575
179	633	-5.292307
627	595	-5.29289
590	670	-5.293204
631	648	-5.2934966
300	584	-5.2936525
869	645	-5.294936
6	581	-5.2953033
181	604	-5.2988377
76	521	-5.298995
787	638	-5.299531
493	673	-5.2998223
846	655	-5.302009
849	44	-5.302332
658	549	-5.302907
959	199	-5.3049984
430	644	-5.3076615
865	14	-5.309822
803	551	-5.3100567
72	419	-5.3113675
871	14	-5.3116426
27	423	-5.311678
7	467	-5.3121686
184	627	-5.3135324
846	76	-5.3137636
847	669	-5.314452
52	606	-5.3146615
100	603	-5.314877
880	64	-5.3150635
84	566	-5.316156
921	613	-5.3177733
44	491	-5.3183637
438	643	-5.3197055
623	594	-5.320066
959	231	-5.3203135
630	592	-5.3217316
424	655	-5.3222313
39	563	-5.3255186
680	636	-5.325771
107	635	-5.326583
902	617	-5.326883
63	619	-5.327697
821	28	-5.3281026
938	632	-5.329164
809	663	-5.329246
760	617	-5.3301
695	602	-5.3306084
845	43	-5.3315086
78	584	-5.332584
72	463	-5.3342495
812	610	-5.334814
501	670	-5.3378024
68	640	-5.3386683
502	665	-5.3403974
10	382	-5.3412437
853	46	-5.3415794
573	658	-5.341808
807	632	-5.3422065
645	639	-5.3435583
716	661	-5.344897
728	670	-5.344945
929	325	-5.347746
918	509	-5.347822
437	669	-5.35068
72	526	-5.3518033
756	656	-5.3532395
586	671	-5.3537803
721	646	-5.354719
885	605	-5.3548784
661	643	-5.356112
698	671	-5.3570294
902	610	-5.3584714
96	527	-5.358526
508	658	-5.35854
120	541	-5.3591266
86	457	-5.359132
949	77	-5.3594985
107	511	-5.3623223
105	592	-5.3631268
42	633	-5.3638606
705	631	-5.3647203
742	617	-5.3655224
436	673	-5.366909
58	625	-5.3674064
79	580	-5.367977
843	34	-5.368317
949	495	-5.370756
907	604	-5.371167
29	611	-5.3713083
913	42	-5.3714137
466	611	-5.37188
913	543	-5.3719807
609	657	-5.372004
458	673	-5.3725944
91	463	-5.3726134
76	532	-5.3747864
951	90	-5.375555
11	471	-5.375646
537	605	-5.3764577
304	636	-5.3780293
6	589	-5.378032
32	531	-5.379117
86	535	-5.3794374
888	635	-5.3794775
882	671	-5.380643
889	545	-5.3809633
869	106	-5.3813086
105	537	-5.3814726
42	505	-5.381545
916	50	-5.382841
140	515	-5.3848877
201	639	-5.385624
36	438	-5.3873234
949	556	-5.387352
681	579	-5.3888655
935	498	-5.3894243
959	372	-5.389915
752	640	-5.3900294
706	666	-5.392025
604	598	-5.3920417
21	486	-5.3921084
843	660	-5.393976
167	628	-5.394612
866	610	-5.395616
589	662	-5.395948
461	645	-5.396807
328	640	-5.3969035
492	666	-5.398136
854	594	-5.403468
923	596	-5.4043093
713	622	-5.405002
872	593	-5.40542
179	600	-5.405731
803	601	-5.405902
908	82	-5.4072695
919	595	-5.409368
908	96	-5.4114165
287	564	-5.4119425
227	638	-5.4121423
674	632	-5.4127045
438	658	-5.414535
904	38	-5.4158525
944	500	-5.4170785
39	407	-5.417451
412	670	-5.418547
830	65	-5.4187512
869	549	-5.4187603
79	418	-5.4192767
84	609	-5.4206614
523	666	-5.4217277
931	633	-5.4229183
684	554	-5.42319
756	642	-5.423774
798	631	-5.424429
523	610	-5.4244895
105	528	-5.424607
414	648	-5.425595
84	593	-5.426004
720	674	-5.427006
89	563	-5.4277325
858	99	-5.428306
760	559	-5.4283977
130	515	-5.4295826
59	534	-5.429589
925	55	-5.432609
55	631	-5.4343557
725	673	-5.434743
942	561	-5.4354177
766	666	-5.436845
189	626	-5.4371085
906	86	-5.4387336
948	137	-5.4394207
959	100	-5.440229
897	129	-5.4412456
776	607	-5.4417276
66	511	-5.4419208
78	634	-5.443427
356	636	-5.4451246
892	616	-5.4474516
316	588	-5.448144
883	59	-5.449452
91	569	-5.450097
840	670	-5.4502277
727	621	-5.45135
893	80	-5.4517083
103	512	-5.4521413
71	576	-5.45277
460	627	-5.45302
895	589	-5.453522
877	657	-5.4559
75	569	-5.4568973
766	617	-5.4579782
54	549	-5.458042
171	653	-5.458784
847	618	-5.4592648
74	617	-5.459981
540	662	-5.460054
938	637	-5.460275
94	540	-5.4614744
941	156	-5.461849
104	596	-5.4619813
705	673	-5.462516
25	541	-5.4658146
37	491	-5.4663825
783	634	-5.467271
672	550	-5.467863
68	446	-5.4694586
891	597	-5.472255
350	464	-5.472273
361	655	-5.475395
899	470	-5.477118
911	605	-5.477246
16	476	-5.4776325
38	415	-5.478523
880	660	-5.479164
412	664	-5.4791784
44	404	-5.4796953
959	186	-5.480722
852	618	-5.4826913
663	639	-5.482742
913	595	-5.4829984
887	115	-5.483094
56	514	-5.4831996
124	610	-5.484706
406	656	-5.4861345
32	512	-5.4870214
128	604	-5.488754
785	644	-5.4898643
5	593	-5.4916472
894	84	-5.493376
28	451	-5.494814
137	638	-5.495152
772	617	-5.495709
571	601	-5.4984293
33	500	-5.498583
220	627	-5.5005336
928	599	-5.5007143
483	667	-5.500791
820	599	-5.502962
865	37	-5.503759
72	513	-5.503825
859	618	-5.5052214
895	474	-5.5055656
58	519	-5.5063744
755	670	-5.5068274
65	474	-5.508284
774	645	-5.510968
883	643	-5.511858
924	631	-5.5118885
835	70	-5.516169
714	645	-5.516776
667	550	-5.517674
840	29	-5.517922
91	501	-5.5180955
312	636	-5.518117
882	633	-5.51861
131	636	-5.5209413
396	660	-5.5214357
740	642	-5.521561
42	639	-5.5217056
290	624	-5.521732
94	603	-5.522231
814	671	-5.5231185
204	631	-5.527254
82	613	-5.527258
355	656	-5.5303607
930	511	-5.530799
460	607	-5.5318913
101	590	-5.534093
110	516	-5.536154
426	643	-5.53652
830	634	-5.5376716
50	550	-5.5376744
82	618	-5.537846
31	454	-5.539068
28	553	-5.5390754
48	481	-5.539468
819	630	-5.539536
341	644	-5.5398703
48	608	-5.539904
881	68	-5.5410967
738	670	-5.5419354
793	612	-5.542839
295	564	-5.544192
306	642	-5.545469
759	668	-5.5457687
886	616	-5.547005
95	570	-5.5478497
77	641	-5.548318
949	514	-5.548523
928	630	-5.5489583
102	542	-5.5489626
694	670	-5.5492105
74	467	-5.549493
48	567	-5.54958
106	608	-5.549644
733	670	-5.5497036
641	575	-5.5513706
865	6	-5.552868
724	548	-5.5529475
935	383	-5.5542417
851	670	-5.554456
253	650	-5.5547338
729	674	-5.5558023
779	665	-5.5568967
644	651	-5.5576544
874	548	-5.558127
930	333	-5.5583377
62	492	-5.5601435
713	632	-5.5617228
104	456	-5.563557
934	317	-5.5636625
959	356	-5.5638328
745	610	-5.563884
444	640	-5.563922
754	619	-5.564338
835	656	-5.5646243
522	619	-5.56501
50	450	-5.567395
902	132	-5.5689073
840	71	-5.5697775
677	556	-5.569885
864	10	-5.570932
196	639	-5.5724926
47	614	-5.572766
408	671	-5.575322
662	610	-5.575396
336	464	-5.575488
167	516	-5.575929
802	558	-5.575994
923	152	-5.576311
76	654	-5.5764847
950	100	-5.5768456
6	573	-5.576847
298	594	-5.5778384
938	506	-5.578504
115	600	-5.5790596
95	509	-5.5793905
288	651	-5.5795536
860	91	-5.5800033
859	669	-5.5800886
929	110	-5.580233
913	660	-5.581407
213	629	-5.582328
949	543	-5.584558
655	642	-5.584665
49	627	-5.584938
852	28	-5.5856647
141	522	-5.587628
84	524	-5.587881
904	595	-5.58881
884	662	-5.5889273
84	637	-5.589242
871	616	-5.589582
848	552	-5.59065
748	642	-5.5916705
898	631	-5.591718
74	565	-5.5922794
925	618	-5.5922866
935	67	-5.594799
913	589	-5.5952616
874	641	-5.598686
120	501	-5.601814
18	457	-5.6029525
866	109	-5.6050444
174	629	-5.6051035
169	632	-5.606548
879	644	-5.606581
811	646	-5.6072407
729	616	-5.607305
883	601	-5.6077805
64	441	-5.6078744
812	638	-5.608475
846	612	-5.608515
334	637	-5.608637
959	377	-5.609269
825	627	-5.6097317
129	627	-5.6115656
837	660	-5.6117535
575	600	-5.6120157
174	647	-5.6138287
486	553	-5.614861
634	593	-5.6150875
748	673	-5.615376
885	120	-5.615665
927	498	-5.6167164
395	653	-5.617475
756	479	-5.618529
53	618	-5.6194987
927	387	-5.62017
937	155	-5.620566
873	61	-5.6209097
649	645	-5.620967
494	622	-5.621518
921	42	-5.622257
929	533	-5.6239
554	661	-5.6240244
856	27	-5.6243243
925	109	-5.6246543
953	552	-5.6249247
905	622	-5.6276307
688	550	-5.628199
736	641	-5.6317754
945	555	-5.631847
321	593	-5.6320033
828	61	-5.632668
895	72	-5.6339154
959	336	-5.6355953
28	607	-5.6365876
208	630	-5.637965
81	539	-5.638002
897	605	-5.6382585
691	634	-5.643269
881	591	-5.6444607
432	674	-5.6473804
11	457	-5.6485953
87	615	-5.649375
559	668	-5.649576
936	576	-5.64959
959	146	-5.649788
907	467	-5.649925
639	644	-5.650328
61	475	-5.6517835
129	619	-5.652287
732	660	-5.654399
896	671	-5.6554523
15	480	-5.6558337
899	31	-5.6570363
360	637	-5.6572585
872	606	-5.658951
450	667	-5.659897
86	585	-5.660152
934	545	-5.660351
870	640	-5.660697
139	566	-5.660928
894	68	-5.6614995
531	673	-5.6616974
812	18	-5.6621156
857	47	-5.6632056
49	603	-5.663301
447	635	-5.663358
513	614	-5.6639175
209	644	-5.6674867
959	221	-5.6690216
494	541	-5.669795
132	521	-5.670784
959	1	-5.6714473
920	49	-5.674327
779	635	-5.6747704
77	540	-5.675473
731	620	-5.6782527
92	615	-5.678561
876	622	-5.6789536
866	54	-5.679528
737	615	-5.681189
841	552	-5.682871
593	664	-5.685068
959	367	-5.6850705
711	542	-5.6852846
803	671	-5.686024
955	201	-5.687282
907	673	-5.687594
955	0	-5.6882873
709	674	-5.6890106
828	598	-5.6895714
789	642	-5.69062
946	106	-5.6910586
690	671	-5.6914334
915	599	-5.691569
949	561	-5.6915774
959	362	-5.693324
285	560	-5.695177
594	671	-5.695379
298	624	-5.6957855
63	569	-5.6958947
919	600	-5.696148
930	313	-5.696663
880	665	-5.6970563
100	526	-5.697869
27	498	-5.697948
928	106	-5.698036
934	645	-5.6987624
436	639	-5.6988196
120	517	-5.6988416
830	549	-5.6988454
959	343	-5.699217
927	514	-5.699471
708	625	-5.7000055
744	640	-5.700014
942	545	-5.7016835
813	553	-5.7021413
110	623	-5.7021675
888	549	-5.7024803
34	563	-5.702857
712	626	-5.7029533
658	537	-5.7034683
915	531	-5.7040157
927	622	-5.7048035
420	583	-5.705668
415	675	-5.7059546
304	594	-5.7061534
113	640	-5.70695
936	596	-5.707745
80	534	-5.7079964
853	604	-5.708373
838	612	-5.709483
913	94	-5.710178
529	607	-5.7108436
479	623	-5.7114015
910	610	-5.7122803
938	313	-5.7133718
809	29	-5.7141523
88	671	-5.7149653
171	618	-5.715146
320	642	-5.715566
713	654	-5.716353
186	635	-5.716483
32	463	-5.7169657
756	608	-5.717323
792	552	-5.717895
625	638	-5.7198706
904	670	-5.724309
955	307	-5.725457
528	665	-5.726323
834	599	-5.7270184
193	594	-5.7270327
833	557	-5.7275314
922	508	-5.7279253
453	673	-5.7281094
929	586	-5.7281346
44	566	-5.7289767
942	132	-5.7298446
926	160	-5.7299304
955	93	-5.7307115
578	671	-5.730834
862	53	-5.733609
869	598	-5.7359605
798	557	-5.7365713
226	541	-5.7367225
59	449	-5.737399
840	556	-5.737946
800	639	-5.7389145
205	626	-5.7417164
874	112	-5.7419167
865	42	-5.7423787
117	488	-5.7425394
864	93	-5.7436028
631	552	-5.7480073
72	505	-5.7487073
761	613	-5.749058
315	580	-5.74913
941	70	-5.749666
342	465	-5.74978
699	637	-5.7508125
96	610	-5.7524905
814	628	-5.7525196
721	574	-5.753071
869	58	-5.753223
766	563	-5.753324
876	70	-5.7555947
117	481	-5.755807
899	26	-5.7578917
476	675	-5.7588863
865	550	-5.760478
890	83	-5.7607107
23	534	-5.7611938
88	625	-5.7612514
826	474	-5.761398
532	664	-5.761946
959	205	-5.763369
231	640	-5.763978
943	504	-5.764942
227	548	-5.7652187
781	608	-5.7655406
834	616	-5.767061
908	594	-5.7673306
4	597	-5.767776
130	654	-5.768099
908	544	-5.768676
945	548	-5.7689085
809	602	-5.769488
86	462	-5.7706833
46	477	-5.772025
900	545	-5.7740355
844	30	-5.7748933
57	546	-5.774907
282	564	-5.7765493
57	598	-5.7773814
860	6	-5.7811065
772	673	-5.7813706
708	645	-5.781495
312	644	-5.782704
76	629	-5.7833557
887	595	-5.783764
798	671	-5.7844267
178	612	-5.784836
114	500	-5.785542
355	671	-5.786695
723	619	-5.7868333
823	551	-5.7869973
770	561	-5.787374
718	643	-5.788536
94	674	-5.7890754
468	607	-5.7891927
759	673	-5.790173
506	670	-5.791213
445	673	-5.7923045
688	563	-5.7936196
627	655	-5.798121
750	620	-5.7996297
810	670	-5.8008833
950	69	-5.802184
859	600	-5.802349
459	617	-5.802745
934	125	-5.8037815
62	446	-5.8061204
876	592	-5.8061295
951	486	-5.8090816
219	639	-5.8093877
90	605	-5.8097215
5	565	-5.8099627
106	490	-5.810242
483	622	-5.8116403
938	580	-5.8120637
790	635	-5.812766
959	385	-5.8136024
307	576	-5.8138003
187	600	-5.8170824
465	625	-5.817918
644	635	-5.8199096
224	626	-5.8222303
840	656	-5.822549
943	591	-5.8225884
76	446	-5.8227515
738	658	-5.823467
871	670	-5.8236775
829	626	-5.8255935
535	671	-5.8281374
807	36	-5.8283553
101	599	-5.829648
823	638	-5.83057
757	486	-5.8305907
685	635	-5.8308682
904	543	-5.832465
920	519	-5.8328323
68	579	-5.835465
813	41	-5.836012
60	523	-5.836849
955	295	-5.837239
863	670	-5.837382
791	673	-5.839205
743	673	-5.840246
608	673	-5.841079
11	388	-5.841091
912	673	-5.8412595
901	478	-5.841599
827	553	-5.8419385
116	539	-5.8450284
178	624	-5.845314
901	502	-5.84539
834	550	-5.8461704
715	674	-5.846334
108	639	-5.8465967
927	520	-5.8466363
860	11	-5.846692
905	26	-5.846695
942	509	-5.84686
951	614	-5.8482456
364	673	-5.848687
868	11	-5.8493013
73	459	-5.849853
887	611	-5.85137
489	674	-5.8547006
338	460	-5.854706
32	436	-5.855624
432	640	-5.856344
887	68	-5.85637
81	423	-5.8565836
359	673	-5.859317
472	603	-5.8607407
107	505	-5.860839
372	640	-5.861582
898	615	-5.862474
617	656	-5.8631244
819	664	-5.8640394
930	321	-5.865155
854	665	-5.8665338
120	484	-5.866654
883	14	-5.8687687
125	493	-5.8691573
844	664	-5.8729773
48	519	-5.874088
25	547	-5.8751616
938	647	-5.8757453
687	543	-5.875804
805	664	-5.876096
111	541	-5.8787527
723	557	-5.879891
517	588	-5.880224
900	673	-5.88062
813	22	-5.8820424
293	642	-5.882308
478	667	-5.882475
105	494	-5.882565
183	631	-5.882791
652	551	-5.8850203
909	90	-5.885386
784	553	-5.8857684
934	537	-5.8858366
927	503	-5.8891263
108	457	-5.8893547
662	582	-5.8900332
844	673	-5.8915043
35	611	-5.891789
862	34	-5.892011
852	83	-5.894113
347	671	-5.8944654
106	624	-5.8947015
703	647	-5.8951426
908	40	-5.8963885
629	522	-5.896413
55	467	-5.8964205
62	470	-5.898287
874	9	-5.8989983
25	448	-5.899986
947	159	-5.9003396
797	608	-5.9004507
930	376	-5.9010973
685	671	-5.901369
68	615	-5.9017034
879	12	-5.901711
147	566	-5.902104
19	652	-5.9023085
892	64	-5.9029098
457	644	-5.904837
933	108	-5.905986
917	633	-5.90755
397	673	-5.910665
855	608	-5.911057
893	634	-5.9117384
799	646	-5.9141636
72	436	-5.914308
872	665	-5.9149623
324	641	-5.9157076
727	641	-5.915766
886	124	-5.9157896
2	528	-5.9182825
80	458	-5.918777
73	509	-5.919083
27	390	-5.922845
763	670	-5.9232764
709	633	-5.923418
66	466	-5.9236755
61	547	-5.9239225
924	587	-5.925378
69	584	-5.9262085
808	612	-5.9287715
845	80	-5.929381
103	507	-5.9295883
197	631	-5.9299607
956	195	-5.9299955
811	606	-5.9303393
828	23	-5.9312305
79	411	-5.931385
913	538	-5.931885
229	544	-5.93274
25	526	-5.932813
78	462	-5.9328756
543	606	-5.9330673
42	475	-5.933283
110	598	-5.9335814
585	596	-5.934859
774	476	-5.935567
536	663	-5.9358225
868	620	-5.9360323
837	619	-5.9361153
93	553	-5.9372993
720	656	-5.93764
364	638	-5.938513
50	639	-5.9391546
7	456	-5.939299
330	635	-5.9394913
308	635	-5.939762
903	457	-5.9406295
637	639	-5.9414115
666	642	-5.9431643
930	304	-5.946378
842	608	-5.9467726
309	593	-5.9471188
471	623	-5.9472375
73	609	-5.94804
959	351	-5.949098
469	675	-5.9491224
207	634	-5.9494534
6	526	-5.9524584
107	643	-5.9528666
936	494	-5.95345
97	600	-5.954533
76	613	-5.9551983
80	438	-5.955713
858	595	-5.9559135
558	662	-5.9559274
64	507	-5.9564023
769	635	-5.957852
734	674	-5.958075
103	467	-5.958772
42	626	-5.959134
850	601	-5.959972
228	537	-5.9648037
24	452	-5.9669037
892	622	-5.967109
2	588	-5.9697447
882	117	-5.97005
156	655	-5.9703264
685	649	-5.97178
895	596	-5.9719005
66	573	-5.972295
584	662	-5.973682
227	644	-5.974772
940	104	-5.9750676
120	552	-5.975763
9	584	-5.976161
921	624	-5.9763746
887	21	-5.976884
745	657	-5.9770393
98	587	-5.977793
334	654	-5.980468
329	593	-5.9807396
892	673	-5.981098
29	447	-5.9818306
794	616	-5.9826183
886	670	-5.9828825
27	415	-5.983085
37	558	-5.9831796
492	545	-5.9835825
944	517	-5.9847827
333	649	-5.985265
271	654	-5.9860806
801	28	-5.986384
404	670	-5.9864297
124	602	-5.9867864
906	513	-5.9868345
882	73	-5.990299
935	391	-5.990538
70	654	-5.9909654
673	652	-5.994164
834	610	-5.995442
456	609	-5.9967904
746	627	-5.9972286
557	606	-5.9973373
488	543	-5.998478
93	623	-5.999181
729	548	-5.999627
62	500	-5.999663
761	563	-5.9998546
