x_coord	y_coord	score
705	482	0.52449095
640	531	0.4842266
630	540	0.48160198
644	529	0.4812686
495	640	0.45278433
636	535	0.4249194
690	495	0.37965444
481	650	0.36979303
694	491	0.36161777
702	485	0.34473398
485	647	0.32437906
499	636	0.30630127
647	526	0.2819257
698	489	0.27755246
505	630	0.27561268
780	635	0.26859036
634	539	0.26783296
776	637	0.26010248
491	642	0.25840428
710	479	0.25014737
517	624	0.23842081
789	419	0.23700199
512	626	0.23279175
626	543	0.22020045
772	640	0.20172963
722	470	0.18460104
733	462	0.17639849
520	621	0.17544195
509	629	0.17499545
524	618	0.16940811
744	553	0.15986905
647	626	0.15404812
713	476	0.15368733
793	417	0.1533437
785	422	0.13721523
503	634	0.13412264
761	440	0.13090298
477	652	0.12005493
783	632	0.10974589
727	466	0.094965786
719	474	0.08328828
631	536	0.08168176
686	498	0.07965377
902	330	0.07478723
794	413	0.07365328
727	565	0.0724242
651	523	0.06814799
528	616	0.051514655
740	555	0.038253367
534	610	0.02342254
802	409	0.02187258
731	563	-0.007357031
531	613	-0.011728734
487	643	-0.029259712
667	610	-0.03676504
900	334	-0.037819713
656	520	-0.042106867
888	444	-0.046228707
909	429	-0.056729347
758	443	-0.06109318
833	385	-0.06392521
771	432	-0.07261595
798	411	-0.07512978
748	549	-0.08284354
603	559	-0.08571613
682	500	-0.087008715
546	602	-0.08765805
615	650	-0.08947739
650	622	-0.09101614
768	642	-0.0968765
663	612	-0.112470955
641	535	-0.11614397
550	599	-0.120508164
723	569	-0.124231696
868	360	-0.1254189
736	459	-0.12584442
754	445	-0.13361415
776	531	-0.13568485
619	646	-0.13913864
786	629	-0.15195101
906	328	-0.16376823
805	406	-0.18007907
754	546	-0.18785666
706	478	-0.19471198
825	391	-0.19632578
756	472	-0.19901447
796	650	-0.20038916
537	607	-0.20255208
595	567	-0.2053518
767	435	-0.21327208
837	381	-0.21343225
820	395	-0.21397519
681	529	-0.21428776
573	581	-0.21995333
913	428	-0.24261214
841	377	-0.24298993
891	343	-0.24789102
490	646	-0.25391436
782	425	-0.25883853
753	475	-0.26108104
611	652	-0.27078852
636	530	-0.2764184
641	526	-0.28022802
772	533	-0.28050956
623	642	-0.28587848
701	481	-0.2868585
892	443	-0.29198188
881	452	-0.29205424
742	453	-0.2926988
697	485	-0.29435822
778	527	-0.29557467
678	533	-0.30070066
739	456	-0.302463
607	558	-0.3027909
733	559	-0.3094616
808	403	-0.31341088
897	337	-0.3154989
705	582	-0.32060158
905	432	-0.32233685
583	575	-0.32407522
800	648	-0.32701266
719	572	-0.3274505
666	513	-0.3296479
790	627	-0.33443552
517	596	-0.33886424
816	499	-0.3457184
576	607	-0.34971356
694	590	-0.35370582
494	636	-0.35553885
751	448	-0.35804084
518	650	-0.36119843
513	600	-0.36216825
884	449	-0.3661906
599	564	-0.36918297
893	339	-0.37356293
715	574	-0.377579
670	607	-0.3781008
765	439	-0.3790635
508	625	-0.38610166
540	604	-0.38769388
685	527	-0.39144862
625	539	-0.3968512
728	462	-0.40057918
915	424	-0.40234768
769	536	-0.40903828
760	470	-0.40951166
747	450	-0.4114842
829	388	-0.41553473
676	506	-0.4167884
782	525	-0.42242286
670	509	-0.42417306
766	465	-0.4321088
680	504	-0.4370414
579	579	-0.4383671
701	584	-0.44726777
757	543	-0.44903323
658	516	-0.45263445
652	519	-0.4617362
749	476	-0.46261898
500	631	-0.46531248
513	622	-0.47438613
690	490	-0.47510293
660	616	-0.47631112
473	653	-0.48036438
554	597	-0.48110804
868	462	-0.48182318
643	628	-0.48478416
646	522	-0.4862795
695	495	-0.486605
480	646	-0.4893362
774	458	-0.4905546
812	502	-0.49136445
792	517	-0.4937519
674	535	-0.50789756
743	549	-0.5095664
775	430	-0.5124917
736	556	-0.5130667
655	618	-0.5153091
921	420	-0.51581746
779	631	-0.5159627
698	588	-0.5160619
723	564	-0.51625943
797	416	-0.5214727
841	481	-0.5265564
522	649	-0.52890503
846	403	-0.5306106
716	471	-0.5366787
788	519	-0.5399299
876	456	-0.54026514
662	517	-0.54362315
765	538	-0.54367226
500	640	-0.54684156
796	622	-0.54689175
679	602	-0.54733765
871	357	-0.5560363
550	625	-0.5627899
770	461	-0.56389725
648	530	-0.56836134
591	568	-0.5684716
621	545	-0.57025516
897	331	-0.5709673
750	545	-0.57575566
570	584	-0.57743645
706	607	-0.58239996
757	439	-0.5893507
739	551	-0.59562355
761	649	-0.60925263
752	550	-0.61137426
527	612	-0.6172838
723	465	-0.6218029
513	630	-0.621868
732	458	-0.62574965
796	515	-0.6257794
693	487	-0.62973505
486	651	-0.62975144
726	471	-0.631266
709	580	-0.63850737
866	387	-0.64307755
864	362	-0.6473426
703	489	-0.6486786
514	652	-0.6487877
670	537	-0.6488881
535	638	-0.65552723
872	458	-0.6573926
709	475	-0.66088074
711	603	-0.66265357
764	646	-0.66577506
627	641	-0.6666722
820	498	-0.6676054
508	633	-0.66805494
675	606	-0.6753065
778	427	-0.6787562
709	483	-0.68199545
924	527	-0.68962914
685	598	-0.690737
887	345	-0.69259405
728	569	-0.6933491
760	568	-0.69609314
901	326	-0.69822454
685	494	-0.69867647
864	466	-0.7038908
683	625	-0.7074945
842	406	-0.7086549
728	560	-0.71812487
711	576	-0.7202009
546	627	-0.7206911
739	559	-0.72081524
771	636	-0.7242888
632	532	-0.72487706
762	466	-0.7272651
837	482	-0.72870266
761	540	-0.7300284
587	571	-0.73489845
706	486	-0.73515576
581	605	-0.7375649
645	533	-0.7387171
785	522	-0.7387927
812	401	-0.7409174
542	600	-0.7416596
690	500	-0.74233496
909	325	-0.74309504
831	415	-0.7488503
691	594	-0.75230247
792	623	-0.7539753
801	405	-0.7741687
925	418	-0.7759467
871	383	-0.7802214
667	541	-0.78455985
640	632	-0.7847567
631	637	-0.7857099
554	621	-0.7910564
496	632	-0.79635847
556	593	-0.79707843
775	633	-0.7973131
902	435	-0.7996213
895	440	-0.7998009
790	423	-0.8005415
662	512	-0.8104341
863	390	-0.8128316
567	587	-0.8173071
792	651	-0.820989
537	634	-0.8225837
662	543	-0.8233615
516	619	-0.823519
670	633	-0.8236061
910	425	-0.82792616
790	414	-0.82792854
705	611	-0.8304907
617	547	-0.8307086
625	547	-0.83376086
527	643	-0.83652914
757	650	-0.8395872
635	635	-0.84151894
717	478	-0.84322846
894	334	-0.849064
538	611	-0.84934783
504	626	-0.8496035
802	644	-0.8572265
853	400	-0.85935885
925	523	-0.85970414
752	471	-0.8634405
693	518	-0.8636657
604	585	-0.86409473
845	479	-0.8664519
531	642	-0.86780775
521	625	-0.8678169
494	645	-0.86901116
861	366	-0.86905503
620	650	-0.869882
765	469	-0.87232363
855	396	-0.8752687
542	633	-0.87666535
563	615	-0.88437176
816	397	-0.8848411
476	648	-0.8848921
490	638	-0.88507885
883	477	-0.8857017
600	587	-0.88939357
718	568	-0.89135844
793	543	-0.891847
884	443	-0.8981072
835	486	-0.9011351
668	637	-0.90185416
765	564	-0.90205795
623	647	-0.90371734
689	521	-0.9038018
697	515	-0.904683
920	529	-0.9058652
575	577	-0.91509473
520	616	-0.9195026
809	505	-0.9224838
686	594	-0.926342
658	545	-0.93095744
782	628	-0.9315747
523	645	-0.93282807
652	550	-0.93288386
525	622	-0.93560135
672	504	-0.93717754
753	441	-0.93747246
614	646	-0.9385909
715	601	-0.9406613
804	509	-0.9409859
784	636	-0.9416809
616	551	-0.94197834
905	324	-0.9443412
832	381	-0.94451654
789	545	-0.9474549
560	591	-0.9531493
753	542	-0.9542222
800	511	-0.9549029
781	421	-0.95707834
686	622	-0.9600992
889	448	-0.9610406
884	558	-0.9622712
512	596	-0.9665204
756	569	-0.96811414
530	609	-0.9692688
773	537	-0.97373235
645	622	-0.9741005
509	602	-0.9757135
639	539	-0.97578776
811	639	-0.9757941
665	509	-0.97822523
573	611	-0.9788506
743	449	-0.9817146
569	580	-0.98238957
859	392	-0.987005
645	632	-0.99615514
765	461	-0.99827886
699	493	-1.0004253
595	562	-1.0020021
804	402	-1.0060074
735	455	-1.0114628
798	438	-1.0138836
618	642	-1.0179098
604	555	-1.022103
674	631	-1.0242636
896	342	-1.0260187
732	466	-1.0263417
701	513	-1.027758
785	417	-1.0282093
787	633	-1.0296553
784	450	-1.0297527
541	608	-1.0321274
807	641	-1.0349091
680	598	-1.0407357
800	620	-1.0415046
678	499	-1.0453496
867	356	-1.0470072
750	444	-1.0481063
920	424	-1.0509917
891	468	-1.0516855
889	440	-1.0522602
898	437	-1.0523647
655	524	-1.0542399
881	349	-1.0581868
724	573	-1.0603873
533	606	-1.0660311
620	541	-1.0665456
922	446	-1.0716219
749	553	-1.0728678
843	373	-1.0823573
831	489	-1.0923094
818	401	-1.0935172
609	554	-1.0949236
795	626	-1.0970457
662	608	-1.0971693
826	395	-1.0981281
873	353	-1.1061168
762	436	-1.1065391
723	475	-1.1076891
915	533	-1.110465
810	612	-1.1105052
732	567	-1.1145316
546	597	-1.1175821
558	620	-1.1191772
626	637	-1.1197971
681	496	-1.1203495
815	637	-1.1213444
898	363	-1.1230762
736	562	-1.1231072
768	532	-1.1252477
773	528	-1.1267961
823	495	-1.1284417
483	642	-1.1318824
745	456	-1.1327676
701	612	-1.1333922
745	478	-1.1356325
599	558	-1.1363214
579	574	-1.1379606
766	431	-1.1385443
848	476	-1.1420639
880	481	-1.1424506
526	648	-1.1435717
672	603	-1.1451105
694	618	-1.1472054
892	347	-1.1472932
604	563	-1.1487142
469	652	-1.1499387
633	543	-1.1505696
840	485	-1.1533858
535	614	-1.1543128
821	390	-1.1544858
703	588	-1.1575754
685	503	-1.1576482
712	472	-1.157691
771	645	-1.15929
683	533	-1.163412
801	414	-1.1688297
911	539	-1.1693313
589	599	-1.174202
719	467	-1.1757737
610	648	-1.1777121
732	555	-1.1779338
657	549	-1.1780626
714	570	-1.1788948
762	444	-1.1803136
795	441	-1.1810304
841	382	-1.1814706
836	377	-1.1822567
673	610	-1.183316
888	554	-1.1843015
786	426	-1.1854866
566	583	-1.1912555
596	593	-1.1921302
639	636	-1.1926033
689	526	-1.1930331
797	541	-1.1937902
782	454	-1.1946985
794	421	-1.1956352
828	384	-1.2034029
806	614	-1.2041819
658	612	-1.2043024
567	612	-1.2073234
660	642	-1.2121217
880	448	-1.2165387
771	465	-1.2192993
714	481	-1.2202599
770	428	-1.2223854
504	638	-1.2324502
608	583	-1.2330409
657	622	-1.2351846
901	431	-1.2362087
748	472	-1.2362758
536	603	-1.239436
809	530	-1.2524408
880	457	-1.2607286
797	407	-1.2612354
774	426	-1.2625922
799	537	-1.2629104
693	586	-1.2633655
649	618	-1.2652276
908	457	-1.2669712
785	550	-1.2673774
758	547	-1.2696223
540	637	-1.2703519
853	474	-1.2712035
912	454	-1.2713709
905	333	-1.272858
652	626	-1.2730695
863	358	-1.2734485
926	445	-1.2761685
769	563	-1.2875848
755	449	-1.2902726
916	420	-1.290659
636	639	-1.2920743
778	457	-1.2966189
827	492	-1.2969103
848	399	-1.2975055
649	630	-1.2984554
472	649	-1.3010033
850	404	-1.3018526
822	521	-1.3028182
627	535	-1.3044057
827	416	-1.3062842
764	569	-1.3097337
542	628	-1.3114026
639	627	-1.313751
757	476	-1.3138282
690	620	-1.314108
678	625	-1.3141205
607	651	-1.3144078
685	520	-1.3154958
845	378	-1.3162549
636	631	-1.3164992
714	579	-1.319683
802	616	-1.3202889
652	527	-1.3237857
482	654	-1.3246922
880	376	-1.3272178
887	473	-1.3316394
896	468	-1.3335142
886	349	-1.3337895
813	608	-1.3411931
738	452	-1.3420409
813	526	-1.3461279
562	619	-1.3464742
718	577	-1.3476359
593	596	-1.3489789
767	638	-1.3537295
868	457	-1.3555379
702	608	-1.3668216
793	409	-1.3712178
764	534	-1.373827
632	641	-1.3744601
664	638	-1.3765944
801	515	-1.378132
587	566	-1.3799403
916	449	-1.3818674
781	552	-1.3818676
824	387	-1.3842413
877	351	-1.3892705
817	495	-1.3923223
674	510	-1.394028
549	621	-1.3949147
523	613	-1.3992151
790	549	-1.3995811
909	434	-1.4014521
819	632	-1.4018601
684	602	-1.402406
837	386	-1.4027929
790	446	-1.4031893
760	536	-1.4042586
804	532	-1.4043736
675	530	-1.4057132
666	606	-1.4057254
901	338	-1.4069872
689	590	-1.4078517
905	427	-1.4094337
872	361	-1.4103296
894	436	-1.4109807
755	468	-1.4120139
857	470	-1.4158438
821	604	-1.4174206
577	603	-1.4195608
781	521	-1.4199479
789	514	-1.4204792
665	616	-1.4206911
926	414	-1.4210804
620	550	-1.424068
510	651	-1.4264115
648	552	-1.4293379
874	481	-1.4301525
809	407	-1.4335382
811	397	-1.4342895
519	592	-1.4345801
863	462	-1.4379187
801	435	-1.439963
779	640	-1.4405919
578	611	-1.4410304
807	399	-1.4461508
679	537	-1.4463707
910	329	-1.4471171
697	583	-1.4473183
560	651	-1.447768
583	570	-1.4491723
654	515	-1.4495381
765	650	-1.4497973
828	515	-1.4505231
860	467	-1.4514778
583	601	-1.4533219
860	361	-1.4562335
896	444	-1.4566526
888	340	-1.4572835
648	518	-1.4596385
777	423	-1.4619268
838	405	-1.4684596
895	549	-1.470322
834	389	-1.4719168
737	463	-1.4719336
880	560	-1.4725995
750	453	-1.474409
874	380	-1.4760023
614	577	-1.4762341
796	510	-1.4763715
746	446	-1.4799004
521	653	-1.4812196
913	326	-1.4842521
754	573	-1.484881
777	535	-1.4860432
518	628	-1.488301
830	392	-1.4906126
818	522	-1.4927483
588	575	-1.4937601
842	476	-1.4952027
772	436	-1.496699
762	544	-1.4972359
735	552	-1.4981512
775	462	-1.4986213
902	361	-1.4987383
654	546	-1.5011976
770	540	-1.5020477
621	571	-1.5040236
696	594	-1.505731
835	414	-1.5079767
791	631	-1.5110397
745	557	-1.5114273
562	587	-1.5116434
577	583	-1.5133848
793	647	-1.5141883
887	452	-1.5189227
852	370	-1.5191876
518	600	-1.5201445
756	539	-1.5211045
744	474	-1.5226959
622	638	-1.5259148
906	357	-1.5300684
668	505	-1.5308726
925	423	-1.5324774
832	482	-1.5330627
858	370	-1.5388525
689	516	-1.5391189
705	603	-1.5414352
742	459	-1.5419531
761	474	-1.5447193
566	649	-1.548021
559	616	-1.5485039
785	625	-1.5510997
675	539	-1.5521606
750	480	-1.5556893
797	645	-1.555728
817	606	-1.5589656
775	454	-1.562326
676	599	-1.5638412
751	520	-1.5661743
702	477	-1.5669488
897	367	-1.5698273
894	364	-1.5702381
660	521	-1.5717071
825	600	-1.5765697
547	631	-1.5769212
627	646	-1.5769882
847	407	-1.5780008
907	541	-1.5785377
609	587	-1.5793271
759	564	-1.5801097
545	606	-1.5814037
875	452	-1.5830384
693	513	-1.5837238
612	550	-1.5843425
538	630	-1.58709
784	518	-1.5876518
824	517	-1.5885915
752	650	-1.5948955
763	642	-1.5955232
745	545	-1.5977069
769	457	-1.5987169
760	645	-1.6004565
883	472	-1.6012586
777	523	-1.6017178
921	533	-1.6040154
872	485	-1.6044624
903	458	-1.6048939
699	616	-1.6051
556	625	-1.605117
513	648	-1.6066173
717	595	-1.6083174
661	620	-1.6089661
695	459	-1.6148881
616	543	-1.6193008
700	580	-1.6217085
911	565	-1.6217508
857	494	-1.6219823
875	509	-1.6235127
867	382	-1.6241208
731	587	-1.625314
758	465	-1.6256465
911	534	-1.6261772
532	617	-1.6282456
921	524	-1.6298362
725	591	-1.6302078
806	410	-1.6307425
678	630	-1.6313229
530	638	-1.634051
817	392	-1.6344167
625	569	-1.6355755
498	644	-1.6414477
752	568	-1.6426742
614	555	-1.6427408
899	441	-1.642967
779	431	-1.6438166
822	420	-1.648985
823	630	-1.6495335
789	523	-1.6514598
744	482	-1.6523077
884	455	-1.6560422
797	519	-1.6562989
404	652	-1.6572102
519	646	-1.6588049
671	532	-1.6623566
691	467	-1.6625336
817	503	-1.6635555
808	501	-1.6637722
879	476	-1.6638881
526	639	-1.6669798
817	424	-1.6697677
525	652	-1.6703757
780	532	-1.670925
522	641	-1.6727114
915	538	-1.6730802
560	612	-1.6738415
761	462	-1.6740766
669	614	-1.676604
550	594	-1.6773944
666	518	-1.6825126
551	603	-1.6834134
583	580	-1.6837709
899	545	-1.6845064
788	650	-1.6853514
505	600	-1.6869078
805	647	-1.6881944
883	344	-1.689141
873	462	-1.69017
849	472	-1.6902689
891	551	-1.6936129
823	398	-1.6938617
669	629	-1.6955576
862	386	-1.6966368
682	621	-1.6984054
813	506	-1.6984212
871	454	-1.700851
606	551	-1.7030735
803	640	-1.7034986
794	437	-1.7050269
712	607	-1.7059643
766	542	-1.706703
571	607	-1.7099191
700	592	-1.7112614
566	591	-1.7140797
694	499	-1.715412
868	489	-1.7158242
877	357	-1.7185774
838	478	-1.7189232
742	582	-1.7234881
918	445	-1.7272464
844	484	-1.727331
509	621	-1.7280816
794	547	-1.7288547
645	504	-1.7301573
529	620	-1.7302308
663	539	-1.7332473
543	652	-1.7335601
897	433	-1.7347388
912	421	-1.7364038
647	556	-1.7379591
730	488	-1.7380912
925	531	-1.7394781
870	379	-1.7412375
730	470	-1.7415478
828	486	-1.742054
812	426	-1.7425051
618	575	-1.7430081
724	461	-1.7431
812	497	-1.7432234
793	521	-1.744269
674	500	-1.7442789
658	511	-1.7480395
832	513	-1.7497839
697	520	-1.749863
682	524	-1.7502816
889	558	-1.7513155
786	526	-1.7535968
486	639	-1.7544891
673	627	-1.7549719
849	373	-1.7564781
596	588	-1.7579371
914	560	-1.760381
707	586	-1.7617586
869	364	-1.7618449
681	606	-1.7636163
735	585	-1.7667316
639	652	-1.7673962
654	614	-1.77491
724	494	-1.7769375
803	536	-1.7788179
907	566	-1.7814689
926	339	-1.784066
491	615	-1.788077
522	596	-1.7886515
886	469	-1.790569
666	545	-1.791746
703	509	-1.7920458
890	336	-1.7927532
839	409	-1.7935243
530	646	-1.7937894
600	592	-1.7949725
919	416	-1.7959087
740	477	-1.7959669
499	627	-1.7961046
918	428	-1.7968715
775	643	-1.797005
592	572	-1.7973777
670	514	-1.7983363
591	563	-1.8038043
926	440	-1.8039708
800	533	-1.8045771
610	579	-1.8139303
506	605	-1.8157605
805	434	-1.8161933
553	617	-1.8168406
803	505	-1.8220667
870	466	-1.825773
927	519	-1.8265458
639	563	-1.8275596
535	643	-1.8303413
543	624	-1.8327813
605	589	-1.8373603
755	565	-1.8381693
917	453	-1.8384622
710	599	-1.8413717
410	651	-1.8419966
571	576	-1.8434424
632	632	-1.8464183
918	346	-1.8465346
776	434	-1.8481838
823	415	-1.8496764
872	512	-1.8514944
802	540	-1.8529586
644	636	-1.8565904
926	314	-1.8567824
868	483	-1.8574386
891	367	-1.8577336
712	583	-1.8611548
814	530	-1.8620238
706	577	-1.862489
710	572	-1.867193
799	507	-1.8687117
644	652	-1.8693727
892	555	-1.87157
817	527	-1.8733329
877	460	-1.8740333
903	543	-1.8780769
788	622	-1.8805575
828	597	-1.8811216
600	568	-1.8817813
651	555	-1.8818619
900	463	-1.8818808
566	608	-1.8835055
695	613	-1.8852415
414	652	-1.8853828
844	581	-1.8876483
903	569	-1.88876
853	496	-1.8908387
666	536	-1.8918952
857	364	-1.8929402
885	372	-1.8950306
827	629	-1.8981105
571	588	-1.8983767
842	401	-1.9048073
915	564	-1.9055606
681	594	-1.9066514
605	580	-1.9076076
914	322	-1.9145925
665	642	-1.915199
726	490	-1.9180492
572	651	-1.9262054
882	397	-1.9262147
612	584	-1.9277759
570	647	-1.9296532
603	652	-1.9319621
759	447	-1.9326425
818	610	-1.9338074
869	352	-1.9347562
551	629	-1.9426708
797	434	-1.9442682
695	464	-1.9449769
376	652	-1.9451722
721	593	-1.9457338
877	484	-1.9470583
693	523	-1.9474359
916	528	-1.9492201
687	626	-1.951349
888	477	-1.9513938
863	470	-1.9519117
637	525	-1.9537289
642	521	-1.9564161
860	396	-1.9572241
811	556	-1.9587444
893	447	-1.9592537
561	623	-1.9596493
656	644	-1.9606047
855	391	-1.9608761
682	629	-1.9612472
810	430	-1.961541
758	435	-1.9649794
709	610	-1.966661
794	538	-1.9694133
712	595	-1.9702371
655	553	-1.9714329
661	548	-1.9715369
742	524	-1.9726043
826	546	-1.9788525
791	442	-1.97887
562	565	-1.9816703
909	354	-1.9820131
892	472	-1.9882277
859	603	-1.9890096
807	618	-1.9898275
750	574	-1.9923031
901	366	-2.00075
870	388	-2.001643
699	458	-2.0018196
769	440	-2.0028198
805	610	-2.0040836
556	613	-2.0050988
917	557	-2.0051785
705	474	-2.0056558
925	410	-2.0064166
795	569	-2.0065017
655	496	-2.006703
798	545	-2.007615
820	492	-2.0083747
629	546	-2.018128
830	544	-2.019464
768	567	-2.0223749
691	624	-2.0252192
365	651	-2.0258312
616	571	-2.0269356
847	369	-2.0293007
824	489	-2.0310779
555	652	-2.0316763
613	546	-2.032927
671	542	-2.0337715
824	499	-2.037162
795	618	-2.037414
662	578	-2.0381522
506	652	-2.0391972
739	586	-2.0425687
920	450	-2.0463786
849	480	-2.0466104
808	510	-2.0475895
754	479	-2.048038
851	395	-2.0486028
783	546	-2.0520608
555	589	-2.0545313
799	442	-2.0550346
914	353	-2.0573328
778	451	-2.0594654
698	510	-2.0605898
779	556	-2.0606008
906	437	-2.0618455
908	321	-2.062412
734	487	-2.0640163
834	406	-2.0650828
510	606	-2.0666091
865	367	-2.0666163
783	429	-2.0692875
740	484	-2.0700324
657	541	-2.0710173
865	492	-2.0713172
730	591	-2.077793
637	643	-2.0783021
792	511	-2.0820632
822	608	-2.0827725
685	618	-2.083059
756	551	-2.0843852
696	481	-2.090121
665	634	-2.0912385
879	380	-2.0925019
769	649	-2.0938644
814	633	-2.0939615
842	585	-2.0946333
661	646	-2.0969422
559	596	-2.0987353
770	469	-2.1020396
589	594	-2.103165
808	526	-2.1056037
803	651	-2.1091387
881	354	-2.1117303
783	529	-2.1117454
894	545	-2.1119409
922	343	-2.1124964
635	647	-2.1142175
789	450	-2.1155264
875	477	-2.1203215
680	476	-2.123985
580	651	-2.1251924
845	473	-2.1252904
836	509	-2.1274571
848	579	-2.1286464
872	349	-2.129666
922	413	-2.1325228
879	510	-2.1333213
799	641	-2.1347451
597	584	-2.135668
678	526	-2.13741
827	520	-2.1418743
549	652	-2.1468732
746	575	-2.149169
640	640	-2.1498482
690	598	-2.1537578
922	316	-2.1561058
853	468	-2.1564233
369	652	-2.158086
901	467	-2.1603374
899	570	-2.1622121
649	547	-2.1640089
826	604	-2.164697
706	512	-2.1673577
907	453	-2.167487
766	443	-2.1706474
768	559	-2.1716766
759	572	-2.172647
814	613	-2.173026
660	637	-2.175651
893	464	-2.1764765
867	391	-2.1779208
579	599	-2.1791193
720	496	-2.1793194
869	515	-2.180082
514	592	-2.1850467
906	362	-2.186487
785	446	-2.1864963
914	432	-2.1874063
802	439	-2.1880813
851	576	-2.1897976
864	458	-2.1912668
916	318	-2.1947536
514	604	-2.196075
687	531	-2.1966412
840	413	-2.197109
643	558	-2.1972284
635	564	-2.197239
904	462	-2.1982355
719	599	-2.2001677
539	641	-2.201725
508	597	-2.201965
664	574	-2.2048337
745	520	-2.2049758
736	589	-2.205535
922	441	-2.2065876
538	599	-2.2099566
495	613	-2.2103312
631	645	-2.212258
521	588	-2.212857
814	521	-2.2149513
813	405	-2.218134
601	582	-2.2189825
809	607	-2.221058
673	636	-2.2210689
634	651	-2.2211618
727	586	-2.2215226
887	368	-2.2287126
811	616	-2.2308145
611	559	-2.233437
831	494	-2.2340944
820	465	-2.2398303
855	526	-2.2408464
491	650	-2.2412558
585	597	-2.241985
397	652	-2.243179
704	615	-2.2443466
819	518	-2.245803
806	637	-2.2466106
749	541	-2.2477944
812	643	-2.250616
615	581	-2.2509701
838	489	-2.2519784
907	536	-2.2535534
910	561	-2.2551653
569	616	-2.2596133
855	605	-2.2596912
761	432	-2.2600627
926	554	-2.2607193
775	555	-2.262235
917	325	-2.262486
475	628	-2.2635398
875	384	-2.2641346
858	388	-2.26442
917	350	-2.2657998
584	650	-2.2660546
668	602	-2.2666483
736	480	-2.270165
864	394	-2.2710717
558	566	-2.2740593
608	575	-2.2744906
771	556	-2.2796254
808	534	-2.2826087
805	513	-2.2831013
901	357	-2.2838914
649	500	-2.2844298
660	582	-2.2845633
834	542	-2.2860947
476	656	-2.2876906
518	642	-2.2903829
627	633	-2.2905357
824	596	-2.291599
877	563	-2.2921479
912	530	-2.2933774
607	532	-2.2935135
721	491	-2.296391
893	330	-2.2965353
582	609	-2.2969508
897	359	-2.302152
926	344	-2.3034894
691	615	-2.3052466
716	605	-2.3053186
803	430	-2.3107054
879	345	-2.3117294
890	435	-2.3165474
798	615	-2.3167484
801	612	-2.3178492
861	495	-2.3180203
562	647	-2.3214564
829	625	-2.3214767
756	646	-2.3254805
883	554	-2.3255746
928	526	-2.3285983
681	508	-2.3288805
925	449	-2.329602
471	657	-2.3308644
858	474	-2.3309963
465	653	-2.3317988
816	420	-2.332506
529	651	-2.3354943
890	363	-2.3402762
571	643	-2.3405666
896	327	-2.341114
855	575	-2.3423455
604	540	-2.3435402
789	540	-2.345884
640	647	-2.3460786
502	604	-2.3472896
457	640	-2.3476079
684	472	-2.3478374
829	601	-2.347905
919	537	-2.348268
566	564	-2.350116
913	458	-2.350568
813	393	-2.3508973
702	517	-2.3514934
794	445	-2.3523421
857	464	-2.3526466
599	540	-2.3555338
714	501	-2.3574877
642	507	-2.3582041
746	580	-2.3584495
532	634	-2.3595357
889	373	-2.3637204
685	651	-2.3639786
903	440	-2.3664174
699	463	-2.3680067
727	458	-2.3699374
600	554	-2.369942
641	623	-2.3707163
910	358	-2.3714626
903	538	-2.3778746
795	534	-2.3783185
626	650	-2.3784375
876	513	-2.3790765
555	601	-2.379374
592	591	-2.3801281
881	370	-2.3804536
820	600	-2.3805757
838	373	-2.3830295
661	508	-2.3846464
853	366	-2.3866394
596	571	-2.3880138
912	447	-2.388372
644	562	-2.3922184
664	569	-2.3949623
486	616	-2.3954134
684	590	-2.3986175
762	561	-2.3986464
738	488	-2.4021938
643	552	-2.4023492
586	604	-2.4026427
691	462	-2.4033594
844	410	-2.4035537
918	341	-2.403623
841	589	-2.4050603
790	438	-2.4070163
644	644	-2.4074676
842	534	-2.4087234
641	503	-2.4105732
500	613	-2.4139402
834	594	-2.4157994
443	651	-2.4166734
819	638	-2.4182072
898	574	-2.4196396
804	527	-2.4208577
926	331	-2.4280677
832	598	-2.4285944
884	482	-2.4287457
859	572	-2.4290571
629	571	-2.4319098
885	562	-2.4344282
766	473	-2.4353178
800	595	-2.4366949
558	586	-2.4383757
926	32	-2.4395316
773	562	-2.4483922
721	479	-2.450191
654	650	-2.4513776
921	555	-2.4528322
799	625	-2.453475
783	458	-2.4535358
701	604	-2.4535978
864	353	-2.4544768
810	635	-2.4563513
893	432	-2.4587142
791	619	-2.4615526
881	401	-2.461723
609	547	-2.4624114
678	609	-2.4698384
926	158	-2.4720862
748	570	-2.4750023
911	318	-2.4776878
812	551	-2.4780471
876	559	-2.4785273
885	353	-2.479615
713	505	-2.4797099
797	565	-2.4801226
738	581	-2.4803472
505	622	-2.4823997
898	541	-2.4838803
624	574	-2.4853175
904	320	-2.4860942
644	500	-2.486108
816	641	-2.4868991
848	496	-2.4870882
381	652	-2.4872441
855	404	-2.4901738
873	376	-2.491926
674	623	-2.4930272
796	597	-2.4938207
866	417	-2.4945073
726	595	-2.4953573
576	554	-2.4958503
812	331	-2.495959
888	465	-2.4963896
688	470	-2.496718
819	416	-2.4976287
911	261	-2.497969
800	401	-2.5003777
863	601	-2.5019436
676	475	-2.502764
825	542	-2.503632
732	582	-2.504831
881	564	-2.5053692
774	450	-2.5055163
814	603	-2.5061953
821	546	-2.509097
648	650	-2.5091853
791	570	-2.5107622
884	377	-2.5141475
668	572	-2.5189903
869	422	-2.5206358
576	652	-2.5210617
545	636	-2.521401
821	525	-2.5223503
361	652	-2.523144
838	592	-2.5246656
748	649	-2.5255075
738	525	-2.5280635
895	578	-2.5287476
887	550	-2.528896
911	557	-2.5304267
882	506	-2.5305586
851	528	-2.5311005
570	560	-2.5316107
915	263	-2.5328305
864	605	-2.5334225
816	428	-2.533614
870	297	-2.5340402
926	435	-2.5352077
829	540	-2.540498
817	628	-2.5433345
831	509	-2.5489464
789	553	-2.5496716
724	559	-2.5509615
777	551	-2.5521417
707	507	-2.5525315
779	461	-2.5567951
498	607	-2.5575771
606	536	-2.5576415
719	563	-2.5576994
835	492	-2.557922
572	639	-2.5584402
811	422	-2.5589097
821	502	-2.5593047
574	573	-2.5612783
418	651	-2.5628023
716	495	-2.564915
621	537	-2.5654113
512	618	-2.5669706
572	552	-2.5672603
865	423	-2.567699
542	573	-2.570214
778	611	-2.5706112
562	582	-2.572302
870	479	-2.5741937
799	529	-2.5768547
899	459	-2.5781498
807	426	-2.579148
577	639	-2.579751
686	489	-2.584305
755	518	-2.5844653
727	556	-2.5852604
926	163	-2.5861092
718	590	-2.5878284
887	397	-2.587841
695	622	-2.596023
608	562	-2.5964105
623	634	-2.597866
893	371	-2.5981624
729	494	-2.601365
747	524	-2.6036592
539	651	-2.604205
666	579	-2.6064901
432	561	-2.608874
771	453	-2.6093633
821	626	-2.610388
451	644	-2.6106243
865	516	-2.6115057
447	650	-2.612502
742	576	-2.6130068
511	575	-2.6152449
655	490	-2.6173704
895	526	-2.6189466
619	600	-2.619981
613	642	-2.6204758
812	336	-2.6211724
764	457	-2.6220157
804	621	-2.6226196
731	454	-2.6247532
922	322	-2.6253614
833	538	-2.629163
703	459	-2.6313584
734	451	-2.632069
387	652	-2.632076
899	494	-2.6322465
926	515	-2.6326938
905	353	-2.6342974
708	471	-2.63452
796	483	-2.636324
672	477	-2.6377814
554	565	-2.6415372
469	632	-2.6430058
704	493	-2.6442628
925	310	-2.6453533
739	531	-2.6454973
740	563	-2.6460266
838	538	-2.6462047
558	571	-2.6480908
899	550	-2.6497207
854	579	-2.650923
890	547	-2.6509764
774	468	-2.6509943
710	500	-2.6517637
882	468	-2.6524513
918	561	-2.6539605
785	555	-2.655044
698	607	-2.655721
828	497	-2.657029
733	532	-2.6577713
565	579	-2.6598754
793	449	-2.6601062
847	526	-2.6602392
433	651	-2.6610003
689	486	-2.6611478
811	434	-2.6616206
614	526	-2.663111
578	570	-2.663859
859	357	-2.664488
525	590	-2.6648355
858	523	-2.666193
602	550	-2.6681745
723	587	-2.6685033
732	481	-2.669704
645	640	-2.670496
597	597	-2.670984
878	532	-2.672687
867	469	-2.6737888
564	560	-2.6738572
502	609	-2.678626
803	556	-2.682484
858	400	-2.6844935
679	552	-2.6863759
630	649	-2.6908996
650	496	-2.6925075
843	497	-2.6932871
851	607	-2.6964755
659	494	-2.6968067
914	347	-2.6972663
706	501	-2.6976483
827	511	-2.6977484
863	381	-2.7008638
698	498	-2.7025952
865	486	-2.7029994
908	570	-2.705175
867	427	-2.7053092
891	579	-2.7064312
902	573	-2.707524
648	560	-2.708288
854	522	-2.7093985
769	490	-2.7097034
616	522	-2.7104578
664	564	-2.7125993
539	625	-2.7145057
572	603	-2.7163742
619	554	-2.7198553
879	556	-2.7218962
922	338	-2.723132
413	648	-2.7250605
844	397	-2.7257369
773	614	-2.726517
717	582	-2.727063
706	598	-2.7282374
619	567	-2.7287211
769	495	-2.7302737
475	622	-2.7309198
898	521	-2.7323298
812	374	-2.7353644
871	542	-2.7356613
820	552	-2.7380233
890	351	-2.7390108
833	410	-2.7396631
666	486	-2.7420268
922	520	-2.7448938
742	445	-2.7451203
621	578	-2.7467082
670	624	-2.75152
595	541	-2.7517943
722	500	-2.752156
595	557	-2.754939
412	644	-2.7562697
787	441	-2.756296
669	641	-2.756938
701	454	-2.758353
823	513	-2.7586086
906	562	-2.7590687
828	420	-2.760146
723	487	-2.7608676
739	448	-2.760873
664	551	-2.7609901
692	483	-2.7613826
794	601	-2.7632892
689	649	-2.763371
825	624	-2.7634196
881	485	-2.763867
752	538	-2.7643876
911	483	-2.7644768
612	573	-2.7653391
713	591	-2.7676117
878	398	-2.7700427
678	620	-2.770382
633	511	-2.7708201
652	642	-2.772981
557	648	-2.776251
477	643	-2.776604
806	438	-2.7767777
671	599	-2.7771108
926	319	-2.7803164
786	413	-2.7808793
862	522	-2.7819169
612	531	-2.783513
512	634	-2.783822
549	616	-2.7846813
886	364	-2.786132
648	635	-2.7869482
879	444	-2.7880988
891	495	-2.790502
702	619	-2.7913256
526	561	-2.791382
749	440	-2.7925813
885	439	-2.793617
843	432	-2.794764
753	554	-2.794965
852	572	-2.7955854
631	565	-2.795773
491	633	-2.796451
902	454	-2.796786
835	534	-2.799043
873	516	-2.801691
914	542	-2.8027093
876	539	-2.8036823
653	502	-2.8037493
902	565	-2.8053362
831	621	-2.8056788
681	557	-2.8065042
687	465	-2.8066676
733	491	-2.8098295
816	467	-2.810488
604	593	-2.8113863
681	546	-2.811886
900	343	-2.8121428
648	643	-2.8130596
664	504	-2.8135045
903	548	-2.8168437
728	484	-2.8174434
683	551	-2.8174877
679	571	-2.817663
866	296	-2.8191533
842	369	-2.8193798
801	562	-2.8194385
767	555	-2.8197627
829	593	-2.8210585
696	455	-2.8260453
703	504	-2.8260632
639	556	-2.8265324
836	515	-2.826694
801	567	-2.8267953
679	472	-2.827357
669	576	-2.8282702
689	504	-2.830597
781	447	-2.8333044
920	369	-2.8338704
828	412	-2.8349721
461	651	-2.8359475
787	454	-2.836938
753	514	-2.840202
808	553	-2.8432853
630	515	-2.8455517
668	478	-2.847533
415	641	-2.8479755
924	427	-2.8492894
392	652	-2.849444
907	422	-2.8521614
405	647	-2.8529341
677	595	-2.8534772
864	597	-2.8536565
693	645	-2.8544612
587	579	-2.8556168
494	618	-2.8558466
793	552	-2.8561237
688	586	-2.8564632
651	543	-2.85684
490	619	-2.8580163
617	638	-2.8611634
644	618	-2.8622143
743	572	-2.8624372
781	608	-2.8627567
894	573	-2.8643074
900	322	-2.8652587
785	542	-2.8669016
699	506	-2.8704698
815	554	-2.8732333
804	592	-2.8743937
926	48	-2.875674
606	528	-2.8763316
877	373	-2.8775544
578	550	-2.8782556
751	467	-2.8784523
798	420	-2.8812864
843	577	-2.8813822
784	651	-2.8817322
895	460	-2.8820086
810	522	-2.8829458
574	558	-2.8837185
808	378	-2.8848708
567	644	-2.8854759
793	562	-2.8867257
659	650	-2.8879013
806	395	-2.8884194
899	525	-2.8891063
881	393	-2.890603
868	511	-2.8922784
873	566	-2.8957965
740	546	-2.895856
847	575	-2.895947
840	510	-2.8965015
429	652	-2.8966506
461	638	-2.897799
847	534	-2.8983893
729	573	-2.8985298
456	644	-2.8998606
860	567	-2.9012268
854	478	-2.9013817
662	535	-2.9016833
658	577	-2.9043984
821	425	-2.9048326
605	545	-2.905747
645	548	-2.9064493
549	607	-2.9069026
925	335	-2.9070146
664	583	-2.909692
516	588	-2.9101782
887	504	-2.9104233
733	527	-2.9119673
533	630	-2.9139893
824	464	-2.914832
915	553	-2.9160342
794	642	-2.9169261
856	569	-2.9175549
843	488	-2.9179635
845	383	-2.919498
919	471	-2.9200163
582	566	-2.920063
862	420	-2.9214604
769	527	-2.9215395
814	367	-2.9218965
660	553	-2.9232984
570	565	-2.9260561
846	530	-2.926287
723	577	-2.9275384
832	518	-2.927655
810	452	-2.9278307
807	558	-2.9298792
511	655	-2.929889
529	605	-2.9306467
927	153	-2.9317112
561	608	-2.933017
808	479	-2.9330509
533	652	-2.9342628
591	587	-2.9346926
633	569	-2.9355662
600	544	-2.9358451
656	639	-2.9363456
579	643	-2.9366024
608	541	-2.939077
909	461	-2.9395325
667	531	-2.939577
696	468	-2.9410045
888	500	-2.9413116
495	649	-2.9423246
601	536	-2.9444895
874	399	-2.9465077
897	346	-2.9466922
551	590	-2.9466932
789	386	-2.9515257
839	499	-2.9529676
451	638	-2.953251
576	546	-2.9535017
874	288	-2.957809
859	577	-2.959469
860	607	-2.9596884
526	608	-2.9601824
546	571	-2.9627342
580	545	-2.9631536
639	510	-2.963319
713	468	-2.9642124
628	531	-2.964767
839	494	-2.9648328
882	533	-2.9651055
744	528	-2.965289
908	449	-2.9677272
910	544	-2.9682367
731	537	-2.968837
483	619	-2.9703686
456	651	-2.975444
451	651	-2.975532
772	552	-2.9756095
743	587	-2.9765363
815	432	-2.9766934
912	478	-2.9791772
794	525	-2.9794796
894	522	-2.9798415
657	500	-2.9823992
574	615	-2.9834087
575	647	-2.9849796
720	462	-2.9857876
566	620	-2.987859
866	378	-2.9880183
918	314	-2.9883835
634	503	-2.9901698
879	471	-2.9905343
702	600	-2.9914098
633	628	-2.994592
895	493	-2.9948068
803	398	-2.9959915
823	635	-2.9962547
749	457	-2.9966972
705	592	-2.99824
455	636	-2.9984353
912	470	-3.0010657
908	531	-3.0011716
856	360	-3.0012462
893	360	-3.0022755
926	325	-3.0030837
604	576	-3.0035112
495	628	-3.0043857
792	566	-3.004404
692	471	-3.0045028
919	507	-3.0046253
813	327	-3.0051875
875	346	-3.0059352
538	574	-3.0073047
779	547	-3.0114326
552	612	-3.0116677
805	563	-3.0132463
654	594	-3.0166385
633	527	-3.0170918
510	571	-3.0183148
863	570	-3.0222297
691	457	-3.0230637
846	586	-3.0234091
527	635	-3.0244656
913	417	-3.0244977
624	551	-3.0258753
827	620	-3.0265894
799	558	-3.0287328
751	564	-3.0295467
474	632	-3.0295525
831	377	-3.0313146
542	612	-3.0320482
789	410	-3.0322306
790	527	-3.0323277
554	570	-3.0329642
501	623	-3.0330825
725	582	-3.0340204
799	429	-3.0355868
867	593	-3.036872
815	463	-3.0375683
798	524	-3.0384452
873	624	-3.038918
666	560	-3.0425375
678	511	-3.0426924
927	36	-3.0456655
905	52	-3.0459986
640	499	-3.0465398
772	524	-3.0471272
726	498	-3.0505414
876	447	-3.0508645
820	386	-3.055069
921	326	-3.0573788
459	632	-3.057556
729	533	-3.0579474
778	627	-3.0584073
905	466	-3.0585127
908	374	-3.0585194
774	541	-3.0607333
515	615	-3.0610576
744	561	-3.061358
712	496	-3.064615
468	660	-3.0663164
660	587	-3.0665152
841	387	-3.0677335
557	562	-3.067762
583	639	-3.0688465
568	554	-3.0698924
575	587	-3.070423
708	396	-3.0706344
821	461	-3.0706532
871	508	-3.0711775
866	301	-3.0713313
863	429	-3.0717685
713	485	-3.07447
776	559	-3.075582
679	542	-3.0758824
680	561	-3.0764103
927	511	-3.0768852
745	442	-3.0768976
921	454	-3.0773673
832	419	-3.07845
887	494	-3.0810988
627	602	-3.0822756
401	649	-3.0841985
867	569	-3.0894983
664	556	-3.089598
692	582	-3.0897312
824	550	-3.090012
644	517	-3.0902927
823	383	-3.0909524
466	649	-3.0925992
796	425	-3.0930014
498	617	-3.0935743
754	464	-3.0936353
830	407	-3.0940661
754	436	-3.094153
621	604	-3.095047
683	572	-3.1013613
615	539	-3.1015315
684	477	-3.1019754
748	484	-3.1025043
610	527	-3.1029682
686	613	-3.1043015
703	498	-3.1054614
888	456	-3.106255
645	496	-3.1064427
896	553	-3.1068
620	625	-3.1068347
619	608	-3.109071
808	330	-3.109414
545	620	-3.1106656
532	602	-3.1108625
702	576	-3.1109831
831	630	-3.112855
920	364	-3.113303
740	520	-3.1142566
667	482	-3.1146612
838	586	-3.115731
677	548	-3.1182158
925	366	-3.1193438
872	403	-3.119608
612	542	-3.1206114
731	551	-3.1225429
616	530	-3.122836
490	611	-3.123227
858	498	-3.1233242
926	138	-3.1233304
668	565	-3.1236176
905	368	-3.1248198
774	488	-3.126217
438	651	-3.1274548
689	546	-3.128614
894	582	-3.128704
926	250	-3.1288438
479	624	-3.1290076
835	497	-3.1291757
728	475	-3.130975
809	646	-3.131029
467	628	-3.1322417
770	632	-3.1331816
867	453	-3.1334453
904	509	-3.135628
514	644	-3.1365304
737	566	-3.1372612
899	517	-3.1391165
664	630	-3.1397066
849	365	-3.140902
782	601	-3.1420612
914	330	-3.142213
880	528	-3.1423929
906	249	-3.1443198
918	373	-3.145411
676	651	-3.1458797
694	609	-3.146377
735	476	-3.1483812
584	593	-3.1498039
787	569	-3.1503158
729	528	-3.154539
638	567	-3.1552942
427	559	-3.1558392
791	535	-3.1563663
928	550	-3.156947
871	429	-3.157493
864	566	-3.159593
910	350	-3.1606286
800	600	-3.1610322
847	431	-3.161091
684	516	-3.1614974
892	529	-3.1639445
774	609	-3.163951
918	354	-3.164425
816	491	-3.164692
707	490	-3.1665301
864	399	-3.1682897
526	594	-3.1686196
497	603	-3.1710224
626	565	-3.171072
842	528	-3.1723943
860	517	-3.1724715
656	584	-3.1734962
506	660	-3.1764607
862	293	-3.1765273
922	348	-3.178485
918	457	-3.1787055
789	646	-3.1798356
752	524	-3.181551
590	603	-3.1817374
833	626	-3.1823077
862	371	-3.1830184
907	547	-3.1830983
509	647	-3.1844134
422	652	-3.1848376
812	466	-3.1859272
778	465	-3.1891375
915	473	-3.1906161
852	376	-3.1914248
914	372	-3.1922219
715	565	-3.1922464
596	545	-3.1929853
796	403	-3.1936793
841	472	-3.1937363
922	330	-3.19558
808	338	-3.1961288
780	517	-3.1971154
681	617	-3.2019072
605	567	-3.2039263
895	518	-3.2041993
854	601	-3.2042465
866	520	-3.2044013
884	501	-3.2060337
886	401	-3.20746
660	490	-3.2081647
763	557	-3.2096064
847	394	-3.2097218
568	640	-3.2106931
862	489	-3.2108934
903	492	-3.2109172
800	484	-3.2109344
874	533	-3.211999
816	337	-3.212204
869	293	-3.212864
869	375	-3.2131436
694	509	-3.2135167
620	613	-3.2140064
681	519	-3.214389
926	124	-3.2145445
669	474	-3.2146657
850	603	-3.215268
880	384	-3.215811
804	348	-3.2171926
815	517	-3.2189035
601	596	-3.219059
638	543	-3.2197583
636	514	-3.2204058
908	264	-3.2207165
889	431	-3.2224543
416	645	-3.2227538
650	514	-3.2242053
577	566	-3.2248158
928	44	-3.226801
878	505	-3.227166
682	491	-3.22723
695	598	-3.2277353
649	506	-3.2295895
669	501	-3.2298381
828	481	-3.2302253
541	596	-3.2306807
599	651	-3.2323244
493	607	-3.2329352
443	646	-3.2339025
769	616	-3.234071
912	569	-3.2365408
688	645	-3.238211
866	405	-3.239638
718	502	-3.2405856
850	391	-3.242709
685	547	-3.243234
892	451	-3.2434704
850	523	-3.2439046
517	655	-3.244004
689	602	-3.2449646
777	604	-3.2465906
926	406	-3.24892
858	599	-3.2496114
858	490	-3.2499962
720	603	-3.2524545
507	577	-3.2532916
909	366	-3.2533805
878	612	-3.2549865
813	534	-3.2551382
780	417	-3.2553468
635	558	-3.2553504
612	495	-3.2553627
588	590	-3.2555425
666	620	-3.25673
890	583	-3.2570372
711	587	-3.2577913
460	628	-3.2581167
803	425	-3.258545
829	650	-3.258582
568	604	-3.2589388
774	629	-3.2596948
895	569	-3.260141
914	443	-3.2627423
843	538	-3.263408
557	609	-3.263433
926	71	-3.2640243
792	531	-3.2640967
502	651	-3.2658558
882	366	-3.267603
725	481	-3.2682989
878	567	-3.2687013
903	273	-3.269769
710	629	-3.2699802
799	653	-3.2702935
807	538	-3.2711155
653	511	-3.2723706
759	641	-3.2727876
687	552	-3.274233
838	597	-3.2749748
746	460	-3.2758083
790	599	-3.279035
831	548	-3.279058
796	630	-3.279166
803	479	-3.2822223
929	411	-3.2822819
670	583	-3.285156
813	546	-3.2869043
879	536	-3.2877877
818	543	-3.2881858
428	563	-3.2887805
478	619	-3.2892108
816	550	-3.2899566
926	362	-3.2904017
824	457	-3.292445
781	624	-3.2932646
929	417	-3.2935648
545	593	-3.2936373
893	559	-3.2938735
809	562	-3.294131
832	590	-3.2945912
915	257	-3.2950659
563	595	-3.2960541
878	624	-3.296324
685	561	-3.2979434
651	492	-3.2983441
896	429	-3.298617
856	552	-3.2986665
907	317	-3.2993329
680	575	-3.2997794
925	469	-3.2999022
872	560	-3.3015425
416	637	-3.302282
602	532	-3.3031092
870	418	-3.3035314
825	423	-3.3039114
785	513	-3.3042245
872	538	-3.30677
675	575	-3.3071415
793	507	-3.3073497
765	497	-3.3075218
563	643	-3.308683
720	412	-3.3103225
736	548	-3.3108256
592	651	-3.3127658
543	640	-3.3153594
500	600	-3.3164968
833	478	-3.317839
898	529	-3.3188958
900	445	-3.3203762
814	454	-3.3214262
839	431	-3.321563
649	534	-3.3217916
819	614	-3.323782
686	630	-3.323819
861	425	-3.3249578
784	621	-3.3276646
744	568	-3.330749
918	440	-3.3318226
770	486	-3.33228
581	647	-3.3332925
868	395	-3.333348
657	486	-3.3338668
804	586	-3.3351595
819	556	-3.3352878
649	639	-3.3353064
832	604	-3.33553
755	535	-3.335705
689	474	-3.3376193
873	489	-3.3378866
753	577	-3.3390627
792	390	-3.339181
804	483	-3.3392093
874	296	-3.3399532
835	546	-3.3402226
907	260	-3.3424103
813	479	-3.3450007
851	582	-3.3456407
825	592	-3.3461387
870	289	-3.3462574
509	637	-3.346712
773	422	-3.3476453
898	455	-3.3481255
570	548	-3.3481314
677	495	-3.3486362
718	482	-3.3486555
657	608	-3.3488727
893	541	-3.3492815
804	597	-3.3496451
644	538	-3.3497953
904	533	-3.3499837
670	546	-3.3512278
859	430	-3.3512573
816	599	-3.353478
636	507	-3.354363
899	537	-3.3583326
684	647	-3.3588474
660	572	-3.3589253
799	571	-3.3622606
519	612	-3.3623977
854	387	-3.3646183
552	649	-3.3657055
606	647	-3.3659108
812	471	-3.3662045
819	596	-3.3662224
583	633	-3.3662298
712	397	-3.3669956
806	454	-3.3672287
870	302	-3.3674169
823	612	-3.3694153
743	463	-3.369759
658	537	-3.3708344
721	583	-3.37117
591	542	-3.371172
447	645	-3.3713171
550	566	-3.3723412
848	571	-3.372867
482	615	-3.3736625
534	647	-3.3737686
804	500	-3.3738313
686	507	-3.37394
757	461	-3.375921
835	432	-3.377208
765	614	-3.3777351
848	650	-3.3792253
710	513	-3.3796513
813	629	-3.3804646
888	531	-3.383907
890	575	-3.3846748
535	626	-3.3849185
811	370	-3.3870833
800	553	-3.3882477
859	460	-3.388809
661	633	-3.38998
471	627	-3.3901591
683	467	-3.3903556
808	373	-3.3917472
793	433	-3.3925855
506	610	-3.393002
711	509	-3.3942459
883	460	-3.3944912
677	634	-3.3946128
694	641	-3.3957245
707	458	-3.3971539
616	654	-3.3995242
874	389	-3.3996687
823	650	-3.3998911
812	460	-3.4002428
657	507	-3.404496
866	349	-3.4052796
801	520	-3.4057326
756	561	-3.4063213
926	350	-3.4065757
580	636	-3.4082391
785	604	-3.408885
905	57	-3.410206
431	633	-3.4113135
869	565	-3.4134812
629	629	-3.4137821
837	401	-3.4153256
896	473	-3.4154956
689	511	-3.4157102
766	487	-3.418385
610	537	-3.4191186
550	573	-3.4202619
539	615	-3.4204838
777	616	-3.4206038
859	527	-3.4207473
875	618	-3.4211564
672	571	-3.4213717
609	644	-3.421565
676	480	-3.422523
884	339	-3.4231567
898	490	-3.423651
574	599	-3.4238195
802	636	-3.4255795
904	516	-3.4264073
690	611	-3.4270804
818	514	-3.4275317
527	565	-3.4276469
842	593	-3.4277968
584	542	-3.4299202
926	306	-3.430688
866	411	-3.4308033
818	458	-3.4325325
875	395	-3.4331675
869	414	-3.435752
900	427	-3.435899
749	516	-3.4365885
900	353	-3.4379733
891	395	-3.4380264
917	523	-3.438558
840	580	-3.4391673
799	480	-3.4397106
574	563	-3.4410207
911	255	-3.4418278
897	372	-3.4420385
903	520	-3.4430788
808	650	-3.4432113
883	495	-3.4450045
668	555	-3.4451861
564	653	-3.445256
461	644	-3.446095
539	570	-3.447166
408	642	-3.4478908
663	603	-3.448156
467	636	-3.4488525
851	568	-3.4490895
791	427	-3.4503732
432	647	-3.450522
616	585	-3.4506853
922	436	-3.450769
792	382	-3.4516068
642	566	-3.4518232
728	502	-3.4528518
796	555	-3.4539528
912	376	-3.4550009
827	608	-3.4558177
828	566	-3.4565308
915	251	-3.4576461
883	381	-3.4585059
480	628	-3.4591522
910	509	-3.4593632
867	305	-3.4601827
546	610	-3.4603179
856	564	-3.4611144
671	620	-3.4618006
898	566	-3.461875
910	370	-3.4619348
773	473	-3.4661207
707	497	-3.4673135
786	600	-3.4703941
855	429	-3.4710925
885	392	-3.4727128
534	573	-3.4729104
433	565	-3.4737298
884	529	-3.4771826
776	519	-3.4774508
911	474	-3.478229
838	543	-3.4787343
608	592	-3.480751
412	638	-3.4820876
925	584	-3.4826524
560	627	-3.4829354
505	648	-3.4830847
919	479	-3.4845467
826	336	-3.4865975
672	482	-3.4867055
772	586	-3.487143
892	376	-3.491151
788	637	-3.4917488
877	402	-3.4919286
707	516	-3.492668
869	597	-3.4928348
901	292	-3.49403
648	614	-3.4958227
900	513	-3.4961708
916	468	-3.4968367
914	363	-3.4970138
721	417	-3.4975486
920	503	-3.4979517
517	632	-3.4981027
905	268	-3.4981143
921	475	-3.4983256
825	616	-3.4987938
864	482	-3.498862
594	600	-3.499551
700	624	-3.4998174
744	650	-3.50009
796	386	-3.5001354
628	575	-3.502375
926	146	-3.5032926
926	132	-3.5059202
916	377	-3.5059204
825	524	-3.5065403
863	575	-3.5067842
926	170	-3.507688
852	492	-3.509014
915	482	-3.509826
871	570	-3.5100303
566	575	-3.5105488
536	618	-3.5105996
835	622	-3.5109663
698	476	-3.5112343
707	618	-3.5120955
816	332	-3.5130706
901	483	-3.5130787
456	629	-3.5132124
502	662	-3.5133607
870	519	-3.5136254
838	417	-3.5137947
759	513	-3.5145602
861	297	-3.5155594
889	461	-3.5165644
638	520	-3.518459
900	471	-3.5190039
675	556	-3.5204809
929	309	-3.5207367
562	570	-3.521385
816	372	-3.5214474
767	483	-3.5222678
868	539	-3.524174
658	591	-3.525051
770	499	-3.525069
473	645	-3.5255988
782	468	-3.525968
802	338	-3.5261629
824	484	-3.5276086
805	523	-3.527882
862	415	-3.5278888
615	602	-3.5298126
915	357	-3.529959
812	418	-3.5300434
717	489	-3.5304728
814	378	-3.5314753
713	611	-3.5320888
716	448	-3.5323641
519	638	-3.5324812
855	373	-3.5330274
472	661	-3.5333672
615	560	-3.534612
889	302	-3.5354743
848	558	-3.5357525
523	636	-3.5366707
670	651	-3.5370536
832	500	-3.5374074
797	592	-3.538441
850	289	-3.5393496
906	445	-3.5397635
907	558	-3.5405765
847	606	-3.540743
503	643	-3.5411112
745	469	-3.5411189
852	362	-3.541447
527	557	-3.5418103
760	653	-3.5436716
810	602	-3.544323
817	328	-3.5447595
813	340	-3.5451431
834	436	-3.5465782
683	538	-3.5468874
792	453	-3.5471122
871	392	-3.5471835
913	343	-3.5474489
694	527	-3.5475812
809	326	-3.5481505
907	487	-3.5494967
843	524	-3.5501409
816	388	-3.5509248
890	491	-3.5520003
763	573	-3.5523734
762	638	-3.5527906
670	561	-3.553893
616	515	-3.554863
463	631	-3.5555525
894	356	-3.5559967
901	283	-3.556012
861	485	-3.5562742
739	428	-3.556695
709	633	-3.5584154
572	544	-3.5585685
613	588	-3.5602405
788	391	-3.5603793
925	431	-3.560833
830	617	-3.5628264
844	415	-3.5630999
512	565	-3.5632482
856	421	-3.5642474
911	267	-3.566677
926	649	-3.5670896
901	371	-3.568705
515	573	-3.5694633
763	530	-3.5695024
907	253	-3.5696225
685	607	-3.569752
616	535	-3.5716608
431	557	-3.5716858
812	348	-3.572245
404	643	-3.5732136
752	596	-3.573395
809	514	-3.575144
624	607	-3.5760744
751	646	-3.5767472
856	609	-3.5774515
864	543	-3.57799
705	573	-3.5781567
766	453	-3.5783453
754	592	-3.5789049
584	643	-3.5797222
918	329	-3.5799277
854	293	-3.5801926
894	456	-3.5804195
850	564	-3.5809922
750	557	-3.5821452
571	635	-3.5827162
803	443	-3.58341
725	539	-3.584036
852	408	-3.5858586
798	446	-3.5863514
622	564	-3.5864823
810	366	-3.5869474
707	542	-3.5872357
823	468	-3.5874577
765	491	-3.5881147
896	497	-3.5890858
651	646	-3.589368
803	544	-3.5901048
860	595	-3.590436
687	571	-3.5904708
570	572	-3.5908558
843	605	-3.5918126
777	563	-3.5918562
768	590	-3.593067
872	449	-3.593202
874	473	-3.5939233
873	423	-3.5951262
844	493	-3.5959172
806	604	-3.597712
914	407	-3.6006947
528	587	-3.6018033
708	614	-3.6022933
774	548	-3.6024609
804	552	-3.602477
659	525	-3.6025975
808	593	-3.6027863
828	552	-3.605507
797	550	-3.6068213
920	551	-3.6088634
924	558	-3.6100113
877	608	-3.6103435
891	570	-3.6103454
816	363	-3.611291
867	560	-3.6114357
675	561	-3.6121228
608	496	-3.6128232
774	498	-3.6130493
436	562	-3.6131177
860	544	-3.6141615
797	487	-3.6143408
670	528	-3.6144454
672	579	-3.6147826
838	531	-3.6150959
875	543	-3.6161296
870	493	-3.6162248
882	619	-3.6164567
846	469	-3.6169748
616	494	-3.6174743
918	412	-3.6175349
859	549	-3.6191316
841	650	-3.6191385
909	467	-3.6192734
925	246	-3.6200366
519	562	-3.6212783
871	649	-3.621676
859	383	-3.623235
872	628	-3.6234596
926	40	-3.6248083
770	611	-3.6250134
447	640	-3.6250355
911	273	-3.6256528
794	573	-3.6256945
878	361	-3.6259682
800	502	-3.626193
738	575	-3.626512
918	541	-3.6276093
882	389	-3.6276193
639	551	-3.6279955
612	628	-3.6280935
523	564	-3.6282957
616	503	-3.6286752
738	473	-3.6316478
578	541	-3.6355116
803	376	-3.6365197
852	556	-3.6383722
910	52	-3.6388044
897	448	-3.6389503
662	624	-3.6393557
819	507	-3.640741
868	601	-3.6410456
904	470	-3.6413934
916	368	-3.6415288
898	635	-3.6442406
693	545	-3.6443768
892	499	-3.6446266
780	543	-3.6457105
659	595	-3.6459475
822	402	-3.647087
802	607	-3.6478927
736	467	-3.64897
631	600	-3.651122
733	571	-3.6532023
795	479	-3.6544423
899	579	-3.656875
812	511	-3.6569064
530	560	-3.6591985
815	415	-3.660044
798	378	-3.6614347
588	649	-3.6615086
709	391	-3.661828
509	593	-3.6630878
620	620	-3.6633067
876	324	-3.664337
915	401	-3.6649218
783	597	-3.6652546
921	409	-3.6654668
558	581	-3.6662266
620	582	-3.667252
666	626	-3.6673758
701	596	-3.6677063
870	641	-3.6681252
792	482	-3.6682966
836	601	-3.6686056
809	548	-3.669169
482	638	-3.6698961
805	582	-3.67035
907	482	-3.6705427
888	483	-3.6709182
901	54	-3.6713274
681	612	-3.6715584
891	525	-3.6721463
623	653	-3.6721995
862	403	-3.6722145
759	532	-3.6742842
477	615	-3.674877
886	434	-3.6769533
887	487	-3.6771257
873	612	-3.6778278
864	474	-3.6781106
441	642	-3.6785655
653	531	-3.6790032
778	539	-3.6799643
800	350	-3.6808095
820	412	-3.6812866
736	521	-3.6820042
908	513	-3.682362
849	379	-3.6831903
846	602	-3.6835508
428	568	-3.6838295
915	509	-3.684296
730	524	-3.684829
814	437	-3.6853516
796	391	-3.6860816
765	620	-3.6864476
675	568	-3.6877837
711	567	-3.6882927
867	432	-3.6884198
921	334	-3.6889544
910	553	-3.6916676
930	438	-3.6944282
827	380	-3.6947627
616	626	-3.6962185
747	565	-3.6964455
701	473	-3.6976714
602	495	-3.6983993
829	457	-3.6987329
522	609	-3.6988044
772	566	-3.698861
776	419	-3.7001522
611	491	-3.700753
429	637	-3.7017183
720	404	-3.7017505
893	299	-3.702797
625	615	-3.7080715
919	565	-3.709256
703	627	-3.7106762
897	485	-3.7112572
656	528	-3.7120695
870	308	-3.7124844
564	639	-3.7126262
893	476	-3.7129354
523	584	-3.7129614
827	634	-3.7130842
802	418	-3.713731
899	640	-3.7148607
672	553	-3.7149365
570	592	-3.7149713
803	344	-3.7160301
916	385	-3.7175102
693	503	-3.7179291
773	492	-3.7182853
884	464	-3.7193904
862	302	-3.7207677
917	389	-3.7215157
873	328	-3.7223666
911	526	-3.7224183
824	508	-3.723221
926	501	-3.724144
587	631	-3.7241788
553	608	-3.72514
926	55	-3.725162
675	544	-3.726472
824	411	-3.7267838
828	465	-3.72761
487	622	-3.7276762
923	589	-3.7281642
806	334	-3.7309911
809	392	-3.731114
775	386	-3.7311544
782	443	-3.7317784
788	510	-3.731901
866	290	-3.7319765
868	401	-3.7321486
596	537	-3.7324288
759	505	-3.7338307
757	431	-3.7338388
719	538	-3.7352738
881	440	-3.7356453
664	522	-3.7358482
697	502	-3.7381074
827	436	-3.738284
855	560	-3.739809
555	630	-3.7402499
919	587	-3.7405481
918	649	-3.7415507
808	472	-3.7424538
507	656	-3.7427852
771	544	-3.7437155
879	501	-3.7458453
816	450	-3.745997
783	463	-3.746904
817	472	-3.7477505
760	458	-3.7491724
818	531	-3.7495215
913	436	-3.7497444
564	555	-3.7499676
682	568	-3.75056
888	378	-3.7508247
894	32	-3.7515876
837	474	-3.7516327
845	642	-3.7517076
749	653	-3.7530034
759	558	-3.753382
810	543	-3.7536197
716	464	-3.753879
906	349	-3.7552028
766	426	-3.755385
802	453	-3.7559407
886	581	-3.7566898
926	119	-3.7568762
624	630	-3.7570875
821	621	-3.7571604
642	493	-3.757389
900	299	-3.7574415
835	617	-3.7577062
910	404	-3.758102
831	403	-3.7585711
903	526	-3.7590773
871	620	-3.7594101
719	650	-3.7601163
698	643	-3.7604766
774	648	-3.760562
794	614	-3.7618976
890	400	-3.7622166
824	332	-3.7623432
819	431	-3.7630098
894	533	-3.7636929
789	563	-3.7639384
505	573	-3.7642012
873	292	-3.7670622
605	572	-3.7682948
927	142	-3.76886
889	332	-3.7705393
821	540	-3.7706711
716	586	-3.7719193
921	467	-3.7728553
857	556	-3.774746
769	479	-3.775341
668	550	-3.7761118
735	578	-3.776446
754	454	-3.7765312
872	636	-3.7767675
831	433	-3.7770758
856	518	-3.7774832
579	557	-3.777664
860	352	-3.7781615
483	625	-3.7797935
839	436	-3.780127
806	382	-3.7801638
728	402	-3.7804792
807	632	-3.7810595
919	499	-3.7811437
761	616	-3.781339
496	624	-3.7833934
926	355	-3.7849405
600	578	-3.7850037
820	336	-3.786489
807	519	-3.7873852
864	512	-3.7882168
743	487	-3.7888532
580	595	-3.7890127
693	637	-3.7896118
903	279	-3.790601
744	516	-3.7906013
523	558	-3.7912288
927	128	-3.791786
781	536	-3.7923784
511	660	-3.7924268
592	538	-3.7926357
523	600	-3.7926733
915	268	-3.7931552
689	641	-3.7941384
908	345	-3.7958126
750	581	-3.7959104
740	590	-3.7967484
811	518	-3.79696
526	553	-3.797434
907	245	-3.7979145
597	551	-3.799365
875	555	-3.7995136
631	559	-3.8001935
926	453	-3.80273
653	539	-3.8028247
906	407	-3.8030667
691	559	-3.803525
830	535	-3.8048728
808	467	-3.80516
880	463	-3.8054843
848	485	-3.8057125
926	535	-3.8061724
869	589	-3.8072538
680	649	-3.8078754
778	600	-3.8087668
630	507	-3.8089473
760	517	-3.8091483
797	382	-3.8104465
842	601	-3.8123527
620	533	-3.813154
744	541	-3.8152287
737	535	-3.8154733
922	353	-3.8158057
929	422	-3.8162587
598	624	-3.817029
421	637	-3.818031
613	568	-3.81806
711	540	-3.8187664
915	52	-3.819538
882	358	-3.8210769
685	556	-3.8214025
926	461	-3.8237855
779	384	-3.82441
890	562	-3.824839
763	548	-3.825891
611	600	-3.8262556
620	521	-3.826288
912	314	-3.8265145
724	599	-3.8268054
926	546	-3.8274467
629	653	-3.8275015
807	421	-3.8282964
788	381	-3.8289764
762	592	-3.8293774
763	503	-3.8296676
870	407	-3.8302143
437	647	-3.8309262
888	593	-3.8313723
886	525	-3.8320765
930	522	-3.8330793
543	568	-3.833146
929	336	-3.8341086
918	381	-3.8349252
851	533	-3.835552
665	490	-3.8366683
433	643	-3.8371656
763	448	-3.8376985
579	631	-3.8386083
886	546	-3.8389182
747	465	-3.8402128
861	563	-3.8403864
556	575	-3.840623
755	510	-3.840881
581	584	-3.8414629
624	619	-3.841614
899	630	-3.8418295
703	464	-3.8419487
602	648	-3.843024
764	477	-3.845093
838	390	-3.8457224
505	581	-3.845878
499	648	-3.846029
791	557	-3.847095
843	448	-3.847367
554	585	-3.8479207
594	627	-3.8480334
820	487	-3.849582
884	491	-3.8513386
504	596	-3.852205
920	250	-3.8539977
778	489	-3.854343
802	548	-3.8543785
546	649	-3.8548973
912	464	-3.8549662
926	507	-3.8551407
566	541	-3.8559144
661	498	-3.8560658
808	587	-3.856573
626	516	-3.8572226
784	387	-3.8584225
701	633	-3.858693
760	509	-3.8588107
498	652	-3.8605099
806	388	-3.8613741
811	483	-3.8623223
697	546	-3.862753
866	496	-3.8642886
872	645	-3.86441
916	397	-3.8657272
573	568	-3.8659804
560	559	-3.8663402
592	546	-3.8667798
658	626	-3.8688529
566	550	-3.8701236
545	576	-3.8718226
654	588	-3.873489
556	605	-3.874179
871	345	-3.8742254
909	56	-3.8751142
743	533	-3.8754005
713	492	-3.8757346
879	616	-3.8763666
912	290	-3.8766286
767	546	-3.879042
753	483	-3.8799362
908	292	-3.8825064
684	543	-3.883429
662	484	-3.8840535
911	61	-3.884438
694	649	-3.8850217
761	622	-3.88563
805	568	-3.888384
474	618	-3.8884528
487	635	-3.8895154
768	551	-3.8913577
911	280	-3.8916798
874	419	-3.8918076
879	489	-3.894341
823	433	-3.89574
854	287	-3.8959658
870	474	-3.8976676
826	537	-3.897983
716	410	-3.8988395
875	650	-3.899851
619	527	-3.900185
796	504	-3.9004383
786	437	-3.9012427
792	635	-3.9016032
675	614	-3.901655
534	598	-3.9020176
833	373	-3.902122
586	546	-3.9022832
724	504	-3.9076943
653	610	-3.9080298
858	438	-3.9082584
529	631	-3.9083269
506	618	-3.9093776
673	472	-3.9100482
863	592	-3.9100883
664	494	-3.9107597
758	596	-3.9128094
872	372	-3.9138677
860	553	-3.9146307
874	504	-3.9151897
564	545	-3.917226
654	578	-3.9178724
847	567	-3.9189754
677	522	-3.9190688
851	432	-3.919412
675	582	-3.9200492
700	450	-3.9205306
846	562	-3.920826
818	435	-3.9212127
457	625	-3.921841
920	310	-3.9222233
850	295	-3.922935
802	323	-3.9229867
810	439	-3.9237955
640	516	-3.9240518
906	337	-3.9253426
485	612	-3.925568
708	454	-3.9256897
782	612	-3.9287498
406	638	-3.9294806
616	597	-3.92972
734	593	-3.929769
887	360	-3.9320953
725	532	-3.9323344
915	63	-3.9324982
890	521	-3.9327424
701	521	-3.9330335
853	641	-3.9331505
664	651	-3.933168
574	540	-3.9349256
894	602	-3.9353423
432	569	-3.936348
684	585	-3.936431
825	503	-3.9364395
705	637	-3.937317
886	508	-3.9377522
665	500	-3.9379628
815	617	-3.9393353
673	496	-3.9402514
696	579	-3.9419825
863	610	-3.9428337
922	650	-3.9428654
890	604	-3.9428961
612	521	-3.944736
827	399	-3.9453042
874	301	-3.9466307
519	604	-3.949391
836	650	-3.94942
858	417	-3.9502552
819	651	-3.95055
914	590	-3.9505622
819	405	-3.950881
743	427	-3.9528453
716	416	-3.953673
559	644	-3.9551864
784	533	-3.955358
665	587	-3.9557028
774	482	-3.9584527
882	405	-3.959776
798	637	-3.9599574
530	574	-3.9606771
797	611	-3.960896
650	596	-3.9624436
921	516	-3.9626184
798	605	-3.9634058
680	589	-3.9641461
927	381	-3.9652297
892	594	-3.9652886
912	594	-3.9653733
911	548	-3.966085
715	630	-3.96682
766	634	-3.9673543
755	628	-3.9676678
789	603	-3.9681127
704	623	-3.9699016
852	500	-3.970159
650	488	-3.9708517
567	636	-3.9716365
435	632	-3.9721353
812	448	-3.972264
893	304	-3.9733377
857	486	-3.973344
866	309	-3.974379
783	641	-3.9748816
704	470	-3.97837
839	607	-3.9783895
627	561	-3.9793668
700	467	-3.9800923
804	327	-3.9802036
401	655	-3.9806135
601	573	-3.9829218
875	529	-3.9829412
546	565	-3.9839942
793	486	-3.9842103
724	408	-3.984762
884	594	-3.9855483
892	326	-3.9875052
789	654	-3.9876275
847	446	-3.9908452
432	574	-3.9911315
660	567	-3.9924524
833	505	-3.9938827
672	595	-3.9939497
804	475	-3.9944468
624	532	-3.9968166
787	618	-3.9973853
609	570	-3.9985542
812	323	-3.9991653
832	564	-3.9995487
561	578	-4.0000215
910	250	-4.000257
684	576	-4.0015697
869	369	-4.004933
917	337	-4.0071173
705	631	-4.0074844
829	613	-4.0084033
697	638	-4.008738
426	555	-4.00877
892	391	-4.0089893
878	418	-4.0093822
813	649	-4.010642
878	274	-4.0109854
661	561	-4.0113773
785	647	-4.01148
872	593	-4.011545
866	478	-4.0130253
791	376	-4.01373
890	357	-4.0147038
715	452	-4.015395
877	285	-4.0158486
835	393	-4.0158587
687	460	-4.0160723
815	595	-4.017248
901	561	-4.018975
586	562	-4.020423
767	572	-4.0224376
770	449	-4.022875
861	434	-4.023071
880	514	-4.024317
787	579	-4.0250764
734	472	-4.0261884
701	639	-4.0265303
664	479	-4.0279126
787	430	-4.0281367
755	642	-4.028185
846	500	-4.028596
566	569	-4.029153
890	409	-4.0304174
612	502	-4.030486
464	662	-4.0306754
868	545	-4.0317135
863	454	-4.0320287
875	466	-4.0357614
904	263	-4.036158
576	635	-4.037074
811	475	-4.037511
773	619	-4.0384192
886	388	-4.0395503
930	341	-4.0395646
645	510	-4.0402727
825	407	-4.0413837
465	640	-4.042546
930	443	-4.042714
698	601	-4.0432386
781	560	-4.044751
904	450	-4.0462017
906	574	-4.047357
920	359	-4.0482645
898	600	-4.04828
618	634	-4.051115
883	549	-4.052095
857	636	-4.0538597
426	649	-4.0578017
836	502	-4.058055
906	48	-4.058334
419	642	-4.05836
760	479	-4.0594397
442	570	-4.061446
882	608	-4.061575
860	559	-4.0653124
593	583	-4.067119
504	614	-4.067199
886	566	-4.067555
802	387	-4.067669
909	418	-4.0684867
497	666	-4.070131
529	591	-4.070326
889	542	-4.0714064
723	457	-4.072383
693	605	-4.0740476
711	552	-4.0741124
646	544	-4.0745044
797	450	-4.0749125
716	508	-4.0753965
652	636	-4.0765905
870	585	-4.0767055
897	557	-4.0772448
681	633	-4.0779076
920	511	-4.078815
925	474	-4.078852
882	613	-4.07954
918	433	-4.079897
862	287	-4.0801516
674	525	-4.0805373
807	442	-4.080541
908	382	-4.080843
758	590	-4.0815644
851	552	-4.0818787
747	584	-4.0821023
829	570	-4.082161
889	600	-4.082558
915	274	-4.0828514
514	561	-4.0835204
750	511	-4.0840755
596	580	-4.0841007
896	595	-4.0846014
807	342	-4.085093
776	446	-4.085645
711	619	-4.086115
818	446	-4.086228
910	442	-4.0863137
528	601	-4.0863323
646	492	-4.0882344
720	506	-4.08836
887	308	-4.089599
898	509	-4.0912895
900	276	-4.0913153
607	614	-4.0919633
929	328	-4.0919785
502	619	-4.092312
789	574	-4.0939617
927	67	-4.0941215
671	486	-4.095818
517	566	-4.095969
849	640	-4.096578
489	654	-4.0976195
885	304	-4.098352
709	624	-4.099242
907	527	-4.099441
678	565	-4.1003065
913	649	-4.1006737
847	436	-4.1007557
751	461	-4.101563
541	647	-4.1023035
873	607	-4.1024
665	647	-4.1028714
918	260	-4.103109
656	557	-4.103475
397	647	-4.1039624
862	377	-4.1042423
681	480	-4.104388
715	539	-4.1049585
453	632	-4.1100206
877	368	-4.1102057
820	642	-4.110489
531	570	-4.1105056
581	553	-4.1106005
526	626	-4.1113324
786	485	-4.11178
764	586	-4.1122828
925	640	-4.1127486
881	324	-4.1139493
721	533	-4.116522
878	388	-4.1171813
907	272	-4.1173105
820	454	-4.117434
864	328	-4.1178255
780	389	-4.1189666
825	328	-4.119433
891	480	-4.1200485
713	626	-4.1220274
761	495	-4.1223264
660	503	-4.123029
895	351	-4.123816
662	592	-4.124082
917	593	-4.125015
828	574	-4.125814
915	57	-4.1283503
725	641	-4.1286325
930	313	-4.1287117
620	596	-4.1299496
570	539	-4.1302357
846	390	-4.1321583
549	635	-4.133116
792	595	-4.133704
892	587	-4.134241
679	579	-4.134561
843	438	-4.1357794
629	616	-4.1372037
693	478	-4.1378164
922	374	-4.13824
906	276	-4.139071
896	514	-4.1398225
853	650	-4.1403775
787	530	-4.1404953
757	576	-4.1415
812	539	-4.142031
807	497	-4.1424813
868	573	-4.1447544
626	579	-4.1455846
906	378	-4.14572
777	580	-4.1468573
721	542	-4.1484556
678	468	-4.149083
880	341	-4.1497264
902	49	-4.149983
817	478	-4.1505575
877	422	-4.150583
636	498	-4.151959
578	562	-4.152958
798	455	-4.15374
855	548	-4.1565695
820	568	-4.156589
856	530	-4.1581507
812	362	-4.158243
903	423	-4.1583724
886	535	-4.159016
861	640	-4.159463
732	497	-4.1609254
789	434	-4.1613417
691	551	-4.161678
757	624	-4.164021
572	631	-4.164715
723	555	-4.1648326
898	626	-4.1661167
776	587	-4.166699
590	559	-4.1669345
920	386	-4.1676903
685	642	-4.171205
916	461	-4.1713076
908	505	-4.1714106
727	453	-4.171536
701	544	-4.1715455
882	524	-4.171677
895	323	-4.173283
843	507	-4.17371
617	616	-4.1738896
748	597	-4.174312
730	541	-4.1745443
854	425	-4.178573
531	564	-4.1792297
665	599	-4.1797276
608	523	-4.1816907
769	423	-4.182253
357	651	-4.182498
809	463	-4.183395
845	291	-4.1836114
912	386	-4.1838536
906	523	-4.185262
781	581	-4.185328
773	478	-4.1864805
908	649	-4.1875854
827	461	-4.188209
729	619	-4.188244
839	506	-4.19144
885	616	-4.1926107
534	622	-4.1944723
774	393	-4.194713
858	581	-4.1955333
843	365	-4.195843
786	608	-4.1969905
748	537	-4.198238
616	564	-4.199692
824	639	-4.200821
874	408	-4.2014003
437	568	-4.2017035
788	458	-4.2017107
873	415	-4.2026353
760	451	-4.2027407
890	385	-4.2028522
471	621	-4.2032394
709	649	-4.2038064
899	287	-4.2042465
787	536	-4.2050266
820	592	-4.2053227
889	608	-4.206191
887	318	-4.2064586
916	549	-4.2068205
810	597	-4.207331
930	516	-4.2075677
863	547	-4.208172
916	504	-4.209828
624	624	-4.21117
793	605	-4.2129354
751	507	-4.2130237
886	586	-4.2136626
607	492	-4.214223
903	577	-4.2158403
928	426	-4.216329
812	591	-4.217158
865	626	-4.218322
897	295	-4.2190495
691	530	-4.2196565
845	590	-4.2197695
865	588	-4.225136
903	296	-4.225165
840	640	-4.226203
726	636	-4.2262096
910	409	-4.2270207
911	286	-4.2270737
787	375	-4.2274623
656	598	-4.2276654
630	583	-4.227917
762	428	-4.229049
532	588	-4.230657
847	554	-4.230789
615	612	-4.2321253
478	639	-4.2334886
893	487	-4.233634
800	476	-4.2350636
897	302	-4.2361636
878	406	-4.239694
822	472	-4.2406006
373	649	-4.2406135
411	655	-4.2447605
926	644	-4.245173
927	465	-4.245268
842	542	-4.245298
926	580	-4.246417
878	604	-4.24691
907	477	-4.248208
747	531	-4.2491846
692	628	-4.2492337
802	394	-4.2501297
741	470	-4.2514434
636	624	-4.2516303
823	555	-4.2525816
905	403	-4.253359
870	324	-4.253417
695	633	-4.253426
853	488	-4.253489
629	519	-4.2538133
434	580	-4.253903
867	650	-4.2543106
618	498	-4.254425
903	316	-4.2552075
837	369	-4.256939
739	571	-4.2574944
710	420	-4.2589645
511	589	-4.2594004
696	626	-4.259452
870	532	-4.259833
831	396	-4.2652373
802	447	-4.266868
651	653	-4.2683616
855	434	-4.2695003
515	639	-4.2697797
876	637	-4.2698708
735	447	-4.270631
790	641	-4.271195
726	552	-4.2712975
735	539	-4.271529
883	511	-4.272121
834	560	-4.2734556
725	649	-4.2757463
799	374	-4.276681
822	437	-4.277028
540	621	-4.2775607
786	469	-4.277682
921	378	-4.2798486
724	400	-4.2798486
930	407	-4.2807903
820	373	-4.281593
595	575	-4.2822337
582	549	-4.2848043
600	620	-4.2851415
834	613	-4.2856083
904	289	-4.2857194
619	630	-4.2873616
790	395	-4.28742
440	574	-4.2880917
809	581	-4.2883067
850	644	-4.2885184
809	457	-4.289326
756	522	-4.289413
873	632	-4.2902865
795	654	-4.290912
610	624	-4.2909875
835	457	-4.292763
915	284	-4.2936826
822	574	-4.294683
871	470	-4.295305
652	559	-4.296038
914	413	-4.2973113
752	603	-4.297572
718	444	-4.2981057
844	572	-4.299777
492	603	-4.300019
877	517	-4.300755
915	68	-4.301322
844	428	-4.3026175
812	389	-4.3071117
510	643	-4.3078904
845	647	-4.308243
869	625	-4.3086386
885	430	-4.3091836
728	577	-4.309277
828	506	-4.3100057
874	282	-4.312255
710	637	-4.313505
519	570	-4.313694
875	571	-4.313774
609	606	-4.314146
522	629	-4.314305
901	649	-4.3150764
927	495	-4.3152604
848	411	-4.3155937
861	624	-4.3173184
848	491	-4.3179083
824	565	-4.3187146
426	633	-4.319469
780	650	-4.3195143
739	422	-4.3199472
849	538	-4.320368
867	608	-4.320918
685	512	-4.321139
902	347	-4.3222795
886	312	-4.323183
720	558	-4.3238535
899	318	-4.3241663
710	556	-4.3253984
922	643	-4.325514
917	640	-4.327342
753	632	-4.327432
787	596	-4.3276134
659	604	-4.3280644
894	565	-4.329008
880	540	-4.330723
828	589	-4.334811
812	492	-4.336368
900	32	-4.337199
805	450	-4.3375273
886	335	-4.337559
780	620	-4.3379626
610	596	-4.337974
683	581	-4.338148
876	595	-4.338632
893	310	-4.3390546
858	289	-4.339977
708	387	-4.3401866
712	388	-4.3402
861	306	-4.3405514
874	520	-4.3407216
692	453	-4.342733
909	334	-4.3442245
908	471	-4.344823
803	626	-4.345223
745	603	-4.3453956
920	483	-4.346478
843	597	-4.3472257
814	344	-4.3473644
867	507	-4.3492393
705	399	-4.349399
871	285	-4.3494663
886	605	-4.350283
467	623	-4.3504987
892	537	-4.3512435
856	543	-4.351358
803	331	-4.351486
872	546	-4.3534794
798	467	-4.353526
653	632	-4.3540134
754	504	-4.3545246
619	559	-4.356033
606	618	-4.3588743
907	519	-4.359114
891	405	-4.359613
613	637	-4.360497
818	377	-4.360937
863	526	-4.361322
773	582	-4.3646793
800	589	-4.3649583
640	619	-4.365535
808	350	-4.3674865
842	444	-4.367771
897	281	-4.3689356
882	625	-4.3689475
824	428	-4.3718038
607	602	-4.373091
603	491	-4.373182
877	628	-4.3743443
704	642	-4.3748536
731	650	-4.374874
746	512	-4.3748846
623	599	-4.3750873
757	618	-4.3751307
790	468	-4.375852
892	428	-4.3759875
788	371	-4.376104
886	571	-4.3773346
613	486	-4.3787384
885	577	-4.3788524
875	428	-4.3796563
838	526	-4.3818436
767	502	-4.383296
929	448	-4.3853416
711	457	-4.385515
861	540	-4.3857136
608	630	-4.3871465
913	381	-4.387686
417	655	-4.3878393
705	450	-4.389314
443	638	-4.390343
673	549	-4.3903837
900	376	-4.3910055
853	463	-4.3917603
488	607	-4.3922377
792	405	-4.3923554
560	640	-4.393046
918	404	-4.3932056
915	279	-4.3934846
918	393	-4.3936706
871	556	-4.3937497
634	522	-4.394201
849	466	-4.396132
816	442	-4.3966208
881	431	-4.3968644
756	638	-4.3983707
862	408	-4.3993263
428	573	-4.3998094
908	491	-4.400287
579	615	-4.400862
780	483	-4.401603
912	487	-4.4018826
818	341	-4.401899
878	552	-4.401916
614	606	-4.4046173
817	645	-4.405832
673	586	-4.40635
921	594	-4.406861
596	632	-4.407915
777	495	-4.4109836
927	59	-4.412115
834	608	-4.412203
865	374	-4.4122066
921	581	-4.413646
630	502	-4.414007
901	269	-4.414123
794	457	-4.4156885
778	470	-4.4176197
930	332	-4.41805
849	546	-4.4182706
472	636	-4.418302
919	70	-4.4197645
900	596	-4.4205585
718	420	-4.421024
918	519	-4.421795
830	558	-4.422647
628	494	-4.423361
610	611	-4.4253807
492	625	-4.4267244
915	586	-4.426861
803	457	-4.427378
721	646	-4.430612
924	370	-4.4308195
866	285	-4.4312596
687	565	-4.4314227
709	467	-4.43171
695	552	-4.431952
773	590	-4.432644
556	558	-4.4343176
891	503	-4.436506
818	368	-4.4377165
712	412	-4.438164
720	450	-4.4382443
816	510	-4.439149
882	568	-4.4405637
923	538	-4.4415026
913	48	-4.44246
744	591	-4.4427934
515	608	-4.4435472
833	586	-4.4451084
742	506	-4.4455724
790	615	-4.445629
587	637	-4.448883
509	615	-4.449444
658	482	-4.449784
687	582	-4.450402
626	585	-4.450405
628	511	-4.450789
810	411	-4.451355
740	466	-4.4519978
804	578	-4.452149
781	570	-4.453213
858	294	-4.453518
705	393	-4.4550695
873	365	-4.459138
795	375	-4.4598184
882	320	-4.4615664
737	492	-4.4616594
490	629	-4.4619546
642	542	-4.4621434
900	644	-4.462952
836	349	-4.463463
633	518	-4.4636984
837	627	-4.4643707
724	414	-4.4645014
918	254	-4.46483
886	520	-4.4648337
879	583	-4.4658093
535	569	-4.4667997
628	550	-4.466808
729	611	-4.4672585
886	323	-4.468888
698	524	-4.469099
612	620	-4.473288
839	449	-4.4739966
893	607	-4.4741354
898	583	-4.4744267
904	594	-4.47471
925	457	-4.475499
612	516	-4.4756846
865	438	-4.4761224
861	348	-4.4772353
889	618	-4.478115
595	621	-4.4798913
853	438	-4.4802523
925	240	-4.4817257
906	61	-4.4818907
624	522	-4.4839916
541	577	-4.484004
806	460	-4.485519
478	633	-4.4865184
896	268	-4.4880757
526	573	-4.4893208
512	579	-4.4894066
877	291	-4.4895687
544	616	-4.489787
771	396	-4.4914503
783	472	-4.4925246
893	598	-4.493944
920	462	-4.4955425
877	279	-4.495709
860	330	-4.4957705
805	415	-4.498532
587	586	-4.498942
610	656	-4.4997525
611	616	-4.499827
750	591	-4.502372
891	612	-4.5028315
888	268	-4.503909
805	370	-4.5040483
428	642	-4.5041995
866	642	-4.504928
719	619	-4.5067706
901	60	-4.5072365
592	631	-4.5081263
717	543	-4.5081863
669	588	-4.508418
630	596	-4.508736
380	648	-4.508803
719	628	-4.509946
435	558	-4.5099564
773	605	-4.5101023
503	655	-4.510543
882	436	-4.5114217
529	597	-4.5123644
565	624	-4.51297
665	475	-4.513215
800	334	-4.513239
750	503	-4.513353
921	639	-4.514396
755	383	-4.5162926
820	331	-4.517478
685	485	-4.5178037
882	272	-4.518557
715	618	-4.520399
819	382	-4.520599
657	634	-4.5210295
540	565	-4.522311
885	590	-4.5226054
795	491	-4.523107
777	479	-4.523722
858	301	-4.5252814
916	568	-4.5263166
768	404	-4.529515
843	393	-4.5297155
799	346	-4.5297956
916	486	-4.5300794
400	644	-4.532381
469	646	-4.532426
904	341	-4.533876
834	530	-4.534458
531	555	-4.534637
801	581	-4.534654
879	496	-4.5369773
604	499	-4.5382657
913	522	-4.5384316
750	528	-4.5392265
616	621	-4.5397115
901	304	-4.5420637
859	374	-4.5430627
849	440	-4.5437417
920	495	-4.5437503
697	472	-4.544575
652	582	-4.545884
588	539	-4.546
918	644	-4.5467854
635	596	-4.5498214
668	496	-4.551778
523	605	-4.5519958
862	636	-4.553225
852	345	-4.5534663
926	113	-4.554424
873	305	-4.5545187
864	557	-4.5545597
632	486	-4.5550194
929	557	-4.5552273
913	391	-4.5563436
674	640	-4.5580354
484	629	-4.558416
622	517	-4.5591173
884	409	-4.5592155
813	352	-4.5597415
676	591	-4.5604253
434	636	-4.561071
857	442	-4.5619006
814	559	-4.562387
642	485	-4.56294
705	520	-4.563066
735	427	-4.563288
739	434	-4.5644946
480	658	-4.564805
587	653	-4.5663486
810	383	-4.5664163
880	593	-4.5680385
464	657	-4.56969
463	625	-4.571746
853	482	-4.572005
864	551	-4.5722923
747	428	-4.572318
772	389	-4.5724483
430	578	-4.572754
926	175	-4.574608
857	642	-4.5752506
587	608	-4.5756373
519	575	-4.5767155
917	247	-4.577199
812	586	-4.5773807
887	382	-4.5774693
926	376	-4.577629
925	254	-4.578376
869	312	-4.579349
912	161	-4.579703
707	463	-4.579967
919	400	-4.581121
842	503	-4.581222
812	578	-4.581416
784	481	-4.581454
863	338	-4.58173
908	283	-4.5824795
808	622	-4.5840025
826	403	-4.5855503
772	383	-4.586431
887	421	-4.588222
519	583	-4.588513
364	655	-4.5895114
478	603	-4.5900793
808	322	-4.592572
902	487	-4.5925865
869	436	-4.593029
844	609	-4.5934825
824	446	-4.5940075
802	381	-4.594183
826	440	-4.594367
882	417	-4.5951676
659	532	-4.596217
871	334	-4.5963893
925	593	-4.596532
713	393	-4.596833
901	498	-4.598299
923	383	-4.598975
771	520	-4.600055
926	491	-4.600258
839	353	-4.600421
927	540	-4.600427
592	645	-4.6012115
839	343	-4.6015077
874	587	-4.6015277
927	75	-4.6018023
791	478	-4.603449
769	621	-4.6037426
899	308	-4.603913
817	409	-4.604121
893	412	-4.6054616
537	595	-4.605615
396	656	-4.6058526
839	291	-4.6060076
893	318	-4.606649
859	342	-4.60814
831	439	-4.6082706
822	529	-4.6092744
629	526	-4.6106415
926	634	-4.6115484
888	516	-4.6115847
891	381	-4.612428
402	639	-4.61474
551	562	-4.614959
740	651	-4.615021
424	640	-4.616538
432	629	-4.6172533
549	577	-4.6184273
612	633	-4.618546
900	554	-4.618897
905	603	-4.620145
572	534	-4.6210756
766	610	-4.6212373
400	661	-4.621389
849	427	-4.6215982
564	633	-4.621742
873	433	-4.6219525
514	569	-4.6228123
837	563	-4.62301
760	554	-4.6234336
836	639	-4.6240788
867	577	-4.624783
822	379	-4.62803
838	558	-4.6280704
908	595	-4.629094
678	585	-4.62973
368	648	-4.6311426
873	599	-4.6315584
912	302	-4.6325884
819	579	-4.6325994
827	431	-4.633533
825	453	-4.633661
849	611	-4.6340065
618	511	-4.634212
878	522	-4.6345587
707	569	-4.635103
779	574	-4.635276
895	590	-4.6360555
793	495	-4.6365685
421	648	-4.637624
921	600	-4.6389427
904	256	-4.642617
783	383	-4.6431365
530	624	-4.6448
913	603	-4.6448894
817	623	-4.6453567
777	474	-4.6461973
782	488	-4.646922
835	631	-4.64707
727	645	-4.64717
716	560	-4.647563
839	615	-4.649655
756	600	-4.649708
872	603	-4.650546
925	233	-4.653805
769	409	-4.6550264
817	539	-4.655557
886	612	-4.6567087
906	551	-4.6585436
859	650	-4.6597543
507	664	-4.659798
904	599	-4.660297
547	589	-4.6606846
771	503	-4.660882
720	398	-4.66295
741	441	-4.6638823
925	260	-4.6643887
863	343	-4.6653347
875	641	-4.665916
897	477	-4.666733
753	654	-4.667558
912	503	-4.6688085
808	447	-4.669296
840	396	-4.669649
785	562	-4.6711745
763	484	-4.67268
604	622	-4.6731477
695	558	-4.6731596
831	522	-4.673281
888	427	-4.6751194
738	444	-4.67665
866	323	-4.678395
882	587	-4.6794143
776	401	-4.6808686
620	493	-4.6809154
925	627	-4.681344
821	326	-4.6813498
863	630	-4.6818485
796	475	-4.6823306
762	488	-4.682426
705	546	-4.6827183
770	509	-4.6832304
886	274	-4.6833816
926	63	-4.684431
674	515	-4.6848683
851	519	-4.687567
699	629	-4.6880975
862	334	-4.6897078
877	320	-4.6900725
568	632	-4.6905327
904	504	-4.690924
784	395	-4.6913157
730	615	-4.6919894
782	476	-4.692307
896	502	-4.692966
494	653	-4.693722
803	572	-4.693987
732	504	-4.694101
588	644	-4.699156
560	604	-4.699748
614	593	-4.7014217
709	400	-4.7022223
751	534	-4.704313
405	656	-4.706061
460	622	-4.7067666
688	535	-4.709204
828	331	-4.7093334
881	579	-4.709445
612	563	-4.7097163
723	630	-4.710177
785	497	-4.7109213
916	513	-4.711868
880	411	-4.7120657
841	644	-4.7133303
688	575	-4.7139173
885	599	-4.7140646
929	530	-4.714428
691	572	-4.714767
896	377	-4.7158027
510	611	-4.7158933
749	633	-4.7175455
826	647	-4.718371
714	622	-4.7216372
899	592	-4.7223086
669	646	-4.725832
617	490	-4.726366
656	569	-4.72661
732	646	-4.727581
648	540	-4.7280464
832	553	-4.7286386
878	328	-4.7287235
891	314	-4.7292976
872	320	-4.731924
583	538	-4.732082
501	575	-4.7342396
876	342	-4.7345505
925	604	-4.7346425
843	565	-4.7352185
439	637	-4.7354016
909	389	-4.736717
850	386	-4.7386107
922	403	-4.739784
753	620	-4.7401967
852	420	-4.7402554
775	439	-4.7409973
869	330	-4.7418547
777	623	-4.7419367
696	542	-4.742028
891	322	-4.7432375
712	536	-4.7436066
905	496	-4.7439933
869	549	-4.744226
816	324	-4.744719
726	543	-4.7452354
722	446	-4.7459493
496	599	-4.7463083
721	640	-4.7468796
384	649	-4.7471128
897	606	-4.7479057
714	512	-4.7520585
904	300	-4.7525654
569	600	-4.7529473
838	440	-4.753503
757	482	-4.755569
903	557	-4.7562537
583	627	-4.756572
903	479	-4.760571
798	397	-4.760782
813	582	-4.7616277
798	575	-4.7624598
772	402	-4.7628846
709	641	-4.76386
747	645	-4.7650013
759	629	-4.765362
784	433	-4.766846
800	299	-4.767864
606	598	-4.7690773
663	530	-4.7700415
930	33	-4.770273
591	578	-4.771626
930	433	-4.7717233
712	562	-4.7725163
892	264	-4.7725425
839	456	-4.7727594
925	613	-4.773328
884	539	-4.7735586
837	554	-4.775451
705	650	-4.777858
848	416	-4.777894
789	506	-4.778757
844	638	-4.7796116
799	585	-4.7812476
750	642	-4.783946
828	340	-4.784747
630	625	-4.785428
746	507	-4.785634
582	561	-4.786641
858	407	-4.787867
666	591	-4.7897544
870	503	-4.7904634
916	289	-4.791333
905	411	-4.7920823
886	299	-4.7943583
606	610	-4.794401
602	626	-4.795717
917	161	-4.797704
866	584	-4.7980165
868	646	-4.7982364
929	347	-4.7982526
711	450	-4.800064
899	313	-4.800619
832	454	-4.801803
777	568	-4.808348
914	630	-4.8091636
917	545	-4.8101487
688	482	-4.8119287
916	204	-4.812328
623	560	-4.814197
900	505	-4.814407
812	443	-4.8151174
460	655	-4.8161407
790	609	-4.816766
899	235	-4.816904
724	619	-4.817353
593	553	-4.8174567
596	637	-4.817714
838	611	-4.8186193
816	587	-4.8210607
496	662	-4.821379
634	573	-4.8232255
729	633	-4.8236146
859	513	-4.82419
890	417	-4.824379
809	567	-4.824946
847	598	-4.8250594
890	507	-4.826318
919	264	-4.82714
847	542	-4.8288794
833	463	-4.829919
903	474	-4.830203
705	538	-4.8302817
855	584	-4.8303723
885	622	-4.8304935
743	607	-4.8310976
626	611	-4.8312488
736	648	-4.8315353
862	580	-4.832549
690	542	-4.834439
677	484	-4.8356533
820	563	-4.8358955
855	356	-4.836296
850	587	-4.8365574
824	479	-4.8381286
771	570	-4.8392954
635	553	-4.839509
895	404	-4.839936
854	416	-4.840827
744	599	-4.84136
742	595	-4.8419147
728	410	-4.843585
912	514	-4.843924
836	582	-4.844507
732	547	-4.844762
839	426	-4.8450336
890	31	-4.8451314
608	503	-4.8453565
765	410	-4.846393
830	640	-4.8466063
732	520	-4.8468494
763	512	-4.8479714
897	273	-4.8494205
897	562	-4.851397
927	588	-4.851845
609	487	-4.85218
804	465	-4.8543673
515	659	-4.8559704
816	486	-4.856714
927	387	-4.8579364
764	552	-4.858188
719	458	-4.858692
773	443	-4.859814
618	591	-4.8610296
745	632	-4.86159
792	577	-4.8624797
712	615	-4.862559
898	50	-4.863177
914	310	-4.864117
713	634	-4.865025
779	393	-4.8658934
764	507	-4.866799
900	264	-4.867906
881	421	-4.8679185
762	611	-4.868705
846	287	-4.8708
738	504	-4.871395
492	666	-4.8715854
768	580	-4.8728504
909	341	-4.8731794
881	426	-4.873346
877	414	-4.873634
855	297	-4.873731
862	585	-4.8755255
927	90	-4.8758283
730	450	-4.8780704
789	498	-4.878734
596	647	-4.878919
883	316	-4.8792825
440	561	-4.880728
843	557	-4.881089
766	594	-4.881349
813	563	-4.8824883
768	399	-4.8825397
717	609	-4.8841543
620	587	-4.884549
867	344	-4.884914
816	358	-4.88527
628	606	-4.886923
823	339	-4.8874025
527	577	-4.889282
632	493	-4.891215
910	499	-4.8915186
779	596	-4.8925366
907	393	-4.892634
730	596	-4.892934
760	500	-4.8937764
895	629	-4.894589
925	302	-4.8946576
824	570	-4.8946805
801	632	-4.894865
862	644	-4.896057
861	441	-4.898997
741	513	-4.8991175
842	452	-4.9002
507	565	-4.9006033
913	294	-4.9034963
682	463	-4.904331
725	603	-4.9074583
895	385	-4.9083343
887	327	-4.9084244
781	586	-4.9088006
846	521	-4.909348
624	495	-4.9093776
922	562	-4.909449
906	32	-4.909689
855	596	-4.9109044
812	620	-4.9113603
686	638	-4.911676
778	380	-4.912128
927	98	-4.913331
867	535	-4.9133406
527	582	-4.9136744
852	637	-4.914123
843	422	-4.914294
715	556	-4.914367
907	399	-4.91451
775	505	-4.915066
725	527	-4.916465
534	559	-4.9175634
645	488	-4.917721
864	621	-4.920042
503	666	-4.920732
713	650	-4.9216676
921	605	-4.922594
459	664	-4.922736
628	488	-4.925484
818	575	-4.925526
452	627	-4.9258885
745	422	-4.9260116
921	306	-4.926107
860	481	-4.9264116
536	589	-4.9291205
733	607	-4.9293036
881	312	-4.929656
801	319	-4.930758
892	515	-4.9323106
875	581	-4.933125
780	644	-4.933797
474	640	-4.9344854
743	432	-4.934535
918	49	-4.934622
478	608	-4.936756
598	533	-4.9375052
768	585	-4.937681
802	461	-4.9377236
469	664	-4.939459
653	485	-4.9409075
772	652	-4.942933
868	337	-4.943574
780	435	-4.9440274
777	375	-4.9448466
716	399	-4.945905
914	643	-4.947185
604	524	-4.948139
878	599	-4.9481397
926	276	-4.950628
548	639	-4.9514356
914	518	-4.953192
841	349	-4.953529
692	563	-4.9542885
894	506	-4.958818
749	606	-4.9593387
640	489	-4.959939
635	547	-4.960219
882	603	-4.9604454
794	396	-4.9611278
826	578	-4.9611545
814	384	-4.9613376
436	640	-4.9615073
641	547	-4.9635587
628	621	-4.9650054
893	616	-4.9652
625	527	-4.9660816
794	465	-4.967634
829	477	-4.968216
736	642	-4.9688816
897	410	-4.969681
681	487	-4.9710793
456	621	-4.9716573
913	338	-4.971859
858	338	-4.974552
636	655	-4.975106
598	601	-4.97544
647	565	-4.9762545
893	286	-4.9782887
711	405	-4.978733
362	648	-4.9796166
757	633	-4.9804435
875	443	-4.9805017
736	637	-4.9813013
779	513	-4.9828
812	356	-4.9839687
631	579	-4.9846816
546	643	-4.985111
652	600	-4.985536
536	564	-4.9858418
895	638	-4.985865
749	628	-4.986099
756	586	-4.989197
623	555	-4.9902477
917	601	-4.9903145
630	589	-4.99061
396	662	-4.99099
881	306	-4.991132
910	589	-4.9928317
906	386	-4.993384
867	524	-4.9940853
912	398	-4.9971423
846	594	-4.9972095
787	465	-4.9973993
723	442	-4.9982514
670	519	-4.9984074
660	478	-4.9993834
782	412	-4.9995813
927	487	-4.9997845
660	599	-5.000787
897	648	-5.002344
744	438	-5.002396
439	627	-5.003533
650	586	-5.0042377
714	421	-5.0052075
855	341	-5.005475
910	600	-5.007361
535	577	-5.009343
930	305	-5.010452
427	551	-5.010942
871	528	-5.011539
779	499	-5.0130367
674	647	-5.0138683
929	365	-5.0220027
685	634	-5.0225945
923	68	-5.0253158
835	450	-5.02558
564	628	-5.0272393
833	428	-5.027735
740	603	-5.0284815
721	432	-5.0288663
893	294	-5.0291405
717	552	-5.0296655
624	490	-5.0307145
532	594	-5.0311213
801	354	-5.032193
900	404	-5.032636
925	4	-5.0338964
620	502	-5.0354075
852	542	-5.0357957
929	322	-5.036182
903	641	-5.036361
764	578	-5.036947
857	628	-5.0371275
523	576	-5.0376897
906	313	-5.0406294
786	477	-5.0408864
708	560	-5.042884
723	623	-5.0443974
831	635	-5.0444255
632	613	-5.044675
843	341	-5.0459476
809	628	-5.04692
867	638	-5.047924
741	491	-5.049192
919	53	-5.0518107
638	494	-5.052868
704	388	-5.0529466
727	441	-5.0530305
875	332	-5.0534625
576	536	-5.0539684
797	579	-5.054822
751	638	-5.056368
908	298	-5.057043
559	631	-5.057115
858	309	-5.058279
829	326	-5.0585012
924	478	-5.0596204
717	534	-5.0611267
857	349	-5.062845
835	567	-5.064622
910	414	-5.0657053
691	632	-5.067411
913	638	-5.0675917
731	642	-5.067644
436	572	-5.067751
523	569	-5.0680766
561	600	-5.0682425
757	421	-5.06869
601	528	-5.0707607
595	604	-5.075212
687	539	-5.0772767
882	573	-5.0774736
916	306	-5.0778913
600	630	-5.0788836
877	304	-5.079088
711	416	-5.079089
606	655	-5.0806303
369	657	-5.0813465
889	413	-5.0843496
859	632	-5.0846376
822	442	-5.085101
922	391	-5.0870013
712	463	-5.087414
666	527	-5.088508
698	651	-5.089429
902	637	-5.090696
506	569	-5.0909677
919	491	-5.0935683
687	455	-5.09456
583	588	-5.094584
925	599	-5.0946608
583	613	-5.095381
822	582	-5.0971804
699	550	-5.1003146
568	535	-5.100669
723	546	-5.1017203
564	537	-5.103491
899	622	-5.104592
735	652	-5.1048446
811	574	-5.105326
904	629	-5.106571
834	525	-5.1080523
836	520	-5.1085215
736	431	-5.1091943
817	583	-5.1095943
878	297	-5.111475
670	490	-5.11205
870	281	-5.113595
909	604	-5.114007
784	379	-5.118245
822	450	-5.11914
800	328	-5.119332
869	631	-5.1195703
554	645	-5.1198444
654	535	-5.1210055
914	157	-5.1216917
477	661	-5.1226125
832	644	-5.1228766
851	284	-5.1234355
753	432	-5.1234894
854	382	-5.124675
894	399	-5.127478
871	340	-5.129346
783	566	-5.130756
731	438	-5.1307993
721	607	-5.1314845
484	608	-5.134566
921	547	-5.134945
866	449	-5.1355934
574	591	-5.1357894
896	291	-5.1370993
911	573	-5.1373873
757	379	-5.138421
570	621	-5.1389213
862	281	-5.139131
857	305	-5.139261
769	607	-5.140111
906	644	-5.14164
827	562	-5.1421814
798	303	-5.143336
555	640	-5.143586
921	245	-5.143629
927	401	-5.144687
906	241	-5.14487
640	596	-5.1453147
756	614	-5.1459937
916	300	-5.1467075
583	654	-5.14796
896	481	-5.1481576
840	516	-5.1492486
820	482	-5.149869
819	535	-5.1515017
589	627	-5.1525373
891	422	-5.152735
798	460	-5.1531634
906	304	-5.153187
564	603	-5.15643
852	350	-5.157956
822	559	-5.1617393
914	598	-5.162793
581	621	-5.165807
752	587	-5.1663375
863	649	-5.1663833
780	403	-5.1664014
829	425	-5.1674724
692	555	-5.16759
839	636	-5.1676955
365	671	-5.1692877
491	670	-5.1697464
913	201	-5.170688
891	650	-5.171402
594	641	-5.17188
793	500	-5.1727304
739	542	-5.172878
881	287	-5.1733294
447	635	-5.1733556
727	427	-5.1758595
925	621	-5.176613
858	378	-5.1774707
887	406	-5.1780996
758	386	-5.178424
797	499	-5.179011
282	673	-5.179523
916	165	-5.17973
278	671	-5.179982
794	470	-5.181428
861	477	-5.181573
920	4	-5.1821833
728	507	-5.182886
602	616	-5.1831894
842	561	-5.184766
768	523	-5.1869183
765	526	-5.189547
626	505	-5.1902595
681	653	-5.1907697
896	389	-5.1910663
509	582	-5.1936946
735	615	-5.194567
881	629	-5.1954136
897	231	-5.196027
891	622	-5.1966314
839	621	-5.1972556
773	406	-5.1978207
473	614	-5.1978264
736	496	-5.1996017
721	551	-5.1998687
668	596	-5.2002444
697	538	-5.200252
518	557	-5.2009754
441	566	-5.203289
930	318	-5.204467
748	436	-5.2053647
908	4	-5.2054515
442	578	-5.2069063
780	398	-5.2087293
846	296	-5.2093153
919	65	-5.2110515
387	670	-5.2115607
486	673	-5.2116814
874	525	-5.2121077
844	4	-5.212198
424	645	-5.212236
890	184	-5.215289
772	578	-5.2173953
470	642	-5.2176495
764	403	-5.219846
738	438	-5.221013
859	591	-5.2211294
553	581	-5.221592
926	187	-5.222112
899	227	-5.223475
876	316	-5.224085
840	521	-5.2243814
763	626	-5.2245708
914	4	-5.2249045
816	349	-5.225792
743	646	-5.225811
754	387	-5.2283583
782	593	-5.2286577
822	646	-5.2287283
875	500	-5.229547
446	654	-5.2317653
878	633	-5.232576
553	634	-5.2325945
882	518	-5.2330666
524	549	-5.2349653
903	310	-5.2352962
834	353	-5.23723
680	515	-5.239223
481	611	-5.2394114
602	660	-5.2411256
622	592	-5.2422447
501	583	-5.242409
906	590	-5.2479453
754	531	-5.247989
874	312	-5.249199
562	551	-5.249369
793	591	-5.2494764
827	469	-5.2530813
711	384	-5.2559047
914	491	-5.2568173
858	283	-5.259549
894	625	-5.259737
624	509	-5.2598248
866	279	-5.2609334
870	616	-5.2629867
561	636	-5.2644587
843	457	-5.2659717
783	617	-5.2663956
801	488	-5.2672086
440	631	-5.2685256
474	606	-5.270023
928	369	-5.2706194
738	594	-5.2711163
631	497	-5.27141
633	617	-5.273223
651	591	-5.273734
915	634	-5.2743874
892	4	-5.274483
798	340	-5.2759724
717	644	-5.276033
867	251	-5.276436
716	405	-5.27673
915	500	-5.2774997
483	634	-5.2776837
932	414	-5.278404
862	324	-5.279413
626	593	-5.283081
802	315	-5.2837653
465	645	-5.2839093
597	617	-5.286991
802	293	-5.287721
836	550	-5.287928
879	649	-5.2891855
643	613	-5.29046
786	613	-5.290958
761	634	-5.2911043
623	513	-5.2911487
373	673	-5.2916794
30	652	-5.2924066
731	637	-5.2928343
882	545	-5.29332
903	246	-5.2938023
596	654	-5.295038
836	421	-5.295091
713	544	-5.2965903
866	634	-5.2998405
380	671	-5.3006344
802	471	-5.301306
857	413	-5.302973
921	257	-5.305248
824	588	-5.3071175
866	442	-5.3072205
916	581	-5.307663
911	494	-5.308309
690	568	-5.3098226
727	548	-5.311524
715	459	-5.3117695
420	633	-5.311986
828	349	-5.3131905
550	586	-5.3142705
869	581	-5.316273
900	44	-5.3165197
641	580	-5.3177633
878	588	-5.3191066
912	246	-5.3194003
929	51	-5.3198376
674	467	-5.3207035
882	300	-5.3218374
797	370	-5.32229
903	252	-5.3236237
274	672	-5.323661
634	584	-5.323665
599	492	-5.324437
721	635	-5.3254128
876	492	-5.325547
774	379	-5.3260107
821	476	-5.326855
693	539	-5.326895
762	598	-5.328527
911	67	-5.3287144
855	534	-5.32999
784	509	-5.331196
796	311	-5.332891
792	372	-5.3342495
745	503	-5.3354406
889	296	-5.3357162
636	487	-5.3357854
683	459	-5.336266
926	298	-5.3374014
729	398	-5.338022
716	440	-5.338124
908	173	-5.339415
781	439	-5.339595
27	664	-5.3401833
592	636	-5.3412695
756	580	-5.3425913
869	446	-5.342896
870	316	-5.343162
718	623	-5.343354
881	277	-5.343834
747	637	-5.343945
887	4	-5.344768
567	596	-5.3456464
859	455	-5.346188
424	562	-5.3465934
585	552	-5.3470674
839	576	-5.348622
540	592	-5.350087
855	514	-5.353373
811	285	-5.354585
906	500	-5.3561463
391	662	-5.3562994
848	636	-5.357414
901	604	-5.357967
632	604	-5.3586044
897	4	-5.358798
722	421	-5.3597064
832	573	-5.3597636
918	629	-5.359964
636	600	-5.3610053
613	506	-5.3613753
754	376	-5.3615417
602	600	-5.3615623
729	406	-5.3640323
711	517	-5.3658004
741	611	-5.3659368
495	671	-5.366132
832	467	-5.366522
901	409	-5.36813
808	577	-5.368411
789	592	-5.3721128
910	308	-5.3729844
843	354	-5.3741436
774	601	-5.3754215
877	577	-5.3776736
916	44	-5.3777723
727	607	-5.3783374
839	4	-5.378996
643	593	-5.382397
903	4	-5.3824387
933	410	-5.3846374
895	394	-5.3848367
790	462	-5.3872395
697	562	-5.3879066
842	468	-5.388569
806	365	-5.3901334
724	611	-5.3903008
890	272	-5.3905797
773	512	-5.393017
857	334	-5.393084
825	643	-5.394154
646	590	-5.394692
369	672	-5.3949385
531	584	-5.395636
360	672	-5.3962007
788	399	-5.397302
830	335	-5.3974724
929	504	-5.401129
848	422	-5.402602
743	638	-5.402647
844	511	-5.4030423
613	512	-5.4042377
373	655	-5.404419
364	660	-5.4051223
835	344	-5.4066815
897	618	-5.408745
927	108	-5.409181
872	574	-5.409438
635	580	-5.410213
925	227	-5.41251
851	444	-5.4129834
449	631	-5.4132237
710	426	-5.4136834
850	4	-5.414462
602	503	-5.414932
736	604	-5.415676
836	397	-5.416643
866	4	-5.4174647
742	642	-5.4180117
837	643	-5.4190826
734	611	-5.4200225
826	473	-5.4214926
921	615	-5.421883
930	157	-5.422241
846	550	-5.4224725
286	671	-5.4234667
839	364	-5.423517
700	647	-5.4236917
656	562	-5.4273815
896	610	-5.428327
832	474	-5.428836
867	554	-5.429994
737	632	-5.432701
866	333	-5.4360223
896	263	-5.437205
929	149	-5.4374065
769	392	-5.4380765
769	513	-5.438363
927	561	-5.438546
522	554	-5.4386463
929	470	-5.4410453
922	630	-5.441636
775	397	-5.442635
650	577	-5.4430175
893	634	-5.4458065
929	583	-5.4468274
727	629	-5.447087
909	640	-5.4479947
751	624	-5.4481916
764	516	-5.448721
738	516	-5.4498334
887	187	-5.4508657
678	638	-5.4526544
897	56	-5.453155
600	638	-5.4548507
398	667	-5.4552884
926	292	-5.455473
725	396	-5.4561744
704	558	-5.45653
796	336	-5.457038
777	591	-5.459496
861	4	-5.461345
747	488	-5.4613934
608	660	-5.461636
638	577	-5.46209
922	542	-5.4621506
398	640	-5.463362
905	608	-5.4643445
822	369	-5.4673758
798	324	-5.4689736
753	607	-5.4694676
376	646	-5.4698477
792	474	-5.4700174
640	571	-5.470167
856	328	-5.4711394
388	648	-5.4722137
797	307	-5.474184
887	626	-5.475373
874	276	-5.4779673
404	660	-5.4784307
918	597	-5.4786415
718	615	-5.4789352
707	404	-5.480143
848	450	-5.481608
773	625	-5.4822693
873	550	-5.485305
921	163	-5.4862757
430	661	-5.4875956
915	607	-5.4881673
728	623	-5.4885893
782	375	-5.4891586
886	264	-5.4891644
646	583	-5.489243
445	628	-5.4931703
846	362	-5.4960675
854	538	-5.496717
579	590	-5.497389
930	544	-5.4977217
731	429	-5.498265
827	532	-5.500306
714	638	-5.5024204
460	660	-5.5029545
823	275	-5.504061
824	375	-5.5044284
426	655	-5.5064273
646	484	-5.508656
746	641	-5.50901
796	588	-5.5095773
831	449	-5.510946
893	510	-5.511578
871	252	-5.5121202
925	483	-5.513435
778	509	-5.513638
695	534	-5.5145707
681	643	-5.5157356
627	484	-5.515751
392	647	-5.5171504
923	399	-5.5214753
922	635	-5.5221453
871	4	-5.522542
880	282	-5.5263166
763	520	-5.5279756
439	655	-5.528236
701	572	-5.5307784
628	556	-5.531638
590	550	-5.532483
467	618	-5.5328135
922	73	-5.5333405
819	283	-5.5334845
867	319	-5.5336294
432	655	-5.5341883
841	359	-5.5351343
788	406	-5.5356445
841	546	-5.537015
701	533	-5.5370493
823	534	-5.5371046
903	633	-5.537196
921	487	-5.5378137
805	487	-5.538878
870	440	-5.53916
841	287	-5.5423117
904	419	-5.5426984
609	638	-5.5427876
645	569	-5.543945
786	501	-5.5461535
789	488	-5.5472565
515	584	-5.5474534
725	449	-5.5487337
891	630	-5.5488253
390	667	-5.5498056
851	358	-5.5553493
575	595	-5.5579576
769	386	-5.558402
902	582	-5.558987
651	563	-5.5592365
522	580	-5.5594225
678	490	-5.5613823
761	409	-5.56224
758	416	-5.562707
690	653	-5.56322
813	624	-5.563386
920	302	-5.563494
443	582	-5.563961
836	446	-5.5642695
881	4	-5.564803
391	656	-5.565143
923	51	-5.566406
885	414	-5.5665317
544	580	-5.566677
911	165	-5.5674562
916	496	-5.5678706
789	493	-5.5711265
910	645	-5.5736046
844	345	-5.574389
710	645	-5.5745463
544	560	-5.5758815
929	358	-5.580873
698	575	-5.581805
856	647	-5.5820875
499	659	-5.582673
930	39	-5.5841584
654	605	-5.585582
488	600	-5.5859346
796	298	-5.586562
499	596	-5.586702
758	427	-5.587321
505	592	-5.5899725
396	671	-5.5909796
741	537	-5.5941215
608	515	-5.594142
776	409	-5.5944357
384	673	-5.5948434
702	396	-5.597458
889	287	-5.598756
617	507	-5.602077
931	512	-5.606335
707	564	-5.6070547
924	608	-5.607968
787	473	-5.6082077
896	46	-5.60914
730	433	-5.6097517
927	264	-5.6099205
655	574	-5.609942
870	273	-5.6131935
745	654	-5.6150994
878	546	-5.615831
880	268	-5.6189904
926	94	-5.6199102
896	643	-5.6215105
785	573	-5.621958
492	598	-5.6220517
929	135	-5.6232433
784	401	-5.623339
559	555	-5.6235695
928	391	-5.6237106
831	577	-5.6241283
876	4	-5.6246705
781	493	-5.625889
796	351	-5.627661
850	300	-5.628811
757	494	-5.628999
266	672	-5.6291404
647	610	-5.629182
728	600	-5.629599
821	4	-5.6296754
376	670	-5.6306643
876	646	-5.6313405
594	532	-5.6326494
735	544	-5.6326866
842	294	-5.6331964
642	585	-5.635616
535	585	-5.6362767
731	603	-5.6384587
876	308	-5.6386786
247	671	-5.640558
856	4	-5.6411023
620	486	-5.6411185
916	213	-5.641651
480	673	-5.642216
290	673	-5.643412
734	619	-5.6451836
865	313	-5.6474805
569	654	-5.651545
560	546	-5.6516714
721	394	-5.6527033
270	671	-5.6538095
695	450	-5.6541033
719	547	-5.654437
604	632	-5.656187
695	570	-5.6592474
855	459	-5.660057
424	567	-5.661168
730	444	-5.6626253
863	499	-5.6633635
874	337	-5.6647267
829	581	-5.6649055
897	381	-5.665033
463	666	-5.6658535
878	434	-5.666199
706	534	-5.668796
865	614	-5.6690097
352	651	-5.670113
764	416	-5.670716
721	438	-5.672701
437	577	-5.674066
902	400	-5.6746283
738	510	-5.675025
625	589	-5.6764975
262	671	-5.6767097
863	536	-5.6775446
837	357	-5.680628
713	642	-5.681552
390	673	-5.6817718
751	384	-5.6818504
859	612	-5.684953
468	614	-5.685861
427	629	-5.6860776
858	537	-5.6863165
923	577	-5.6864934
807	573	-5.6867204
577	625	-5.6872277
386	656	-5.6887226
624	501	-5.688897
706	554	-5.6894813
707	550	-5.690236
512	664	-5.6909194
356	673	-5.6916003
806	354	-5.691941
768	413	-5.694017
783	577	-5.6943307
785	409	-5.6953297
591	607	-5.695544
808	295	-5.6974998
930	508	-5.6980414
820	586	-5.6985617
796	330	-5.7001705
763	582	-5.700832
761	383	-5.703403
640	656	-5.7067614
910	631	-5.707061
450	673	-5.7076797
849	353	-5.709432
529	549	-5.7125673
490	674	-5.7138114
828	444	-5.7177
726	445	-5.722676
808	360	-5.7246118
905	44	-5.726902
853	612	-5.727478
842	552	-5.728529
716	425	-5.7286344
839	568	-5.7315025
531	578	-5.7327724
911	608	-5.7329526
926	285	-5.7342587
639	615	-5.7349596
833	4	-5.7356133
863	253	-5.737313
499	670	-5.737577
740	635	-5.7377095
828	285	-5.7386
917	617	-5.74037
669	524	-5.7421875
832	348	-5.7425623
785	491	-5.7432184
445	574	-5.7442408
605	643	-5.7447314
598	662	-5.7463994
752	616	-5.7465277
877	439	-5.746954
729	517	-5.747279
735	435	-5.7476935
780	503	-5.748167
721	425	-5.749869
926	396	-5.750594
885	331	-5.750981
590	640	-5.752094
920	290	-5.753959
402	665	-5.75519
678	459	-5.7554803
923	498	-5.7556458
761	419	-5.7566895
859	446	-5.7570357
840	630	-5.7580495
569	627	-5.758336
455	655	-5.7600193
745	627	-5.76149
937	408	-5.7620993
438	582	-5.7642713
853	626	-5.764824
926	617	-5.7653165
403	673	-5.7653346
482	602	-5.7659407
778	442	-5.7660966
770	4	-5.7687154
538	560	-5.771328
631	609	-5.772364
650	607	-5.7734947
862	530	-5.773649
828	371	-5.774148
927	103	-5.775511
549	646	-5.776807
768	653	-5.777146
903	237	-5.7787247
899	614	-5.7794585
387	661	-5.779955
426	545	-5.781897
804	298	-5.782335
646	598	-5.7848577
931	553	-5.7860713
772	418	-5.7865753
443	673	-5.787842
548	581	-5.7888775
753	500	-5.788947
779	371	-5.789153
591	623	-5.789207
792	334	-5.7928786
929	458	-5.795347
721	528	-5.7975655
713	532	-5.7988467
808	493	-5.799851
875	270	-5.7998753
751	487	-5.802854
898	652	-5.8030863
464	615	-5.8040195
887	512	-5.80586
418	667	-5.8059554
706	646	-5.806196
863	508	-5.8064027
901	223	-5.807053
933	310	-5.808773
739	645	-5.8091235
723	615	-5.8103633
802	306	-5.81128
851	597	-5.812669
551	642	-5.814686
858	587	-5.817079
403	635	-5.817324
925	221	-5.818335
815	572	-5.8185244
926	79	-5.8188105
294	671	-5.819735
426	577	-5.82008
800	310	-5.8209887
896	277	-5.821644
900	384	-5.824678
907	201	-5.8292513
728	416	-5.831271
775	4	-5.8320475
763	4	-5.8329
676	463	-5.8329573
775	572	-5.8334193
910	44	-5.8349767
674	492	-5.835678
604	606	-5.835871
907	636	-5.8368697
455	666	-5.841765
702	526	-5.8452187
881	636	-5.847503
709	409	-5.8479986
930	351	-5.848325
772	412	-5.8493347
778	413	-5.84968
414	673	-5.8502135
738	608	-5.8520427
889	277	-5.853046
919	157	-5.8538637
596	489	-5.857936
607	519	-5.8589168
772	516	-5.859006
801	497	-5.8600187
520	658	-5.860802
432	553	-5.860839
929	301	-5.8614163
869	246	-5.8618245
914	72	-5.862103
638	583	-5.8638167
594	664	-5.8642006
785	583	-5.864789
733	631	-5.8660617
937	309	-5.8667045
509	561	-5.867074
418	660	-5.869146
598	642	-5.8701496
892	290	-5.871585
918	60	-5.872221
730	513	-5.8780546
458	617	-5.8865876
691	578	-5.887002
258	673	-5.8891196
909	169	-5.8896403
804	311	-5.8896866
631	482	-5.890072
930	499	-5.890241
627	498	-5.891663
701	539	-5.892364
682	637	-5.89495
898	38	-5.8956285
912	205	-5.896037
423	558	-5.8964753
820	364	-5.8972836
927	215	-5.8993764
717	0	-5.8996205
793	400	-5.899638
670	469	-5.9002333
853	412	-5.9019475
463	619	-5.902669
815	4	-5.90275
845	350	-5.9066405
727	521	-5.9078603
853	632	-5.9090447
796	365	-5.9117794
661	474	-5.913357
894	419	-5.915043
688	451	-5.92129
854	337	-5.921757
734	441	-5.9218755
785	505	-5.922691
899	587	-5.923202
413	634	-5.9254904
904	396	-5.926559
765	384	-5.927468
830	289	-5.927909
917	293	-5.9281483
830	365	-5.928715
897	239	-5.9306226
599	606	-5.9310927
919	621	-5.9314165
524	656	-5.9327826
938	547	-5.934442
813	568	-5.934634
843	613	-5.9347277
881	292	-5.9369473
741	631	-5.938173
458	673	-5.9398017
474	673	-5.9420614
796	319	-5.9435697
539	581	-5.943992
926	211	-5.9471908
414	658	-5.949139
360	658	-5.9506807
862	310	-5.951013
757	610	-5.951833
933	418	-5.953816
586	535	-5.957864
830	526	-5.9587035
540	585	-5.960819
827	4	-5.960886
352	672	-5.9619703
251	673	-5.9620323
841	626	-5.9638424
826	528	-5.9649625
929	167	-5.9653234
517	579	-5.965588
740	615	-5.965706
769	628	-5.9657497
837	462	-5.966098
926	203	-5.9669766
710	526	-5.968305
886	183	-5.9687576
561	541	-5.9690495
491	662	-5.969075
600	488	-5.9709773
648	602	-5.971052
792	367	-5.972195
791	581	-5.974404
915	243	-5.974871
866	531	-5.9751277
815	287	-5.975339
715	548	-5.97685
760	585	-5.977181
874	496	-5.9776244
716	390	-5.9789057
906	415	-5.98008
930	72	-5.9813175
726	392	-5.9836183
806	318	-5.983757
372	660	-5.9841976
856	502	-5.9842863
409	635	-5.987403
680	451	-5.987585
915	613	-5.9876447
799	360	-5.9884343
877	264	-5.9899864
644	577	-5.990037
642	600	-5.9901834
867	259	-5.992399
797	315	-5.9938293
747	611	-5.9954615
700	400	-5.9958997
863	445	-5.9964986
824	365	-5.997168
904	175	-5.9973702
377	674	-5.9987073
