x_coord	y_coord	score
70	445	-0.054405063
29	393	-0.15295249
68	441	-0.17918256
64	437	-0.1831344
72	449	-0.21578634
63	441	-0.33522853
31	397	-0.38861647
61	433	-0.39016908
76	451	-0.45166802
90	468	-0.50940514
92	473	-0.52659035
53	421	-0.53201497
28	389	-0.543559
160	560	-0.54728
80	456	-0.58145547
54	425	-0.59589994
81	461	-0.6061758
87	465	-0.6508605
58	429	-0.6920484
164	562	-0.76942956
74	444	-0.7742993
50	418	-0.7835481
101	485	-0.7873075
66	446	-0.80331755
158	556	-0.81868553
149	545	-0.85979027
104	489	-0.86023295
33	401	-0.8665979
86	469	-0.87995124
230	649	-0.89746463
97	481	-0.90830857
129	518	-0.9219288
106	493	-0.9249008
60	438	-0.9283223
34	393	-0.94272006
93	477	-0.9437772
36	398	-0.9465443
25	386	-0.94855106
82	465	-0.9560089
75	455	-0.98528457
147	541	-0.9892062
138	532	-0.99163985
226	647	-0.99767864
69	437	-1.0000384
57	422	-1.002217
66	433	-1.014156
167	566	-1.0225205
142	536	-1.050737
86	461	-1.0523348
208	622	-1.0618937
212	625	-1.0701807
154	548	-1.1023254
110	495	-1.1082026
127	512	-1.1261085
207	618	-1.1337818
155	553	-1.1379027
227	643	-1.148992
29	385	-1.1547412
96	474	-1.1790068
136	528	-1.2003037
50	424	-1.2029918
155	559	-1.2202078
37	402	-1.2267481
94	469	-1.239523
135	524	-1.248595
46	416	-1.2507613
223	641	-1.2538863
77	447	-1.2597513
72	440	-1.2672265
217	633	-1.2840366
234	650	-1.2853893
63	429	-1.286954
40	405	-1.2953988
215	629	-1.2965015
171	569	-1.3100883
80	450	-1.3101343
102	481	-1.3224941
60	425	-1.33112
106	485	-1.3363291
24	390	-1.3396746
77	459	-1.3418214
221	635	-1.3435565
111	500	-1.3497273
54	417	-1.3623543
205	614	-1.3763188
874	472	-1.4033504
184	590	-1.4033902
121	509	-1.4035454
49	413	-1.4056364
212	620	-1.4090474
150	549	-1.416889
133	519	-1.4216118
57	435	-1.4323243
191	596	-1.4341751
163	557	-1.4376246
99	477	-1.4403718
162	566	-1.4485345
32	388	-1.4525713
918	630	-1.458086
71	453	-1.4662951
84	457	-1.4780536
131	523	-1.4787674
231	645	-1.4880469
929	192	-1.4927931
68	450	-1.5013763
99	489	-1.5047352
115	498	-1.5130206
109	489	-1.5159492
44	412	-1.531584
125	516	-1.5316676
887	349	-1.5328989
24	382	-1.5332667
41	401	-1.5370451
146	537	-1.5390649
176	580	-1.5438948
21	385	-1.5481104
168	561	-1.5517987
203	610	-1.5532565
53	429	-1.5542425
927	592	-1.5701386
158	550	-1.5725355
93	482	-1.5780505
187	594	-1.5818125
137	536	-1.585869
875	476	-1.6049961
141	529	-1.6211118
889	343	-1.6236392
87	473	-1.6319488
91	464	-1.6340184
143	540	-1.6477861
27	398	-1.656802
43	408	-1.6578068
117	504	-1.6720582
153	544	-1.6801695
219	639	-1.680522
931	196	-1.685175
915	531	-1.6998676
927	299	-1.703295
216	624	-1.7089266
40	397	-1.7097229
875	466	-1.716035
180	588	-1.7218517
172	578	-1.722249
226	638	-1.7225122
172	573	-1.7287391
96	485	-1.7319859
132	527	-1.7387317
874	480	-1.7397381
34	405	-1.7399943
199	608	-1.7468646
62	445	-1.7477176
845	649	-1.7518961
146	548	-1.7548594
884	345	-1.7600522
113	492	-1.7657751
125	508	-1.7693217
222	645	-1.7704247
931	158	-1.773472
872	526	-1.7896253
195	598	-1.8052537
219	627	-1.8194063
167	571	-1.8333764
158	564	-1.8362535
872	514	-1.846433
107	498	-1.8571627
870	530	-1.8632449
211	616	-1.8650451
131	514	-1.8655846
874	505	-1.8763481
39	410	-1.8765513
29	402	-1.896645
890	352	-1.897228
920	613	-1.8977379
161	553	-1.899069
931	163	-1.9018996
868	547	-1.9044034
918	625	-1.9057965
931	556	-1.9076321
25	394	-1.9103748
872	520	-1.9180624
139	525	-1.9207164
180	582	-1.922499
200	613	-1.9272118
197	604	-1.9318821
45	420	-1.9324757
83	453	-1.9375392
171	564	-1.9490616
881	290	-1.9519567
891	347	-1.9521842
889	337	-1.9553539
874	532	-1.9663637
78	464	-1.9687115
932	548	-1.9692361
914	631	-1.9705526
133	531	-1.9765733
927	587	-1.9839684
151	554	-1.986859
119	500	-1.9880928
858	589	-1.9937322
927	291	-2.006733
61	421	-2.013191
122	513	-2.013616
58	418	-2.0142145
929	154	-2.021919
203	619	-2.0265539
20	381	-2.0276175
931	173	-2.038111
145	533	-2.042072
876	499	-2.0450907
885	341	-2.0454867
871	541	-2.049405
874	495	-2.0504396
929	184	-2.0576317
929	200	-2.066699
930	544	-2.0681627
919	618	-2.0682642
876	528	-2.0733752
873	537	-2.0761294
876	402	-2.0789793
879	294	-2.0857692
910	145	-2.090799
925	280	-2.0919588
884	352	-2.0947592
914	527	-2.1043534
922	609	-2.107333
861	576	-2.1086578
889	331	-2.109408
922	130	-2.110486
934	542	-2.1153457
175	570	-2.1170247
914	636	-2.1203492
189	590	-2.1211457
875	484	-2.1217086
878	470	-2.1220367
931	168	-2.1255727
28	381	-2.1323662
44	404	-2.1328208
873	509	-2.133329
208	611	-2.1361306
876	96	-2.1411269
238	651	-2.1427152
81	469	-2.144845
101	493	-2.145024
111	505	-2.1457398
887	357	-2.1463003
931	567	-2.1468577
860	585	-2.151023
117	494	-2.151251
212	632	-2.1528935
931	572	-2.158895
78	443	-2.1592333
151	540	-2.159805
207	626	-2.172212
115	508	-2.1735787
931	150	-2.1737673
183	585	-2.1737974
878	487	-2.1744337
893	622	-2.1768126
936	524	-2.181224
878	479	-2.1840959
230	640	-2.1867986
922	621	-2.187146
847	620	-2.188753
915	517	-2.1961951
777	58	-2.199494
193	602	-2.2007265
936	536	-2.2008636
137	520	-2.20118
929	577	-2.2022502
59	442	-2.2029872
884	372	-2.2054205
917	610	-2.2082312
879	454	-2.2127209
122	505	-2.2159178
875	491	-2.2206852
90	460	-2.222638
914	641	-2.226194
932	560	-2.226843
222	631	-2.23214
916	615	-2.2339888
896	222	-2.2359686
47	409	-2.23639
899	271	-2.2466767
874	604	-2.2481167
925	275	-2.2484722
144	544	-2.2505429
861	568	-2.2594464
887	422	-2.2595062
38	392	-2.2606716
868	538	-2.2651646
42	417	-2.2668822
912	81	-2.2697377
177	576	-2.2698166
860	580	-2.2751248
797	652	-2.2788308
835	651	-2.2795067
850	81	-2.2809122
65	425	-2.2820745
872	545	-2.2841449
847	631	-2.2857556
931	188	-2.289849
176	586	-2.2898884
888	364	-2.2941802
910	73	-2.295261
938	528	-2.299149
205	651	-2.3010325
914	626	-2.301637
923	119	-2.3037536
139	541	-2.3046503
916	521	-2.3047824
845	635	-2.3056464
883	376	-2.3113303
918	635	-2.3133993
869	534	-2.3150828
931	180	-2.3174694
880	298	-2.322159
925	287	-2.3223271
879	474	-2.32863
872	501	-2.3289433
876	513	-2.3307261
98	470	-2.3414445
884	334	-2.3443637
914	152	-2.3460677
885	368	-2.3463047
934	552	-2.3520422
887	416	-2.3582642
860	572	-2.362768
193	592	-2.363495
225	634	-2.3659842
847	645	-2.366966
891	527	-2.3682096
874	462	-2.3715284
893	627	-2.374509
891	631	-2.3756492
81	635	-2.376017
925	448	-2.3771992
920	122	-2.378221
876	410	-2.3855119
846	71	-2.3895428
871	170	-2.3911653
182	594	-2.3912833
881	392	-2.394976
929	582	-2.3975112
216	619	-2.4057872
89	478	-2.4074142
235	646	-2.4083412
922	626	-2.4096918
924	134	-2.4099467
35	409	-2.4130847
932	538	-2.4199734
926	161	-2.4200466
864	551	-2.4227126
888	169	-2.422923
891	515	-2.4279838
876	523	-2.435782
891	356	-2.4441793
870	154	-2.447155
126	521	-2.4506974
884	363	-2.455549
933	202	-2.4560695
854	602	-2.460389
800	102	-2.4641335
841	61	-2.464135
841	651	-2.4678748
910	153	-2.4683285
202	605	-2.4703522
218	643	-2.4705343
925	115	-2.4732518
188	599	-2.4736135
924	140	-2.4744363
879	449	-2.476145
895	618	-2.4817443
875	207	-2.481769
874	549	-2.4829865
70	432	-2.4853513
865	560	-2.48685
95	465	-2.489096
914	160	-2.493623
891	521	-2.4969196
888	412	-2.4984736
145	528	-2.5021243
923	616	-2.5048044
214	636	-2.5056615
864	37	-2.505795
915	622	-2.5100327
928	433	-2.510604
934	532	-2.5147264
848	624	-2.5154028
865	149	-2.5169892
841	49	-2.5198324
56	439	-2.5205295
872	179	-2.5226336
892	188	-2.524475
23	378	-2.5245318
109	534	-2.5259929
924	126	-2.527707
204	623	-2.528301
875	600	-2.5285072
850	76	-2.5415328
143	524	-2.545326
928	425	-2.5461924
879	356	-2.5463848
53	434	-2.5466802
901	275	-2.5484912
866	651	-2.5491173
879	464	-2.5520086
913	651	-2.5523589
863	556	-2.5533724
933	146	-2.5546272
899	319	-2.5547087
841	56	-2.5553932
199	600	-2.5587692
926	443	-2.5605075
911	149	-2.5607414
89	639	-2.5631785
927	597	-2.5692878
903	343	-2.5713146
869	551	-2.573602
53	412	-2.575493
73	436	-2.5783725
878	352	-2.578461
852	87	-2.5788324
88	456	-2.578922
775	62	-2.581223
85	637	-2.5816524
872	188	-2.584911
881	342	-2.5865645
929	281	-2.5886347
859	593	-2.5902762
899	258	-2.5939813
857	115	-2.595722
81	446	-2.5958374
157	545	-2.5961423
855	592	-2.5988955
927	602	-2.5994384
195	610	-2.6051557
887	427	-2.6052148
846	49	-2.616833
168	575	-2.6197836
864	565	-2.6207967
878	388	-2.6258087
150	536	-2.6264155
921	101	-2.6287935
926	452	-2.6294556
927	307	-2.6298504
848	639	-2.6315348
903	121	-2.6325793
910	140	-2.6330507
220	623	-2.6359851
881	380	-2.6361327
892	202	-2.6371388
851	618	-2.6390953
921	114	-2.640338
929	271	-2.642008
862	33	-2.6475995
872	174	-2.6484509
876	394	-2.6487293
846	61	-2.654956
890	368	-2.6600194
876	172	-2.6627047
852	610	-2.6650438
877	535	-2.6661024
885	445	-2.6661499
877	102	-2.666733
878	494	-2.6697366
30	406	-2.6761746
918	640	-2.6765914
856	598	-2.678456
927	123	-2.6797173
879	302	-2.6806707
880	346	-2.6815743
869	476	-2.6821544
889	531	-2.6823063
904	125	-2.682647
693	652	-2.6902883
90	643	-2.6909828
793	653	-2.6937842
909	77	-2.6954618
44	398	-2.6961632
928	314	-2.6995003
938	520	-2.7008798
874	454	-2.702466
886	408	-2.7032084
867	542	-2.7042124
903	363	-2.7057474
855	606	-2.7075984
854	62	-2.7081194
231	653	-2.7117188
917	644	-2.718696
926	144	-2.7192328
890	360	-2.719488
891	636	-2.723949
133	537	-2.724701
234	642	-2.727542
225	651	-2.728055
884	328	-2.728535
187	586	-2.733332
913	86	-2.735222
842	72	-2.7365794
881	369	-2.7397175
911	532	-2.7399604
209	650	-2.746739
206	607	-2.7472155
192	606	-2.7486293
913	618	-2.7501965
867	555	-2.7514863
918	528	-2.752905
922	631	-2.7534413
919	606	-2.757511
73	460	-2.7605922
888	373	-2.7616756
876	109	-2.7624085
167	556	-2.76265
922	284	-2.765839
927	148	-2.7665682
147	552	-2.7666829
876	290	-2.7673962
106	480	-2.767601
929	276	-2.7699142
864	571	-2.7741127
908	651	-2.7774582
850	69	-2.779137
887	154	-2.7851112
881	406	-2.785575
910	635	-2.7885206
880	399	-2.7901316
860	564	-2.7934291
913	612	-2.7935615
871	162	-2.7952344
875	542	-2.7960157
932	528	-2.7960746
925	155	-2.7991269
878	113	-2.799868
852	97	-2.8022828
880	260	-2.8041608
871	485	-2.80599
896	217	-2.806468
936	546	-2.8111076
913	646	-2.8111458
875	517	-2.8117542
20	389	-2.8153255
101	473	-2.8156896
75	627	-2.8179257
888	327	-2.8180077
198	595	-2.818072
19	377	-2.8190267
880	338	-2.8235493
901	267	-2.8260908
103	497	-2.8277164
879	286	-2.8283353
98	597	-2.830291
878	503	-2.8305693
881	271	-2.830594
865	61	-2.8307428
173	583	-2.8335145
48	405	-2.8346083
908	69	-2.835
76	439	-2.8359869
902	323	-2.8367019
900	331	-2.8369215
932	523	-2.8371007
887	433	-2.8372617
63	449	-2.8383393
901	290	-2.839671
938	540	-2.8398404
878	445	-2.8447535
893	508	-2.8449068
907	64	-2.8464062
914	90	-2.8466299
871	468	-2.84729
913	156	-2.8497112
73	631	-2.8514361
846	80	-2.8534071
881	385	-2.8548596
852	622	-2.8579473
901	30	-2.8579922
804	100	-2.8620644
929	130	-2.8635633
903	356	-2.8666704
930	534	-2.867612
110	484	-2.8719056
931	505	-2.8748891
208	630	-2.875637
221	649	-2.8797112
929	551	-2.8806
203	601	-2.8810863
924	271	-2.882255
689	653	-2.8834097
845	627	-2.8873358
916	132	-2.8876805
874	80	-2.8909094
857	109	-2.8964992
782	58	-2.8988423
163	570	-2.898866
869	150	-2.8997605
875	418	-2.901094
934	509	-2.905661
879	441	-2.9087164
201	650	-2.911409
49	428	-2.9115176
928	118	-2.9125614
927	608	-2.9134216
888	384	-2.9143994
875	296	-2.916016
113	535	-2.9193006
928	417	-2.9196734
884	388	-2.9216905
922	603	-2.9226544
899	307	-2.9228
68	428	-2.9237075
936	516	-2.923768
861	112	-2.9255
178	592	-2.9256284
919	118	-2.9277253
870	166	-2.9320552
897	609	-2.9351664
892	334	-2.9355078
919	80	-2.9368527
810	100	-2.9368567
915	546	-2.9373705
84	641	-2.9380112
895	632	-2.9381032
903	371	-2.9384973
875	458	-2.940079
879	414	-2.94245
859	36	-2.9445028
931	589	-2.9450796
943	225	-2.9474423
77	633	-2.950444
880	483	-2.9517884
925	459	-2.9536126
129	530	-2.953829
926	295	-2.9542854
875	406	-2.9549239
905	129	-2.9558754
879	374	-2.9578326
926	438	-2.9582148
902	302	-2.9593658
199	640	-2.961245
57	414	-2.9670286
87	452	-2.9700387
897	247	-2.9726202
223	626	-2.9733586
210	592	-2.9747174
928	359	-2.9752042
93	640	-2.9758096
860	559	-2.9765484
875	168	-2.976631
128	526	-2.9800644
870	290	-2.982872
914	509	-2.9847085
902	311	-2.985399
889	624	-2.9860046
886	290	-2.987039
928	303	-2.9873054
899	281	-2.9879565
934	154	-2.9883976
882	410	-2.9912736
910	627	-2.992769
796	100	-2.9929342
874	203	-2.9949195
931	206	-2.9969006
84	449	-2.9983635
53	548	-2.9987428
883	453	-2.9996204
868	569	-3.0018392
195	636	-3.0025632
885	440	-3.0027297
863	80	-3.0035272
138	653	-3.0056586
203	641	-3.006004
899	251	-3.0078216
121	496	-3.0081577
880	98	-3.0102615
904	44	-3.010274
57	545	-3.010491
950	374	-3.011829
880	422	-3.0122435
131	638	-3.0135899
873	184	-3.0170064
856	85	-3.0170865
894	208	-3.0182822
893	339	-3.020378
130	509	-3.0227091
931	513	-3.0244334
863	142	-3.0251827
883	415	-3.027751
904	36	-3.027845
184	581	-3.0312521
93	596	-3.0395756
172	560	-3.0404358
915	100	-3.0404963
895	613	-3.0445807
105	533	-3.0448692
897	235	-3.0456538
874	194	-3.0461164
181	578	-3.0464933
800	97	-3.046633
215	640	-3.0488315
885	558	-3.0493343
918	128	-3.0494766
934	192	-3.0497444
872	97	-3.0529964
932	518	-3.0543864
184	598	-3.0581138
922	593	-3.0597005
907	137	-3.0602067
920	97	-3.0609417
877	362	-3.062308
903	335	-3.0634153
885	400	-3.0638099
897	289	-3.0652397
916	83	-3.0652616
848	86	-3.068087
111	530	-3.0684943
38	414	-3.0692816
864	579	-3.0711098
853	49	-3.0714211
921	109	-3.0716321
903	327	-3.0725317
858	31	-3.074777
847	615	-3.077054
792	102	-3.0770674
864	586	-3.0776262
80	639	-3.0777147
927	137	-3.0782614
877	508	-3.0785005
130	534	-3.0794067
93	499	-3.079658
899	263	-3.0802252
881	360	-3.080753
159	569	-3.0866055
761	65	-3.086986
864	647	-3.0903697
123	501	-3.0905282
841	68	-3.0907521
863	96	-3.0914547
113	487	-3.0922806
928	177	-3.09241
936	505	-3.0929842
51	408	-3.0951602
678	653	-3.097099
893	607	-3.0975218
767	57	-3.1018798
867	644	-3.1027954
910	640	-3.1047492
929	563	-3.105089
94	644	-3.1055133
921	289	-3.1066222
878	547	-3.10706
914	144	-3.108175
38	559	-3.1096847
162	549	-3.1100726
114	626	-3.1102982
886	322	-3.1110005
880	306	-3.1118395
916	513	-3.1135893
881	265	-3.1143317
870	78	-3.1150196
876	211	-3.1152153
898	33	-3.1168175
33	384	-3.1168187
930	143	-3.1173089
905	142	-3.117524
887	162	-3.1177578
16	380	-3.1201758
854	103	-3.120628
926	429	-3.1260216
749	77	-3.1262634
865	156	-3.1268613
934	564	-3.1294544
863	57	-3.1297
888	628	-3.131993
906	74	-3.134051
888	550	-3.1347818
52	544	-3.1358511
840	37	-3.140489
914	166	-3.1410468
861	49	-3.1426277
867	161	-3.142759
767	62	-3.144352
94	461	-3.1462765
920	136	-3.147226
928	351	-3.1490593
89	634	-3.1503818
931	497	-3.1522267
904	117	-3.1524017
850	64	-3.1525972
17	384	-3.1532676
928	321	-3.1536174
927	573	-3.1565363
870	605	-3.1570795
895	407	-3.1585815
136	516	-3.1587608
944	221	-3.161325
914	535	-3.16211
858	80	-3.163599
925	465	-3.1688998
87	586	-3.1699195
154	563	-3.1724503
879	434	-3.1738544
879	426	-3.177835
900	339	-3.1782634
883	396	-3.1787891
934	501	-3.1813812
868	564	-3.1860712
151	560	-3.1890109
132	642	-3.1892574
889	641	-3.1907465
229	635	-3.1911767
771	60	-3.191947
189	603	-3.1961186
868	472	-3.1968763
891	617	-3.1969368
886	296	-3.1974437
891	177	-3.19787
899	299	-3.1984315
927	557	-3.1985607
865	53	-3.1998591
855	69	-3.200287
191	626	-3.2005296
196	614	-3.2014165
935	198	-3.2018704
870	620	-3.20191
870	481	-3.2076697
925	612	-3.2077777
110	538	-3.208196
877	181	-3.2111151
884	419	-3.2112203
928	540	-3.2127678
922	160	-3.2130325
874	91	-3.2140853
935	165	-3.2143717
67	454	-3.2164276
849	651	-3.216726
70	457	-3.2226334
672	651	-3.222993
926	421	-3.2270644
776	67	-3.2279305
851	53	-3.2282574
140	545	-3.2286797
400	652	-3.2287002
885	150	-3.2310822
34	439	-3.2310934
239	647	-3.231165
184	617	-3.232322
886	310	-3.2339263
928	267	-3.2370238
873	199	-3.2378564
213	651	-3.2378707
864	546	-3.237879
915	148	-3.2396677
142	652	-3.2396781
117	512	-3.2420447
110	618	-3.2457492
862	590	-3.2465687
889	511	-3.2467668
30	434	-3.2479618
909	647	-3.2482002
931	124	-3.2483692
890	209	-3.2509546
88	649	-3.2515514
903	348	-3.253323
880	458	-3.2538676
873	612	-3.2549427
217	647	-3.2564292
802	652	-3.2578444
881	331	-3.2584615
920	599	-3.258677
47	401	-3.2591505
928	367	-3.262867
914	497	-3.2651117
903	315	-3.2657654
119	626	-3.2676928
904	133	-3.2678115
155	567	-3.2679625
89	593	-3.2691731
864	29	-3.2696533
895	269	-3.2707846
900	37	-3.2709496
914	607	-3.2711496
873	390	-3.272893
929	114	-3.2741106
884	449	-3.27551
928	412	-3.2759259
909	84	-3.2770574
74	636	-3.278011
193	640	-3.2784166
889	650	-3.2787707
841	44	-3.283878
149	532	-3.2855716
927	568	-3.2868774
933	210	-3.2869549
887	634	-3.2884545
860	552	-3.2886047
891	611	-3.288855
905	648	-3.2907834
859	61	-3.2918334
94	636	-3.2923512
903	379	-3.292983
920	85	-3.2950673
121	517	-3.2975228
84	632	-3.2994747
922	298	-3.2995121
106	502	-3.2997706
127	504	-3.300232
103	595	-3.3007977
82	473	-3.305067
85	501	-3.305625
31	410	-3.3061569
769	67	-3.3070097
56	551	-3.309319
922	151	-3.309833
179	572	-3.310434
895	637	-3.3111963
882	468	-3.3124528
922	145	-3.3126493
898	27	-3.3152175
199	617	-3.3175242
914	96	-3.320228
188	619	-3.321265
938	512	-3.3219678
889	536	-3.322271
896	231	-3.3230178
62	560	-3.3255363
872	115	-3.3269453
880	365	-3.3299913
32	424	-3.3325012
858	104	-3.3335426
174	590	-3.3342214
197	591	-3.3358376
851	605	-3.3375382
242	650	-3.337816
156	541	-3.337894
889	405	-3.3393183
786	59	-3.3404965
168	580	-3.341573
881	253	-3.3418021
31	573	-3.3421667
911	550	-3.3435779
936	556	-3.3457015
895	259	-3.347552
881	247	-3.3480272
934	176	-3.3486025
797	105	-3.3489904
950	380	-3.3491788
62	545	-3.3517044
931	430	-3.3523326
870	558	-3.3536875
122	535	-3.3537927
853	297	-3.3545492
890	173	-3.3549182
874	300	-3.355723
919	524	-3.3563719
854	112	-3.3596807
34	557	-3.3603497
920	105	-3.3629432
862	652	-3.363938
903	113	-3.3640187
187	630	-3.3650987
44	424	-3.3651264
875	450	-3.3656237
121	651	-3.367024
928	345	-3.367269
900	407	-3.3672879
235	654	-3.3674338
877	368	-3.3681152
901	617	-3.369274
853	91	-3.3700042
877	343	-3.3724377
891	184	-3.3728545
15	376	-3.373847
931	297	-3.373858
898	210	-3.3741364
873	553	-3.3782003
191	631	-3.378227
884	300	-3.3802383
866	68	-3.383814
890	323	-3.3843825
153	573	-3.3870745
929	286	-3.3873632
196	631	-3.3875651
812	652	-3.388393
880	108	-3.3918297
154	537	-3.3920496
882	115	-3.3941467
136	639	-3.394684
900	108	-3.394862
853	614	-3.3958166
791	97	-3.3958902
6	361	-3.3963861
862	116	-3.3964026
212	647	-3.39817
875	163	-3.3993468
942	524	-3.4003215
925	110	-3.4005482
898	324	-3.4006703
212	612	-3.4014208
914	77	-3.4029744
192	587	-3.4047627
113	649	-3.4053142
923	303	-3.4059289
763	59	-3.407059
903	40	-3.4076614
898	303	-3.4107082
146	653	-3.4110334
802	92	-3.4116654
889	313	-3.4118705
847	610	-3.411947
226	630	-3.4122221
899	44	-3.412998
110	625	-3.4141624
895	331	-3.4143798
104	476	-3.41624
880	498	-3.4179204
82	497	-3.418039
931	134	-3.4182546
850	59	-3.4227426
165	552	-3.425807
868	522	-3.4269247
916	137	-3.4272895
868	180	-3.427492
353	651	-3.4276373
928	375	-3.4284713
106	617	-3.4296043
881	282	-3.4296136
911	623	-3.4297397
925	561	-3.4333763
207	642	-3.4340744
918	194	-3.4358346
877	384	-3.4359453
885	547	-3.436452
927	384	-3.437222
27	377	-3.4372704
917	73	-3.4374862
920	90	-3.4392002
885	166	-3.4401164
927	166	-3.441105
929	461	-3.4444776
73	622	-3.4444818
870	506	-3.4474556
924	265	-3.4479194
904	109	-3.4484177
862	76	-3.4494345
83	491	-3.449786
896	255	-3.4509466
877	176	-3.452607
888	272	-3.4526882
900	65	-3.45321
209	635	-3.4538407
37	388	-3.4550567
773	56	-3.4556985
37	442	-3.4573174
148	511	-3.4574664
42	393	-3.4575808
890	193	-3.457683
870	90	-3.4595997
908	132	-3.461634
142	549	-3.4622943
906	639	-3.4636033
177	616	-3.4652343
929	509	-3.4664063
80	630	-3.4666083
872	108	-3.4681706
930	439	-3.4698718
872	403	-3.4705215
868	113	-3.4749885
884	430	-3.4775667
187	625	-3.4780211
215	615	-3.4807239
817	652	-3.4809647
175	565	-3.4815357
846	55	-3.48224
130	633	-3.4822845
876	190	-3.4824746
151	577	-3.482544
901	415	-3.4828496
55	536	-3.4829612
862	88	-3.4832864
875	217	-3.4840057
117	534	-3.4850507
862	130	-3.4854586
697	651	-3.4866204
882	311	-3.4868138
205	646	-3.4875908
903	138	-3.4882216
926	620	-3.4891663
929	325	-3.490861
925	102	-3.4913843
882	437	-3.4916992
755	67	-3.4921374
202	597	-3.4921596
107	529	-3.4926176
888	390	-3.4931443
923	81	-3.4936402
856	584	-3.4942498
859	53	-3.4949865
881	525	-3.4961162
885	553	-3.4984255
100	601	-3.4989293
897	624	-3.5017982
126	536	-3.5019586
930	355	-3.505324
122	646	-3.5061538
875	608	-3.5066803
948	282	-3.5068178
91	587	-3.5077646
131	646	-3.5088816
868	296	-3.5089579
94	649	-3.5096867
134	652	-3.5096881
879	169	-3.50974
919	590	-3.5103714
81	562	-3.5110738
898	69	-3.5114613
929	446	-3.5124488
904	652	-3.512986
197	651	-3.5163941
917	602	-3.5172775
885	642	-3.517599
932	435	-3.5187805
879	234	-3.5194237
888	396	-3.5198512
202	637	-3.5198815
906	60	-3.5203478
919	532	-3.5223722
871	616	-3.5225377
79	643	-3.5232718
89	598	-3.5233505
52	438	-3.5264115
857	100	-3.5265126
911	65	-3.5267375
856	73	-3.5280242
923	164	-3.5280793
846	66	-3.5298216
854	79	-3.5309265
684	652	-3.5319624
51	402	-3.5327675
97	639	-3.5361943
116	538	-3.5370533
883	652	-3.5379746
901	611	-3.5387435
944	216	-3.5392845
930	453	-3.5411782
742	67	-3.5423005
877	569	-3.5424364
903	387	-3.542661
78	493	-3.5427966
902	103	-3.5453136
136	646	-3.5483162
905	48	-3.551202
934	142	-3.551295
876	596	-3.5532732
55	541	-3.5547514
919	518	-3.555155
868	173	-3.5552716
893	273	-3.5572467
833	58	-3.5597694
47	536	-3.5612833
862	69	-3.561544
840	76	-3.5619981
900	420	-3.5625079
875	154	-3.5637321
154	589	-3.5652058
814	98	-3.5682006
12	369	-3.5683324
58	446	-3.5700085
89	497	-3.570116
926	106	-3.5713663
946	275	-3.5719743
207	603	-3.5724902
915	551	-3.5748608
530	651	-3.576299
867	484	-3.5763276
124	546	-3.5774963
904	27	-3.580075
857	47	-3.5808134
858	120	-3.5812
850	635	-3.5835152
921	279	-3.5857568
164	574	-3.5861866
426	662	-3.5862014
842	630	-3.5895278
910	615	-3.5905926
48	432	-3.5906637
97	593	-3.590809
931	489	-3.5909839
123	539	-3.5917299
893	496	-3.5925148
899	60	-3.5938
779	64	-3.5964305
851	630	-3.5966117
881	276	-3.5983562
907	148	-3.601492
77	468	-3.6037564
879	640	-3.6057515
844	642	-3.6086402
890	380	-3.6130924
900	285	-3.6132376
883	172	-3.6133082
784	98	-3.6146877
892	168	-3.6148622
929	493	-3.6166918
894	30	-3.617144
92	536	-3.6182873
865	575	-3.618665
110	509	-3.6193738
60	549	-3.6205037
893	503	-3.6219015
903	256	-3.6232295
786	652	-3.6242163
878	539	-3.627399
79	500	-3.6290872
882	324	-3.629806
929	501	-3.6300747
926	363	-3.6302109
931	254	-3.6311855
923	589	-3.6319003
918	161	-3.6334982
60	556	-3.6379464
912	128	-3.6389942
917	539	-3.6418931
889	319	-3.6427693
101	638	-3.6429102
8	366	-3.6445975
808	106	-3.646275
918	594	-3.6486447
157	577	-3.651647
858	603	-3.6517644
873	230	-3.6544812
854	588	-3.6553874
118	490	-3.6557097
917	287	-3.6566324
93	542	-3.6571722
93	632	-3.6575131
86	505	-3.6578357
870	69	-3.6589055
879	543	-3.6597881
4	357	-3.6611097
869	609	-3.6617978
92	487	-3.662329
910	161	-3.662766
950	366	-3.6630812
943	232	-3.6637578
927	392	-3.6643627
43	534	-3.6646779
765	66	-3.6648169
888	158	-3.667467
898	315	-3.6676383
868	301	-3.6680355
929	212	-3.6688013
32	430	-3.670671
914	504	-3.671611
888	495	-3.6726043
33	414	-3.6758249
118	648	-3.676385
888	542	-3.6781602
868	74	-3.6786418
214	596	-3.6801493
747	67	-3.681532
900	98	-3.6838503
928	337	-3.685974
869	517	-3.6860306
919	305	-3.6892898
874	398	-3.6895056
889	247	-3.6898527
887	189	-3.6913304
52	552	-3.6922166
35	574	-3.6923857
898	82	-3.6962757
883	529	-3.6968164
49	547	-3.6973586
31	496	-3.697482
933	576	-3.697713
66	562	-3.6985583
856	96	-3.6990259
863	104	-3.700484
878	186	-3.7010264
887	136	-3.7024343
899	347	-3.703308
860	599	-3.7043014
872	210	-3.7063947
893	249	-3.707575
107	602	-3.7078717
895	343	-3.7090669
199	646	-3.7094765
902	367	-3.7099018
115	529	-3.710078
931	465	-3.7106502
871	490	-3.7117424
211	641	-3.7129738
86	590	-3.7137303
918	153	-3.713811
918	187	-3.7146893
934	184	-3.7150815
106	537	-3.7158175
912	42	-3.7178092
135	542	-3.718421
892	328	-3.7190495
905	32	-3.7192216
126	493	-3.7200153
103	528	-3.7209792
113	525	-3.7213726
55	443	-3.7225962
158	573	-3.723025
189	636	-3.7240136
146	507	-3.7246552
188	582	-3.7250612
870	83	-3.7251914
925	580	-3.725193
949	386	-3.7273116
933	128	-3.7289937
933	138	-3.729343
895	18	-3.7297013
151	569	-3.7309735
943	208	-3.7316053
882	478	-3.7316291
191	616	-3.7318084
879	531	-3.7325168
924	98	-3.7330682
135	512	-3.7336628
929	263	-3.7349267
868	587	-3.7349534
788	100	-3.7356393
867	107	-3.7361546
894	386	-3.73723
82	487	-3.737799
897	227	-3.7380402
936	496	-3.7389615
395	652	-3.7394242
902	352	-3.7408383
70	635	-3.743505
181	614	-3.745404
861	84	-3.7472332
153	581	-3.747589
773	71	-3.7478843
862	124	-3.748873
41	421	-3.7489114
108	613	-3.7495546
905	56	-3.7496002
18	373	-3.7496467
775	101	-3.7496834
900	48	-3.7513025
860	296	-3.7520282
862	100	-3.7530541
911	37	-3.7544174
944	248	-3.7553635
895	62	-3.756447
896	201	-3.75649
856	611	-3.7568183
932	423	-3.7594876
946	377	-3.7598891
892	197	-3.761435
873	103	-3.7633193
26	405	-3.7635465
863	134	-3.7635498
862	138	-3.7648625
98	634	-3.7658763
927	379	-3.766943
909	631	-3.769409
72	481	-3.7694888
878	79	-3.7697499
884	318	-3.77022
94	505	-3.7703333
86	582	-3.7715108
192	621	-3.7722344
85	597	-3.7724807
896	486	-3.7737467
894	415	-3.7737756
831	652	-3.7746537
86	645	-3.775019
910	655	-3.7761917
109	647	-3.776483
860	547	-3.7765045
924	477	-3.7788248
43	559	-3.7795625
886	379	-3.7797215
910	544	-3.7803056
927	371	-3.7807233
879	516	-3.781635
896	390	-3.782012
389	652	-3.7820175
917	93	-3.7830508
916	104	-3.7830834
869	62	-3.7832484
803	105	-3.7835157
51	537	-3.7852352
87	493	-3.7853138
71	626	-3.7856238
779	54	-3.7864242
54	405	-3.7890894
935	171	-3.790317
95	490	-3.7912714
209	596	-3.792533
932	443	-3.7932658
104	599	-3.79356
887	525	-3.7941005
899	355	-3.796822
126	635	-3.797979
916	124	-3.7985935
105	649	-3.7988849
89	483	-3.7991793
923	469	-3.7994547
777	72	-3.7997265
54	558	-3.8029504
895	46	-3.804627
862	108	-3.808028
98	497	-3.8080645
903	306	-3.8101358
887	181	-3.811491
900	90	-3.8128614
912	184	-3.8134446
10	373	-3.8139231
890	400	-3.8140085
806	96	-3.815256
888	285	-3.8155885
886	305	-3.8176155
33	551	-3.8179867
873	235	-3.8198419
56	601	-3.820484
40	578	-3.820657
882	30	-3.821945
927	172	-3.8227248
883	425	-3.823018
75	618	-3.8238797
917	649	-3.8259594
901	72	-3.8262284
76	603	-3.8262782
906	80	-3.8284094
62	417	-3.8297741
899	428	-3.8303206
125	497	-3.830653
915	113	-3.8309572
929	469	-3.8311653
872	589	-3.8313084
39	555	-3.8318415
22	374	-3.832407
76	640	-3.8326626
837	57	-3.8328876
900	402	-3.8344944
926	196	-3.8344944
838	71	-3.8363929
866	289	-3.8370197
107	596	-3.8385036
871	601	-3.8396869
930	341	-3.8400507
885	251	-3.8400526
935	160	-3.840427
797	92	-3.841742
861	288	-3.84186
45	577	-3.842571
75	487	-3.8429956
897	86	-3.8431094
920	141	-3.8442767
159	589	-3.84462
899	361	-3.8458054
876	438	-3.8466797
931	317	-3.8475897
931	457	-3.8478582
868	190	-3.8479452
884	286	-3.8483698
916	493	-3.8525798
159	581	-3.8530133
102	609	-3.8537176
853	107	-3.8539321
6	370	-3.8544862
898	21	-3.8556457
81	574	-3.8560126
29	415	-3.8566074
130	651	-3.8574185
95	601	-3.8591518
853	31	-3.8599172
918	283	-3.8604152
32	419	-3.8612835
48	397	-3.8616061
841	634	-3.8618739
854	118	-3.8619528
199	634	-3.8624704
902	375	-3.862723
5	353	-3.8631794
804	88	-3.8640714
150	528	-3.8643146
792	90	-3.8644297
845	76	-3.8648474
99	587	-3.8651335
904	272	-3.8655663
948	294	-3.865847
829	46	-3.8667336
95	589	-3.8680882
880	93	-3.8693736
922	77	-3.8696947
843	622	-3.8698366
885	515	-3.8707569
923	94	-3.8707774
881	103	-3.8721812
888	507	-3.8723772
938	500	-3.8733335
91	546	-3.8741996
934	224	-3.8746142
883	257	-3.8758636
148	557	-3.8758981
896	335	-3.8806221
880	208	-3.8808987
111	603	-3.8817065
949	370	-3.8823829
195	627	-3.884623
85	560	-3.8862529
909	45	-3.8864524
923	567	-3.8868017
902	383	-3.8875754
931	594	-3.8903193
910	89	-3.8904986
920	275	-3.8917358
858	66	-3.8924139
90	503	-3.8926623
74	465	-3.8927615
883	156	-3.8930688
925	190	-3.89556
929	396	-3.8960931
883	134	-3.896284
865	47	-3.8982565
884	464	-3.8990297
153	533	-3.8990335
914	555	-3.9004247
784	67	-3.9005404
849	90	-3.901043
871	146	-3.9011788
922	230	-3.9014547
68	601	-3.9021842
862	41	-3.9024262
890	222	-3.9036822
874	414	-3.9039433
38	424	-3.9054465
884	562	-3.9061434
876	117	-3.9071455
787	95	-3.9073513
940	507	-3.9094567
913	190	-3.9114735
860	27	-3.9128206
888	301	-3.9141018
901	24	-3.9170852
139	643	-3.9181483
894	394	-3.9203475
907	41	-3.9206433
203	627	-3.9227793
99	513	-3.9231455
876	348	-3.9236965
140	647	-3.9242172
903	297	-3.9248657
932	301	-3.9252243
189	609	-3.925377
868	98	-3.9256215
853	626	-3.92564
880	227	-3.9259171
879	599	-3.9260077
58	597	-3.926762
63	541	-3.9268475
912	271	-3.9270499
904	52	-3.9276881
125	650	-3.9278831
837	645	-3.9283392
109	524	-3.9285655
833	50	-3.9290502
107	506	-3.9295106
942	516	-3.930917
879	648	-3.9342327
850	37	-3.935836
629	661	-3.9363942
30	492	-3.9381313
4	365	-3.9384055
170	591	-3.9395363
164	579	-3.94432
148	566	-3.9447348
107	513	-3.9457645
909	55	-3.9457872
855	57	-3.9467978
173	614	-3.9469187
125	531	-3.9478774
28	423	-3.9480846
863	65	-3.9485667
418	662	-3.9498858
923	572	-3.951489
814	92	-3.951544
160	593	-3.9525118
907	643	-3.9525654
77	564	-3.953495
858	92	-3.954044
881	180	-3.956769
783	62	-3.958983
911	524	-3.9593747
70	477	-3.959613
848	98	-3.9597156
892	289	-3.95995
898	464	-3.960677
867	32	-3.96101
944	253	-3.9625876
933	216	-3.9628544
238	643	-3.9648502
49	556	-3.9676473
204	631	-3.9683735
96	534	-3.9692214
874	150	-3.9711232
76	608	-3.9717388
687	664	-3.972955
884	109	-3.9752605
879	243	-3.9781265
869	510	-3.9781654
868	578	-3.9790037
893	36	-3.9801342
929	388	-3.9811866
99	466	-3.9828837
920	269	-3.9844108
233	637	-3.9850774
912	136	-3.9853842
200	622	-3.9861116
150	652	-3.9879627
878	430	-3.9881198
927	547	-3.9884212
34	578	-3.98901
880	644	-3.9894855
860	648	-3.9896204
855	37	-3.9900784
35	498	-3.9904811
124	626	-3.992771
21	393	-3.9928675
138	635	-3.9942493
881	491	-3.995476
874	619	-3.9957848
881	189	-3.9969895
940	532	-3.997788
927	29	-3.997952
790	106	-3.9981666
898	594	-3.9990726
739	70	-3.999312
24	401	-4.0003037
867	87	-4.000439
123	489	-4.0026555
919	488	-4.0031824
80	602	-4.0037684
929	485	-4.00444
882	550	-4.0057387
170	586	-4.006459
931	311	-4.0066876
813	105	-4.007679
876	84	-4.008076
114	621	-4.0084085
758	79	-4.008576
37	418	-4.008733
837	48	-4.0108504
904	68	-4.011196
120	530	-4.0112963
890	29	-4.012303
900	230	-4.0129094
875	76	-4.01315
920	263	-4.014045
142	520	-4.016436
907	122	-4.016745
152	585	-4.0204306
932	248	-4.020544
893	411	-4.021365
30	555	-4.023096
853	286	-4.0233836
871	134	-4.0235267
867	526	-4.023551
183	626	-4.023606
896	478	-4.023781
851	599	-4.0248456
27	409	-4.025535
895	321	-4.026202
91	559	-4.0266967
217	652	-4.027076
69	462	-4.02931
59	540	-4.030352
867	145	-4.031021
66	618	-4.03257
83	578	-4.03266
897	40	-4.0327106
926	498	-4.032817
126	644	-4.033461
900	118	-4.036004
924	86	-4.036144
874	557	-4.0361547
797	661	-4.036576
898	15	-4.0374484
854	365	-4.037634
888	200	-4.038487
74	561	-4.0388265
928	329	-4.0392942
70	468	-4.0395103
82	442	-4.0405846
148	503	-4.040838
913	658	-4.043414
890	308	-4.0439544
154	517	-4.0439763
885	648	-4.0443172
935	491	-4.0448637
889	546	-4.045006
886	146	-4.0471816
862	153	-4.0481024
38	438	-4.048752
936	149	-4.0500526
892	218	-4.0501246
7	399	-4.051169
185	613	-4.0519156
525	670	-4.052226
206	638	-4.0532594
33	443	-4.055365
884	206	-4.0558653
12	379	-4.0578165
175	610	-4.0579205
126	542	-4.0579605
867	582	-4.0579796
847	604	-4.057981
901	128	-4.0582848
179	597	-4.0584373
873	422	-4.0584764
102	590	-4.0610914
98	648	-4.0617933
65	557	-4.0620856
890	419	-4.062786
918	201	-4.063154
824	91	-4.0645266
931	363	-4.0655417
910	61	-4.06575
41	563	-4.066357
12	364	-4.0672884
155	593	-4.069047
71	639	-4.0690646
946	367	-4.0697966
875	284	-4.0699644
864	539	-4.0699883
897	277	-4.0701547
748	81	-4.0704494
807	653	-4.0705767
63	553	-4.0712
149	582	-4.0724773
184	622	-4.0727715
94	513	-4.073641
210	600	-4.0739827
94	628	-4.074038
870	494	-4.074727
897	412	-4.0776467
117	652	-4.0795383
115	602	-4.0807915
885	314	-4.08085
891	61	-4.0817285
838	64	-4.081831
655	671	-4.0823255
152	521	-4.0829754
932	350	-4.084404
180	619	-4.085595
841	639	-4.085611
29	569	-4.0879946
166	593	-4.088096
784	74	-4.089641
897	602	-4.089986
88	509	-4.090325
898	424	-4.090448
888	620	-4.090489
81	647	-4.091022
925	473	-4.0920057
127	639	-4.0929556
909	30	-4.0933404
872	383	-4.0935154
93	457	-4.093553
878	202	-4.0947094
880	153	-4.0954757
916	69	-4.0978484
867	169	-4.097904
916	654	-4.0982823
928	530	-4.0984807
944	243	-4.099183
901	245	-4.0994496
919	543	-4.1005244
914	118	-4.1021576
872	409	-4.104578
889	205	-4.104721
196	643	-4.104921
929	109	-4.106025
881	165	-4.106718
13	407	-4.106718
41	524	-4.107163
74	491	-4.1093564
829	60	-4.1094494
887	454	-4.1096253
895	309	-4.1109447
871	206	-4.111048
918	507	-4.111067
872	597	-4.111515
102	501	-4.111761
46	551	-4.112643
29	506	-4.1126857
902	411	-4.1142473
744	77	-4.1143904
29	427	-4.114526
900	214	-4.1146603
843	616	-4.1158137
946	259	-4.1161504
921	156	-4.117858
111	598	-4.118957
886	185	-4.1200166
83	566	-4.1210957
519	633	-4.12121
154	511	-4.1213417
946	326	-4.1216025
48	543	-4.1222887
891	66	-4.122844
211	608	-4.1250567
121	543	-4.125689
932	415	-4.1257415
111	629	-4.127515
51	444	-4.1281676
31	501	-4.1296606
880	320	-4.1335444
863	658	-4.134818
869	185	-4.135191
657	663	-4.135631
81	582	-4.1366096
128	500	-4.136929
81	598	-4.13731
859	608	-4.138502
879	218	-4.138869
864	92	-4.1391277
909	611	-4.139757
896	382	-4.1402555
910	528	-4.1402698
59	535	-4.1410756
810	662	-4.141174
894	430	-4.141437
897	242	-4.1414747
911	516	-4.1415296
77	558	-4.142446
77	623	-4.142851
931	292	-4.144319
91	453	-4.144625
929	479	-4.145861
77	435	-4.147472
898	295	-4.147486
894	491	-4.147767
914	108	-4.148112
936	244	-4.148684
935	568	-4.148869
876	587	-4.149456
161	544	-4.152623
863	643	-4.152744
867	656	-4.153685
99	605	-4.1545243
869	94	-4.155146
405	652	-4.1559668
776	76	-4.1565537
4	349	-4.15697
808	671	-4.1573315
890	229	-4.1576233
929	402	-4.158955
185	577	-4.160098
914	489	-4.1605773
857	577	-4.161289
905	86	-4.161824
78	472	-4.162612
884	457	-4.1628194
886	479	-4.1636815
773	117	-4.165013
790	58	-4.165863
947	342	-4.166455
921	442	-4.1665173
29	438	-4.1667233
871	457	-4.1683645
927	408	-4.1694913
930	36	-4.1699963
32	380	-4.170586
42	574	-4.1720796
896	398	-4.1721196
808	92	-4.172801
948	271	-4.174161
852	359	-4.1741934
146	521	-4.1746078
959	81	-4.176367
881	507	-4.1778836
45	530	-4.17806
940	495	-4.179041
883	566	-4.180378
896	370	-4.1810493
877	272	-4.1815157
108	517	-4.1822314
32	512	-4.1832104
113	541	-4.1834745
860	365	-4.184014
872	226	-4.1840487
948	302	-4.1851373
69	630	-4.1852407
949	290	-4.1853676
69	424	-4.185499
206	593	-4.187316
894	24	-4.18761
894	265	-4.1879706
864	295	-4.1884484
131	541	-4.18865
65	460	-4.18943
946	382	-4.190067
84	650	-4.192236
946	362	-4.1932826
914	172	-4.1940393
241	654	-4.194862
891	487	-4.1950164
46	511	-4.195153
85	477	-4.195292
923	432	-4.1953187
876	643	-4.195568
435	662	-4.1984954
875	592	-4.1992555
73	429	-4.1993523
901	605	-4.1996436
900	56	-4.1998916
897	102	-4.20035
709	652	-4.2004023
884	474	-4.200873
163	590	-4.2013726
889	35	-4.203365
90	583	-4.2034745
884	261	-4.204728
900	220	-4.2055297
932	120	-4.2059503
102	614	-4.2067885
893	424	-4.206954
895	349	-4.207054
515	634	-4.2078953
947	431	-4.2080274
902	598	-4.2099905
877	280	-4.2101765
89	629	-4.210557
887	46	-4.2107735
838	33	-4.2119026
931	372	-4.211967
878	334	-4.212066
894	402	-4.212271
821	651	-4.2140145
868	640	-4.215047
76	497	-4.215733
78	568	-4.2161465
674	655	-4.219229
873	158	-4.2196627
866	479	-4.2203703
83	587	-4.221072
873	87	-4.2213664
887	176	-4.2220774
856	618	-4.2248464
919	481	-4.2253385
80	613	-4.2259693
150	515	-4.2260985
905	658	-4.2263985
101	517	-4.226755
793	663	-4.2269955
67	545	-4.227079
932	449	-4.2282333
383	652	-4.2309747
87	564	-4.2319007
802	671	-4.232502
123	630	-4.233191
529	671	-4.23341
936	180	-4.233428
525	652	-4.2375364
903	18	-4.2385178
923	424	-4.2401395
918	250	-4.2409234
885	625	-4.2414365
422	664	-4.2421036
111	546	-4.2423663
107	621	-4.24237
43	581	-4.242473
904	153	-4.2426257
102	469	-4.2431636
894	14	-4.2448187
897	433	-4.245413
932	40	-4.246156
179	567	-4.246735
918	499	-4.247111
105	520	-4.247386
797	671	-4.2475824
875	442	-4.2477617
915	39	-4.24905
94	495	-4.2495103
114	645	-4.2495537
49	532	-4.2506833
923	376	-4.2508326
840	83	-4.2508492
877	223	-4.251635
892	372	-4.2530966
924	542	-4.253217
780	68	-4.253347
668	652	-4.253583
174	595	-4.253615
889	491	-4.253726
788	68	-4.2545204
895	362	-4.2548275
72	604	-4.254974
824	100	-4.2557926
53	397	-4.2559977
877	378	-4.256335
148	573	-4.2565594
868	56	-4.25723
97	501	-4.2586074
44	566	-4.258976
639	653	-4.259129
40	501	-4.259525
879	314	-4.2596283
4	485	-4.260021
880	511	-4.262074
912	520	-4.26325
647	671	-4.263259
942	204	-4.263794
904	614	-4.2643747
784	54	-4.2649164
782	651	-4.2650943
878	552	-4.2654376
947	437	-4.2661676
181	609	-4.266648
914	542	-4.267538
147	578	-4.2679224
898	205	-4.2679596
878	328	-4.2686615
912	194	-4.2688127
883	636	-4.269989
869	464	-4.2708664
60	593	-4.270868
930	605	-4.27182
60	605	-4.27242
84	612	-4.2727523
871	222	-4.2731915
30	577	-4.2734447
909	157	-4.273587
893	234	-4.274727
927	514	-4.2758965
911	558	-4.276074
939	224	-4.276585
98	643	-4.2768383
17	369	-4.2777977
131	505	-4.2778397
832	438	-4.278687
890	500	-4.2789216
799	656	-4.279392
936	188	-4.2802143
80	482	-4.280914
529	629	-4.2819448
674	664	-4.2821064
925	553	-4.282248
903	210	-4.283388
895	213	-4.2840486
651	665	-4.284626
112	611	-4.284876
766	71	-4.285071
894	180	-4.2878065
900	238	-4.2878737
923	584	-4.2880864
887	654	-4.2884445
894	641	-4.2888365
870	650	-4.2901273
183	573	-4.290619
35	562	-4.2910304
36	434	-4.291241
872	570	-4.292795
347	651	-4.293196
919	293	-4.294191
919	166	-4.2942085
751	65	-4.2945256
866	531	-4.2950854
894	512	-4.2950864
878	636	-4.2959228
106	626	-4.296563
894	172	-4.296838
922	193	-4.297621
102	536	-4.2984653
902	398	-4.298516
153	525	-4.299551
872	126	-4.300261
103	604	-4.300753
107	609	-4.3009872
900	124	-4.303756
916	44	-4.3046985
916	485	-4.305668
911	93	-4.306815
894	304	-4.3069744
27	431	-4.307183
120	637	-4.3081737
85	445	-4.308547
45	442	-4.3087034
904	99	-4.3091316
91	492	-4.3098245
923	368	-4.309865
183	631	-4.3110304
916	598	-4.3114443
837	637	-4.311816
894	192	-4.3119063
74	473	-4.312387
875	427	-4.312534
66	421	-4.313027
84	603	-4.313213
195	618	-4.313919
925	503	-4.3143573
100	532	-4.3154497
887	519	-4.3163314
38	551	-4.317969
6	375	-4.3183484
867	126	-4.3184996
44	434	-4.318505
805	109	-4.318905
919	467	-4.320038
926	203	-4.320874
908	273	-4.3213854
69	621	-4.321994
946	267	-4.322132
430	664	-4.323012
781	78	-4.323055
889	235	-4.323203
4	493	-4.3240457
870	593	-4.3248158
862	146	-4.3253546
827	651	-4.3275723
904	608	-4.328284
949	278	-4.3289223
883	126	-4.3290114
889	258	-4.3301034
942	212	-4.33186
129	628	-4.332891
109	542	-4.333575
934	29	-4.334972
898	94	-4.3378167
925	317	-4.339008
846	654	-4.3391767
4	464	-4.341303
176	606	-4.341834
787	88	-4.3420534
4	336	-4.3432326
782	90	-4.343913
946	423	-4.3439503
36	520	-4.3441744
931	306	-4.344501
882	231	-4.346199
936	431	-4.348282
902	14	-4.348586
134	634	-4.348945
950	298	-4.34966
893	225	-4.3501453
179	624	-4.35017
877	31	-4.3535023
873	565	-4.353852
66	481	-4.353916
909	659	-4.35401
772	75	-4.354257
21	370	-4.354347
910	169	-4.3545437
106	592	-4.35601
841	646	-4.3582582
896	284	-4.358991
945	371	-4.359028
45	523	-4.3594327
895	354	-4.359496
917	157	-4.3606997
43	539	-4.3620105
678	662	-4.3622994
920	70	-4.3623424
930	333	-4.362802
5	489	-4.362972
236	660	-4.363633
946	392	-4.3636427
831	42	-4.3650193
884	268	-4.3655505
70	485	-4.366404
842	32	-4.367199
129	496	-4.3678293
922	310	-4.368191
947	336	-4.3683124
878	603	-4.368817
885	227	-4.3729067
883	216	-4.3739724
50	560	-4.3756275
520	652	-4.3768015
105	639	-4.3773413
894	420	-4.37784
367	651	-4.3792796
902	391	-4.3801336
37	581	-4.3807073
940	245	-4.380854
936	207	-4.380906
894	50	-4.38104
950	390	-4.381539
389	658	-4.3816466
118	630	-4.381719
47	438	-4.3817587
833	63	-4.38455
891	82	-4.3860874
4	477	-4.3866253
904	222	-4.38839
906	339	-4.388921
886	210	-4.3892813
841	626	-4.389442
882	176	-4.3903255
940	490	-4.391369
854	27	-4.3935676
944	291	-4.3938384
932	268	-4.393857
885	246	-4.396205
889	253	-4.39701
397	660	-4.3970537
86	488	-4.3990455
922	236	-4.3997793
119	643	-4.39992
867	602	-4.4008307
942	511	-4.401046
6	395	-4.401143
883	521	-4.401493
759	61	-4.402123
889	280	-4.403369
865	165	-4.404208
892	653	-4.4053593
660	655	-4.406272
948	254	-4.406327
31	547	-4.40675
42	507	-4.4067636
778	89	-4.4069624
856	623	-4.407688
815	663	-4.40809
925	494	-4.408919
928	259	-4.4090605
900	651	-4.4093657
875	357	-4.409897
34	570	-4.4118752
849	33	-4.4119997
925	481	-4.412341
883	629	-4.4132695
916	210	-4.413757
81	505	-4.413857
156	652	-4.414525
776	97	-4.415619
691	662	-4.4178295
950	322	-4.418978
132	545	-4.4196754
945	388	-4.4197435
118	526	-4.42004
950	310	-4.4201484
174	619	-4.421566
414	660	-4.422129
946	287	-4.4222054
757	71	-4.4223504
22	397	-4.4235506
102	633	-4.4237485
907	572	-4.4255323
936	572	-4.426073
73	557	-4.426423
947	350	-4.4267097
942	324	-4.4268885
838	53	-4.427061
846	36	-4.427161
196	623	-4.427639
682	664	-4.427816
919	583	-4.427906
910	248	-4.4286513
854	293	-4.4289656
896	184	-4.4291244
63	536	-4.4294105
903	146	-4.4298987
155	529	-4.430301
521	671	-4.431439
813	671	-4.4317284
806	664	-4.433159
208	588	-4.433816
76	483	-4.4338393
914	202	-4.435828
96	584	-4.4361086
123	641	-4.4365096
920	181	-4.4368153
186	606	-4.437276
41	519	-4.437362
61	564	-4.4413123
43	548	-4.4429927
502	652	-4.4431877
920	652	-4.4435263
879	161	-4.443863
34	493	-4.444205
783	94	-4.444513
867	284	-4.444932
890	297	-4.44494
910	536	-4.445008
906	23	-4.4463983
870	195	-4.4468665
907	258	-4.446987
893	239	-4.44786
878	565	-4.448117
817	101	-4.4504037
103	505	-4.4505677
835	641	-4.450878
800	664	-4.45336
924	255	-4.453928
888	483	-4.455368
867	102	-4.4554167
5	481	-4.456484
50	501	-4.457923
27	495	-4.459015
54	447	-4.459556
905	289	-4.46028
866	591	-4.460282
113	639	-4.4603724
30	608	-4.460996
85	628	-4.4619994
875	304	-4.4623218
73	649	-4.4624267
864	179	-4.4629526
911	102	-4.4635177
912	123	-4.4636574
896	470	-4.4647264
883	235	-4.465133
792	671	-4.4660506
763	652	-4.466151
75	644	-4.4662957
138	495	-4.467077
918	299	-4.467483
888	645	-4.468484
844	84	-4.469262
66	627	-4.469935
81	608	-4.470135
889	149	-4.471586
866	131	-4.471716
896	358	-4.472449
921	450	-4.474279
896	598	-4.474373
98	462	-4.476921
881	35	-4.477489
895	517	-4.47816
921	577	-4.478553
26	373	-4.4789042
85	573	-4.479065
740	79	-4.480371
41	443	-4.4813905
895	54	-4.484792
795	96	-4.48517
935	132	-4.485369
879	653	-4.487159
894	463	-4.487732
60	452	-4.487735
96	539	-4.487854
899	52	-4.487951
136	546	-4.4882126
304	651	-4.4892325
832	477	-4.4898133
1	360	-4.489862
98	613	-4.4899364
76	614	-4.4901834
865	475	-4.491044
928	525	-4.491584
877	197	-4.4917436
875	652	-4.4918904
918	323	-4.4921503
89	555	-4.4924965
55	594	-4.494719
882	540	-4.4951534
158	536	-4.495566
149	524	-4.495598
871	216	-4.497536
885	535	-4.497837
859	644	-4.498216
885	105	-4.4982705
676	649	-4.498375
790	650	-4.4988494
920	438	-4.4989376
905	595	-4.4996343
913	47	-4.500982
121	620	-4.5014653
1	474	-4.5020294
937	203	-4.5037723
43	430	-4.5038905
899	114	-4.504622
883	621	-4.5051413
905	603	-4.505694
828	628	-4.507061
49	518	-4.5070953
117	486	-4.5074368
124	527	-4.507554
775	106	-4.507939
1	354	-4.508247
935	220	-4.508498
88	542	-4.5089474
81	626	-4.5107617
901	85	-4.5116544
881	130	-4.5118012
775	113	-4.512164
866	619	-4.512723
200	630	-4.513819
915	559	-4.514853
906	90	-4.5157285
396	671	-4.515731
98	457	-4.5166826
143	644	-4.5175543
75	478	-4.518104
57	409	-4.5184135
117	542	-4.5197763
84	556	-4.5198536
185	602	-4.521948
930	105	-4.5222025
912	266	-4.522309
890	478	-4.5232906
145	640	-4.5237217
524	631	-4.5238533
687	671	-4.5267186
6	342	-4.526828
46	502	-4.526924
40	584	-4.527695
890	214	-4.5283856
927	207	-4.5285316
541	671	-4.529816
494	652	-4.529852
859	292	-4.5302634
12	399	-4.5304217
922	173	-4.531645
52	577	-4.5317006
114	616	-4.5326166
88	448	-4.5327454
189	641	-4.5332093
934	427	-4.5334735
833	74	-4.533713
905	268	-4.5364156
926	181	-4.537644
8	356	-4.5379353
909	619	-4.538192
924	357	-4.5397263
927	95	-4.540146
39	571	-4.5405273
908	126	-4.543061
924	169	-4.543345
104	509	-4.5440326
870	202	-4.544694
869	573	-4.5449796
73	566	-4.5453396
11	403	-4.545951
4	469	-4.546367
887	62	-4.546395
530	637	-4.5485473
743	63	-4.5489993
881	536	-4.5492096
916	270	-4.5494375
932	322	-4.5504355
891	73	-4.550674
83	593	-4.551486
894	436	-4.5517597
45	555	-4.551951
889	556	-4.5533404
899	386	-4.55567
158	585	-4.5568614
947	330	-4.557941
904	263	-4.558111
916	477	-4.5581207
936	252	-4.5590396
900	436	-4.559144
884	100	-4.559225
921	418	-4.5594063
27	419	-4.5603757
147	561	-4.5604925
945	346	-4.560991
736	67	-4.5621996
39	428	-4.5634546
918	206	-4.5650754
870	142	-4.5655212
642	671	-4.566138
143	503	-4.5666037
62	456	-4.5667005
39	497	-4.5679812
748	73	-4.568298
762	78	-4.568635
928	652	-4.568959
151	508	-4.570113
416	672	-4.5705996
921	511	-4.5709295
928	615	-4.5723844
686	660	-4.5729914
172	607	-4.5730543
66	634	-4.5734496
854	651	-4.5744996
779	93	-4.5770173
511	633	-4.5774593
865	608	-4.5784583
894	296	-4.5786076
70	563	-4.5787506
112	513	-4.5790277
877	239	-4.5801225
55	605	-4.580526
71	617	-4.580815
892	163	-4.581354
97	546	-4.5815687
92	563	-4.581947
109	638	-4.5825734
876	615	-4.5826573
868	454	-4.5828066
39	532	-4.5840487
902	592	-4.5843945
878	310	-4.5845237
895	176	-4.584617
910	242	-4.585978
7	346	-4.5863357
927	83	-4.587026
912	567	-4.588705
795	657	-4.589284
924	185	-4.5894504
852	301	-4.590011
794	649	-4.590935
859	284	-4.591321
938	175	-4.593408
127	488	-4.5943165
882	120	-4.5957932
944	520	-4.5965004
915	29	-4.596805
945	357	-4.596861
679	671	-4.597519
947	451	-4.597675
79	651	-4.598536
910	198	-4.599432
134	508	-4.600649
959	213	-4.600679
850	46	-4.60229
93	509	-4.6029277
750	671	-4.6049604
906	671	-4.605626
881	222	-4.6060038
112	521	-4.6064777
40	511	-4.609029
91	602	-4.611377
892	155	-4.6113987
878	26	-4.611403
230	572	-4.6115394
872	642	-4.6116033
46	562	-4.6119432
882	184	-4.6120367
868	598	-4.61218
5	497	-4.6126604
931	381	-4.61267
130	491	-4.6131077
907	531	-4.613818
868	625	-4.615958
36	502	-4.616185
762	69	-4.616214
906	634	-4.617373
240	662	-4.617623
933	394	-4.617948
77	599	-4.618133
166	585	-4.6190147
929	474	-4.6192703
65	549	-4.6203604
202	592	-4.620385
57	531	-4.621134
937	215	-4.6214566
52	599	-4.6219373
93	554	-4.6223636
817	108	-4.622513
893	314	-4.6226683
777	80	-4.6238775
32	543	-4.6246347
942	198	-4.6256876
64	464	-4.627318
353	628	-4.6273427
946	321	-4.62836
900	135	-4.628676
926	490	-4.6291924
143	576	-4.630754
916	265	-4.6324763
827	40	-4.6344233
533	670	-4.6345897
907	599	-4.6358843
98	509	-4.6363854
29	559	-4.637716
912	177	-4.6381345
116	546	-4.638718
879	593	-4.6397734
854	19	-4.6403766
69	473	-4.6405773
780	100	-4.6413746
7	404	-4.641766
915	64	-4.641904
103	586	-4.6432753
929	25	-4.644336
28	604	-4.6458526
888	448	-4.6468153
160	540	-4.648359
921	643	-4.6492434
10	360	-4.649288
888	42	-4.6494527
936	238	-4.649481
181	652	-4.650693
199	626	-4.651568
905	667	-4.651692
45	585	-4.6517053
0	470	-4.6519766
877	88	-4.6523275
831	36	-4.654521
145	569	-4.6547184
47	573	-4.654862
872	31	-4.6554856
922	636	-4.6569552
946	407	-4.656978
861	369	-4.657001
876	128	-4.657451
143	553	-4.657655
399	656	-4.6583123
798	88	-4.6592784
932	242	-4.660367
639	661	-4.660909
872	634	-4.6623936
5	473	-4.662441
938	551	-4.66269
55	610	-4.6627164
769	52	-4.6627774
918	226	-4.663312
920	454	-4.664699
409	672	-4.6653233
80	438	-4.6653304
914	563	-4.6654124
932	260	-4.665709
31	581	-4.6669264
906	332	-4.6674147
731	77	-4.6682067
811	95	-4.6683807
871	286	-4.669054
914	481	-4.6714287
64	603	-4.6718674
858	653	-4.672478
906	15	-4.6726294
876	37	-4.6730537
951	338	-4.67334
794	108	-4.6739182
60	581	-4.6744003
916	183	-4.674504
856	41	-4.6748
820	90	-4.6749725
87	577	-4.6750393
905	277	-4.6755323
176	561	-4.6756444
858	128	-4.675654
528	633	-4.6757345
5	459	-4.6758814
873	370	-4.676214
928	99	-4.6763964
895	375	-4.6766944
937	248	-4.6781354
883	487	-4.678624
137	627	-4.6786933
825	58	-4.6790423
67	606	-4.6797957
104	524	-4.6811094
37	566	-4.6819186
673	671	-4.6821833
514	652	-4.6825714
884	142	-4.682967
142	499	-4.683671
5	523	-4.6845365
830	78	-4.6856694
919	573	-4.6868215
885	36	-4.687889
832	446	-4.688936
30	565	-4.689542
882	212	-4.691362
796	667	-4.6924076
91	567	-4.693854
861	620	-4.6944394
851	369	-4.694815
889	293	-4.6952724
64	597	-4.6955533
33	516	-4.6957293
830	86	-4.6962686
925	37	-4.6972356
660	671	-4.698756
868	613	-4.698975
871	47	-4.6990542
103	643	-4.6994634
950	327	-4.700751
32	613	-4.7017517
401	672	-4.703039
726	79	-4.703178
106	634	-4.703425
931	32	-4.7035418
215	592	-4.7043133
705	662	-4.704547
874	446	-4.7048507
946	306	-4.7052226
837	657	-4.7066483
891	47	-4.7068787
98	629	-4.7075543
393	662	-4.7083983
145	649	-4.708486
932	410	-4.709378
899	589	-4.7095547
917	309	-4.7101574
516	627	-4.710902
299	651	-4.712206
35	524	-4.713251
744	671	-4.713369
58	561	-4.7140226
915	591	-4.7156563
49	393	-4.7158403
891	268	-4.715954
866	139	-4.716135
651	672	-4.716945
928	251	-4.7175617
73	600	-4.7176695
97	558	-4.717798
56	578	-4.718254
936	487	-4.7199674
931	230	-4.720258
868	499	-4.720356
902	621	-4.7209964
108	472	-4.7218986
43	570	-4.722357
833	647	-4.7226443
929	217	-4.723099
61	413	-4.7237225
923	412	-4.7240763
220	618	-4.725441
959	76	-4.7260246
873	243	-4.726884
141	638	-4.726998
903	571	-4.7278805
3	345	-4.7285337
946	314	-4.7286105
29	369	-4.7292457
886	277	-4.7308784
948	246	-4.73398
944	396	-4.73485
875	433	-4.7358155
903	93	-4.735983
78	579	-4.73609
2	332	-4.7363963
923	485	-4.7371297
100	583	-4.737418
171	555	-4.737623
88	624	-4.7377934
738	672	-4.738599
877	249	-4.7387795
0	350	-4.7394624
116	516	-4.740722
920	536	-4.740738
872	624	-4.7408834
886	79	-4.741959
33	505	-4.742199
37	506	-4.7459373
170	597	-4.7459517
644	665	-4.7488155
100	525	-4.750886
150	591	-4.750925
31	528	-4.751208
944	296	-4.7512507
789	62	-4.751505
5	541	-4.75223
868	460	-4.75229
825	50	-4.752653
31	520	-4.7528443
911	671	-4.754763
934	454	-4.7558722
45	515	-4.75736
753	79	-4.758383
862	159	-4.7588816
868	633	-4.7593684
926	536	-4.759644
899	394	-4.76077
110	633	-4.761914
26	435	-4.7626443
387	662	-4.7639885
843	40	-4.766039
938	322	-4.7661257
97	609	-4.766782
895	72	-4.7687044
410	662	-4.768927
536	651	-4.7691107
873	351	-4.770747
886	32	-4.773246
892	283	-4.7734995
864	300	-4.774036
875	672	-4.7744203
882	193	-4.775115
879	579	-4.775225
910	50	-4.7776217
441	662	-4.7778134
219	573	-4.777958
835	67	-4.77818
91	652	-4.779444
959	87	-4.77989
666	670	-4.7799635
86	569	-4.780562
893	483	-4.7806563
947	463	-4.7815022
930	226	-4.782334
786	105	-4.782922
768	652	-4.7851543
80	477	-4.785309
86	441	-4.786517
926	625	-4.786994
887	217	-4.7872066
902	206	-4.787735
114	634	-4.7887793
891	101	-4.7894964
50	513	-4.790174
876	276	-4.7909083
944	455	-4.792695
118	617	-4.793418
920	317	-4.7945538
923	381	-4.7976694
739	75	-4.8008194
158	513	-4.801377
822	106	-4.801826
810	656	-4.8028183
70	554	-4.8037276
903	282	-4.8040266
897	78	-4.8044553
792	84	-4.8057775
919	414	-4.8061395
947	226	-4.8062367
947	445	-4.80636
887	503	-4.8067513
906	555	-4.8095846
911	485	-4.809699
833	628	-4.809937
164	521	-4.8104763
77	572	-4.810532
914	249	-4.8106737
71	608	-4.8109646
874	72	-4.8124695
756	75	-4.81413
47	507	-4.8142033
192	581	-4.814562
114	482	-4.815365
905	618	-4.8159585
0	462	-4.8165016
928	519	-4.816623
877	255	-4.8168902
930	622	-4.8169208
28	488	-4.817427
851	647	-4.8181944
885	510	-4.819053
948	427	-4.8194747
944	283	-4.8198934
847	94	-4.821845
874	66	-4.8221154
933	275	-4.8227906
872	138	-4.823813
196	586	-4.825
761	73	-4.8251266
192	644	-4.825757
888	437	-4.8259034
144	512	-4.826181
182	605	-4.8268504
96	562	-4.827514
520	629	-4.828146
208	654	-4.828238
881	570	-4.828506
163	596	-4.829093
828	90	-4.829403
224	622	-4.8295817
901	432	-4.82996
55	401	-4.8303337
69	597	-4.8316307
910	203	-4.8320384
913	603	-4.8322225
892	107	-4.8325143
637	671	-4.8344717
953	377	-4.834674
904	559	-4.8348637
910	495	-4.8361874
755	62	-4.836621
60	462	-4.8366437
25	368	-4.836831
943	238	-4.837137
921	462	-4.8371725
803	661	-4.838895
714	651	-4.839295
890	77	-4.839952
580	660	-4.8403707
918	472	-4.8404346
925	90	-4.840706
393	657	-4.8418336
898	456	-4.8424373
901	625	-4.842824
946	415	-4.842842
933	280	-4.843439
79	619	-4.843752
919	503	-4.845306
405	671	-4.845664
250	651	-4.846128
904	319	-4.848267
910	26	-4.8484926
62	620	-4.849013
657	651	-4.8490825
944	301	-4.849754
517	670	-4.849812
31	376	-4.850734
897	189	-4.8523316
800	108	-4.8528843
933	581	-4.8530393
943	338	-4.853345
909	252	-4.854806
933	482	-4.855045
71	645	-4.855062
158	519	-4.855246
942	342	-4.8567376
918	231	-4.8568344
875	338	-4.857267
88	534	-4.857456
850	102	-4.8579106
922	248	-4.8583894
895	300	-4.8586407
886	131	-4.8590374
775	92	-4.8593087
932	585	-4.8599634
903	581	-4.8600163
945	279	-4.8603
164	541	-4.8604965
897	366	-4.860919
930	87	-4.8619294
134	494	-4.8621526
17	406	-4.862985
159	597	-4.8633747
910	97	-4.8635354
876	134	-4.8649106
870	130	-4.8666344
919	422	-4.8676486
27	502	-4.8680334
67	614	-4.8680754
910	667	-4.868726
122	550	-4.868845
8	350	-4.8694143
144	558	-4.8697968
41	389	-4.8710904
84	483	-4.871405
202	654	-4.8715477
863	594	-4.8716207
904	406	-4.87209
939	241	-4.8721023
892	43	-4.8724923
916	452	-4.8728895
701	652	-4.8733644
169	550	-4.8759007
174	601	-4.8760037
441	651	-4.878449
852	14	-4.880426
856	563	-4.8814793
729	69	-4.8816686
915	24	-4.882363
898	497	-4.882858
888	141	-4.883637
939	183	-4.8845315
894	58	-4.8858256
839	87	-4.8859615
82	570	-4.8867908
103	620	-4.8878274
67	638	-4.8881693
920	446	-4.888514
96	453	-4.8885546
908	182	-4.8891244
908	265	-4.889159
911	571	-4.889205
46	497	-4.889786
51	611	-4.8906007
883	242	-4.891284
58	589	-4.8918967
891	445	-4.8922076
922	325	-4.894118
28	510	-4.8944917
353	641	-4.8946333
121	485	-4.895935
213	480	-4.8960366
792	67	-4.8961215
922	527	-4.896494
498	651	-4.897367
36	513	-4.8978214
902	641	-4.898179
64	477	-4.898866
914	34	-4.8995066
94	612	-4.9004745
390	671	-4.9006004
884	201	-4.902276
942	501	-4.904347
839	438	-4.905138
5	550	-4.905693
40	528	-4.9065895
829	72	-4.9075613
790	111	-4.9088798
94	605	-4.909395
4	537	-4.9100256
959	284	-4.9101014
231	631	-4.9101415
920	333	-4.9101644
936	408	-4.911586
529	664	-4.911831
891	455	-4.9119053
876	259	-4.914477
954	373	-4.9148297
62	532	-4.915047
859	660	-4.9152017
155	507	-4.915318
218	600	-4.915322
66	469	-4.915418
875	647	-4.915432
775	52	-4.916507
886	194	-4.91652
902	234	-4.9166636
849	591	-4.9171042
682	656	-4.917276
214	601	-4.9175982
537	672	-4.9176188
227	625	-4.9187922
934	419	-4.918818
910	480	-4.919868
673	660	-4.920066
898	9	-4.9208775
926	234	-4.9214773
195	647	-4.9229045
133	630	-4.923198
942	329	-4.923754
852	595	-4.923823
867	135	-4.924104
142	508	-4.9254174
845	45	-4.927258
116	598	-4.9280167
873	583	-4.928592
875	142	-4.9292397
894	474	-4.930851
530	623	-4.9311233
652	661	-4.931495
627	671	-4.932034
850	114	-4.9328747
837	42	-4.9329476
831	442	-4.9337425
931	221	-4.933771
821	83	-4.933997
90	514	-4.934031
892	603	-4.9344583
211	476	-4.934462
75	501	-4.934579
2	369	-4.934864
214	484	-4.9348993
224	572	-4.935027
891	376	-4.937076
1	480	-4.9374423
434	671	-4.93754
923	391	-4.9378433
909	563	-4.93854
96	517	-4.939459
42	552	-4.9398794
942	366	-4.941279
950	315	-4.941299
910	554	-4.943172
912	209	-4.944636
872	24	-4.9456477
705	671	-4.9459767
137	567	-4.9469576
907	549	-4.9473605
5	529	-4.948426
942	408	-4.948545
102	463	-4.9490585
788	75	-4.9495816
52	615	-4.9509254
906	662	-4.952553
5	612	-4.9526963
55	586	-4.953436
762	671	-4.954881
733	70	-4.9557056
922	337	-4.956021
403	662	-4.9563084
885	281	-4.956372
864	639	-4.957587
923	546	-4.958408
957	549	-4.958642
513	671	-4.958733
902	81	-4.9587574
414	652	-4.9590187
421	672	-4.959376
77	553	-4.9595156
924	344	-4.9597363
93	624	-4.9633746
932	368	-4.9636874
132	501	-4.964619
951	571	-4.965563
858	359	-4.966427
893	648	-4.966611
743	73	-4.9673405
932	237	-4.9680552
935	234	-4.968457
860	301	-4.968583
54	563	-4.9688516
833	90	-4.9689455
873	61	-4.9694934
921	648	-4.969522
836	100	-4.9695377
957	542	-4.969728
893	115	-4.9699454
246	652	-4.9709544
72	612	-4.971035
925	510	-4.9739866
876	632	-4.9742312
893	533	-4.975437
15	402	-4.9780636
888	561	-4.978871
785	79	-4.9793897
918	220	-4.979835
912	276	-4.9812098
847	658	-4.98143
918	245	-4.9821
925	24	-4.9822483
840	380	-4.984393
828	671	-4.9868746
909	165	-4.9869328
21	407	-4.988171
906	301	-4.9882617
166	547	-4.9883466
717	89	-4.988496
829	665	-4.9885445
887	615	-4.989058
792	79	-4.9893084
949	355	-4.9893627
837	632	-4.9900165
867	489	-4.9908495
933	288	-4.9909987
110	478	-4.991361
920	257	-4.9918466
78	595	-4.992186
185	635	-4.992989
829	52	-4.993025
170	611	-4.9941773
778	652	-4.9954615
37	547	-4.9966593
924	350	-4.996959
851	290	-4.9972453
52	572	-4.9974713
60	468	-4.9991
32	534	-4.999297
901	225	-4.9998345
940	255	-5.0000696
110	652	-5.0019712
146	516	-5.0022106
942	400	-5.0025086
876	146	-5.0035996
872	577	-5.004809
907	591	-5.005073
916	277	-5.0055413
940	287	-5.006288
892	121	-5.0066223
855	671	-5.0067334
918	171	-5.007117
895	522	-5.0074553
791	667	-5.008671
810	112	-5.0091
943	528	-5.0093565
938	629	-5.0108643
908	607	-5.0110135
61	577	-5.0111547
883	495	-5.012094
118	605	-5.012469
936	413	-5.012896
945	411	-5.0130076
950	346	-5.0134263
68	541	-5.0135283
880	672	-5.0137906
52	583	-5.014659
950	360	-5.017108
940	220	-5.0174975
931	601	-5.0182524
900	143	-5.01911
923	200	-5.020193
647	661	-5.021876
865	187	-5.021941
901	655	-5.022381
733	671	-5.022709
428	671	-5.0234985
51	606	-5.0237145
175	557	-5.026043
4	518	-5.0277596
914	60	-5.0299096
766	76	-5.030719
751	70	-5.0326014
29	600	-5.0333724
123	554	-5.0368414
883	501	-5.03688
904	252	-5.037071
891	95	-5.037591
871	37	-5.037725
909	287	-5.0380282
90	550	-5.038056
820	627	-5.0381265
912	662	-5.038926
857	569	-5.0390873
754	672	-5.0391836
135	504	-5.0392146
518	637	-5.0396433
353	633	-5.0412955
867	671	-5.041615
914	230	-5.0430694
828	98	-5.0431905
829	66	-5.044003
946	441	-5.04401
14	411	-5.0448976
907	19	-5.0455
825	44	-5.0482616
940	228	-5.0495296
874	365	-5.0499363
170	617	-5.05015
901	585	-5.0501723
812	666	-5.050437
82	622	-5.0507617
512	637	-5.0508037
141	572	-5.0512605
922	225	-5.0519886
110	642	-5.052602
128	547	-5.0542483
53	520	-5.054707
849	296	-5.0550714
895	98	-5.056488
850	363	-5.0565104
444	671	-5.0565987
841	375	-5.056863
523	635	-5.0571346
0	337	-5.057374
910	303	-5.05759
66	416	-5.059374
68	580	-5.059521
942	374	-5.0609255
209	660	-5.0609455
868	118	-5.062676
907	369	-5.063171
903	157	-5.063218
907	624	-5.0632634
507	632	-5.0643773
871	20	-5.064601
165	517	-5.0665755
860	664	-5.067324
632	671	-5.067616
768	671	-5.0677257
924	260	-5.0678406
698	671	-5.069593
915	670	-5.069746
312	651	-5.070637
49	569	-5.071089
431	660	-5.0711846
852	1	-5.0714
384	671	-5.071513
450	651	-5.071871
886	114	-5.0722437
857	556	-5.072385
895	453	-5.0734143
61	600	-5.0740576
871	451	-5.0751195
697	662	-5.0789113
934	398	-5.0795097
904	575	-5.080389
913	245	-5.0810547
911	256	-5.0812883
87	609	-5.0822544
152	504	-5.0826664
677	667	-5.083651
6	546	-5.083852
800	84	-5.0847325
922	361	-5.0847445
898	582	-5.084942
243	646	-5.0851665
90	613	-5.0852976
948	397	-5.0859995
938	560	-5.0862885
857	124	-5.086479
810	88	-5.0864816
923	30	-5.086601
8	381	-5.086831
739	64	-5.088239
947	263	-5.088613
97	578	-5.088842
178	602	-5.0897493
890	276	-5.0899267
34	652	-5.0904317
863	120	-5.092107
774	671	-5.093352
950	286	-5.094185
65	623	-5.095205
940	179	-5.0953465
839	29	-5.095616
336	672	-5.0964017
901	672	-5.0967226
882	80	-5.097183
203	588	-5.098501
71	549	-5.100728
0	364	-5.100733
951	351	-5.101181
9	408	-5.102598
945	419	-5.104473
959	93	-5.104476
45	390	-5.1060076
918	214	-5.1063356
886	470	-5.1071444
905	248	-5.109052
837	627	-5.109339
893	467	-5.109713
721	671	-5.1126904
77	430	-5.1133304
842	98	-5.114617
84	511	-5.1154594
44	544	-5.115855
669	664	-5.1159616
959	218	-5.116309
939	233	-5.116679
874	638	-5.1168356
959	367	-5.117083
577	671	-5.117848
126	620	-5.1186385
920	409	-5.1187544
887	264	-5.1192894
835	86	-5.119714
83	616	-5.119852
878	268	-5.1202435
904	181	-5.120792
885	571	-5.121784
807	659	-5.1227794
547	664	-5.1228733
959	279	-5.123013
916	178	-5.1237826
827	438	-5.1243043
942	459	-5.1254396
66	610	-5.125467
860	640	-5.125604
787	671	-5.1256423
919	313	-5.1261287
951	579	-5.1273065
660	660	-5.1280756
940	162	-5.129172
917	55	-5.1299405
26	364	-5.130943
890	660	-5.131175
47	446	-5.131319
247	648	-5.1319413
942	310	-5.1330557
907	567	-5.1340976
939	195	-5.136866
16	365	-5.1368823
856	647	-5.1385307
8	486	-5.138551
959	4	-5.138765
909	540	-5.139184
906	309	-5.1397514
50	593	-5.144303
948	85	-5.1466084
897	439	-5.1471148
626	272	-5.147535
869	305	-5.1477647
864	518	-5.1481566
908	353	-5.148438
140	560	-5.1485324
61	585	-5.148587
99	521	-5.149212
50	620	-5.1499515
56	451	-5.1499586
818	671	-5.15024
524	666	-5.1502943
922	515	-5.1505036
96	574	-5.1508703
439	672	-5.1517577
69	559	-5.1533704
11	395	-5.1546865
841	671	-5.1556196
144	565	-5.155899
160	651	-5.156136
787	83	-5.1562104
780	671	-5.1562805
656	667	-5.156433
919	62	-5.157175
50	565	-5.1578946
872	344	-5.15819
833	81	-5.1597214
881	148	-5.160541
918	238	-5.161996
210	584	-5.162266
18	399	-5.1629725
948	94	-5.1641
713	671	-5.166434
138	550	-5.166861
232	658	-5.169533
735	76	-5.1695786
919	561	-5.1704025
915	291	-5.170989
148	643	-5.1715097
914	225	-5.1719856
878	124	-5.1720524
510	651	-5.1726847
936	402	-5.17402
101	651	-5.1747622
49	524	-5.1750846
865	535	-5.1773214
881	45	-5.1775365
884	670	-5.178376
913	53	-5.179164
732	81	-5.181171
831	450	-5.181234
878	583	-5.1814966
65	566	-5.1815658
959	321	-5.1817803
95	566	-5.182252
944	489	-5.182654
189	578	-5.182782
661	665	-5.1837535
546	671	-5.184433
68	511	-5.1851506
83	323	-5.1853366
16	388	-5.185474
916	254	-5.1867805
935	438	-5.187971
942	316	-5.1890535
59	609	-5.189439
201	476	-5.190044
922	428	-5.190314
938	275	-5.1921277
62	473	-5.1921773
839	17	-5.1922603
932	377	-5.1927238
28	612	-5.1928005
922	500	-5.1945477
898	2	-5.195524
813	659	-5.196515
896	109	-5.196856
924	387	-5.197455
139	554	-5.1979527
843	657	-5.1979837
916	587	-5.198281
896	196	-5.1991935
691	667	-5.199548
670	656	-5.199566
383	661	-5.1996193
950	333	-5.1998787
942	451	-5.2007203
1	328	-5.201594
692	671	-5.202511
110	593	-5.20313
50	588	-5.2041693
2	341	-5.2042327
892	440	-5.2043123
854	355	-5.2059913
860	615	-5.211681
922	558	-5.211805
908	345	-5.214585
917	463	-5.214978
30	596	-5.215915
900	660	-5.2163467
151	595	-5.218238
824	672	-5.218867
426	667	-5.2193694
853	638	-5.221419
867	41	-5.2216578
31	539	-5.222718
5	511	-5.2232
583	671	-5.2253437
211	573	-5.2261405
92	449	-5.227589
93	571	-5.2288995
916	458	-5.230748
237	639	-5.234322
905	587	-5.234617
857	368	-5.2350826
829	385	-5.235198
670	668	-5.2356205
136	499	-5.236502
828	622	-5.2376146
936	391	-5.239055
942	384	-5.239394
331	672	-5.239733
937	145	-5.24025
51	506	-5.240709
508	668	-5.241775
13	383	-5.2424436
906	187	-5.242638
900	668	-5.2432294
852	377	-5.243337
175	626	-5.243874
889	242	-5.2444396
891	55	-5.2446856
625	663	-5.24572
179	630	-5.2457395
915	197	-5.246777
539	613	-5.2471275
690	649	-5.247386
943	438	-5.250284
817	95	-5.250532
945	476	-5.2510486
914	218	-5.2513146
359	651	-5.252402
940	292	-5.253059
116	609	-5.2535944
763	54	-5.2556767
452	671	-5.2556915
948	490	-5.2562323
944	466	-5.2566757
780	105	-5.2571187
8	492	-5.2572117
106	546	-5.2574606
823	87	-5.2575665
139	631	-5.2587852
878	558	-5.259178
942	334	-5.2595673
79	586	-5.2595997
167	513	-5.260693
847	376	-5.2608066
186	652	-5.2610736
850	671	-5.2617197
900	476	-5.261854
894	448	-5.2621045
856	289	-5.2624364
69	651	-5.2624526
942	305	-5.263127
901	647	-5.2650948
868	277	-5.2668624
62	636	-5.267014
892	87	-5.267322
340	671	-5.267542
898	629	-5.2680545
922	491	-5.2685547
20	366	-5.269821
959	208	-5.269967
64	592	-5.2700176
871	53	-5.270465
944	353	-5.27072
206	580	-5.2709637
683	672	-5.273979
162	586	-5.2743187
940	282	-5.2743983
881	555	-5.275772
881	658	-5.2760563
803	667	-5.2762504
907	94	-5.276576
866	367	-5.2771983
0	489	-5.2774377
938	157	-5.2788777
866	514	-5.279803
540	664	-5.284153
899	573	-5.28416
74	425	-5.2848506
773	79	-5.2852955
871	654	-5.2854314
344	672	-5.2874117
4	501	-5.287644
872	281	-5.2876754
954	367	-5.287892
860	280	-5.2886424
95	550	-5.2889123
826	104	-5.2889886
859	672	-5.2899356
54	590	-5.2900267
920	476	-5.2909794
943	194	-5.2912865
935	446	-5.2914295
433	667	-5.2920527
863	223	-5.292152
804	656	-5.293248
5	606	-5.293779
2	316	-5.2939577
101	560	-5.294226
896	167	-5.2944765
7	332	-5.294484
163	537	-5.2950096
881	76	-5.2950206
899	636	-5.2959127
890	91	-5.2962074
0	484	-5.296534
789	115	-5.303157
98	554	-5.304421
525	627	-5.306185
869	27	-5.306541
633	663	-5.3066916
939	166	-5.306751
920	495	-5.3069983
854	633	-5.3090043
131	550	-5.3100376
909	581	-5.310204
105	541	-5.310382
921	329	-5.3118296
886	26	-5.3118467
79	591	-5.3124604
836	20	-5.3131423
589	671	-5.3133802
894	5	-5.313449
183	568	-5.313532
947	458	-5.3141336
878	62	-5.315804
162	601	-5.3167744
418	668	-5.316944
11	344	-5.317129
816	88	-5.3171563
859	135	-5.3172164
20	403	-5.317328
873	376	-5.3182287
924	532	-5.3182487
536	617	-5.3188753
146	495	-5.3192153
922	506	-5.3202972
419	608	-5.321286
0	457	-5.32134
869	15	-5.321956
584	664	-5.322288
926	229	-5.3237057
694	648	-5.3243136
918	658	-5.32629
102	628	-5.3264003
40	433	-5.326401
56	617	-5.3265433
114	550	-5.3277802
919	671	-5.3288198
137	573	-5.3290324
906	324	-5.329116
166	599	-5.3301573
315	672	-5.3304467
711	662	-5.3306346
257	652	-5.330754
943	188	-5.33102
25	571	-5.3313923
68	642	-5.331818
938	327	-5.331881
219	596	-5.3323035
6	533	-5.3328066
652	653	-5.333114
898	492	-5.3334575
925	213	-5.334991
117	613	-5.3351345
87	620	-5.3354588
881	587	-5.337142
854	346	-5.3372345
745	96	-5.337389
36	611	-5.337607
845	668	-5.3391204
25	507	-5.339192
3	324	-5.339249
946	401	-5.3395157
4	616	-5.339594
51	528	-5.339787
97	652	-5.341444
138	507	-5.341489
959	272	-5.3429723
827	34	-5.3430514
521	625	-5.3449054
5	582	-5.3453617
914	241	-5.3467607
959	573	-5.3472633
942	414	-5.3474293
878	157	-5.347719
931	81	-5.349728
923	178	-5.350495
911	112	-5.351661
942	391	-5.3518696
1	320	-5.3522
900	446	-5.3522058
904	161	-5.3548913
890	464	-5.3558364
242	641	-5.3560543
825	64	-5.35633
28	551	-5.3565073
959	313	-5.356793
862	19	-5.356952
752	74	-5.3575964
551	671	-5.3585343
74	577	-5.358569
501	665	-5.3586464
170	546	-5.358683
379	651	-5.358879
99	617	-5.3594427
445	650	-5.3601084
10	340	-5.3613257
911	500	-5.3620367
122	522	-5.362986
611	671	-5.363961
42	439	-5.363963
833	671	-5.3641086
923	73	-5.364496
927	245	-5.364929
940	358	-5.3651605
572	671	-5.3655005
232	626	-5.3658695
2	514	-5.3660407
40	493	-5.3672376
497	671	-5.3676543
919	549	-5.3710184
805	121	-5.371112
866	468	-5.3726835
54	511	-5.3727503
890	472	-5.373121
72	581	-5.3733
938	580	-5.373897
871	122	-5.374543
910	595	-5.37576
842	90	-5.376269
6	390	-5.377144
814	113	-5.3772507
398	664	-5.3774986
744	82	-5.3790402
919	434	-5.381979
235	633	-5.3830857
445	663	-5.383575
437	652	-5.3836446
959	225	-5.383755
107	630	-5.3847103
886	232	-5.3851404
717	96	-5.3859596
844	0	-5.3861365
856	551	-5.38649
958	408	-5.386531
899	378	-5.38707
907	105	-5.3872213
57	636	-5.387574
503	669	-5.3881197
100	540	-5.389912
835	665	-5.390195
883	578	-5.390417
735	664	-5.390453
107	588	-5.3904924
833	635	-5.3914776
214	588	-5.392805
867	221	-5.3930416
43	589	-5.394326
9	336	-5.3944426
886	66	-5.394708
39	540	-5.3948393
631	653	-5.394847
526	638	-5.3948565
97	570	-5.3952484
83	552	-5.395458
23	501	-5.396343
9	496	-5.396436
816	656	-5.3966722
48	581	-5.3971477
705	653	-5.397829
379	672	-5.3981495
122	616	-5.3995786
902	8	-5.400833
25	413	-5.401307
863	486	-5.4015207
900	200	-5.403208
959	253	-5.4044533
438	665	-5.4054065
95	616	-5.405537
29	616	-5.4055476
860	624	-5.4063025
924	651	-5.4065065
656	657	-5.4083757
862	357	-5.409259
789	661	-5.4100943
885	221	-5.4104614
1	509	-5.4106426
160	509	-5.4114847
939	300	-5.411486
926	630	-5.4115458
781	86	-5.411816
35	427	-5.412314
28	442	-5.4124584
896	652	-5.4125085
126	484	-5.413089
664	651	-5.413105
902	664	-5.4131866
852	281	-5.413833
910	511	-5.415445
948	472	-5.4171653
959	326	-5.419206
165	525	-5.419446
835	38	-5.419516
887	54	-5.4198456
864	24	-5.420136
794	113	-5.4201417
851	642	-5.4203305
907	375	-5.4204316
910	333	-5.420832
363	652	-5.420948
959	524	-5.421014
915	303	-5.4227347
81	433	-5.423452
64	582	-5.4235787
840	667	-5.425054
890	51	-5.425506
91	579	-5.426105
892	539	-5.427094
923	520	-5.4275675
716	662	-5.427854
894	592	-5.428077
622	672	-5.4296293
90	442	-5.4303503
839	662	-5.430462
959	71	-5.430626
936	257	-5.4336367
914	424	-5.4336615
933	264	-5.4340014
863	667	-5.43445
901	150	-5.434687
106	468	-5.4347496
39	652	-5.435017
887	125	-5.4352565
903	550	-5.43568
817	84	-5.4359837
858	18	-5.438004
872	239	-5.438488
70	507	-5.438806
930	611	-5.4398494
68	593	-5.440337
887	565	-5.440337
822	96	-5.4411635
73	595	-5.4421225
872	437	-5.4428253
62	507	-5.443007
957	554	-5.443275
864	174	-5.44337
21	415	-5.445677
616	671	-5.446305
912	236	-5.4466014
112	474	-5.447457
214	662	-5.447816
879	137	-5.4484515
723	662	-5.4495173
50	636	-5.4509034
907	361	-5.4514704
911	262	-5.4517727
30	524	-5.452071
847	598	-5.454131
909	576	-5.4556727
63	615	-5.457966
3	400	-5.4591727
943	430	-5.461226
148	586	-5.4629965
944	480	-5.4633923
448	672	-5.4634023
922	242	-5.4635863
58	404	-5.465832
169	651	-5.4666567
876	22	-5.466706
899	139	-5.4675565
889	606	-5.4690666
415	665	-5.469464
887	120	-5.469901
352	672	-5.47125
187	572	-5.4714456
944	494	-5.4714913
242	658	-5.472538
893	244	-5.4740205
896	658	-5.4751368
681	649	-5.4753337
158	525	-5.4768085
365	641	-5.4772778
837	1	-5.4783783
919	555	-5.480305
56	527	-5.481201
864	281	-5.48193
932	405	-5.482088
348	671	-5.4846835
856	351	-5.485411
935	228	-5.4854174
102	458	-5.4855437
48	597	-5.4856763
552	664	-5.4862328
503	626	-5.487346
349	629	-5.487908
245	662	-5.488226
729	672	-5.4884243
938	211	-5.489038
739	114	-5.48911
692	656	-5.4892263
339	651	-5.4895153
903	77	-5.489838
701	664	-5.490709
149	648	-5.4907675
709	672	-5.4923897
891	17	-5.4937572
879	49	-5.4953756
951	584	-5.495857
731	89	-5.4966855
50	456	-5.497345
147	499	-5.498814
215	571	-5.499368
0	497	-5.50019
165	505	-5.500454
904	169	-5.5005126
862	605	-5.501052
404	656	-5.5015264
893	279	-5.5026293
842	20	-5.503898
67	537	-5.504102
508	636	-5.5049553
4	506	-5.5066657
119	601	-5.506698
837	670	-5.5072594
786	665	-5.508685
321	671	-5.5087337
867	666	-5.5089536
871	646	-5.5091314
731	662	-5.510579
96	526	-5.5106177
101	544	-5.5122724
858	668	-5.513398
864	663	-5.5134335
955	572	-5.513968
778	49	-5.5155907
834	32	-5.515724
907	523	-5.5163584
906	10	-5.517385
204	660	-5.517677
953	384	-5.517682
933	470	-5.5177264
5	570	-5.518411
535	664	-5.5216475
116	478	-5.5217414
782	82	-5.521885
895	91	-5.522233
106	461	-5.524556
54	503	-5.525316
210	569	-5.5276537
921	341	-5.5283875
878	668	-5.52975
934	345	-5.5309334
833	434	-5.5342875
72	570	-5.535426
877	263	-5.5365477
906	177	-5.5367627
942	425	-5.5371685
959	246	-5.539824
918	36	-5.5403414
883	40	-5.542084
717	672	-5.5427327
867	19	-5.543155
59	400	-5.5433235
5	588	-5.543693
42	612	-5.544341
91	608	-5.544643
775	121	-5.5447364
21	505	-5.5449758
860	541	-5.545014
958	421	-5.545022
946	90	-5.5457497
66	576	-5.546194
219	565	-5.546463
953	363	-5.5472975
903	217	-5.5498896
142	494	-5.550027
638	665	-5.5519376
8	468	-5.5521684
100	564	-5.5523267
925	671	-5.552682
940	485	-5.5531077
212	565	-5.5534782
110	554	-5.5538154
935	466	-5.5541153
948	214	-5.5543923
73	545	-5.5544214
919	379	-5.5565977
131	624	-5.55661
850	666	-5.5580554
118	552	-5.55822
99	625	-5.5585914
916	577	-5.5586977
923	321	-5.5593553
556	671	-5.560658
890	145	-5.563281
915	468	-5.563615
856	12	-5.563733
21	350	-5.56516
42	385	-5.567552
878	573	-5.567901
64	641	-5.5680013
952	421	-5.568543
862	611	-5.570329
141	516	-5.570948
234	573	-5.5713916
934	460	-5.571829
902	425	-5.571928
914	666	-5.572068
914	448	-5.57298
63	631	-5.573015
457	672	-5.5740113
493	613	-5.5740285
919	566	-5.5741897
164	652	-5.5742145
758	670	-5.5743513
929	43	-5.574963
837	80	-5.575483
942	379	-5.575581
908	193	-5.576168
56	464	-5.577401
887	18	-5.577635
1	521	-5.578158
893	10	-5.5782566
904	546	-5.5798564
216	608	-5.5801525
894	159	-5.5802903
931	618	-5.580921
855	658	-5.581791
2	308	-5.581968
65	588	-5.5846252
163	512	-5.58481
76	583	-5.5858755
847	474	-5.586426
912	281	-5.5865192
512	629	-5.58837
28	536	-5.589052
959	448	-5.590163
951	430	-5.5901647
939	439	-5.590744
833	656	-5.590863
823	110	-5.591738
562	672	-5.5920177
226	576	-5.5921135
373	651	-5.592768
898	482	-5.593848
948	149	-5.594493
747	61	-5.594654
940	170	-5.595458
952	293	-5.5958543
146	636	-5.596108
959	187	-5.5963964
956	84	-5.5971165
207	474	-5.597522
596	671	-5.5977902
26	566	-5.597954
677	658	-5.5982137
835	28	-5.598726
759	118	-5.5997276
949	575	-5.60068
101	579	-5.601547
131	487	-5.602266
894	458	-5.6023397
940	547	-5.602517
174	458	-5.602988
170	602	-5.605752
907	114	-5.6065
884	94	-5.60679
835	380	-5.606898
528	642	-5.6069
37	380	-5.608026
19	419	-5.6083627
2	394	-5.6085463
301	671	-5.6085553
138	623	-5.6088834
193	652	-5.6090484
38	384	-5.6093435
916	50	-5.6094556
915	582	-5.6099195
806	113	-5.6114564
925	333	-5.6116123
846	380	-5.611879
454	652	-5.612221
70	493	-5.612289
904	418	-5.612766
19	497	-5.612794
895	529	-5.6127963
139	511	-5.614094
177	651	-5.614147
59	476	-5.6156254
959	195	-5.6164875
875	43	-5.6171308
932	100	-5.61717
44	607	-5.619821
826	395	-5.6208224
126	551	-5.621111
486	614	-5.6215096
847	41	-5.6226077
161	504	-5.6226788
18	410	-5.6227574
30	650	-5.62318
764	82	-5.6234083
848	29	-5.6239
144	581	-5.624218
512	667	-5.6248446
879	41	-5.625166
925	340	-5.6255264
217	604	-5.6258245
52	461	-5.6264114
109	550	-5.626494
915	258	-5.6269207
957	587	-5.6269913
936	271	-5.62736
836	14	-5.6275873
895	662	-5.628458
122	611	-5.628775
933	327	-5.630546
893	150	-5.6308804
129	617	-5.6314054
923	206	-5.632284
959	377	-5.632808
958	413	-5.6331906
25	485	-5.633641
89	572	-5.633662
860	13	-5.6352863
907	281	-5.6363735
881	89	-5.6378255
818	112	-5.6385098
808	84	-5.6393995
664	662	-5.6403904
867	450	-5.640483
773	652	-5.6409655
819	665	-5.641394
4	602	-5.6428723
894	0	-5.6447496
931	96	-5.645365
575	665	-5.6457314
939	30	-5.6459904
886	74	-5.646208
938	624	-5.646765
940	433	-5.646813
891	111	-5.648028
868	50	-5.6492
8	538	-5.6497016
921	39	-5.650175
896	444	-5.6505547
888	108	-5.651908
525	662	-5.652367
69	584	-5.6525693
695	666	-5.6528587
159	532	-5.6536336
58	632	-5.65449
904	293	-5.6558595
739	97	-5.6563754
12	348	-5.659363
327	671	-5.659457
866	504	-5.6594586
830	428	-5.660815
4	554	-5.661104
69	567	-5.6613235
781	489	-5.6628237
453	663	-5.6638207
774	88	-5.663877
880	85	-5.6640444
918	426	-5.664194
84	437	-5.6641955
909	586	-5.6642923
854	580	-5.6665664
883	197	-5.6675215
58	457	-5.668453
356	671	-5.6690426
942	443	-5.6694336
772	49	-5.669642
827	633	-5.6700053
116	522	-5.6712174
360	672	-5.672081
203	672	-5.672164
943	447	-5.6729655
62	626	-5.6735473
936	588	-5.6751113
817	556	-5.676086
29	515	-5.676349
375	671	-5.6763906
792	54	-5.676705
864	623	-5.677025
173	551	-5.677053
15	361	-5.677101
919	27	-5.67769
910	291	-5.6789455
226	671	-5.6813326
492	671	-5.681931
5	620	-5.682856
913	213	-5.6831536
900	183	-5.683475
88	605	-5.6835246
441	668	-5.684268
868	660	-5.6845145
912	599	-5.6857815
134	554	-5.6861405
785	109	-5.6867766
684	668	-5.6868544
875	331	-5.688322
253	648	-5.6883507
230	673	-5.688922
959	532	-5.689587
951	306	-5.689725
166	495	-5.6897445
34	584	-5.691595
899	578	-5.692304
419	653	-5.693817
12	355	-5.6942825
309	671	-5.6943803
878	73	-5.6957684
910	228	-5.6961427
50	449	-5.69646
890	672	-5.6965785
910	490	-5.6966076
817	117	-5.6979256
557	665	-5.698533
220	569	-5.6988397
794	60	-5.699265
228	660	-5.699453
399	668	-5.7001348
959	289	-5.7001634
876	626	-5.700457
168	542	-5.701386
54	627	-5.7028074
827	448	-5.7031913
87	653	-5.7040167
850	381	-5.705992
864	523	-5.70634
959	179	-5.707173
854	559	-5.7080207
944	434	-5.7081585
947	486	-5.7090507
949	567	-5.7093096
200	585	-5.7114177
902	189	-5.7117653
880	624	-5.7126684
644	653	-5.712965
568	672	-5.7137413
959	519	-5.7139554
892	137	-5.714592
15	396	-5.7148075
872	260	-5.715404
732	95	-5.7154784
864	191	-5.7165074
37	616	-5.718355
538	668	-5.718844
882	18	-5.7189455
209	672	-5.719193
934	356	-5.719795
25	426	-5.720205
105	552	-5.7222476
67	647	-5.7222548
98	621	-5.7242117
53	568	-5.725359
948	479	-5.726568
311	661	-5.7280345
386	655	-5.72837
897	121	-5.7285066
181	563	-5.7285924
871	673	-5.730419
787	119	-5.7318416
938	311	-5.7326226
919	374	-5.7326517
910	341	-5.732736
520	664	-5.732998
959	567	-5.7336645
137	619	-5.7341976
935	37	-5.735294
529	656	-5.736452
904	202	-5.7367654
896	670	-5.736904
792	74	-5.7377367
926	33	-5.73869
920	351	-5.7405066
40	608	-5.74153
37	536	-5.7427745
897	509	-5.7431746
506	672	-5.74322
51	632	-5.744079
32	372	-5.744593
2	374	-5.7468104
449	662	-5.747099
882	582	-5.747391
940	395	-5.7474933
206	572	-5.747654
74	588	-5.7477083
57	396	-5.7485614
742	100	-5.749429
952	96	-5.750857
875	561	-5.751022
56	573	-5.751175
954	324	-5.751613
381	640	-5.7519765
508	627	-5.752354
58	621	-5.75278
845	13	-5.752839
910	323	-5.7529607
2	526	-5.7540274
900	469	-5.7540584
725	83	-5.7541695
54	393	-5.754223
397	648	-5.7551823
906	478	-5.755735
907	517	-5.755743
875	121	-5.755968
951	558	-5.756468
866	495	-5.7569494
196	579	-5.7572184
959	203	-5.7576594
5	558	-5.757936
933	477	-5.758212
872	629	-5.7582574
227	655	-5.7594457
213	658	-5.7597938
933	387	-5.760003
934	628	-5.7606864
857	627	-5.7623277
600	672	-5.762915
881	607	-5.7630873
902	565	-5.763176
0	505	-5.763364
959	538	-5.7634954
853	373	-5.7636003
28	542	-5.7642193
883	666	-5.7648177
835	96	-5.7651234
922	210	-5.7656856
35	530	-5.7668405
949	588	-5.7676015
828	112	-5.7678394
959	353	-5.768185
24	353	-5.771582
153	649	-5.7719607
838	104	-5.77277
52	497	-5.772906
959	14	-5.773124
5	598	-5.7736254
934	339	-5.775002
126	613	-5.775005
1	611	-5.775118
139	502	-5.775398
911	299	-5.7770877
825	663	-5.777135
727	664	-5.7775455
1	312	-5.7797637
149	639	-5.781645
861	636	-5.7828655
891	599	-5.7836976
925	221	-5.7844105
221	614	-5.7846017
706	666	-5.784628
936	41	-5.7873564
778	109	-5.788076
876	318	-5.788796
933	24	-5.7894053
906	537	-5.789438
887	461	-5.7902136
213	488	-5.7902827
191	648	-5.790933
92	619	-5.791083
823	36	-5.7939663
23	496	-5.7950153
240	673	-5.7952843
222	654	-5.795375
939	633	-5.7959237
137	491	-5.7962546
496	667	-5.7963843
185	640	-5.7963967
746	667	-5.7968125
723	89	-5.797412
829	82	-5.7977214
234	671	-5.7983093
840	385	-5.799406
87	547	-5.799468
809	117	-5.7996764
861	476	-5.80052
246	643	-5.801924
60	511	-5.80334
867	226	-5.803692
916	444	-5.8039603
851	454	-5.80577
959	454	-5.8062086
70	420	-5.8079333
166	605	-5.808122
873	248	-5.8086696
888	22	-5.8091035
906	527	-5.8093166
923	396	-5.8099213
239	635	-5.8107657
839	620	-5.811229
957	579	-5.8122115
413	669	-5.8124866
904	229	-5.8133054
166	610	-5.814573
830	94	-5.8155503
869	236	-5.817251
959	417	-5.817287
890	666	-5.8175244
891	262	-5.8177724
959	372	-5.817901
850	655	-5.818446
496	616	-5.819215
19	362	-5.8207293
913	285	-5.820957
896	153	-5.822319
846	440	-5.8227763
862	169	-5.8232927
170	499	-5.82636
778	117	-5.8299255
5	565	-5.830348
957	633	-5.8314867
142	634	-5.832574
959	512	-5.8333626
58	613	-5.8334575
839	11	-5.8354173
777	85	-5.838324
635	659	-5.8384104
910	119	-5.8384967
862	276	-5.8386254
935	123	-5.8388257
62	652	-5.8396845
21	358	-5.839708
357	627	-5.841627
32	603	-5.842795
9	480	-5.8429103
46	615	-5.8444605
41	618	-5.8462677
829	391	-5.8469143
25	491	-5.847727
940	404	-5.848486
838	25	-5.8486714
948	222	-5.848817
877	323	-5.849347
856	300	-5.8501472
902	165	-5.850631
58	472	-5.850885
944	506	-5.851154
911	22	-5.8518314
943	31	-5.852286
5	576	-5.8525147
959	425	-5.8532357
102	556	-5.85453
882	24	-5.854578
409	653	-5.8546143
162	606	-5.855036
796	76	-5.8553967
25	557	-5.856361
586	652	-5.8567715
861	628	-5.85734
933	113	-5.8581414
273	672	-5.8604336
758	114	-5.8606515
9	543	-5.8609185
936	283	-5.861812
942	630	-5.864488
167	643	-5.8651853
834	624	-5.86545
883	61	-5.865499
938	263	-5.8656745
37	490	-5.8658643
909	174	-5.8665247
959	361	-5.866874
874	309	-5.867935
944	180	-5.8679967
938	565	-5.8680053
940	421	-5.8686185
839	5	-5.868796
12	493	-5.8688645
369	671	-5.8696847
516	666	-5.8699956
157	648	-5.870972
943	159	-5.8710446
56	507	-5.8717327
857	24	-5.8744593
900	501	-5.875452
220	610	-5.8763404
0	388	-5.877919
940	370	-5.878008
855	665	-5.8787737
8	526	-5.8839154
228	620	-5.8840322
848	358	-5.8843894
718	652	-5.885103
907	386	-5.886999
857	1	-5.8870373
925	400	-5.88725
898	131	-5.888049
939	428	-5.8901615
911	319	-5.8908854
872	668	-5.89107
458	651	-5.8918915
887	83	-5.8934417
91	531	-5.8941092
821	395	-5.8945293
882	574	-5.895266
828	432	-5.895391
736	80	-5.895896
908	365	-5.896759
903	630	-5.897661
955	89	-5.8983617
1	533	-5.8992853
875	55	-5.8998594
937	279	-5.9013433
34	607	-5.9014816
798	80	-5.9017725
911	307	-5.903191
872	273	-5.9035745
888	58	-5.904994
268	673	-5.9053116
604	671	-5.9058204
25	360	-5.90605
954	359	-5.906551
855	643	-5.9077
959	401	-5.9081717
179	558	-5.9086766
701	621	-5.9095144
959	438	-5.9105268
76	505	-5.9105444
27	580	-5.9105473
169	518	-5.911253
727	75	-5.9114757
871	11	-5.9134765
863	452	-5.9140196
942	150	-5.915046
906	497	-5.9165697
827	108	-5.917692
702	668	-5.9177203
223	604	-5.918163
954	388	-5.918681
65	412	-5.9189196
171	622	-5.9194593
906	244	-5.921178
943	94	-5.921421
222	578	-5.9214234
939	455	-5.9218345
818	623	-5.921925
742	665	-5.9235663
513	648	-5.923642
4	455	-5.9237947
195	476	-5.923917
487	671	-5.92555
124	559	-5.927954
938	362	-5.9279737
954	407	-5.9291945
825	80	-5.9294753
8	500	-5.9298463
222	670	-5.930619
234	664	-5.932361
166	509	-5.9332714
562	665	-5.93452
32	619	-5.9353967
796	68	-5.936661
942	276	-5.937195
954	341	-5.9374757
136	577	-5.9376516
864	510	-5.9377093
115	594	-5.9377713
950	617	-5.9387884
846	662	-5.9401574
861	536	-5.9415884
930	627	-5.9417286
863	528	-5.9417367
959	559	-5.9421897
938	354	-5.9426084
173	652	-5.942689
900	452	-5.9438396
721	93	-5.943997
850	18	-5.944489
127	654	-5.945437
952	396	-5.946124
101	454	-5.9464793
880	141	-5.9467397
830	102	-5.9478483
210	664	-5.9479885
204	584	-5.9486775
6	385	-5.949446
920	365	-5.949581
782	663	-5.95051
835	441	-5.9507074
929	91	-5.9507885
65	572	-5.9510145
843	608	-5.951802
959	33	-5.953471
78	509	-5.9541535
580	665	-5.954163
47	452	-5.9542794
156	503	-5.9544125
852	567	-5.9561787
6	328	-5.95667
899	460	-5.9566865
954	335	-5.9574695
738	667	-5.959143
834	385	-5.960146
195	672	-5.9601464
825	668	-5.960287
851	446	-5.9603615
164	531	-5.962353
466	652	-5.962482
16	350	-5.963149
824	654	-5.964536
831	661	-5.965255
224	481	-5.965734
917	369	-5.9664536
395	667	-5.9667835
916	430	-5.9670663
914	417	-5.9691815
935	319	-5.971025
379	662	-5.9710884
54	622	-5.9713974
36	446	-5.971701
521	660	-5.971833
74	323	-5.9726496
947	231	-5.9728017
527	648	-5.9737105
517	623	-5.9740963
503	631	-5.974798
959	459	-5.9751945
163	638	-5.9755445
46	592	-5.975932
948	467	-5.9774714
117	473	-5.977604
834	45	-5.9777813
875	658	-5.9787292
946	191	-5.978786
9	464	-5.981528
245	673	-5.9816623
951	438	-5.98259
852	42	-5.983714
895	125	-5.983841
207	490	-5.984235
940	571	-5.9846873
57	566	-5.985007
818	631	-5.985057
758	652	-5.985622
826	442	-5.985935
9	549	-5.9869947
381	657	-5.987226
64	512	-5.9877906
907	381	-5.98781
751	652	-5.9892797
898	640	-5.994118
48	603	-5.994412
886	14	-5.994931
23	421	-5.9951777
283	671	-5.995593
504	635	-5.996459
959	41	-5.997105
911	476	-5.998609
915	572	-5.999729
