#micrograph: ../Source/micrographs/Microtubules_00061.mrc
#particle length: 310
#particle width: 310
#helix: (2466.5, 1665.5),(2097.5, 2466.5),310
2401.64630809	1806.27996536
2388.67556971	1834.43595843
2375.70483133	1862.5919515
2362.73409295	1890.74794457
2349.76335457	1918.90393764
2336.79261619	1947.05993072
2323.82187781	1975.21592379
2310.85113942	2003.37191686
2297.88040104	2031.52790993
2284.90966266	2059.683903
2271.93892428	2087.83989607
2258.9681859	2115.99588914
2245.99744752	2144.15188222
2233.02670914	2172.30787529
2220.05597076	2200.46386836
2207.08523237	2228.61986143
2194.11449399	2256.7758545
2181.14375561	2284.93184757
2168.17301723	2313.08784065
2155.20227885	2341.24383372
#helix: (2097.5, 387.4999999999999),(3852.5, 387.4999999999999),310
2252.5	387.5
2283.5	387.5
2314.5	387.5
2345.5	387.5
2376.5	387.5
2407.5	387.5
2438.5	387.5
2469.5	387.5
2500.5	387.5
2531.5	387.5
2562.5	387.5
2593.5	387.5
2624.5	387.5
2655.5	387.5
2686.5	387.5
2717.5	387.5
2748.5	387.5
2779.5	387.5
2810.5	387.5
2841.5	387.5
2872.5	387.5
2903.5	387.5
2934.5	387.5
2965.5	387.5
2996.5	387.5
3027.5	387.5
3058.5	387.5
3089.5	387.5
3120.5	387.5
3151.5	387.5
3182.5	387.5
3213.5	387.5
3244.5	387.5
3275.5	387.5
3306.5	387.5
3337.5	387.5
3368.5	387.5
3399.5	387.5
3430.5	387.5
3461.5	387.5
3492.5	387.5
3523.5	387.5
3554.5	387.5
3585.5	387.5
3616.5	387.5
3647.5	387.5
3678.5	387.5
3709.5	387.5
#helix: (684.5, 702.4999999999999),(2259.5, 315.4999999999999),310
835.022649332	665.514434735
865.127179199	658.117321683
895.231709065	650.72020863
925.336238932	643.323095577
955.440768798	635.925982524
985.545298665	628.528869471
1015.64982853	621.131756418
1045.7543584	613.734643365
1075.85888826	606.337530312
1105.96341813	598.940417259
1136.067948	591.543304206
1166.17247786	584.146191153
1196.27700773	576.749078101
1226.3815376	569.351965048
1256.48606746	561.954851995
1286.59059733	554.557738942
1316.6951272	547.160625889
1346.79965706	539.763512836
1376.90418693	532.366399783
1407.0087168	524.96928673
1437.11324666	517.572173677
1467.21777653	510.175060624
1497.3223064	502.777947571
1527.42683626	495.380834519
1557.53136613	487.983721466
1587.63589599	480.586608413
1617.74042586	473.18949536
1647.84495573	465.792382307
1677.94948559	458.395269254
1708.05401546	450.998156201
1738.15854533	443.601043148
1768.26307519	436.203930095
1798.36760506	428.806817042
1828.47213493	421.409703989
1858.57666479	414.012590937
1888.68119466	406.615477884
1918.78572453	399.218364831
1948.89025439	391.821251778
1978.99478426	384.424138725
2009.09931413	377.027025672
2039.20384399	369.629912619
2069.30837386	362.232799566
2099.41290373	354.835686513
2129.51743359	347.43857346
#helix: (1026.5, 3969.5),(2079.5, 2502.5),310
1116.88398018	3843.58043787
1134.96077621	3818.39652544
1153.03757225	3793.21261302
1171.11436829	3768.02870059
1189.19116432	3742.84478817
1207.26796036	3717.66087574
1225.34475639	3692.47696331
1243.42155243	3667.29305089
1261.49834847	3642.10913846
1279.5751445	3616.92522604
1297.65194054	3591.74131361
1315.72873657	3566.55740118
1333.80553261	3541.37348876
1351.88232864	3516.18957633
1369.95912468	3491.00566391
1388.03592072	3465.82175148
1406.11271675	3440.63783905
1424.18951279	3415.45392663
1442.26630882	3390.2700142
1460.34310486	3365.08610178
1478.4199009	3339.90218935
1496.49669693	3314.71827692
1514.57349297	3289.5343645
1532.650289	3264.35045207
1550.72708504	3239.16653965
1568.80388107	3213.98262722
1586.88067711	3188.79871479
1604.95747315	3163.61480237
1623.03426918	3138.43088994
1641.11106522	3113.24697752
1659.18786125	3088.06306509
1677.26465729	3062.87915266
1695.34145333	3037.69524024
1713.41824936	3012.51132781
1731.4950454	2987.32741539
1749.57184143	2962.14350296
1767.64863747	2936.95959053
1785.7254335	2911.77567811
1803.80222954	2886.59176568
1821.87902558	2861.40785326
1839.95582161	2836.22394083
1858.03261765	2811.04002841
1876.10941368	2785.85611598
1894.18620972	2760.67220355
1912.26300576	2735.48829113
1930.33980179	2710.3043787
1948.41659783	2685.12046628
1966.49339386	2659.93655385
1984.5701899	2634.75264142
2002.64698593	2609.568729
#helix: (2187.5, 2916.5),(2709.5, 1908.5),310
2258.77740839	2778.86086656
2273.03289007	2751.33303987
2287.28837174	2723.80521319
2301.54385342	2696.2773865
2315.7993351	2668.74955981
2330.05481678	2641.22173312
2344.31029845	2613.69390644
2358.56578013	2586.16607975
2372.82126181	2558.63825306
2387.07674349	2531.11042637
2401.33222516	2503.58259969
2415.58770684	2476.054773
2429.84318852	2448.52694631
2444.0986702	2420.99911962
2458.35415187	2393.47129294
2472.60963355	2365.94346625
2486.86511523	2338.41563956
2501.12059691	2310.88781287
2515.37607858	2283.35998619
2529.63156026	2255.8321595
2543.88704194	2228.30433281
2558.14252362	2200.77650612
2572.39800529	2173.24867943
2586.65348697	2145.72085275
2600.90896865	2118.19302606
2615.16445033	2090.66519937
2629.419932	2063.13737268
2643.67541368	2035.609546
#helix: (3447.5, 126.49999999999989),(1989.5, 81.49999999999989),310
3292.5737737	121.718326349
3261.58852843	120.761991618
3230.60328317	119.805656888
3199.61803791	118.849322158
3168.63279265	117.892987428
3137.64754739	116.936652697
3106.66230213	115.980317967
3075.67705687	115.023983237
3044.69181161	114.067648506
3013.70656635	113.111313776
2982.72132109	112.154979046
2951.73607582	111.198644316
2920.75083056	110.242309585
2889.7655853	109.285974855
2858.78034004	108.329640125
2827.79509478	107.373305394
2796.80984952	106.416970664
2765.82460426	105.460635934
2734.839359	104.504301204
2703.85411374	103.547966473
2672.86886848	102.591631743
2641.88362321	101.635297013
2610.89837795	100.678962283
2579.91313269	99.7226275522
2548.92788743	98.766292822
2517.94264217	97.8099580917
2486.95739691	96.8536233614
2455.97215165	95.8972886311
2424.98690639	94.9409539008
2394.00166113	93.9846191706
2363.01641587	93.0282844403
2332.0311706	92.07194971
2301.04592534	91.1156149797
2270.06068008	90.1592802495
2239.07543482	89.2029455192
2208.09018956	88.2466107889
2177.1049443	87.2902760586
2146.11969904	86.3339413283
2115.13445378	85.3776065981
#helix: (3744.5, 81.49999999999989),(5940.5, 801.4999999999999),310
3891.78557885	129.790353722
3921.24269462	139.448424466
3950.69981039	149.10649521
3980.15692616	158.764565955
4009.61404193	168.422636699
4039.0711577	178.080707443
4068.52827347	187.738778188
4097.98538924	197.396848932
4127.44250501	207.054919676
4156.89962078	216.71299042
4186.35673655	226.371061165
4215.81385232	236.029131909
4245.27096809	245.687202653
4274.72808386	255.345273398
4304.18519963	265.003344142
4333.6423154	274.661414886
4363.09943117	284.319485631
4392.55654694	293.977556375
4422.01366271	303.635627119
4451.47077848	313.293697864
4480.92789425	322.951768608
4510.38501002	332.609839352
4539.84212579	342.267910097
4569.29924156	351.925980841
4598.75635734	361.584051585
4628.21347311	371.24212233
4657.67058888	380.900193074
4687.12770465	390.558263818
4716.58482042	400.216334563
4746.04193619	409.874405307
4775.49905196	419.532476051
4804.95616773	429.190546796
4834.4132835	438.84861754
4863.87039927	448.506688284
4893.32751504	458.164759029
4922.78463081	467.822829773
4952.24174658	477.480900517
4981.69886235	487.138971261
5011.15597812	496.797042006
5040.61309389	506.45511275
5070.07020966	516.113183494
5099.52732543	525.771254239
5128.9844412	535.429324983
5158.44155697	545.087395727
5187.89867274	554.745466472
5217.35578851	564.403537216
5246.81290428	574.06160796
5276.27002005	583.719678705
5305.72713582	593.377749449
5335.18425159	603.035820193
5364.64136736	612.693890938
5394.09848313	622.351961682
5423.5555989	632.010032426
5453.01271467	641.668103171
5482.46983044	651.326173915
5511.92694621	660.984244659
5541.38406198	670.642315404
5570.84117775	680.300386148
5600.29829352	689.958456892
5629.75540929	699.616527637
5659.21252506	709.274598381
5688.66964083	718.932669125
5718.1267566	728.590739869
5747.58387237	738.248810614
5777.04098814	747.906881358
5806.49810391	757.564952102
#helix: (2502.5, 1638.5),(2808.5, 495.4999999999999),310
2542.58444947	1488.77279168
2550.60133937	1458.82735002
2558.61822926	1428.88190836
2566.63511915	1398.93646669
2574.65200905	1368.99102503
2582.66889894	1339.04558336
2590.68578884	1309.1001417
2598.70267873	1279.15470004
2606.71956862	1249.20925837
2614.73645852	1219.26381671
2622.75334841	1189.31837505
2630.77023831	1159.37293338
2638.7871282	1129.42749172
2646.8040181	1099.48205006
2654.82090799	1069.53660839
2662.83779788	1039.59116673
2670.85468778	1009.64572507
2678.87157767	979.700283402
2686.88846757	949.754841739
2694.90535746	919.809400075
2702.92224735	889.863958411
2710.93913725	859.918516748
2718.95602714	829.973075084
2726.97291704	800.027633421
2734.98980693	770.082191757
2743.00669683	740.136750094
2751.02358672	710.19130843
2759.04047661	680.245866767
2767.05736651	650.300425103
2775.0742564	620.35498344
#helix: (837.5000000000001, 252.4999999999999),(1944.5, 63.499999999999886),310
990.289145954	226.414048252
1020.84697514	221.196857902
1051.40480434	215.979667552
1081.96263353	210.762477203
1112.52046272	205.545286853
1143.07829191	200.328096503
1173.6361211	195.110906154
1204.19395029	189.893715804
1234.75177948	184.676525455
1265.30960867	179.459335105
1295.86743786	174.242144755
1326.42526705	169.024954406
1356.98309624	163.807764056
1387.54092543	158.590573706
1418.09875463	153.373383357
1448.65658382	148.156193007
1479.21441301	142.939002657
1509.7722422	137.721812308
1540.33007139	132.504621958
1570.88790058	127.287431608
1601.44572977	122.070241259
1632.00355896	116.853050909
1662.56138815	111.635860559
1693.11921734	106.41867021
1723.67704653	101.20147986
1754.23487572	95.9842895104
1784.79270492	90.7670991608
1815.35053411	85.5499088111
#helix: (1458.5, 3933.5),(2223.5, 2925.5),310
1552.20403083	3810.03115937
1570.944837	3785.33739125
1589.68564317	3760.64362312
1608.42644933	3735.949855
1627.1672555	3711.25608687
1645.90806167	3686.56231875
1664.64886783	3661.86855062
1683.389674	3637.1747825
1702.13048017	3612.48101437
1720.87128633	3587.78724625
1739.6120925	3563.09347812
1758.35289866	3538.39970999
1777.09370483	3513.70594187
1795.834511	3489.01217374
1814.57531716	3464.31840562
1833.31612333	3439.62463749
1852.0569295	3414.93086937
1870.79773566	3390.23710124
1889.53854183	3365.54333312
1908.279348	3340.84956499
1927.02015416	3316.15579687
1945.76096033	3291.46202874
1964.5017665	3266.76826062
1983.24257266	3242.07449249
2001.98337883	3217.38072437
2020.724185	3192.68695624
2039.46499116	3167.99318811
2058.20579733	3143.29941999
2076.9466035	3118.60565186
2095.68740966	3093.91188374
2114.42821583	3069.21811561
2133.169022	3044.52434749
#helix: (3195.5, 567.4999999999999),(2718.5, 1908.5),310
3143.55416617	713.536400763
3133.16499941	742.743680916
3122.77583264	771.950961068
3112.38666587	801.158241221
3101.99749911	830.365521374
3091.60833234	859.572801526
3081.21916558	888.780081679
3070.82999881	917.987361832
3060.44083205	947.194641984
3050.05166528	976.401922137
3039.66249851	1005.60920229
3029.27333175	1034.81648244
3018.88416498	1064.02376259
3008.49499822	1093.23104275
2998.10583145	1122.4383229
2987.71666469	1151.64560305
2977.32749792	1180.85288321
2966.93833115	1210.06016336
2956.54916439	1239.26744351
2946.15999762	1268.47472366
2935.77083086	1297.68200382
2925.38166409	1326.88928397
2914.99249733	1356.09656412
2904.60333056	1385.30384427
2894.21416379	1414.51112443
2883.82499703	1443.71840458
2873.43583026	1472.92568473
2863.0466635	1502.13296488
2852.65749673	1531.34024504
2842.26832997	1560.54752519
2831.8791632	1589.75480534
2821.48999643	1618.96208549
2811.10082967	1648.16936565
2800.7116629	1677.3766458
2790.32249614	1706.58392595
2779.93332937	1735.79120611
2769.54416261	1764.99848626
#helix: (4878.5, 1512.5),(5832.5, 2790.5),310
4971.21985406	1636.70961582
4989.76382488	1661.55153899
5008.30779569	1686.39346215
5026.8517665	1711.23538531
5045.39573731	1736.07730848
5063.93970813	1760.91923164
5082.48367894	1785.76115481
5101.02764975	1810.60307797
5119.57162057	1835.44500113
5138.11559138	1860.2869243
5156.65956219	1885.12884746
5175.203533	1909.97077063
5193.74750382	1934.81269379
5212.29147463	1959.65461696
5230.83544544	1984.49654012
5249.37941625	2009.33846328
5267.92338707	2034.18038645
5286.46735788	2059.02230961
5305.01132869	2083.86423278
5323.55529951	2108.70615594
5342.09927032	2133.54807911
5360.64324113	2158.39000227
5379.18721194	2183.23192543
5397.73118276	2208.0738486
5416.27515357	2232.91577176
5434.81912438	2257.75769493
5453.36309519	2282.59961809
5471.90706601	2307.44154125
5490.45103682	2332.28346442
5508.99500763	2357.12538758
5527.53897845	2381.96731075
5546.08294926	2406.80923391
5564.62692007	2431.65115708
5583.17089088	2456.49308024
5601.7148617	2481.3350034
5620.25883251	2506.17692657
5638.80280332	2531.01884973
5657.34677413	2555.8607729
5675.89074495	2580.70269606
5694.43471576	2605.54461923
5712.97868657	2630.38654239
5731.52265739	2655.22846555
5750.0666282	2680.07038872
