#micrograph: ../Source/micrographs/Microtubules_00013.mrc
#particle length: 300
#particle width: 300
#helix: (5652.5, 3834.5),(5004.5, 2835.5),300
5570.87133424	3708.65580695
5554.54560108	3683.48696834
5538.21986793	3658.31812972
5521.89413478	3633.14929111
5505.56840162	3607.9804525
5489.24266847	3582.81161389
5472.91693532	3557.64277528
5456.59120216	3532.47393667
5440.26546901	3507.30509806
5423.93973586	3482.13625945
5407.61400271	3456.96742084
5391.28826955	3431.79858223
5374.9625364	3406.62974362
5358.63680325	3381.46090501
5342.31107009	3356.29206639
5325.98533694	3331.12322778
5309.65960379	3305.95438917
5293.33387063	3280.78555056
5277.00813748	3255.61671195
5260.68240433	3230.44787334
5244.35667118	3205.27903473
5228.03093802	3180.11019612
5211.70520487	3154.94135751
5195.37947172	3129.7725189
5179.05373856	3104.60368029
5162.72800541	3079.43484168
5146.40227226	3054.26600306
5130.0765391	3029.09716445
5113.75080595	3003.92832584
5097.4250728	2978.75948723
5081.09933965	2953.59064862
#helix: (2016.5, 3951.5),(3636.5, 2556.5),300
2130.16532035	3853.6215297
2152.89838442	3834.04583564
2175.63144849	3814.47014157
2198.36451256	3794.89444751
2221.09757664	3775.31875345
2243.83064071	3755.74305939
2266.56370478	3736.16736533
2289.29676885	3716.59167127
2312.02983292	3697.01597721
2334.76289699	3677.44028315
2357.49596106	3657.86458909
2380.22902513	3638.28889503
2402.9620892	3618.71320097
2425.69515327	3599.13750691
2448.42821734	3579.56181284
2471.16128141	3559.98611878
2493.89434548	3540.41042472
2516.62740955	3520.83473066
2539.36047362	3501.2590366
2562.09353769	3481.68334254
2584.82660177	3462.10764848
2607.55966584	3442.53195442
2630.29272991	3422.95626036
2653.02579398	3403.3805663
2675.75885805	3383.80487224
2698.49192212	3364.22917818
2721.22498619	3344.65348412
2743.95805026	3325.07779005
2766.69111433	3305.50209599
2789.4241784	3285.92640193
2812.15724247	3266.35070787
2834.89030654	3246.77501381
2857.62337061	3227.19931975
2880.35643468	3207.62362569
2903.08949875	3188.04793163
2925.82256282	3168.47223757
2948.55562689	3148.89654351
2971.28869097	3129.32084945
2994.02175504	3109.74515539
3016.75481911	3090.16946132
3039.48788318	3070.59376726
3062.22094725	3051.0180732
3084.95401132	3031.44237914
3107.68707539	3011.86668508
3130.42013946	2992.29099102
3153.15320353	2972.71529696
3175.8862676	2953.1396029
3198.61933167	2933.56390884
3221.35239574	2913.98821478
3244.08545981	2894.41252072
3266.81852388	2874.83682666
3289.55158795	2855.2611326
3312.28465202	2835.68543853
3335.01771609	2816.10974447
3357.75078017	2796.53405041
3380.48384424	2776.95835635
3403.21690831	2757.38266229
3425.94997238	2737.80696823
3448.68303645	2718.23127417
3471.41610052	2698.65558011
3494.14916459	2679.07988605
3516.88222866	2659.50419199
3539.61529273	2639.92849793
#helix: (3069.5, 1953.5),(765.5, 4032.5),300
2958.13575527	2053.9888302
2935.86290633	2074.08659625
2913.59005738	2094.18436229
2891.31720843	2114.28212833
2869.04435949	2134.37989437
2846.77151054	2154.47766041
2824.4986616	2174.57542645
2802.22581265	2194.67319249
2779.9529637	2214.77095853
2757.68011476	2234.86872457
2735.40726581	2254.96649061
2713.13441687	2275.06425666
2690.86156792	2295.1620227
2668.58871898	2315.25978874
2646.31587003	2335.35755478
2624.04302108	2355.45532082
2601.77017214	2375.55308686
2579.49732319	2395.6508529
2557.22447425	2415.74861894
2534.9516253	2435.84638498
2512.67877635	2455.94415102
2490.40592741	2476.04191706
2468.13307846	2496.13968311
2445.86022952	2516.23744915
2423.58738057	2536.33521519
2401.31453163	2556.43298123
2379.04168268	2576.53074727
2356.76883373	2596.62851331
2334.49598479	2616.72627935
2312.22313584	2636.82404539
2289.9502869	2656.92181143
2267.67743795	2677.01957747
2245.404589	2697.11734352
2223.13174006	2717.21510956
2200.85889111	2737.3128756
2178.58604217	2757.41064164
2156.31319322	2777.50840768
2134.04034428	2797.60617372
2111.76749533	2817.70393976
2089.49464638	2837.8017058
2067.22179744	2857.89947184
2044.94894849	2877.99723788
2022.67609955	2898.09500392
2000.4032506	2918.19276997
1978.13040165	2938.29053601
1955.85755271	2958.38830205
1933.58470376	2978.48606809
1911.31185482	2998.58383413
1889.03900587	3018.68160017
1866.76615693	3038.77936621
1844.49330798	3058.87713225
1822.22045903	3078.97489829
1799.94761009	3099.07266433
1777.67476114	3119.17043038
1755.4019122	3139.26819642
1733.12906325	3159.36596246
1710.85621431	3179.4637285
1688.58336536	3199.56149454
1666.31051641	3219.65926058
1644.03766747	3239.75702662
1621.76481852	3259.85479266
1599.49196958	3279.9525587
1577.21912063	3300.05032474
1554.94627168	3320.14809078
1532.67342274	3340.24585683
1510.40057379	3360.34362287
1488.12772485	3380.44138891
1465.8548759	3400.53915495
1443.58202696	3420.63692099
1421.30917801	3440.73468703
1399.03632906	3460.83245307
1376.76348012	3480.93021911
1354.49063117	3501.02798515
1332.21778223	3521.12575119
1309.94493328	3541.22351724
1287.67208433	3561.32128328
1265.39923539	3581.41904932
1243.12638644	3601.51681536
1220.8535375	3621.6145814
1198.58068855	3641.71234744
1176.30783961	3661.81011348
1154.03499066	3681.90787952
1131.76214171	3702.00564556
1109.48929277	3722.1034116
1087.21644382	3742.20117764
1064.94359488	3762.29894369
1042.67074593	3782.39670973
1020.39789698	3802.49447577
998.125048039	3822.59224181
975.852199093	3842.69000785
953.579350147	3862.78777389
931.306501202	3882.88553993
909.033652256	3902.98330597
886.76080331	3923.08107201
864.487954364	3943.17883805
#helix: (2322.5, 1827.5),(3411.5, 4176.5),300
2385.59008911	1963.58688642
2398.20810693	1990.80426371
2410.82612475	2018.02164099
2423.44414257	2045.23901828
2436.06216039	2072.45639556
2448.68017822	2099.67377285
2461.29819604	2126.89115013
2473.91621386	2154.10852742
2486.53423168	2181.3259047
2499.1522495	2208.54328198
2511.77026732	2235.76065927
2524.38828515	2262.97803655
2537.00630297	2290.19541384
2549.62432079	2317.41279112
2562.24233861	2344.63016841
2574.86035643	2371.84754569
2587.47837425	2399.06492298
2600.09639208	2426.28230026
2612.7144099	2453.49967755
2625.33242772	2480.71705483
2637.95044554	2507.93443212
2650.56846336	2535.1518094
2663.18648118	2562.36918668
2675.80449901	2589.58656397
2688.42251683	2616.80394125
2701.04053465	2644.02131854
2713.65855247	2671.23869582
2726.27657029	2698.45607311
2738.89458811	2725.67345039
2751.51260593	2752.89082768
2764.13062376	2780.10820496
2776.74864158	2807.32558225
2789.3666594	2834.54295953
2801.98467722	2861.76033682
2814.60269504	2888.9777141
2827.22071286	2916.19509138
2839.83873069	2943.41246867
2852.45674851	2970.62984595
2865.07476633	2997.84722324
2877.69278415	3025.06460052
2890.31080197	3052.28197781
2902.92881979	3079.49935509
2915.54683762	3106.71673238
2928.16485544	3133.93410966
2940.78287326	3161.15148695
2953.40089108	3188.36886423
2966.0189089	3215.58624152
2978.63692672	3242.8036188
2991.25494455	3270.02099609
3003.87296237	3297.23837337
3016.49098019	3324.45575065
3029.10899801	3351.67312794
3041.72701583	3378.89050522
3054.34503365	3406.10788251
3066.96305147	3433.32525979
3079.5810693	3460.54263708
3092.19908712	3487.76001436
3104.81710494	3514.97739165
3117.43512276	3542.19476893
3130.05314058	3569.41214622
3142.6711584	3596.6295235
3155.28917623	3623.84690079
3167.90719405	3651.06427807
3180.52521187	3678.28165535
3193.14322969	3705.49903264
3205.76124751	3732.71640992
3218.37926533	3759.93378721
3230.99728316	3787.15116449
3243.61530098	3814.36854178
3256.2333188	3841.58591906
3268.85133662	3868.80329635
3281.46935444	3896.02067363
3294.08737226	3923.23805092
3306.70539009	3950.4554282
3319.32340791	3977.67280549
3331.94142573	4004.89018277
3344.55944355	4032.10756005
3357.17746137	4059.32493734
#helix: (1269.5, 4032.5),(3510.5, 1998.5),300
1380.57171233	3931.68792374
1402.7860548	3911.52550849
1425.00039727	3891.36309324
1447.21473974	3871.20067799
1469.4290822	3851.03826274
1491.64342467	3830.87584749
1513.85776714	3810.71343224
1536.0721096	3790.55101699
1558.28645207	3770.38860174
1580.50079454	3750.22618648
1602.715137	3730.06377123
1624.92947947	3709.90135598
1647.14382194	3689.73894073
1669.35816441	3669.57652548
1691.57250687	3649.41411023
1713.78684934	3629.25169498
1736.00119181	3609.08927973
1758.21553427	3588.92686447
1780.42987674	3568.76444922
1802.64421921	3548.60203397
1824.85856167	3528.43961872
1847.07290414	3508.27720347
1869.28724661	3488.11478822
1891.50158908	3467.95237297
1913.71593154	3447.78995772
1935.93027401	3427.62754247
1958.14461648	3407.46512721
1980.35895894	3387.30271196
2002.57330141	3367.14029671
2024.78764388	3346.97788146
2047.00198634	3326.81546621
2069.21632881	3306.65305096
2091.43067128	3286.49063571
2113.64501375	3266.32822046
2135.85935621	3246.16580521
2158.07369868	3226.00338995
2180.28804115	3205.8409747
2202.50238361	3185.67855945
2224.71672608	3165.5161442
2246.93106855	3145.35372895
2269.14541101	3125.1913137
2291.35975348	3105.02889845
2313.57409595	3084.8664832
2335.78843841	3064.70406794
2358.00278088	3044.54165269
2380.21712335	3024.37923744
2402.43146582	3004.21682219
2424.64580828	2984.05440694
2446.86015075	2963.89199169
2469.07449322	2943.72957644
2491.28883568	2923.56716119
2513.50317815	2903.40474594
2535.71752062	2883.24233068
2557.93186308	2863.07991543
2580.14620555	2842.91750018
2602.36054802	2822.75508493
2624.57489049	2802.59266968
2646.78923295	2782.43025443
2669.00357542	2762.26783918
2691.21791789	2742.10542393
2713.43226035	2721.94300868
2735.64660282	2701.78059342
2757.86094529	2681.61817817
2780.07528775	2661.45576292
2802.28963022	2641.29334767
2824.50397269	2621.13093242
2846.71831516	2600.96851717
2868.93265762	2580.80610192
2891.14700009	2560.64368667
2913.36134256	2540.48127141
2935.57568502	2520.31885616
2957.79002749	2500.15644091
2980.00436996	2479.99402566
3002.21871242	2459.83161041
3024.43305489	2439.66919516
3046.64739736	2419.50677991
3068.86173983	2399.34436466
3091.07608229	2379.18194941
3113.29042476	2359.01953415
3135.50476723	2338.8571189
3157.71910969	2318.69470365
3179.93345216	2298.5322884
3202.14779463	2278.36987315
3224.36213709	2258.2074579
3246.57647956	2238.04504265
3268.79082203	2217.8826274
3291.00516449	2197.72021215
3313.21950696	2177.55779689
3335.43384943	2157.39538164
3357.6481919	2137.23296639
3379.86253436	2117.07055114
3402.07687683	2096.90813589
#helix: (4383.5, 117.49999999999989),(4797.5, 864.4999999999999),300
4456.21219116	248.698084045
4470.75462939	274.937700854
4485.29706762	301.177317663
4499.83950585	327.416934472
4514.38194408	353.656551281
4528.92438231	379.89616809
4543.46682055	406.135784899
4558.00925878	432.375401708
4572.55169701	458.615018517
4587.09413524	484.854635326
4601.63657347	511.094252135
4616.1790117	537.333868944
4630.72144994	563.573485753
4645.26388817	589.813102562
4659.8063264	616.052719371
4674.34876463	642.29233618
4688.89120286	668.531952989
4703.43364109	694.771569798
4717.97607932	721.011186607
4732.51851756	747.250803416
#helix: (4959.5, 108.49999999999989),(3060.5, 1935.5),300
4851.40457771	212.497017651
4829.78549325	233.296421182
4808.1664088	254.095824712
4786.54732434	274.895228242
4764.92823988	295.694631773
4743.30915542	316.494035303
4721.69007097	337.293438833
4700.07098651	358.092842363
4678.45190205	378.892245894
4656.83281759	399.691649424
4635.21373314	420.491052954
4613.59464868	441.290456485
4591.97556422	462.089860015
4570.35647976	482.889263545
4548.73739531	503.688667075
4527.11831085	524.488070606
4505.49922639	545.287474136
4483.88014193	566.086877666
4462.26105748	586.886281197
4440.64197302	607.685684727
4419.02288856	628.485088257
4397.4038041	649.284491787
4375.78471965	670.083895318
4354.16563519	690.883298848
4332.54655073	711.682702378
4310.92746627	732.482105909
4289.30838181	753.281509439
4267.68929736	774.080912969
4246.0702129	794.880316499
4224.45112844	815.67972003
4202.83204398	836.47912356
4181.21295953	857.27852709
4159.59387507	878.077930621
4137.97479061	898.877334151
4116.35570615	919.676737681
4094.7366217	940.476141211
4073.11753724	961.275544742
4051.49845278	982.074948272
4029.87936832	1002.8743518
4008.26028387	1023.67375533
3986.64119941	1044.47315886
3965.02211495	1065.27256239
3943.40303049	1086.07196592
3921.78394604	1106.87136945
3900.16486158	1127.67077298
3878.54577712	1148.47017651
3856.92669266	1169.26958004
3835.30760821	1190.06898357
3813.68852375	1210.86838711
3792.06943929	1231.66779064
3770.45035483	1252.46719417
3748.83127038	1273.2665977
3727.21218592	1294.06600123
3705.59310146	1314.86540476
3683.974017	1335.66480829
3662.35493254	1356.46421182
3640.73584809	1377.26361535
3619.11676363	1398.06301888
3597.49767917	1418.86242241
3575.87859471	1439.66182594
3554.25951026	1460.46122947
3532.6404258	1481.260633
3511.02134134	1502.06003653
3489.40225688	1522.85944006
3467.78317243	1543.65884359
3446.16408797	1564.45824712
3424.54500351	1585.25765065
3402.92591905	1606.05705418
3381.3068346	1626.85645771
3359.68775014	1647.65586124
3338.06866568	1668.45526477
3316.44958122	1689.2546683
3294.83049677	1710.05407183
3273.21141231	1730.85347536
3251.59232785	1751.65287889
3229.97324339	1772.45228242
3208.35415894	1793.25168595
3186.73507448	1814.05108948
3165.11599002	1834.85049301
#helix: (2556.5, 1152.5),(3834.5, 4005.5),300
2617.82118531	1289.39306861
2630.08542237	1316.77168233
2642.34965943	1344.15029605
2654.61389649	1371.52890977
2666.87813355	1398.90752349
2679.14237061	1426.28613721
2691.40660767	1453.66475094
2703.67084474	1481.04336466
2715.9350818	1508.42197838
2728.19931886	1535.8005921
2740.46355592	1563.17920582
2752.72779298	1590.55781954
2764.99203004	1617.93643326
2777.2562671	1645.31504698
2789.52050416	1672.69366071
2801.78474123	1700.07227443
2814.04897829	1727.45088815
2826.31321535	1754.82950187
2838.57745241	1782.20811559
2850.84168947	1809.58672931
2863.10592653	1836.96534303
2875.37016359	1864.34395676
2887.63440066	1891.72257048
2899.89863772	1919.1011842
2912.16287478	1946.47979792
2924.42711184	1973.85841164
2936.6913489	2001.23702536
2948.95558596	2028.61563908
2961.21982302	2055.99425281
2973.48406008	2083.37286653
2985.74829715	2110.75148025
2998.01253421	2138.13009397
3010.27677127	2165.50870769
3022.54100833	2192.88732141
3034.80524539	2220.26593513
3047.06948245	2247.64454885
3059.33371951	2275.02316258
3071.59795657	2302.4017763
3083.86219364	2329.78039002
3096.1264307	2357.15900374
3108.39066776	2384.53761746
3120.65490482	2411.91623118
3132.91914188	2439.2948449
3145.18337894	2466.67345863
3157.447616	2494.05207235
3169.71185307	2521.43068607
3181.97609013	2548.80929979
3194.24032719	2576.18791351
3206.50456425	2603.56652723
3218.76880131	2630.94514095
3231.03303837	2658.32375468
3243.29727543	2685.7023684
3255.56151249	2713.08098212
3267.82574956	2740.45959584
3280.08998662	2767.83820956
3292.35422368	2795.21682328
3304.61846074	2822.595437
3316.8826978	2849.97405072
3329.14693486	2877.35266445
3341.41117192	2904.73127817
3353.67540899	2932.10989189
3365.93964605	2959.48850561
3378.20388311	2986.86711933
3390.46812017	3014.24573305
3402.73235723	3041.62434677
3414.99659429	3069.0029605
3427.26083135	3096.38157422
3439.52506841	3123.76018794
3451.78930548	3151.13880166
3464.05354254	3178.51741538
3476.3177796	3205.8960291
3488.58201666	3233.27464282
3500.84625372	3260.65325655
3513.11049078	3288.03187027
3525.37472784	3315.41048399
3537.6389649	3342.78909771
3549.90320197	3370.16771143
3562.16743903	3397.54632515
3574.43167609	3424.92493887
3586.69591315	3452.3035526
3598.96015021	3479.68216632
3611.22438727	3507.06078004
3623.48862433	3534.43939376
3635.7528614	3561.81800748
3648.01709846	3589.1966212
3660.28133552	3616.57523492
3672.54557258	3643.95384864
3684.80980964	3671.33246237
3697.0740467	3698.71107609
3709.33828376	3726.08968981
3721.60252082	3753.46830353
3733.86675789	3780.84691725
3746.13099495	3808.22553097
3758.39523201	3835.60414469
3770.65946907	3862.98275842
3782.92370613	3890.36137214
#helix: (1800.5, 1818.5),(144.5, 3393.5),300
1691.80909621	1921.87450089
1670.07091545	1942.54940106
1648.3327347	1963.22430124
1626.59455394	1983.89920142
1604.85637318	2004.5741016
1583.11819242	2025.24900177
1561.38001166	2045.92390195
1539.64183091	2066.59880213
1517.90365015	2087.2737023
1496.16546939	2107.94860248
1474.42728863	2128.62350266
1452.68910787	2149.29840284
1430.95092712	2169.97330301
1409.21274636	2190.64820319
1387.4745656	2211.32310337
1365.73638484	2231.99800355
1343.99820409	2252.67290372
1322.26002333	2273.3478039
1300.52184257	2294.02270408
1278.78366181	2314.69760425
1257.04548105	2335.37250443
1235.3073003	2356.04740461
1213.56911954	2376.72230479
1191.83093878	2397.39720496
1170.09275802	2418.07210514
1148.35457727	2438.74700532
1126.61639651	2459.4219055
1104.87821575	2480.09680567
1083.14003499	2500.77170585
1061.40185423	2521.44660603
1039.66367348	2542.1215062
1017.92549272	2562.79640638
996.187311961	2583.47130656
974.449131203	2604.14620674
952.710950445	2624.82110691
930.972769687	2645.49600709
909.234588929	2666.17090727
887.496408172	2686.84580745
865.758227414	2707.52070762
844.020046656	2728.1956078
822.281865898	2748.87050798
800.54368514	2769.54540815
778.805504382	2790.22030833
757.067323625	2810.89520851
735.329142867	2831.57010869
713.590962109	2852.24500886
691.852781351	2872.91990904
670.114600593	2893.59480922
648.376419835	2914.2697094
626.638239078	2934.94460957
604.90005832	2955.61950975
583.161877562	2976.29440993
561.423696804	2996.9693101
539.685516046	3017.64421028
517.947335289	3038.31911046
496.209154531	3058.99401064
474.470973773	3079.66891081
452.732793015	3100.34381099
430.994612257	3121.01871117
409.256431499	3141.69361135
387.518250742	3162.36851152
365.780069984	3183.0434117
344.041889226	3203.71831188
322.303708468	3224.39321205
300.56552771	3245.06811223
278.827346953	3265.74301241
257.089166195	3286.41791259
235.350985437	3307.09281276
#helix: (3294.5, 108.49999999999989),(4356.5, 2223.5),300
3361.81011219	242.549799692
3375.27213462	269.359759631
3388.73415706	296.169719569
3402.1961795	322.979679508
3415.65820193	349.789639446
3429.12022437	376.599599384
3442.58224681	403.409559323
3456.04426925	430.219519261
3469.50629168	457.0294792
3482.96831412	483.839439138
3496.43033656	510.649399077
3509.89235899	537.459359015
3523.35438143	564.269318954
3536.81640387	591.079278892
3550.27842631	617.88923883
3563.74044874	644.699198769
3577.20247118	671.509158707
3590.66449362	698.319118646
3604.12651606	725.129078584
3617.58853849	751.939038523
3631.05056093	778.748998461
3644.51258337	805.5589584
3657.9746058	832.368918338
3671.43662824	859.178878276
3684.89865068	885.988838215
3698.36067312	912.798798153
3711.82269555	939.608758092
3725.28471799	966.41871803
3738.74674043	993.228677969
3752.20876286	1020.03863791
3765.6707853	1046.84859785
3779.13280774	1073.65855778
3792.59483018	1100.46851772
3806.05685261	1127.27847766
3819.51887505	1154.0884376
3832.98089749	1180.89839754
3846.44291992	1207.70835748
3859.90494236	1234.51831741
3873.3669648	1261.32827735
3886.82898724	1288.13823729
3900.29100967	1314.94819723
3913.75303211	1341.75815717
3927.21505455	1368.56811711
3940.67707698	1395.37807705
3954.13909942	1422.18803698
3967.60112186	1448.99799692
3981.0631443	1475.80795686
3994.52516673	1502.6179168
4007.98718917	1529.42787674
4021.44921161	1556.23783668
4034.91123404	1583.04779661
4048.37325648	1609.85775655
4061.83527892	1636.66771649
4075.29730136	1663.47767643
4088.75932379	1690.28763637
4102.22134623	1717.09759631
4115.68336867	1743.90755625
4129.1453911	1770.71751618
4142.60741354	1797.52747612
4156.06943598	1824.33743606
4169.53145842	1851.147396
4182.99348085	1877.95735594
4196.45550329	1904.76731588
4209.91752573	1931.57727581
4223.37954817	1958.38723575
4236.8415706	1985.19719569
4250.30359304	2012.00715563
4263.76561548	2038.81711557
4277.22763791	2065.62707551
4290.68966035	2092.43703544
#helix: (1980.5, 1953.5),(2862.5, 4086.5),300
2037.81832745	2092.11677149
2049.28199294	2119.84012579
2060.74565843	2147.56348009
2072.20932392	2175.28683438
2083.67298941	2203.01018868
2095.1366549	2230.73354298
2106.60032039	2258.45689728
2118.06398588	2286.18025157
2129.52765137	2313.90360587
2140.99131686	2341.62696017
2152.45498235	2369.35031447
2163.91864784	2397.07366877
2175.38231333	2424.79702306
2186.84597882	2452.52037736
2198.30964432	2480.24373166
2209.77330981	2507.96708596
2221.2369753	2535.69044026
2232.70064079	2563.41379455
2244.16430628	2591.13714885
2255.62797177	2618.86050315
2267.09163726	2646.58385745
2278.55530275	2674.30721175
2290.01896824	2702.03056604
2301.48263373	2729.75392034
2312.94629922	2757.47727464
2324.40996471	2785.20062894
2335.8736302	2812.92398324
2347.33729569	2840.64733753
2358.80096118	2868.37069183
2370.26462667	2896.09404613
2381.72829216	2923.81740043
2393.19195765	2951.54075472
2404.65562314	2979.26410902
2416.11928863	3006.98746332
2427.58295412	3034.71081762
2439.04661961	3062.43417192
2450.5102851	3090.15752621
2461.97395059	3117.88088051
2473.43761608	3145.60423481
2484.90128157	3173.32758911
2496.36494706	3201.05094341
2507.82861255	3228.7742977
2519.29227804	3256.497652
2530.75594353	3284.2210063
2542.21960902	3311.9443606
2553.68327451	3339.6677149
2565.14694	3367.39106919
2576.61060549	3395.11442349
2588.07427098	3422.83777779
2599.53793647	3450.56113209
2611.00160196	3478.28448638
2622.46526746	3506.00784068
2633.92893295	3533.73119498
2645.39259844	3561.45454928
2656.85626393	3589.17790358
2668.31992942	3616.90125787
2679.78359491	3644.62461217
2691.2472604	3672.34796647
2702.71092589	3700.07132077
2714.17459138	3727.79467507
2725.63825687	3755.51802936
2737.10192236	3783.24138366
2748.56558785	3810.96473796
2760.02925334	3838.68809226
2771.49291883	3866.41144656
2782.95658432	3894.13480085
2794.42024981	3921.85815515
2805.8839153	3949.58150945
#helix: (5256.5, 1890.5),(5706.5, 2772.5),300
5324.67055125	2024.11428046
5338.3046615	2050.83713655
5351.93877175	2077.55999264
5365.57288201	2104.28284873
5379.20699226	2131.00570482
5392.84110251	2157.72856091
5406.47521276	2184.451417
5420.10932301	2211.17427309
5433.74343326	2237.89712919
5447.37754351	2264.61998528
5461.01165376	2291.34284137
5474.64576401	2318.06569746
5488.27987426	2344.78855355
5501.91398451	2371.51140964
5515.54809476	2398.23426573
5529.18220501	2424.95712182
5542.81631526	2451.67997792
5556.45042551	2478.40283401
5570.08453576	2505.1256901
5583.71864602	2531.84854619
5597.35275627	2558.57140228
5610.98686652	2585.29425837
5624.62097677	2612.01711446
5638.25508702	2638.73997055
5651.88919727	2665.46282665
#helix: (4131.5, 180.5),(153.5, 3969.5),300
4022.88515439	283.954411766
4001.16218527	304.645294119
3979.43921615	325.336176472
3957.71624703	346.027058825
3935.99327791	366.717941178
3914.27030879	387.408823532
3892.54733966	408.099705885
3870.82437054	428.790588238
3849.10140142	449.481470591
3827.3784323	470.172352944
3805.65546318	490.863235297
3783.93249406	511.554117651
3762.20952494	532.245000004
3740.48655582	552.935882357
3718.76358669	573.62676471
3697.04061757	594.317647063
3675.31764845	615.008529416
3653.59467933	635.699411769
3631.87171021	656.390294123
3610.14874109	677.081176476
3588.42577197	697.772058829
3566.70280284	718.462941182
3544.97983372	739.153823535
3523.2568646	759.844705888
3501.53389548	780.535588242
3479.81092636	801.226470595
3458.08795724	821.917352948
3436.36498812	842.608235301
3414.64201899	863.299117654
3392.91904987	883.990000007
3371.19608075	904.68088236
3349.47311163	925.371764714
3327.75014251	946.062647067
3306.02717339	966.75352942
3284.30420427	987.444411773
3262.58123515	1008.13529413
3240.85826602	1028.82617648
3219.1352969	1049.51705883
3197.41232778	1070.20794119
3175.68935866	1090.89882354
3153.96638954	1111.58970589
3132.24342042	1132.28058825
3110.5204513	1152.9714706
3088.79748217	1173.66235295
3067.07451305	1194.3532353
3045.35154393	1215.04411766
3023.62857481	1235.73500001
3001.90560569	1256.42588236
2980.18263657	1277.11676472
2958.45966745	1297.80764707
2936.73669832	1318.49852942
2915.0137292	1339.18941178
2893.29076008	1359.88029413
2871.56779096	1380.57117648
2849.84482184	1401.26205884
2828.12185272	1421.95294119
2806.3988836	1442.64382354
2784.67591448	1463.3347059
2762.95294535	1484.02558825
2741.22997623	1504.7164706
2719.50700711	1525.40735296
2697.78403799	1546.09823531
2676.06106887	1566.78911766
2654.33809975	1587.48000001
2632.61513063	1608.17088237
2610.8921615	1628.86176472
2589.16919238	1649.55264707
2567.44622326	1670.24352943
2545.72325414	1690.93441178
2524.00028502	1711.62529413
2502.2773159	1732.31617649
2480.55434678	1753.00705884
2458.83137765	1773.69794119
2437.10840853	1794.38882355
2415.38543941	1815.0797059
2393.66247029	1835.77058825
2371.93950117	1856.46147061
2350.21653205	1877.15235296
2328.49356293	1897.84323531
2306.77059381	1918.53411767
2285.04762468	1939.22500002
2263.32465556	1959.91588237
2241.60168644	1980.60676472
2219.87871732	2001.29764708
2198.1557482	2021.98852943
2176.43277908	2042.67941178
2154.70980996	2063.37029414
2132.98684083	2084.06117649
2111.26387171	2104.75205884
2089.54090259	2125.4429412
2067.81793347	2146.13382355
2046.09496435	2166.8247059
2024.37199523	2187.51558826
2002.64902611	2208.20647061
1980.92605698	2228.89735296
1959.20308786	2249.58823532
1937.48011874	2270.27911767
1915.75714962	2290.97000002
1894.0341805	2311.66088238
1872.31121138	2332.35176473
1850.58824226	2353.04264708
1828.86527314	2373.73352943
1807.14230401	2394.42441179
1785.41933489	2415.11529414
1763.69636577	2435.80617649
1741.97339665	2456.49705885
1720.25042753	2477.1879412
1698.52745841	2497.87882355
1676.80448929	2518.56970591
1655.08152016	2539.26058826
1633.35855104	2559.95147061
1611.63558192	2580.64235297
1589.9126128	2601.33323532
1568.18964368	2622.02411767
1546.46667456	2642.71500003
1524.74370544	2663.40588238
1503.02073631	2684.09676473
1481.29776719	2704.78764709
1459.57479807	2725.47852944
1437.85182895	2746.16941179
1416.12885983	2766.86029414
1394.40589071	2787.5511765
1372.68292159	2808.24205885
1350.95995247	2828.9329412
1329.23698334	2849.62382356
1307.51401422	2870.31470591
1285.7910451	2891.00558826
1264.06807598	2911.69647062
1242.34510686	2932.38735297
1220.62213774	2953.07823532
1198.89916862	2973.76911768
1177.17619949	2994.46000003
1155.45323037	3015.15088238
1133.73026125	3035.84176474
1112.00729213	3056.53264709
1090.28432301	3077.22352944
1068.56135389	3097.9144118
1046.83838477	3118.60529415
1025.11541564	3139.2961765
1003.39244652	3159.98705885
981.669477402	3180.67794121
959.946508281	3201.36882356
938.223539159	3222.05970591
916.500570038	3242.75058827
894.777600916	3263.44147062
873.054631795	3284.13235297
851.331662674	3304.82323533
829.608693552	3325.51411768
807.885724431	3346.20500003
786.16275531	3366.89588239
764.439786188	3387.58676474
742.716817067	3408.27764709
720.993847945	3428.96852945
699.270878824	3449.6594118
677.547909703	3470.35029415
655.824940581	3491.04117651
634.10197146	3511.73205886
612.379002339	3532.42294121
590.656033217	3553.11382356
568.933064096	3573.80470592
547.210094975	3594.49558827
525.487125853	3615.18647062
503.764156732	3635.87735298
482.04118761	3656.56823533
460.318218489	3677.25911768
438.595249368	3697.95000004
416.872280246	3718.64088239
395.149311125	3739.33176474
373.426342004	3760.0226471
351.703372882	3780.71352945
329.980403761	3801.4044118
308.25743464	3822.09529416
286.534465518	3842.78617651
264.811496397	3863.47705886
243.088527275	3884.16794122
#helix: (1773.5, 1386.5),(-35.499999999999886, 3024.5),300
1662.30895806	1487.18044593
1640.07074968	1507.31653512
1617.83254129	1527.45262431
1595.5943329	1547.58871349
1573.35612451	1567.72480268
1551.11791613	1587.86089186
1528.87970774	1607.99698105
1506.64149935	1628.13307024
1484.40329097	1648.26915942
1462.16508258	1668.40524861
1439.92687419	1688.5413378
1417.6886658	1708.67742698
1395.45045742	1728.81351617
1373.21224903	1748.94960536
1350.97404064	1769.08569454
1328.73583226	1789.22178373
1306.49762387	1809.35787292
1284.25941548	1829.4939621
1262.02120709	1849.63005129
1239.78299871	1869.76614048
1217.54479032	1889.90222966
1195.30658193	1910.03831885
1173.06837354	1930.17440803
1150.83016516	1950.31049722
1128.59195677	1970.44658641
1106.35374838	1990.58267559
1084.11554	2010.71876478
1061.87733161	2030.85485397
1039.63912322	2050.99094315
1017.40091483	2071.12703234
995.162706446	2091.26312153
972.924498059	2111.39921071
950.686289672	2131.5352999
928.448081285	2151.67138909
906.209872897	2171.80747827
883.97166451	2191.94356746
861.733456123	2212.07965665
839.495247736	2232.21574583
817.257039348	2252.35183502
795.018830961	2272.4879242
772.780622574	2292.62401339
750.542414187	2312.76010258
728.304205799	2332.89619176
706.065997412	2353.03228095
683.827789025	2373.16837014
661.589580638	2393.30445932
639.35137225	2413.44054851
617.113163863	2433.5766377
594.874955476	2453.71272688
572.636747089	2473.84881607
550.398538701	2493.98490526
528.160330314	2514.12099444
505.922121927	2534.25708363
483.68391354	2554.39317281
461.445705152	2574.529262
439.207496765	2594.66535119
416.969288378	2614.80144037
394.731079991	2634.93752956
372.492871603	2655.07361875
350.254663216	2675.20970793
328.016454829	2695.34579712
305.778246442	2715.48188631
283.540038054	2735.61797549
261.301829667	2755.75406468
239.06362128	2775.89015387
216.825412893	2796.02624305
194.587204505	2816.16233224
172.348996118	2836.29842143
150.110787731	2856.43451061
127.872579344	2876.5705998
105.634370956	2896.70668898
83.396162569	2916.84277817
61.1579541818	2936.97886736
#helix: (4770.5, 2952.5),(5274.5, 4122.5),300
4829.84358441	3090.26189237
4841.71230129	3117.81427085
4853.58101817	3145.36664932
4865.44973505	3172.91902779
4877.31845193	3200.47140627
4889.18716881	3228.02378474
4901.05588569	3255.57616322
4912.92460257	3283.12854169
4924.79331946	3310.68092017
4936.66203634	3338.23329864
4948.53075322	3365.78567711
4960.3994701	3393.33805559
4972.26818698	3420.89043406
4984.13690386	3448.44281254
4996.00562074	3475.99519101
5007.87433762	3503.54756949
5019.74305451	3531.09994796
5031.61177139	3558.65232644
5043.48048827	3586.20470491
5055.34920515	3613.75708338
5067.21792203	3641.30946186
5079.08663891	3668.86184033
5090.95535579	3696.41421881
5102.82407267	3723.96659728
5114.69278956	3751.51897576
5126.56150644	3779.07135423
5138.43022332	3806.6237327
5150.2989402	3834.17611118
5162.16765708	3861.72848965
5174.03637396	3889.28086813
5185.90509084	3916.8332466
5197.77380772	3944.38562508
5209.64252461	3971.93800355
5221.51124149	3999.49038202
#helix: (693.5, 1827.5),(-116.49999999999994, 2574.5),300
583.232522751	1929.19111791
561.179027302	1949.52934149
539.125531852	1969.86756507
517.072036402	1990.20578865
495.018540952	2010.54401223
472.965045503	2030.88223581
450.911550053	2051.2204594
428.858054603	2071.55868298
406.804559153	2091.89690656
384.751063704	2112.23513014
362.697568254	2132.57335372
340.644072804	2152.9115773
318.590577354	2173.24980088
296.537081905	2193.58802447
274.483586455	2213.92624805
252.430091005	2234.26447163
230.376595555	2254.60269521
208.323100106	2274.94091879
186.269604656	2295.27914237
164.216109206	2315.61736595
142.162613756	2335.95558954
120.109118307	2356.29381312
98.055622857	2376.6320367
76.0021274072	2396.97026028
53.9486319575	2417.30848386
31.8951365077	2437.64670744
9.84164105799	2457.98493102
-12.2118543918	2478.32315461
#helix: (2745.5, 270.5),(4680.5, 4095.5),300
2813.21117141	404.347664406
2826.75340569	431.117197287
2840.29563997	457.886730168
2853.83787425	484.656263049
2867.38010853	511.425795931
2880.92234281	538.195328812
2894.46457709	564.964861693
2908.00681137	591.734394574
2921.54904565	618.503927455
2935.09127993	645.273460337
2948.63351422	672.042993218
2962.1757485	698.812526099
2975.71798278	725.58205898
2989.26021706	752.351591861
3002.80245134	779.121124742
3016.34468562	805.890657624
3029.8869199	832.660190505
3043.42915418	859.429723386
3056.97138846	886.199256267
3070.51362275	912.968789148
3084.05585703	939.73832203
3097.59809131	966.507854911
3111.14032559	993.277387792
3124.68255987	1020.04692067
3138.22479415	1046.81645355
3151.76702843	1073.58598644
3165.30926271	1100.35551932
3178.85149699	1127.1250522
3192.39373128	1153.89458508
3205.93596556	1180.66411796
3219.47819984	1207.43365084
3233.02043412	1234.20318372
3246.5626684	1260.9727166
3260.10490268	1287.74224948
3273.64713696	1314.51178237
3287.18937124	1341.28131525
3300.73160552	1368.05084813
3314.2738398	1394.82038101
3327.81607409	1421.58991389
3341.35830837	1448.35944677
3354.90054265	1475.12897965
3368.44277693	1501.89851253
3381.98501121	1528.66804542
3395.52724549	1555.4375783
3409.06947977	1582.20711118
3422.61171405	1608.97664406
3436.15394833	1635.74617694
3449.69618262	1662.51570982
3463.2384169	1689.2852427
3476.78065118	1716.05477558
3490.32288546	1742.82430846
3503.86511974	1769.59384135
3517.40735402	1796.36337423
3530.9495883	1823.13290711
3544.49182258	1849.90243999
3558.03405686	1876.67197287
3571.57629115	1903.44150575
3585.11852543	1930.21103863
3598.66075971	1956.98057151
3612.20299399	1983.7501044
3625.74522827	2010.51963728
3639.28746255	2037.28917016
3652.82969683	2064.05870304
3666.37193111	2090.82823592
3679.91416539	2117.5977688
3693.45639967	2144.36730168
3706.99863396	2171.13683456
3720.54086824	2197.90636745
3734.08310252	2224.67590033
3747.6253368	2251.44543321
3761.16757108	2278.21496609
3774.70980536	2304.98449897
3788.25203964	2331.75403185
3801.79427392	2358.52356473
3815.3365082	2385.29309761
3828.87874249	2412.06263049
3842.42097677	2438.83216338
3855.96321105	2465.60169626
3869.50544533	2492.37122914
3883.04767961	2519.14076202
3896.58991389	2545.9102949
3910.13214817	2572.67982778
3923.67438245	2599.44936066
3937.21661673	2626.21889354
3950.75885102	2652.98842643
3964.3010853	2679.75795931
3977.84331958	2706.52749219
3991.38555386	2733.29702507
4004.92778814	2760.06655795
4018.47002242	2786.83609083
4032.0122567	2813.60562371
4045.55449098	2840.37515659
4059.09672526	2867.14468947
4072.63895954	2893.91422236
4086.18119383	2920.68375524
4099.72342811	2947.45328812
4113.26566239	2974.222821
4126.80789667	3000.99235388
4140.35013095	3027.76188676
4153.89236523	3054.53141964
4167.43459951	3081.30095252
4180.97683379	3108.07048541
4194.51906807	3134.84001829
4208.06130236	3161.60955117
4221.60353664	3188.37908405
4235.14577092	3215.14861693
4248.6880052	3241.91814981
4262.23023948	3268.68768269
4275.77247376	3295.45721557
4289.31470804	3322.22674845
4302.85694232	3348.99628134
4316.3991766	3375.76581422
4329.94141088	3402.5353471
4343.48364517	3429.30487998
4357.02587945	3456.07441286
4370.56811373	3482.84394574
4384.11034801	3509.61347862
4397.65258229	3536.3830115
4411.19481657	3563.15254439
4424.73705085	3589.92207727
4438.27928513	3616.69161015
4451.82151941	3643.46114303
4465.3637537	3670.23067591
4478.90598798	3697.00020879
4492.44822226	3723.76974167
4505.99045654	3750.53927455
4519.53269082	3777.30880743
4533.0749251	3804.07834032
4546.61715938	3830.8478732
4560.15939366	3857.61740608
4573.70162794	3884.38693896
4587.24386223	3911.15647184
4600.78609651	3937.92600472
4614.32833079	3964.6955376
