#micrograph: ../Source/micrographs/Microtubules_00056.mrc
#particle length: 300
#particle width: 300
#helix: (2286.5, 2250.5),(1926.5, 99.5),300
2261.7397783	2102.55767535
2256.78773396	2072.96921043
2251.83568962	2043.3807455
2246.88364528	2013.79228057
2241.93160094	1984.20381564
2236.9795566	1954.61535071
2232.02751226	1925.02688578
2227.07546792	1895.43842085
2222.12342359	1865.84995592
2217.17137925	1836.26149099
2212.21933491	1806.67302606
2207.26729057	1777.08456113
2202.31524623	1747.49609621
2197.36320189	1717.90763128
2192.41115755	1688.31916635
2187.45911321	1658.73070142
2182.50706887	1629.14223649
2177.55502453	1599.55377156
2172.60298019	1569.96530663
2167.65093585	1540.3768417
2162.69889151	1510.78837677
2157.74684717	1481.19991184
2152.79480283	1451.61144692
2147.84275849	1422.02298199
2142.89071415	1392.43451706
2137.93866981	1362.84605213
2132.98662547	1333.2575872
2128.03458113	1303.66912227
2123.08253679	1274.08065734
2118.13049245	1244.49219241
2113.17844811	1214.90372748
2108.22640377	1185.31526255
2103.27435944	1155.72679762
2098.3223151	1126.1383327
2093.37027076	1096.54986777
2088.41822642	1066.96140284
2083.46618208	1037.37293791
2078.51413774	1007.78447298
2073.5620934	978.19600805
2068.61004906	948.607543121
2063.65800472	919.019078192
2058.70596038	889.430613263
2053.75391604	859.842148334
2048.8018717	830.253683405
2043.84982736	800.665218476
2038.89778302	771.076753547
2033.94573868	741.488288618
2028.99369434	711.899823688
2024.04165	682.311358759
2019.08960566	652.72289383
2014.13756132	623.134428901
2009.18551698	593.545963972
2004.23347264	563.957499043
1999.2814283	534.369034114
1994.32938396	504.780569185
1989.37733962	475.192104256
1984.42529528	445.603639327
1979.47325095	416.015174398
1974.52120661	386.426709469
1969.56916227	356.83824454
1964.61711793	327.249779611
1959.66507359	297.661314681
1954.71302925	268.072849752
1949.76098491	238.484384823
#helix: (5319.5, 2358.5),(5139.5, 72.5),300
5307.72542124	2208.96284978
5305.37050549	2179.05541974
5303.01558974	2149.1479897
5300.66067399	2119.24055965
5298.30575824	2089.33312961
5295.95084249	2059.42569957
5293.59592673	2029.51826952
5291.24101098	1999.61083948
5288.88609523	1969.70340944
5286.53117948	1939.79597939
5284.17626373	1909.88854935
5281.82134798	1879.9811193
5279.46643223	1850.07368926
5277.11151647	1820.16625922
5274.75660072	1790.25882917
5272.40168497	1760.35139913
5270.04676922	1730.44396909
5267.69185347	1700.53653904
5265.33693772	1670.629109
5262.98202197	1640.72167896
5260.62710621	1610.81424891
5258.27219046	1580.90681887
5255.91727471	1550.99938883
5253.56235896	1521.09195878
5251.20744321	1491.18452874
5248.85252746	1461.2770987
5246.4976117	1431.36966865
5244.14269595	1401.46223861
5241.7877802	1371.55480857
5239.43286445	1341.64737852
5237.0779487	1311.73994848
5234.72303295	1281.83251844
5232.3681172	1251.92508839
5230.01320144	1222.01765835
5227.65828569	1192.11022831
5225.30336994	1162.20279826
5222.94845419	1132.29536822
5220.59353844	1102.38793818
5218.23862269	1072.48050813
5215.88370694	1042.57307809
5213.52879118	1012.66564804
5211.17387543	982.758218002
5208.81895968	952.850787958
5206.46404393	922.943357915
5204.10912818	893.035927871
5201.75421243	863.128497828
5199.39929668	833.221067784
5197.04438092	803.313637741
5194.68946517	773.406207697
5192.33454942	743.498777654
5189.97963367	713.591347611
5187.62471792	683.683917567
5185.26980217	653.776487524
5182.91488642	623.86905748
5180.55997066	593.961627437
5178.20505491	564.054197393
5175.85013916	534.14676735
5173.49522341	504.239337306
5171.14030766	474.331907263
5168.78539191	444.42447722
5166.43047616	414.517047176
5164.0755604	384.609617133
5161.72064465	354.702187089
5159.3657289	324.794757046
5157.01081315	294.887327002
5154.6558974	264.979896959
5152.30098165	235.072466915
5149.9460659	205.165036872
#helix: (2268.5, 3960.5),(2268.5, 2241.5),300
2268.5	3810.5
2268.5	3780.5
2268.5	3750.5
2268.5	3720.5
2268.5	3690.5
2268.5	3660.5
2268.5	3630.5
2268.5	3600.5
2268.5	3570.5
2268.5	3540.5
2268.5	3510.5
2268.5	3480.5
2268.5	3450.5
2268.5	3420.5
2268.5	3390.5
2268.5	3360.5
2268.5	3330.5
2268.5	3300.5
2268.5	3270.5
2268.5	3240.5
2268.5	3210.5
2268.5	3180.5
2268.5	3150.5
2268.5	3120.5
2268.5	3090.5
2268.5	3060.5
2268.5	3030.5
2268.5	3000.5
2268.5	2970.5
2268.5	2940.5
2268.5	2910.5
2268.5	2880.5
2268.5	2850.5
2268.5	2820.5
2268.5	2790.5
2268.5	2760.5
2268.5	2730.5
2268.5	2700.5
2268.5	2670.5
2268.5	2640.5
2268.5	2610.5
2268.5	2580.5
2268.5	2550.5
2268.5	2520.5
2268.5	2490.5
2268.5	2460.5
2268.5	2430.5
2268.5	2400.5
2268.5	2370.5
#helix: (2745.5, 4086.5),(2745.5, 2088.5),300
2745.5	3936.5
2745.5	3906.5
2745.5	3876.5
2745.5	3846.5
2745.5	3816.5
2745.5	3786.5
2745.5	3756.5
2745.5	3726.5
2745.5	3696.5
2745.5	3666.5
2745.5	3636.5
2745.5	3606.5
2745.5	3576.5
2745.5	3546.5
2745.5	3516.5
2745.5	3486.5
2745.5	3456.5
2745.5	3426.5
2745.5	3396.5
2745.5	3366.5
2745.5	3336.5
2745.5	3306.5
2745.5	3276.5
2745.5	3246.5
2745.5	3216.5
2745.5	3186.5
2745.5	3156.5
2745.5	3126.5
2745.5	3096.5
2745.5	3066.5
2745.5	3036.5
2745.5	3006.5
2745.5	2976.5
2745.5	2946.5
2745.5	2916.5
2745.5	2886.5
2745.5	2856.5
2745.5	2826.5
2745.5	2796.5
2745.5	2766.5
2745.5	2736.5
2745.5	2706.5
2745.5	2676.5
2745.5	2646.5
2745.5	2616.5
2745.5	2586.5
2745.5	2556.5
2745.5	2526.5
2745.5	2496.5
2745.5	2466.5
2745.5	2436.5
2745.5	2406.5
2745.5	2376.5
2745.5	2346.5
2745.5	2316.5
2745.5	2286.5
2745.5	2256.5
2745.5	2226.5
#helix: (45.5, 990.4999999999999),(774.5000000000001, -143.5000000000001),300
126.613638697	864.323228694
142.836366436	839.087874432
159.059094176	813.852520171
175.281821915	788.61716591
191.504549655	763.381811648
207.727277394	738.146457387
223.950005133	712.911103126
240.172732873	687.675748864
256.395460612	662.440394603
272.618188352	637.205040342
288.840916091	611.969686081
305.06364383	586.734331819
321.28637157	561.498977558
337.509099309	536.263623297
353.731827049	511.028269035
369.954554788	485.792914774
386.177282528	460.557560513
402.400010267	435.322206251
418.622738006	410.08685199
434.845465746	384.851497729
451.068193485	359.616143468
467.290921225	334.380789206
483.513648964	309.145434945
499.736376703	283.910080684
515.959104443	258.674726422
532.181832182	233.439372161
548.404559922	208.2040179
564.627287661	182.968663639
580.8500154	157.733309377
597.07274314	132.497955116
613.295470879	107.262600855
629.518198619	82.0272465933
645.740926358	56.791892332
661.963654097	31.5565380707
678.186381837	6.32118380943
694.409109576	-18.9141704519
#helix: (126.5, 2727.5),(1917.5, 189.5),300
212.985415981	2604.94277735
230.282499177	2580.43133282
247.579582373	2555.9198883
264.876665569	2531.40844377
282.173748765	2506.89699924
299.470831961	2482.38555471
316.767915157	2457.87411018
334.064998353	2433.36266565
351.36208155	2408.85122112
368.659164746	2384.33977659
385.956247942	2359.82833206
403.253331138	2335.31688753
420.550414334	2310.805443
437.84749753	2286.29399847
455.144580726	2261.78255395
472.441663922	2237.27110942
489.738747118	2212.75966489
507.035830315	2188.24822036
524.332913511	2163.73677583
541.629996707	2139.2253313
558.927079903	2114.71388677
576.224163099	2090.20244224
593.521246295	2065.69099771
610.818329491	2041.17955318
628.115412687	2016.66810865
645.412495884	1992.15666412
662.70957908	1967.6452196
680.006662276	1943.13377507
697.303745472	1918.62233054
714.600828668	1894.11088601
731.897911864	1869.59944148
749.19499506	1845.08799695
766.492078256	1820.57655242
783.789161452	1796.06510789
801.086244649	1771.55366336
818.383327845	1747.04221883
835.680411041	1722.5307743
852.977494237	1698.01932977
870.274577433	1673.50788525
887.571660629	1648.99644072
904.868743825	1624.48499619
922.165827021	1599.97355166
939.462910217	1575.46210713
956.759993414	1550.9506626
974.05707661	1526.43921807
991.354159806	1501.92777354
1008.651243	1477.41632901
1025.9483262	1452.90488448
1043.24540939	1428.39343995
1060.54249259	1403.88199542
1077.83957579	1379.3705509
1095.13665898	1354.85910637
1112.43374218	1330.34766184
1129.73082537	1305.83621731
1147.02790857	1281.32477278
1164.32499177	1256.81332825
1181.62207496	1232.30188372
1198.91915816	1207.79043919
1216.21624136	1183.27899466
1233.51332455	1158.76755013
1250.81040775	1134.2561056
1268.10749094	1109.74466107
1285.40457414	1085.23321655
1302.70165734	1060.72177202
1319.99874053	1036.21032749
1337.29582373	1011.69888296
1354.59290692	987.187438429
1371.88999012	962.6759939
1389.18707332	938.164549371
1406.48415651	913.653104841
1423.78123971	889.141660312
1441.0783229	864.630215783
1458.3754061	840.118771254
1475.6724893	815.607326725
1492.96957249	791.095882196
1510.26665569	766.584437666
1527.56373889	742.072993137
1544.86082208	717.561548608
1562.15790528	693.050104079
1579.45498847	668.53865955
1596.75207167	644.02721502
1614.04915487	619.515770491
1631.34623806	595.004325962
1648.64332126	570.492881433
1665.94040445	545.981436904
1683.23748765	521.469992375
1700.53457085	496.958547845
1717.83165404	472.447103316
1735.12873724	447.935658787
1752.42582043	423.424214258
1769.72290363	398.912769729
1787.01998683	374.4013252
1804.31707002	349.88988067
1821.61415322	325.378436141
1838.91123642	300.866991612
#helix: (126.5, 3672.5),(2943.5, -269.5),300
213.712084187	3550.45880871
231.154501025	3526.05057045
248.596917862	3501.64233219
266.0393347	3477.23409393
283.481751537	3452.82585568
300.924168375	3428.41761742
318.366585212	3404.00937916
335.80900205	3379.6011409
353.251418887	3355.19290264
370.693835725	3330.78466439
388.136252562	3306.37642613
405.578669399	3281.96818787
423.021086237	3257.55994961
440.463503074	3233.15171135
457.905919912	3208.74347309
475.348336749	3184.33523484
492.790753587	3159.92699658
510.233170424	3135.51875832
527.675587262	3111.11052006
545.118004099	3086.7022818
562.560420937	3062.29404355
580.002837774	3037.88580529
597.445254612	3013.47756703
614.887671449	2989.06932877
632.330088287	2964.66109051
649.772505124	2940.25285225
667.214921961	2915.844614
684.657338799	2891.43637574
702.099755636	2867.02813748
719.542172474	2842.61989922
736.984589311	2818.21166096
754.427006149	2793.80342271
771.869422986	2769.39518445
789.311839824	2744.98694619
806.754256661	2720.57870793
824.196673499	2696.17046967
841.639090336	2671.76223141
859.081507174	2647.35399316
876.523924011	2622.9457549
893.966340849	2598.53751664
911.408757686	2574.12927838
928.851174523	2549.72104012
946.293591361	2525.31280187
963.736008198	2500.90456361
981.178425036	2476.49632535
998.620841873	2452.08808709
1016.06325871	2427.67984883
1033.50567555	2403.27161057
1050.94809239	2378.86337232
1068.39050922	2354.45513406
1085.83292606	2330.0468958
1103.2753429	2305.63865754
1120.71775974	2281.23041928
1138.16017657	2256.82218103
1155.60259341	2232.41394277
1173.04501025	2208.00570451
1190.48742709	2183.59746625
1207.92984392	2159.18922799
1225.37226076	2134.78098973
1242.8146776	2110.37275148
1260.25709444	2085.96451322
1277.69951127	2061.55627496
1295.14192811	2037.1480367
1312.58434495	2012.73979844
1330.02676179	1988.33156019
1347.46917862	1963.92332193
1364.91159546	1939.51508367
1382.3540123	1915.10684541
1399.79642914	1890.69860715
1417.23884597	1866.29036889
1434.68126281	1841.88213064
1452.12367965	1817.47389238
1469.56609648	1793.06565412
1487.00851332	1768.65741586
1504.45093016	1744.2491776
1521.893347	1719.84093935
1539.33576383	1695.43270109
1556.77818067	1671.02446283
1574.22059751	1646.61622457
1591.66301435	1622.20798631
1609.10543118	1597.79974805
1626.54784802	1573.3915098
1643.99026486	1548.98327154
1661.4326817	1524.57503328
1678.87509853	1500.16679502
1696.31751537	1475.75855676
1713.75993221	1451.35031851
1731.20234905	1426.94208025
1748.64476588	1402.53384199
1766.08718272	1378.12560373
1783.52959956	1353.71736547
1800.9720164	1329.30912721
1818.41443323	1304.90088896
1835.85685007	1280.4926507
1853.29926691	1256.08441244
1870.74168375	1231.67617418
1888.18410058	1207.26793592
1905.62651742	1182.85969767
1923.06893426	1158.45145941
1940.5113511	1134.04322115
1957.95376793	1109.63498289
1975.39618477	1085.22674463
1992.83860161	1060.81850637
2010.28101845	1036.41026812
2027.72343528	1012.00202986
2045.16585212	987.5937916
2062.60826896	963.185553342
2080.0506858	938.777315084
2097.49310263	914.369076826
2114.93551947	889.960838568
2132.37793631	865.552600309
2149.82035315	841.144362051
2167.26276998	816.736123793
2184.70518682	792.327885535
2202.14760366	767.919647277
2219.5900205	743.511409018
2237.03243733	719.10317076
2254.47485417	694.694932502
2271.91727101	670.286694244
2289.35968785	645.878455986
2306.80210468	621.470217728
2324.24452152	597.061979469
2341.68693836	572.653741211
2359.1293552	548.245502953
2376.57177203	523.837264695
2394.01418887	499.429026437
2411.45660571	475.020788178
2428.89902255	450.61254992
2446.34143938	426.204311662
2463.78385622	401.796073404
2481.22627306	377.387835146
2498.6686899	352.979596888
2516.11110673	328.571358629
2533.55352357	304.163120371
2550.99594041	279.754882113
2568.43835725	255.346643855
2585.88077408	230.938405597
2603.32319092	206.530167338
2620.76560776	182.12192908
2638.2080246	157.713690822
2655.65044143	133.305452564
2673.09285827	108.897214306
2690.53527511	84.4889760476
2707.97769195	60.0807377894
2725.42010878	35.6724995312
2742.86252562	11.264261273
2760.30494246	-13.1439769851
2777.74735929	-37.5522152433
2795.18977613	-61.9604535015
2812.63219297	-86.3686917597
2830.07460981	-110.776930018
2847.51702664	-135.185168276
2864.95944348	-159.593406534
#helix: (1701.5, 3978.5),(4491.5, 261.5),300
1791.54646885	3858.5348657
1809.55576262	3834.54183884
1827.56505639	3810.54881198
1845.57435016	3786.55578512
1863.58364392	3762.56275826
1881.59293769	3738.5697314
1899.60223146	3714.57670453
1917.61152523	3690.58367767
1935.620819	3666.59065081
1953.63011277	3642.59762395
1971.63940654	3618.60459709
1989.64870031	3594.61157023
2007.65799408	3570.61854337
2025.66728785	3546.62551651
2043.67658162	3522.63248965
2061.68587539	3498.63946279
2079.69516916	3474.64643593
2097.70446293	3450.65340907
2115.7137567	3426.66038221
2133.72305047	3402.66735535
2151.73234423	3378.67432849
2169.741638	3354.68130163
2187.75093177	3330.68827477
2205.76022554	3306.69524791
2223.76951931	3282.70222105
2241.77881308	3258.70919419
2259.78810685	3234.71616732
2277.79740062	3210.72314046
2295.80669439	3186.7301136
2313.81598816	3162.73708674
2331.82528193	3138.74405988
2349.8345757	3114.75103302
2367.84386947	3090.75800616
2385.85316324	3066.7649793
2403.86245701	3042.77195244
2421.87175078	3018.77892558
2439.88104454	2994.78589872
2457.89033831	2970.79287186
2475.89963208	2946.799845
2493.90892585	2922.80681814
2511.91821962	2898.81379128
2529.92751339	2874.82076442
2547.93680716	2850.82773756
2565.94610093	2826.8347107
2583.9553947	2802.84168384
2601.96468847	2778.84865698
2619.97398224	2754.85563011
2637.98327601	2730.86260325
2655.99256978	2706.86957639
2674.00186355	2682.87654953
2692.01115732	2658.88352267
2710.02045109	2634.89049581
2728.02974485	2610.89746895
2746.03903862	2586.90444209
2764.04833239	2562.91141523
2782.05762616	2538.91838837
2800.06691993	2514.92536151
2818.0762137	2490.93233465
2836.08550747	2466.93930779
2854.09480124	2442.94628093
2872.10409501	2418.95325407
2890.11338878	2394.96022721
2908.12268255	2370.96720035
2926.13197632	2346.97417349
2944.14127009	2322.98114663
2962.15056386	2298.98811977
2980.15985763	2274.99509291
2998.1691514	2251.00206604
3016.17844516	2227.00903918
3034.18773893	2203.01601232
3052.1970327	2179.02298546
3070.20632647	2155.0299586
3088.21562024	2131.03693174
3106.22491401	2107.04390488
3124.23420778	2083.05087802
3142.24350155	2059.05785116
3160.25279532	2035.0648243
3178.26208909	2011.07179744
3196.27138286	1987.07877058
3214.28067663	1963.08574372
3232.2899704	1939.09271686
3250.29926417	1915.09969
3268.30855794	1891.10666314
3286.31785171	1867.11363628
3304.32714547	1843.12060942
3322.33643924	1819.12758256
3340.34573301	1795.1345557
3358.35502678	1771.14152883
3376.36432055	1747.14850197
3394.37361432	1723.15547511
3412.38290809	1699.16244825
3430.39220186	1675.16942139
3448.40149563	1651.17639453
3466.4107894	1627.18336767
3484.42008317	1603.19034081
3502.42937694	1579.19731395
3520.43867071	1555.20428709
3538.44796448	1531.21126023
3556.45725825	1507.21823337
3574.46655202	1483.22520651
3592.47584578	1459.23217965
3610.48513955	1435.23915279
3628.49443332	1411.24612593
3646.50372709	1387.25309907
3664.51302086	1363.26007221
3682.52231463	1339.26704535
3700.5316084	1315.27401849
3718.54090217	1291.28099162
3736.55019594	1267.28796476
3754.55948971	1243.2949379
3772.56878348	1219.30191104
3790.57807725	1195.30888418
3808.58737102	1171.31585732
3826.59666479	1147.32283046
3844.60595856	1123.3298036
3862.61525233	1099.33677674
3880.62454609	1075.34374988
3898.63383986	1051.35072302
3916.64313363	1027.35769616
3934.6524274	1003.3646693
3952.66172117	979.371642438
3970.67101494	955.378615578
3988.68030871	931.385588718
4006.68960248	907.392561857
4024.69889625	883.399534997
4042.70819002	859.406508136
4060.71748379	835.413481276
4078.72677756	811.420454415
4096.73607133	787.427427555
4114.7453651	763.434400694
4132.75465887	739.441373834
4150.76395264	715.448346973
4168.7732464	691.455320113
4186.78254017	667.462293252
4204.79183394	643.469266392
4222.80112771	619.476239531
4240.81042148	595.483212671
4258.81971525	571.49018581
4276.82900902	547.49715895
4294.83830279	523.504132089
4312.84759656	499.511105229
4330.85689033	475.518078368
4348.8661841	451.525051508
4366.87547787	427.532024647
4384.88477164	403.538997787
4402.89406541	379.545970926
#helix: (1791.5, 4086.5),(1719.5, 2061.5),300
1786.17003467	3936.59472501
1785.1040416	3906.61367001
1784.03804853	3876.63261502
1782.97205547	3846.65156002
1781.9060624	3816.67050502
1780.84006933	3786.68945002
1779.77407627	3756.70839502
1778.7080832	3726.72734003
1777.64209013	3696.74628503
1776.57609707	3666.76523003
1775.510104	3636.78417503
1774.44411093	3606.80312003
1773.37811787	3576.82206504
1772.3121248	3546.84101004
1771.24613173	3516.85995504
1770.18013867	3486.87890004
1769.1141456	3456.89784505
1768.04815254	3426.91679005
1766.98215947	3396.93573505
1765.9161664	3366.95468005
1764.85017334	3336.97362505
1763.78418027	3306.99257006
1762.7181872	3277.01151506
1761.65219414	3247.03046006
1760.58620107	3217.04940506
1759.520208	3187.06835007
1758.45421494	3157.08729507
1757.38822187	3127.10624007
1756.3222288	3097.12518507
1755.25623574	3067.14413007
1754.19024267	3037.16307508
1753.1242496	3007.18202008
1752.05825654	2977.20096508
1750.99226347	2947.21991008
1749.9262704	2917.23885509
1748.86027734	2887.25780009
1747.79428427	2857.27674509
1746.7282912	2827.29569009
1745.66229814	2797.31463509
1744.59630507	2767.3335801
1743.530312	2737.3525251
1742.46431894	2707.3714701
1741.39832587	2677.3904151
1740.3323328	2647.4093601
1739.26633974	2617.42830511
1738.20034667	2587.44725011
1737.1343536	2557.46619511
1736.06836054	2527.48514011
1735.00236747	2497.50408512
1733.9363744	2467.52303012
1732.87038134	2437.54197512
1731.80438827	2407.56092012
1730.7383952	2377.57986512
1729.67240214	2347.59881013
1728.60640907	2317.61775513
1727.540416	2287.63670013
1726.47442294	2257.65564513
1725.40842987	2227.67459014
1724.3424368	2197.69353514
#helix: (2718.5, 3942.5),(5004.5, 729.5),300
2805.4588823	3820.27826385
2822.85065877	3795.83391662
2840.24243523	3771.38956939
2857.63421169	3746.94522216
2875.02598815	3722.50087492
2892.41776461	3698.05652769
2909.80954107	3673.61218046
2927.20131753	3649.16783323
2944.59309399	3624.723486
2961.98487045	3600.27913877
2979.37664691	3575.83479154
2996.76842338	3551.39044431
3014.16019984	3526.94609708
3031.5519763	3502.50174985
3048.94375276	3478.05740262
3066.33552922	3453.61305539
3083.72730568	3429.16870816
3101.11908214	3404.72436093
3118.5108586	3380.2800137
3135.90263506	3355.83566647
3153.29441152	3331.39131923
3170.68618799	3306.946972
3188.07796445	3282.50262477
3205.46974091	3258.05827754
3222.86151737	3233.61393031
3240.25329383	3209.16958308
3257.64507029	3184.72523585
3275.03684675	3160.28088862
3292.42862321	3135.83654139
3309.82039967	3111.39219416
3327.21217613	3086.94784693
3344.6039526	3062.5034997
3361.99572906	3038.05915247
3379.38750552	3013.61480524
3396.77928198	2989.17045801
3414.17105844	2964.72611078
3431.5628349	2940.28176354
3448.95461136	2915.83741631
3466.34638782	2891.39306908
3483.73816428	2866.94872185
3501.12994074	2842.50437462
3518.52171721	2818.06002739
3535.91349367	2793.61568016
3553.30527013	2769.17133293
3570.69704659	2744.7269857
3588.08882305	2720.28263847
3605.48059951	2695.83829124
3622.87237597	2671.39394401
3640.26415243	2646.94959678
3657.65592889	2622.50524955
3675.04770535	2598.06090232
3692.43948182	2573.61655509
3709.83125828	2549.17220786
3727.22303474	2524.72786062
3744.6148112	2500.28351339
3762.00658766	2475.83916616
3779.39836412	2451.39481893
3796.79014058	2426.9504717
3814.18191704	2402.50612447
3831.5736935	2378.06177724
3848.96546996	2353.61743001
3866.35724643	2329.17308278
3883.74902289	2304.72873555
3901.14079935	2280.28438832
3918.53257581	2255.84004109
3935.92435227	2231.39569386
3953.31612873	2206.95134663
3970.70790519	2182.5069994
3988.09968165	2158.06265217
4005.49145811	2133.61830493
4022.88323457	2109.1739577
4040.27501104	2084.72961047
4057.6667875	2060.28526324
4075.05856396	2035.84091601
4092.45034042	2011.39656878
4109.84211688	1986.95222155
4127.23389334	1962.50787432
4144.6256698	1938.06352709
4162.01744626	1913.61917986
4179.40922272	1889.17483263
4196.80099918	1864.7304854
4214.19277565	1840.28613817
4231.58455211	1815.84179094
4248.97632857	1791.39744371
4266.36810503	1766.95309648
4283.75988149	1742.50874924
4301.15165795	1718.06440201
4318.54343441	1693.62005478
4335.93521087	1669.17570755
4353.32698733	1644.73136032
4370.71876379	1620.28701309
4388.11054026	1595.84266586
4405.50231672	1571.39831863
4422.89409318	1546.9539714
4440.28586964	1522.50962417
4457.6776461	1498.06527694
4475.06942256	1473.62092971
4492.46119902	1449.17658248
4509.85297548	1424.73223525
4527.24475194	1400.28788802
4544.6365284	1375.84354079
4562.02830487	1351.39919356
4579.42008133	1326.95484632
4596.81185779	1302.51049909
4614.20363425	1278.06615186
4631.59541071	1253.62180463
4648.98718717	1229.1774574
4666.37896363	1204.73311017
4683.77074009	1180.28876294
4701.16251655	1155.84441571
4718.55429301	1131.40006848
4735.94606948	1106.95572125
4753.33784594	1082.51137402
4770.7296224	1058.06702679
4788.12139886	1033.62267956
4805.51317532	1009.17833233
4822.90495178	984.733985096
4840.29672824	960.289637865
4857.6885047	935.845290635
4875.08028116	911.400943404
4892.47205762	886.956596173
4909.86383409	862.512248943
4927.25561055	838.067901712
#helix: (3231.5, 2529.5),(3042.5, 198.5),300
3219.37761969	2379.99064278
3216.95314362	2350.08877134
3214.52866756	2320.1868999
3212.1041915	2290.28502845
3209.67971543	2260.38315701
3207.25523937	2230.48128557
3204.83076331	2200.57941412
3202.40628724	2170.67754268
3199.98181118	2140.77567124
3197.55733512	2110.87379979
3195.13285906	2080.97192835
3192.70838299	2051.0700569
3190.28390693	2021.16818546
3187.85943087	1991.26631402
3185.4349548	1961.36444257
3183.01047874	1931.46257113
3180.58600268	1901.56069969
3178.16152661	1871.65882824
3175.73705055	1841.7569568
3173.31257449	1811.85508536
3170.88809843	1781.95321391
3168.46362236	1752.05134247
3166.0391463	1722.14947103
3163.61467024	1692.24759958
3161.19019417	1662.34572814
3158.76571811	1632.4438567
3156.34124205	1602.54198525
3153.91676598	1572.64011381
3151.49228992	1542.73824237
3149.06781386	1512.83637092
3146.6433378	1482.93449948
3144.21886173	1453.03262804
3141.79438567	1423.13075659
3139.36990961	1393.22888515
3136.94543354	1363.32701371
3134.52095748	1333.42514226
3132.09648142	1303.52327082
3129.67200535	1273.62139938
3127.24752929	1243.71952793
3124.82305323	1213.81765649
3122.39857717	1183.91578505
3119.9741011	1154.0139136
3117.54962504	1124.11204216
3115.12514898	1094.21017071
3112.70067291	1064.30829927
3110.27619685	1034.40642783
3107.85172079	1004.50455638
3105.42724472	974.602684941
3103.00276866	944.700813498
3100.5782926	914.798942054
3098.15381654	884.897070611
3095.72934047	854.995199167
3093.30486441	825.093327724
3090.88038835	795.19145628
3088.45591228	765.289584837
3086.03143622	735.387713394
3083.60696016	705.48584195
3081.1824841	675.583970507
3078.75800803	645.682099063
3076.33353197	615.78022762
3073.90905591	585.878356176
3071.48457984	555.976484733
3069.06010378	526.07461329
3066.63562772	496.172741846
3064.21115165	466.270870403
3061.78667559	436.368998959
3059.36219953	406.467127516
3056.93772347	376.565256072
3054.5132474	346.663384629
#helix: (3204.5, 4014.5),(3231.5, 2502.5),300
3207.17814446	3864.5239101
3207.71377336	3834.52869212
3208.24940225	3804.53347414
3208.78503114	3774.53825616
3209.32066003	3744.54303818
3209.85628893	3714.5478202
3210.39191782	3684.55260222
3210.92754671	3654.55738424
3211.4631756	3624.56216626
3211.9988045	3594.56694827
3212.53443339	3564.57173029
3213.07006228	3534.57651231
3213.60569117	3504.58129433
3214.14132007	3474.58607635
3214.67694896	3444.59085837
3215.21257785	3414.59564039
3215.74820674	3384.60042241
3216.28383564	3354.60520443
3216.81946453	3324.60998645
3217.35509342	3294.61476847
3217.89072231	3264.61955049
3218.42635121	3234.62433251
3218.9619801	3204.62911453
3219.49760899	3174.63389655
3220.03323788	3144.63867857
3220.56886678	3114.64346059
3221.10449567	3084.64824261
3221.64012456	3054.65302463
3222.17575345	3024.65780665
3222.71138235	2994.66258867
3223.24701124	2964.66737069
3223.78264013	2934.67215271
3224.31826902	2904.67693473
3224.85389792	2874.68171675
3225.38952681	2844.68649877
3225.9251557	2814.69128079
3226.46078459	2784.69606281
3226.99641349	2754.70084482
3227.53204238	2724.70562684
3228.06767127	2694.71040886
3228.60330016	2664.71519088
3229.13892906	2634.7199729
#helix: (3663.5, 3969.5),(3663.5, 2331.5),300
3663.5	3819.5
3663.5	3789.5
3663.5	3759.5
3663.5	3729.5
3663.5	3699.5
3663.5	3669.5
3663.5	3639.5
3663.5	3609.5
3663.5	3579.5
3663.5	3549.5
3663.5	3519.5
3663.5	3489.5
3663.5	3459.5
3663.5	3429.5
3663.5	3399.5
3663.5	3369.5
3663.5	3339.5
3663.5	3309.5
3663.5	3279.5
3663.5	3249.5
3663.5	3219.5
3663.5	3189.5
3663.5	3159.5
3663.5	3129.5
3663.5	3099.5
3663.5	3069.5
3663.5	3039.5
3663.5	3009.5
3663.5	2979.5
3663.5	2949.5
3663.5	2919.5
3663.5	2889.5
3663.5	2859.5
3663.5	2829.5
3663.5	2799.5
3663.5	2769.5
3663.5	2739.5
3663.5	2709.5
3663.5	2679.5
3663.5	2649.5
3663.5	2619.5
3663.5	2589.5
3663.5	2559.5
3663.5	2529.5
3663.5	2499.5
3663.5	2469.5
#helix: (1053.5, 3942.5),(3861.5, 144.5),300
1142.67473118	3821.88545975
1160.50967741	3797.7625517
1178.34462365	3773.63964365
1196.17956989	3749.5167356
1214.01451612	3725.39382755
1231.84946236	3701.2709195
1249.68440859	3677.14801145
1267.51935483	3653.0251034
1285.35430106	3628.90219536
1303.1892473	3604.77928731
1321.02419354	3580.65637926
1338.85913977	3556.53347121
1356.69408601	3532.41056316
1374.52903224	3508.28765511
1392.36397848	3484.16474706
1410.19892471	3460.04183901
1428.03387095	3435.91893096
1445.86881719	3411.79602291
1463.70376342	3387.67311486
1481.53870966	3363.55020681
1499.37365589	3339.42729876
1517.20860213	3315.30439071
1535.04354836	3291.18148266
1552.8784946	3267.05857461
1570.71344084	3242.93566656
1588.54838707	3218.81275851
1606.38333331	3194.68985046
1624.21827954	3170.56694241
1642.05322578	3146.44403436
1659.88817201	3122.32112631
1677.72311825	3098.19821826
1695.55806449	3074.07531021
1713.39301072	3049.95240217
1731.22795696	3025.82949412
1749.06290319	3001.70658607
1766.89784943	2977.58367802
1784.73279566	2953.46076997
1802.5677419	2929.33786192
1820.40268814	2905.21495387
1838.23763437	2881.09204582
1856.07258061	2856.96913777
1873.90752684	2832.84622972
1891.74247308	2808.72332167
1909.57741931	2784.60041362
1927.41236555	2760.47750557
1945.24731179	2736.35459752
1963.08225802	2712.23168947
1980.91720426	2688.10878142
1998.75215049	2663.98587337
2016.58709673	2639.86296532
2034.42204296	2615.74005727
2052.2569892	2591.61714922
2070.09193544	2567.49424117
2087.92688167	2543.37133312
2105.76182791	2519.24842507
2123.59677414	2495.12551702
2141.43172038	2471.00260897
2159.26666661	2446.87970093
2177.10161285	2422.75679288
2194.93655909	2398.63388483
2212.77150532	2374.51097678
2230.60645156	2350.38806873
2248.44139779	2326.26516068
2266.27634403	2302.14225263
2284.11129026	2278.01934458
2301.9462365	2253.89643653
2319.78118274	2229.77352848
2337.61612897	2205.65062043
2355.45107521	2181.52771238
2373.28602144	2157.40480433
2391.12096768	2133.28189628
2408.95591391	2109.15898823
2426.79086015	2085.03608018
2444.62580639	2060.91317213
2462.46075262	2036.79026408
2480.29569886	2012.66735603
2498.13064509	1988.54444798
2515.96559133	1964.42153993
2533.80053756	1940.29863188
2551.6354838	1916.17572383
2569.47043004	1892.05281578
2587.30537627	1867.92990774
2605.14032251	1843.80699969
2622.97526874	1819.68409164
2640.81021498	1795.56118359
2658.64516121	1771.43827554
2676.48010745	1747.31536749
2694.31505369	1723.19245944
2712.14999992	1699.06955139
2729.98494616	1674.94664334
2747.81989239	1650.82373529
2765.65483863	1626.70082724
2783.48978486	1602.57791919
2801.3247311	1578.45501114
2819.15967734	1554.33210309
2836.99462357	1530.20919504
2854.82956981	1506.08628699
2872.66451604	1481.96337894
2890.49946228	1457.84047089
2908.33440851	1433.71756284
2926.16935475	1409.59465479
2944.00430099	1385.47174674
2961.83924722	1361.34883869
2979.67419346	1337.22593064
2997.50913969	1313.10302259
3015.34408593	1288.98011454
3033.17903216	1264.8572065
3051.0139784	1240.73429845
3068.84892464	1216.6113904
3086.68387087	1192.48848235
3104.51881711	1168.3655743
3122.35376334	1144.24266625
3140.18870958	1120.1197582
3158.02365581	1095.99685015
3175.85860205	1071.8739421
3193.69354829	1047.75103405
3211.52849452	1023.628126
3229.36344076	999.50521795
3247.19838699	975.3823099
3265.03333323	951.259401851
3282.86827946	927.136493801
3300.7032257	903.013585751
3318.53817194	878.890677702
3336.37311817	854.767769652
3354.20806441	830.644861603
3372.04301064	806.521953553
3389.87795688	782.399045503
3407.71290311	758.276137454
3425.54784935	734.153229404
3443.38279559	710.030321355
3461.21774182	685.907413305
3479.05268806	661.784505255
3496.88763429	637.661597206
3514.72258053	613.538689156
3532.55752676	589.415781107
3550.392473	565.292873057
3568.22741924	541.169965008
3586.06236547	517.047056958
3603.89731171	492.924148908
3621.73225794	468.801240859
3639.56720418	444.678332809
3657.40215041	420.55542476
3675.23709665	396.43251671
3693.07204289	372.30960866
3710.90698912	348.186700611
3728.74193536	324.063792561
3746.57688159	299.940884512
3764.41182783	275.817976462
3782.24677406	251.695068412
#helix: (126.5, 1908.5),(1431.5, -170.5),300
206.246872212	1781.45498289
222.196246654	1756.04597947
238.145621097	1730.63697605
254.094995539	1705.22797262
270.044369981	1679.8189692
285.993744424	1654.40996578
301.943118866	1629.00096236
317.892493308	1603.59195894
333.841867751	1578.18295551
349.791242193	1552.77395209
365.740616635	1527.36494867
381.689991078	1501.95594525
397.63936552	1476.54694183
413.588739962	1451.1379384
429.538114405	1425.72893498
445.487488847	1400.31993156
461.43686329	1374.91092814
477.386237732	1349.50192472
493.335612174	1324.09292129
509.284986617	1298.68391787
525.234361059	1273.27491445
541.183735501	1247.86591103
557.133109944	1222.45690761
573.082484386	1197.04790418
589.031858828	1171.63890076
604.981233271	1146.22989734
620.930607713	1120.82089392
636.879982155	1095.4118905
652.829356598	1070.00288708
668.77873104	1044.59388365
684.728105483	1019.18488023
700.677479925	993.775876809
716.626854367	968.366873387
732.57622881	942.957869965
748.525603252	917.548866543
764.474977694	892.139863121
780.424352137	866.730859699
796.373726579	841.321856277
812.323101021	815.912852856
828.272475464	790.503849434
844.221849906	765.094846012
860.171224349	739.68584259
876.120598791	714.276839168
892.069973233	688.867835746
908.019347676	663.458832324
923.968722118	638.049828902
939.91809656	612.64082548
955.867471003	587.231822058
971.816845445	561.822818636
987.766219887	536.413815214
1003.71559433	511.004811792
1019.66496877	485.59580837
1035.61434321	460.186804948
1051.56371766	434.777801526
1067.5130921	409.368798104
1083.46246654	383.959794682
1099.41184098	358.55079126
1115.36121543	333.141787838
1131.31058987	307.732784416
1147.25996431	282.323780994
1163.20933875	256.914777572
1179.1587132	231.50577415
1195.10808764	206.096770728
1211.05746208	180.687767306
1227.00683652	155.278763884
1242.95621097	129.869760462
1258.90558541	104.46075704
1274.85495985	79.0517536185
1290.80433429	53.6427501966
1306.75370873	28.2337467746
1322.70308318	2.82474335263
1338.65245762	-22.5842600693
1354.60183206	-47.9932634913
#helix: (3690.5, 2385.5),(3519.5, 117.5),300
3679.2224853	2235.92454191
3676.96698236	2206.00945029
3674.71147942	2176.09435868
3672.45597648	2146.17926706
3670.20047355	2116.26417544
3667.94497061	2086.34908382
3665.68946767	2056.43399221
3663.43396473	2026.51890059
3661.17846179	1996.60380897
3658.92295885	1966.68871735
3656.66745591	1936.77362574
3654.41195297	1906.85853412
3652.15645003	1876.9434425
3649.90094709	1847.02835088
3647.64544415	1817.11325927
3645.38994121	1787.19816765
3643.13443827	1757.28307603
3640.87893533	1727.36798441
3638.62343239	1697.45289279
3636.36792945	1667.53780118
3634.11242651	1637.62270956
3631.85692357	1607.70761794
3629.60142064	1577.79252632
3627.3459177	1547.87743471
3625.09041476	1517.96234309
3622.83491182	1488.04725147
3620.57940888	1458.13215985
3618.32390594	1428.21706824
3616.068403	1398.30197662
3613.81290006	1368.386885
3611.55739712	1338.47179338
3609.30189418	1308.55670177
3607.04639124	1278.64161015
3604.7908883	1248.72651853
3602.53538536	1218.81142691
3600.27988242	1188.8963353
3598.02437948	1158.98124368
3595.76887654	1129.06615206
3593.5133736	1099.15106044
3591.25787067	1069.23596882
3589.00236773	1039.32087721
3586.74686479	1009.40578559
3584.49136185	979.490693972
3582.23585891	949.575602355
3579.98035597	919.660510737
3577.72485303	889.745419119
3575.46935009	859.830327502
3573.21384715	829.915235884
3570.95834421	800.000144266
3568.70284127	770.085052649
3566.44733833	740.169961031
3564.19183539	710.254869414
3561.93633245	680.339777796
3559.68082951	650.424686178
3557.42532657	620.509594561
3555.16982363	590.594502943
3552.9143207	560.679411326
3550.65881776	530.764319708
3548.40331482	500.84922809
3546.14781188	470.934136473
3543.89230894	441.019044855
3541.636806	411.103953237
3539.38130306	381.18886162
3537.12580012	351.273770002
3534.87029718	321.358678385
3532.61479424	291.443586767
3530.3592913	261.528495149
#helix: (1719.5, 2070.5),(1539.5, 288.5),300
1704.42519411	1921.25942165
1701.41023293	1891.41130598
1698.39527175	1861.56319031
1695.38031057	1831.71507463
1692.36534939	1801.86695896
1689.35038821	1772.01884329
1686.33542703	1742.17072762
1683.32046585	1712.32261195
1680.30550467	1682.47449628
1677.2905435	1652.62638061
1674.27558232	1622.77826494
1671.26062114	1592.93014927
1668.24565996	1563.0820336
1665.23069878	1533.23391793
1662.2157376	1503.38580226
1659.20077642	1473.53768659
1656.18581524	1443.68957092
1653.17085407	1413.84145525
1650.15589289	1383.99333957
1647.14093171	1354.1452239
1644.12597053	1324.29710823
1641.11100935	1294.44899256
1638.09604817	1264.60087689
1635.08108699	1234.75276122
1632.06612581	1204.90464555
1629.05116463	1175.05652988
1626.03620346	1145.20841421
1623.02124228	1115.36029854
1620.0062811	1085.51218287
1616.99131992	1055.6640672
1613.97635874	1025.81595153
1610.96139756	995.967835856
1607.94643638	966.119720185
1604.9314752	936.271604514
1601.91651402	906.423488844
1598.90155285	876.575373173
1595.88659167	846.727257502
1592.87163049	816.879141832
1589.85666931	787.031026161
1586.84170813	757.18291049
1583.82674695	727.33479482
1580.81178577	697.486679149
1577.79682459	667.638563478
1574.78186341	637.790447808
1571.76690224	607.942332137
1568.75194106	578.094216466
1565.73697988	548.246100796
1562.7220187	518.397985125
1559.70705752	488.549869454
1556.69209634	458.701753784
1553.67713516	428.853638113
#helix: (522.5, 3951.5),(3474.5, -134.5),300
610.343138371	3829.9122414
627.911766045	3805.59468968
645.480393719	3781.27713796
663.049021394	3756.95958624
680.617649068	3732.64203452
698.186276742	3708.3244828
715.754904416	3684.00693108
733.323532091	3659.68937936
750.892159765	3635.37182764
768.460787439	3611.05427592
786.029415113	3586.7367242
803.598042787	3562.41917248
821.166670462	3538.10162076
838.735298136	3513.78406904
856.30392581	3489.46651732
873.872553484	3465.1489656
891.441181158	3440.83141388
909.009808833	3416.51386216
926.578436507	3392.19631044
944.147064181	3367.87875872
961.715691855	3343.56120701
979.28431953	3319.24365529
996.852947204	3294.92610357
1014.42157488	3270.60855185
1031.99020255	3246.29100013
1049.55883023	3221.97344841
1067.1274579	3197.65589669
1084.69608557	3173.33834497
1102.26471325	3149.02079325
1119.83334092	3124.70324153
1137.4019686	3100.38568981
1154.97059627	3076.06813809
1172.53922395	3051.75058637
1190.10785162	3027.43303465
1207.67647929	3003.11548293
1225.24510697	2978.79793121
1242.81373464	2954.48037949
1260.38236232	2930.16282777
1277.95098999	2905.84527605
1295.51961767	2881.52772433
1313.08824534	2857.21017261
1330.65687301	2832.89262089
1348.22550069	2808.57506917
1365.79412836	2784.25751745
1383.36275604	2759.93996573
1400.93138371	2735.62241401
1418.50001138	2711.30486229
1436.06863906	2686.98731057
1453.63726673	2662.66975885
1471.20589441	2638.35220713
1488.77452208	2614.03465541
1506.34314976	2589.71710369
1523.91177743	2565.39955197
1541.4804051	2541.08200025
1559.04903278	2516.76444853
1576.61766045	2492.44689681
1594.18628813	2468.12934509
1611.7549158	2443.81179337
1629.32354348	2419.49424165
1646.89217115	2395.17668993
1664.46079882	2370.85913821
1682.0294265	2346.54158649
1699.59805417	2322.22403477
1717.16668185	2297.90648305
1734.73530952	2273.58893133
1752.30393719	2249.27137961
1769.87256487	2224.95382789
1787.44119254	2200.63627617
1805.00982022	2176.31872445
1822.57844789	2152.00117274
1840.14707557	2127.68362102
1857.71570324	2103.3660693
1875.28433091	2079.04851758
1892.85295859	2054.73096586
1910.42158626	2030.41341414
1927.99021394	2006.09586242
1945.55884161	1981.7783107
1963.12746929	1957.46075898
1980.69609696	1933.14320726
1998.26472463	1908.82565554
2015.83335231	1884.50810382
2033.40197998	1860.1905521
2050.97060766	1835.87300038
2068.53923533	1811.55544866
2086.107863	1787.23789694
2103.67649068	1762.92034522
2121.24511835	1738.6027935
2138.81374603	1714.28524178
2156.3823737	1689.96769006
2173.95100138	1665.65013834
2191.51962905	1641.33258662
2209.08825672	1617.0150349
2226.6568844	1592.69748318
2244.22551207	1568.37993146
2261.79413975	1544.06237974
2279.36276742	1519.74482802
2296.9313951	1495.4272763
2314.50002277	1471.10972458
2332.06865044	1446.79217286
2349.63727812	1422.47462114
2367.20590579	1398.15706942
2384.77453347	1373.8395177
2402.34316114	1349.52196598
2419.91178881	1325.20441426
2437.48041649	1300.88686254
2455.04904416	1276.56931082
2472.61767184	1252.2517591
2490.18629951	1227.93420738
2507.75492719	1203.61665566
2525.32355486	1179.29910394
2542.89218253	1154.98155222
2560.46081021	1130.6640005
2578.02943788	1106.34644878
2595.59806556	1082.02889706
2613.16669323	1057.71134534
2630.73532091	1033.39379362
2648.30394858	1009.0762419
2665.87257625	984.758690185
2683.44120393	960.441138465
2701.0098316	936.123586745
2718.57845928	911.806035026
2736.14708695	887.488483306
2753.71571463	863.170931586
2771.2843423	838.853379866
2788.85296997	814.535828147
2806.42159765	790.218276427
2823.99022532	765.900724707
2841.558853	741.583172987
2859.12748067	717.265621267
2876.69610834	692.948069548
2894.26473602	668.630517828
2911.83336369	644.312966108
2929.40199137	619.995414388
2946.97061904	595.677862668
2964.53924672	571.360310949
2982.10787439	547.042759229
2999.67650206	522.725207509
3017.24512974	498.407655789
3034.81375741	474.090104069
3052.38238509	449.77255235
3069.95101276	425.45500063
3087.51964044	401.13744891
3105.08826811	376.81989719
3122.65689578	352.50234547
3140.22552346	328.184793751
3157.79415113	303.867242031
3175.36277881	279.549690311
3192.93140648	255.232138591
3210.50003415	230.914586871
3228.06866183	206.597035152
3245.6372895	182.279483432
3263.20591718	157.961931712
3280.77454485	133.644379992
3298.34317253	109.326828272
3315.9118002	85.0092765527
3333.48042787	60.6917248329
3351.04905555	36.3741731131
3368.61768322	12.0566213933
3386.1863109	-12.2609303265
3403.75493857	-36.5784820463
#helix: (2736.5, 2016.5),(2637.5, 432.5),300
2727.14325708	1866.79211323
2725.27190849	1836.85053587
2723.40055991	1806.90895852
2721.52921132	1776.96738116
2719.65786274	1747.02580381
2717.78651415	1717.08422646
2715.91516557	1687.1426491
2714.04381698	1657.20107175
2712.1724684	1627.25949439
2710.30111981	1597.31791704
2708.42977123	1567.37633968
2706.55842265	1537.43476233
2704.68707406	1507.49318497
2702.81572548	1477.55160762
2700.94437689	1447.61003026
2699.07302831	1417.66845291
2697.20167972	1387.72687556
2695.33033114	1357.7852982
2693.45898255	1327.84372085
2691.58763397	1297.90214349
2689.71628538	1267.96056614
2687.8449368	1238.01898878
2685.97358821	1208.07741143
2684.10223963	1178.13583407
2682.23089104	1148.19425672
2680.35954246	1118.25267937
2678.48819388	1088.31110201
2676.61684529	1058.36952466
2674.74549671	1028.4279473
2672.87414812	998.486369947
2671.00279954	968.544792593
2669.13145095	938.603215238
2667.26010237	908.661637884
2665.38875378	878.72006053
2663.5174052	848.778483175
2661.64605661	818.836905821
2659.77470803	788.895328466
2657.90335944	758.953751112
2656.03201086	729.012173757
2654.16066228	699.070596403
2652.28931369	669.129019048
2650.41796511	639.187441694
2648.54661652	609.245864339
2646.67526794	579.304286985
