#micrograph: ../Source/micrographs/Microtubules_00115.mrc
#particle length: 310
#particle width: 310
#helix: (720.5, 171.4999999999999),(2826.5, 2385.5),310
827.32813373	283.806499562
848.693760476	306.267799474
870.059387221	328.729099387
891.425013967	351.190399299
912.790640713	373.651699211
934.156267459	396.112999124
955.521894205	418.574299036
976.887520951	441.035598949
998.253147697	463.496898861
1019.61877444	485.958198773
1040.98440119	508.419498686
1062.35002793	530.880798598
1083.71565468	553.34209851
1105.08128143	575.803398423
1126.44690817	598.264698335
1147.81253492	620.725998248
1169.17816166	643.18729816
1190.54378841	665.648598072
1211.90941516	688.109897985
1233.2750419	710.571197897
1254.64066865	733.03249781
1276.00629539	755.493797722
1297.37192214	777.955097634
1318.73754889	800.416397547
1340.10317563	822.877697459
1361.46880238	845.338997371
1382.83442912	867.800297284
1404.20005587	890.261597196
1425.56568262	912.722897109
1446.93130936	935.184197021
1468.29693611	957.645496933
1489.66256285	980.106796846
1511.0281896	1002.56809676
1532.39381635	1025.02939667
1553.75944309	1047.49069658
1575.12506984	1069.9519965
1596.49069658	1092.41329641
1617.85632333	1114.87459632
1639.22195007	1137.33589623
1660.58757682	1159.79719614
1681.95320357	1182.25849606
1703.31883031	1204.71979597
1724.68445706	1227.18109588
1746.0500838	1249.64239579
1767.41571055	1272.10369571
1788.7813373	1294.56499562
1810.14696404	1317.02629553
1831.51259079	1339.48759544
1852.87821753	1361.94889536
1874.24384428	1384.41019527
1895.60947103	1406.87149518
1916.97509777	1429.33279509
1938.34072452	1451.79409501
1959.70635126	1474.25539492
1981.07197801	1496.71669483
2002.43760476	1519.17799474
2023.8032315	1541.63929466
2045.16885825	1564.10059457
2066.53448499	1586.56189448
2087.90011174	1609.02319439
2109.26573848	1631.4844943
2130.63136523	1653.94579422
2151.99699198	1676.40709413
2173.36261872	1698.86839404
2194.72824547	1721.32969395
2216.09387221	1743.79099387
2237.45949896	1766.25229378
2258.82512571	1788.71359369
2280.19075245	1811.1748936
2301.5563792	1833.63619352
2322.92200594	1856.09749343
2344.28763269	1878.55879334
2365.65325944	1901.02009325
2387.01888618	1923.48139317
2408.38451293	1945.94269308
2429.75013967	1968.40399299
2451.11576642	1990.8652929
2472.48139317	2013.32659282
2493.84701991	2035.78789273
2515.21264666	2058.24919264
2536.5782734	2080.71049255
2557.94390015	2103.17179246
2579.3095269	2125.63309238
2600.67515364	2148.09439229
2622.04078039	2170.5556922
2643.40640713	2193.01699211
2664.77203388	2215.47829203
2686.13766062	2237.93959194
2707.50328737	2260.40089185
2728.86891412	2282.86219176
#helix: (153.50000000000003, 972.4999999999999),(2079.5, 2997.5),310
260.321741974	1084.81257918
281.686090369	1107.27509501
303.050438763	1129.73761085
324.414787158	1152.20012669
345.779135553	1174.66264252
367.143483948	1197.12515836
388.507832343	1219.58767419
409.872180737	1242.05019003
431.236529132	1264.51270586
452.600877527	1286.9752217
473.965225922	1309.43773753
495.329574317	1331.90025337
516.693922711	1354.36276921
538.058271106	1376.82528504
559.422619501	1399.28780088
580.786967896	1421.75031671
602.15131629	1444.21283255
623.515664685	1466.67534838
644.88001308	1489.13786422
666.244361475	1511.60038006
687.60870987	1534.06289589
708.973058264	1556.52541173
730.337406659	1578.98792756
751.701755054	1601.4504434
773.066103449	1623.91295923
794.430451844	1646.37547507
815.794800238	1668.8379909
837.159148633	1691.30050674
858.523497028	1713.76302258
879.887845423	1736.22553841
901.252193817	1758.68805425
922.616542212	1781.15057008
943.980890607	1803.61308592
965.345239002	1826.07560175
986.709587397	1848.53811759
1008.07393579	1871.00063343
1029.43828419	1893.46314926
1050.80263258	1915.9256651
1072.16698098	1938.38818093
1093.53132937	1960.85069677
1114.89567777	1983.3132126
1136.26002616	2005.77572844
1157.62437455	2028.23824427
1178.98872295	2050.70076011
1200.35307134	2073.16327595
1221.71741974	2095.62579178
1243.08176813	2118.08830762
1264.44611653	2140.55082345
1285.81046492	2163.01333929
1307.17481332	2185.47585512
1328.53916171	2207.93837096
1349.90351011	2230.4008868
1371.2678585	2252.86340263
1392.6322069	2275.32591847
1413.99655529	2297.7884343
1435.36090369	2320.25095014
1456.72525208	2342.71346597
1478.08960048	2365.17598181
1499.45394887	2387.63849765
1520.81829727	2410.10101348
1542.18264566	2432.56352932
1563.54699406	2455.02604515
1584.91134245	2477.48856099
1606.27569085	2499.95107682
1627.64003924	2522.41359266
1649.00438763	2544.87610849
1670.36873603	2567.33862433
1691.73308442	2589.80114017
1713.09743282	2612.263656
1734.46178121	2634.72617184
1755.82612961	2657.18868767
1777.190478	2679.65120351
1798.5548264	2702.11371934
1819.91917479	2724.57623518
1841.28352319	2747.03875102
1862.64787158	2769.50126685
1884.01221998	2791.96378269
1905.37656837	2814.42629852
1926.74091677	2836.88881436
1948.10526516	2859.35133019
1969.46961356	2881.81384603
1990.83396195	2904.27636186
#helix: (3465.5, 3735.5),(2214.5, 2457.5),310
3357.07475123	3624.73463795
3335.38970148	3602.58156554
3313.70465173	3580.42849313
3292.01960197	3558.27542072
3270.33455222	3536.12234831
3248.64950247	3513.9692759
3226.96445271	3491.81620349
3205.27940296	3469.66313108
3183.59435321	3447.51005867
3161.90930345	3425.35698626
3140.2242537	3403.20391385
3118.53920395	3381.05084144
3096.85415419	3358.89776903
3075.16910444	3336.74469662
3053.48405469	3314.59162421
3031.79900493	3292.4385518
3010.11395518	3270.28547939
2988.42890543	3248.13240698
2966.74385567	3225.97933457
2945.05880592	3203.82626216
2923.37375617	3181.67318975
2901.68870641	3159.52011734
2880.00365666	3137.36704493
2858.31860691	3115.21397252
2836.63355715	3093.06090011
2814.9485074	3070.9078277
2793.26345765	3048.75475529
2771.57840789	3026.60168288
2749.89335814	3004.44861047
2728.20830839	2982.29553806
2706.52325863	2960.14246565
2684.83820888	2937.98939325
2663.15315913	2915.83632084
2641.46810937	2893.68324843
2619.78305962	2871.53017602
2598.09800987	2849.37710361
2576.41296011	2827.2240312
2554.72791036	2805.07095879
2533.04286061	2782.91788638
2511.35781085	2760.76481397
2489.6727611	2738.61174156
2467.98771135	2716.45866915
2446.30266159	2694.30559674
2424.61761184	2672.15252433
2402.93256209	2649.99945192
2381.24751233	2627.84637951
2359.56246258	2605.6933071
2337.87741283	2583.54023469
2316.19236307	2561.38716228
#helix: (1278.5, 252.4999999999999),(2961.5, 2232.5),310
1378.88550511	370.600594253
1398.96260614	394.220713103
1419.03970716	417.840831954
1439.11680818	441.460950804
1459.19390921	465.081069655
1479.27101023	488.701188505
1499.34811125	512.321307356
1519.42521228	535.941426207
1539.5023133	559.561545057
1559.57941432	583.181663908
1579.65651534	606.801782758
1599.73361637	630.421901609
1619.81071739	654.042020459
1639.88781841	677.66213931
1659.96491944	701.28225816
1680.04202046	724.902377011
1700.11912148	748.522495861
1720.19622251	772.142614712
1740.27332353	795.762733562
1760.35042455	819.382852413
1780.42752557	843.002971264
1800.5046266	866.623090114
1820.58172762	890.243208965
1840.65882864	913.863327815
1860.73592967	937.483446666
1880.81303069	961.103565516
1900.89013171	984.723684367
1920.96723273	1008.34380322
1941.04433376	1031.96392207
1961.12143478	1055.58404092
1981.1985358	1079.20415977
2001.27563683	1102.82427862
2021.35273785	1126.44439747
2041.42983887	1150.06451632
2061.5069399	1173.68463517
2081.58404092	1197.30475402
2101.66114194	1220.92487287
2121.73824296	1244.54499172
2141.81534399	1268.16511057
2161.89244501	1291.78522942
2181.96954603	1315.40534827
2202.04664706	1339.02546712
2222.12374808	1362.64558598
2242.2008491	1386.26570483
2262.27795013	1409.88582368
2282.35505115	1433.50594253
2302.43215217	1457.12606138
2322.50925319	1480.74618023
2342.58635422	1504.36629908
2362.66345524	1527.98641793
2382.74055626	1551.60653678
2402.81765729	1575.22665563
2422.89475831	1598.84677448
2442.97185933	1622.46689333
2463.04896035	1646.08701218
2483.12606138	1669.70713103
2503.2031624	1693.32724988
2523.28026342	1716.94736873
2543.35736445	1740.56748758
2563.43446547	1764.18760643
2583.51156649	1787.80772529
2603.58866752	1811.42784414
2623.66576854	1835.04796299
2643.74286956	1858.66808184
2663.81997058	1882.28820069
2683.89707161	1905.90831954
2703.97417263	1929.52843839
2724.05127365	1953.14855724
2744.12837468	1976.76867609
2764.2054757	2000.38879494
2784.28257672	2024.00891379
2804.35967775	2047.62903264
2824.43677877	2071.24915149
2844.51387979	2094.86927034
2864.59098081	2118.48938919
#helix: (1971.5, 171.4999999999999),(5508.5, 3474.5),310
2084.78480521	277.290136161
2107.44176625	298.448163393
2130.09872729	319.606190626
2152.75568833	340.764217858
2175.41264937	361.92224509
2198.06961042	383.080272322
2220.72657146	404.238299554
2243.3835325	425.396326787
2266.04049354	446.554354019
2288.69745458	467.712381251
2311.35441562	488.870408483
2334.01137667	510.028435716
2356.66833771	531.186462948
2379.32529875	552.34449018
2401.98225979	573.502517412
2424.63922083	594.660544645
2447.29618187	615.818571877
2469.95314292	636.976599109
2492.61010396	658.134626341
2515.267065	679.292653573
2537.92402604	700.450680806
2560.58098708	721.608708038
2583.23794812	742.76673527
2605.89490916	763.924762502
2628.55187021	785.082789735
2651.20883125	806.240816967
2673.86579229	827.398844199
2696.52275333	848.556871431
2719.17971437	869.714898663
2741.83667541	890.872925896
2764.49363646	912.030953128
2787.1505975	933.18898036
2809.80755854	954.347007592
2832.46451958	975.505034825
2855.12148062	996.663062057
2877.77844166	1017.82108929
2900.43540271	1038.97911652
2923.09236375	1060.13714375
2945.74932479	1081.29517099
2968.40628583	1102.45319822
2991.06324687	1123.61122545
3013.72020791	1144.76925268
3036.37716895	1165.92727991
3059.03413	1187.08530715
3081.69109104	1208.24333438
3104.34805208	1229.40136161
3127.00501312	1250.55938884
3149.66197416	1271.71741608
3172.3189352	1292.87544331
3194.97589625	1314.03347054
3217.63285729	1335.19149777
3240.28981833	1356.349525
3262.94677937	1377.50755224
3285.60374041	1398.66557947
3308.26070145	1419.8236067
3330.9176625	1440.98163393
3353.57462354	1462.13966117
3376.23158458	1483.2976884
3398.88854562	1504.45571563
3421.54550666	1525.61374286
3444.2024677	1546.77177009
3466.85942875	1567.92979733
3489.51638979	1589.08782456
3512.17335083	1610.24585179
3534.83031187	1631.40387902
3557.48727291	1652.56190626
3580.14423395	1673.71993349
3602.80119499	1694.87796072
3625.45815604	1716.03598795
3648.11511708	1737.19401518
3670.77207812	1758.35204242
3693.42903916	1779.51006965
3716.0860002	1800.66809688
3738.74296124	1821.82612411
3761.39992229	1842.98415135
3784.05688333	1864.14217858
3806.71384437	1885.30020581
3829.37080541	1906.45823304
3852.02776645	1927.61626027
3874.68472749	1948.77428751
3897.34168854	1969.93231474
3919.99864958	1991.09034197
3942.65561062	2012.2483692
3965.31257166	2033.40639644
3987.9695327	2054.56442367
4010.62649374	2075.7224509
4033.28345479	2096.88047813
4055.94041583	2118.03850536
4078.59737687	2139.1965326
4101.25433791	2160.35455983
4123.91129895	2181.51258706
4146.56825999	2202.67061429
4169.22522103	2223.82864153
4191.88218208	2244.98666876
4214.53914312	2266.14469599
4237.19610416	2287.30272322
4259.8530652	2308.46075045
4282.51002624	2329.61877769
4305.16698728	2350.77680492
4327.82394833	2371.93483215
4350.48090937	2393.09285938
4373.13787041	2414.25088662
4395.79483145	2435.40891385
4418.45179249	2456.56694108
4441.10875353	2477.72496831
4463.76571458	2498.88299554
4486.42267562	2520.04102278
4509.07963666	2541.19905001
4531.7365977	2562.35707724
4554.39355874	2583.51510447
4577.05051978	2604.67313171
4599.70748082	2625.83115894
4622.36444187	2646.98918617
4645.02140291	2668.1472134
4667.67836395	2689.30524064
4690.33532499	2710.46326787
4712.99228603	2731.6212951
4735.64924707	2752.77932233
4758.30620812	2773.93734956
4780.96316916	2795.0953768
4803.6201302	2816.25340403
4826.27709124	2837.41143126
4848.93405228	2858.56945849
4871.59101332	2879.72748573
4894.24797437	2900.88551296
4916.90493541	2922.04354019
4939.56189645	2943.20156742
4962.21885749	2964.35959465
4984.87581853	2985.51762189
5007.53277957	3006.67564912
5030.18974062	3027.83367635
5052.84670166	3048.99170358
5075.5036627	3070.14973082
5098.16062374	3091.30775805
5120.81758478	3112.46578528
5143.47454582	3133.62381251
5166.13150686	3154.78183974
5188.78846791	3175.93986698
5211.44542895	3197.09789421
5234.10238999	3218.25592144
5256.75935103	3239.41394867
5279.41631207	3260.57197591
5302.07327311	3281.73000314
5324.73023416	3302.88803037
5347.3871952	3324.0460576
5370.04415624	3345.20408483
5392.70111728	3366.36211207
5415.35807832	3387.5201393
#helix: (2970.5, 2439.5),(5679.5, 990.5),310
3107.1766195	2366.3939012
3134.5119434	2351.77268144
3161.8472673	2337.15146168
3189.1825912	2322.53024192
3216.5179151	2307.90902216
3243.853239	2293.2878024
3271.1885629	2278.66658264
3298.5238868	2264.04536287
3325.8592107	2249.42414311
3353.1945346	2234.80292335
3380.5298585	2220.18170359
3407.8651824	2205.56048383
3435.2005063	2190.93926407
3462.5358302	2176.31804431
3489.8711541	2161.69682455
3517.206478	2147.07560479
3544.5418019	2132.45438503
3571.8771258	2117.83316527
3599.2124497	2103.21194551
3626.5477736	2088.59072575
3653.8830975	2073.96950599
3681.2184214	2059.34828623
3708.5537453	2044.72706647
3735.8890692	2030.10584671
3763.2243931	2015.48462695
3790.559717	2000.86340719
3817.8950409	1986.24218743
3845.2303648	1971.62096767
3872.5656887	1956.99974791
3899.9010126	1942.37852814
3927.2363365	1927.75730838
3954.5716604	1913.13608862
3981.9069843	1898.51486886
4009.2423082	1883.8936491
4036.5776321	1869.27242934
4063.912956	1854.65120958
4091.2482799	1840.02998982
4118.5836038	1825.40877006
4145.9189277	1810.7875503
4173.2542516	1796.16633054
4200.5895755	1781.54511078
4227.9248994	1766.92389102
4255.2602233	1752.30267126
4282.5955472	1737.6814515
4309.9308711	1723.06023174
4337.266195	1708.43901198
4364.6015189	1693.81779222
4391.9368428	1679.19657246
4419.2721667	1664.5753527
4446.6074906	1649.95413294
4473.9428145	1635.33291318
4501.2781384	1620.71169341
4528.6134623	1606.09047365
4555.9487862	1591.46925389
4583.2841101	1576.84803413
4610.619434	1562.22681437
4637.9547579	1547.60559461
4665.2900818	1532.98437485
4692.6254057	1518.36315509
4719.9607296	1503.74193533
4747.2960535	1489.12071557
4774.6313774	1474.49949581
4801.9667013	1459.87827605
4829.3020252	1445.25705629
4856.6373491	1430.63583653
4883.972673	1416.01461677
4911.3079969	1401.39339701
4938.6433208	1386.77217725
4965.9786447	1372.15095749
4993.3139686	1357.52973773
5020.6492925	1342.90851797
5047.9846164	1328.28729821
5075.3199403	1313.66607845
5102.6552642	1299.04485868
5129.9905881	1284.42363892
5157.325912	1269.80241916
5184.6612359	1255.1811994
5211.9965598	1240.55997964
5239.3318837	1225.93875988
5266.6672076	1211.31754012
5294.0025315	1196.69632036
5321.3378554	1182.0751006
5348.6731793	1167.45388084
5376.0085032	1152.83266108
5403.3438271	1138.21144132
5430.679151	1123.59022156
5458.0144749	1108.9690018
5485.3497988	1094.34778204
5512.6851227	1079.72656228
5540.0204466	1065.10534252
5567.3557705	1050.48412276
#helix: (4122.5, 3357.5),(6282.5, 1494.5),310
4239.87352053	3256.26533855
4263.34822463	3236.01840626
4286.82292874	3215.77147397
4310.29763284	3195.52454168
4333.77233695	3175.27760938
4357.24704105	3155.03067709
4380.72174516	3134.7837448
4404.19644926	3114.53681251
4427.67115337	3094.28988022
4451.14585747	3074.04294793
4474.62056158	3053.79601564
4498.09526568	3033.54908335
4521.56996979	3013.30215106
4545.04467389	2993.05521877
4568.519378	2972.80828648
4591.9940821	2952.56135419
4615.46878621	2932.3144219
4638.94349031	2912.06748961
4662.41819442	2891.82055732
4685.89289852	2871.57362503
4709.36760263	2851.32669273
4732.84230673	2831.07976044
4756.31701084	2810.83282815
4779.79171494	2790.58589586
4803.26641905	2770.33896357
4826.74112315	2750.09203128
4850.21582726	2729.84509899
4873.69053136	2709.5981667
4897.16523547	2689.35123441
4920.63993957	2669.10430212
4944.11464368	2648.85736983
4967.58934778	2628.61043754
4991.06405189	2608.36350525
5014.53875599	2588.11657296
5038.0134601	2567.86964067
5061.4881642	2547.62270838
5084.96286831	2527.37577609
5108.43757241	2507.12884379
5131.91227652	2486.8819115
5155.38698062	2466.63497921
5178.86168473	2446.38804692
5202.33638883	2426.14111463
5225.81109294	2405.89418234
5249.28579704	2385.64725005
5272.76050115	2365.40031776
5296.23520525	2345.15338547
5319.70990936	2324.90645318
5343.18461346	2304.65952089
5366.65931757	2284.4125886
5390.13402167	2264.16565631
5413.60872578	2243.91872402
5437.08342988	2223.67179173
5460.55813399	2203.42485944
5484.03283809	2183.17792714
5507.5075422	2162.93099485
5530.9822463	2142.68406256
5554.45695041	2122.43713027
5577.93165451	2102.19019798
5601.40635862	2081.94326569
5624.88106272	2061.6963334
5648.35576683	2041.44940111
5671.83047093	2021.20246882
5695.30517504	2000.95553653
5718.77987914	1980.70860424
5742.25458325	1960.46167195
5765.72928735	1940.21473966
5789.20399146	1919.96780737
5812.67869556	1899.72087508
5836.15339967	1879.47394279
5859.62810377	1859.2270105
5883.10280788	1838.9800782
5906.57751198	1818.73314591
5930.05221609	1798.48621362
5953.52692019	1778.23928133
5977.0016243	1757.99234904
6000.4763284	1737.74541675
6023.95103251	1717.49848446
6047.42573661	1697.25155217
6070.90044072	1677.00461988
6094.37514482	1656.75768759
6117.84984893	1636.5107553
6141.32455303	1616.26382301
6164.79925714	1596.01689072
6188.27396124	1575.76995843
#helix: (5526.5, 3735.5),(3834.5, 2160.5),310
5413.04605622	3629.89127574
5390.35526746	3608.76953088
5367.66447871	3587.64778603
5344.97368995	3566.52604118
5322.28290119	3545.40429633
5299.59211244	3524.28255147
5276.90132368	3503.16080662
5254.21053493	3482.03906177
5231.51974617	3460.91731691
5208.82895741	3439.79557206
5186.13816866	3418.67382721
5163.4473799	3397.55208236
5140.75659115	3376.4303375
5118.06580239	3355.30859265
5095.37501363	3334.1868478
5072.68422488	3313.06510294
5049.99343612	3291.94335809
5027.30264737	3270.82161324
5004.61185861	3249.69986839
4981.92106985	3228.57812353
4959.2302811	3207.45637868
4936.53949234	3186.33463383
4913.84870358	3165.21288898
4891.15791483	3144.09114412
4868.46712607	3122.96939927
4845.77633732	3101.84765442
4823.08554856	3080.72590956
4800.3947598	3059.60416471
4777.70397105	3038.48241986
4755.01318229	3017.36067501
4732.32239354	2996.23893015
4709.63160478	2975.1171853
4686.94081602	2953.99544045
4664.25002727	2932.87369559
4641.55923851	2911.75195074
4618.86844976	2890.63020589
4596.177661	2869.50846104
4573.48687224	2848.38671618
4550.79608349	2827.26497133
4528.10529473	2806.14322648
4505.41450597	2785.02148163
4482.72371722	2763.89973677
4460.03292846	2742.77799192
4437.34213971	2721.65624707
4414.65135095	2700.53450221
4391.96056219	2679.41275736
4369.26977344	2658.29101251
4346.57898468	2637.16926766
4323.88819593	2616.0475228
4301.19740717	2594.92577795
4278.50661841	2573.8040331
4255.81582966	2552.68228825
4233.1250409	2531.56054339
4210.43425215	2510.43879854
4187.74346339	2489.31705369
4165.05267463	2468.19530883
4142.36188588	2447.07356398
4119.67109712	2425.95181913
4096.98030836	2404.83007428
4074.28951961	2383.70832942
4051.59873085	2362.58658457
4028.9079421	2341.46483972
4006.21715334	2320.34309486
3983.52636458	2299.22135001
3960.83557583	2278.09960516
3938.14478707	2256.97786031
#helix: (3177.5, 2565.5),(3807.5, 3276.5),310
3280.2939728	2681.51034073
3300.85276736	2704.71240888
3321.41156192	2727.91447702
3341.97035648	2751.11654517
3362.52915104	2774.31861331
3383.0879456	2797.52068146
3403.64674016	2820.72274961
3424.20553472	2843.92481775
3444.76432928	2867.1268859
3465.32312384	2890.32895404
3485.8819184	2913.53102219
3506.44071296	2936.73309034
3526.99950752	2959.93515848
3547.55830208	2983.13722663
3568.11709663	3006.33929477
3588.67589119	3029.54136292
3609.23468575	3052.74343107
3629.79348031	3075.94549921
3650.35227487	3099.14756736
3670.91106943	3122.3496355
3691.46986399	3145.55170365
3712.02865855	3168.7537718
#helix: (4914.5, 1845.5),(5616.5, 1215.5),310
5029.85755397	1741.97399002
5052.92906477	1721.26878803
5076.00057556	1700.56358603
5099.07208636	1679.85838404
5122.14359715	1659.15318204
5145.21510795	1638.44798005
5168.28661874	1617.74277805
5191.35812953	1597.03757606
5214.42964033	1576.33237406
5237.50115112	1555.62717207
5260.57266192	1534.92197007
5283.64417271	1514.21676808
5306.71568351	1493.51156608
5329.7871943	1472.80636409
5352.8587051	1452.10116209
5375.93021589	1431.3959601
5399.00172669	1410.6907581
5422.07323748	1389.98555611
5445.14474827	1369.28035411
5468.21625907	1348.57515212
5491.28776986	1327.86995012
5514.35928066	1307.16474813
#helix: (2178.5, 945.4999999999999),(4212.5, 3105.5),310
2284.76085714	1058.34338811
2306.01302857	1080.91206573
2327.26519999	1103.48074336
2348.51737142	1126.04942098
2369.76954285	1148.6180986
2391.02171428	1171.18677622
2412.2738857	1193.75545384
2433.52605713	1216.32413147
2454.77822856	1238.89280909
2476.03039999	1261.46148671
2497.28257141	1284.03016433
2518.53474284	1306.59884195
2539.78691427	1329.16751958
2561.0390857	1351.7361972
2582.29125712	1374.30487482
2603.54342855	1396.87355244
2624.79559998	1419.44223007
2646.04777141	1442.01090769
2667.29994283	1464.57958531
2688.55211426	1487.14826293
2709.80428569	1509.71694055
2731.05645712	1532.28561818
2752.30862854	1554.8542958
2773.56079997	1577.42297342
2794.8129714	1599.99165104
2816.06514283	1622.56032867
2837.31731425	1645.12900629
2858.56948568	1667.69768391
2879.82165711	1690.26636153
2901.07382854	1712.83503915
2922.32599996	1735.40371678
2943.57817139	1757.9723944
2964.83034282	1780.54107202
2986.08251425	1803.10974964
3007.33468567	1825.67842727
3028.5868571	1848.24710489
3049.83902853	1870.81578251
3071.09119996	1893.38446013
3092.34337138	1915.95313775
3113.59554281	1938.52181538
3134.84771424	1961.090493
3156.09988567	1983.65917062
3177.35205709	2006.22784824
3198.60422852	2028.79652586
3219.85639995	2051.36520349
3241.10857138	2073.93388111
3262.36074281	2096.50255873
3283.61291423	2119.07123635
3304.86508566	2141.63991398
3326.11725709	2164.2085916
3347.36942852	2186.77726922
3368.62159994	2209.34594684
3389.87377137	2231.91462446
3411.1259428	2254.48330209
3432.37811423	2277.05197971
3453.63028565	2299.62065733
3474.88245708	2322.18933495
3496.13462851	2344.75801258
3517.38679994	2367.3266902
3538.63897136	2389.89536782
3559.89114279	2412.46404544
3581.14331422	2435.03272306
3602.39548565	2457.60140069
3623.64765707	2480.17007831
3644.8998285	2502.73875593
3666.15199993	2525.30743355
3687.40417136	2547.87611117
3708.65634278	2570.4447888
3729.90851421	2593.01346642
3751.16068564	2615.58214404
3772.41285707	2638.15082166
3793.66502849	2660.71949929
3814.91719992	2683.28817691
3836.16937135	2705.85685453
3857.42154278	2728.42553215
3878.6737142	2750.99420977
3899.92588563	2773.5628874
3921.17805706	2796.13156502
3942.43022849	2818.70024264
3963.68239991	2841.26892026
3984.93457134	2863.83759789
4006.18674277	2886.40627551
4027.4389142	2908.97495313
4048.69108562	2931.54363075
4069.94325705	2954.11230837
4091.19542848	2976.680986
4112.44759991	2999.24966362
#helix: (4716.5, 765.4999999999999),(5805.5, 72.49999999999989),310
4847.2675306	682.28429871
4873.42103672	665.641158452
4899.57454284	648.998018194
4925.72804896	632.354877936
4951.88155508	615.711737678
4978.0350612	599.06859742
5004.18856732	582.425457162
5030.34207344	565.782316904
5056.49557956	549.139176646
5082.64908568	532.496036388
5108.8025918	515.85289613
5134.95609792	499.209755872
5161.10960403	482.566615614
5187.26311015	465.923475356
5213.41661627	449.280335098
5239.57012239	432.63719484
5265.72362851	415.994054582
5291.87713463	399.350914324
5318.03064075	382.707774066
5344.18414687	366.064633808
5370.33765299	349.42149355
5396.49115911	332.778353292
5422.64466523	316.135213034
5448.79817135	299.492072776
5474.95167747	282.848932518
5501.10518359	266.20579226
5527.25868971	249.562652002
5553.41219583	232.919511744
5579.56570195	216.276371486
5605.71920807	199.633231228
5631.87271419	182.99009097
5658.02622031	166.346950712
5684.17972643	149.703810454
#helix: (4275.5, 3825.5),(4608.5, 4059.5),310
4402.31971301	3914.61655509
4427.68365562	3932.43986611
4453.04759822	3950.26317713
4478.41154082	3968.08648814
4503.77548342	3985.90979916
#helix: (108.5, 306.4999999999999),(2340.5, 2574.5),310
217.221259651	416.974828355
238.965511581	439.069794026
260.709763511	461.164759696
282.454015441	483.259725367
304.198267371	505.354691038
325.942519301	527.449656709
347.686771231	549.54462238
369.431023161	571.639588051
391.175275092	593.734553722
412.919527022	615.829519393
434.663778952	637.924485064
456.408030882	660.019450735
478.152282812	682.114416406
499.896534742	704.209382077
521.640786672	726.304347748
543.385038602	748.399313419
565.129290533	770.494279089
586.873542463	792.58924476
608.617794393	814.684210431
630.362046323	836.779176102
652.106298253	858.874141773
673.850550183	880.969107444
695.594802113	903.064073115
717.339054043	925.159038786
739.083305973	947.254004457
760.827557904	969.348970128
782.571809834	991.443935799
804.316061764	1013.53890147
826.060313694	1035.63386714
847.804565624	1057.72883281
869.548817554	1079.82379848
891.293069484	1101.91876415
913.037321414	1124.01372982
934.781573345	1146.1086955
956.525825275	1168.20366117
978.270077205	1190.29862684
1000.01432913	1212.39359251
1021.75858107	1234.48855818
1043.502833	1256.58352385
1065.24708493	1278.67848952
1086.99133686	1300.77345519
1108.73558879	1322.86842086
1130.47984072	1344.96338653
1152.22409265	1367.0583522
1173.96834458	1389.15331788
1195.71259651	1411.24828355
1217.45684844	1433.34324922
1239.20110037	1455.43821489
1260.9453523	1477.53318056
1282.68960423	1499.62814623
1304.43385616	1521.7231119
1326.17810809	1543.81807757
1347.92236002	1565.91304324
1369.66661195	1588.00800891
1391.41086388	1610.10297458
1413.15511581	1632.19794026
1434.89936774	1654.29290593
1456.64361967	1676.3878716
1478.3878716	1698.48283727
1500.13212353	1720.57780294
1521.87637546	1742.67276861
1543.62062739	1764.76773428
1565.36487932	1786.86269995
1587.10913125	1808.95766562
1608.85338318	1831.05263129
1630.59763511	1853.14759696
1652.34188704	1875.24256264
1674.08613897	1897.33752831
1695.8303909	1919.43249398
1717.57464283	1941.52745965
1739.31889476	1963.62242532
1761.06314669	1985.71739099
1782.80739862	2007.81235666
1804.55165055	2029.90732233
1826.29590248	2052.002288
1848.04015441	2074.09725367
1869.78440634	2096.19221935
1891.52865827	2118.28718502
1913.2729102	2140.38215069
1935.01716213	2162.47711636
1956.76141406	2184.57208203
1978.50566599	2206.6670477
2000.24991792	2228.76201337
2021.99416985	2250.85697904
2043.73842178	2272.95194471
2065.48267371	2295.04691038
2087.22692564	2317.14187605
2108.97117757	2339.23684173
2130.7154295	2361.3318074
2152.45968143	2383.42677307
2174.20393336	2405.52173874
2195.94818529	2427.61670441
2217.69243722	2449.71167008
2239.43668915	2471.80663575
#helix: (2475.5, 171.4999999999999),(5571.5, 2799.5),310
2593.66837243	271.805711484
2617.30204692	291.866853781
2640.93572141	311.927996078
2664.56939589	331.989138375
2688.20307038	352.050280672
2711.83674487	372.111422969
2735.47041935	392.172565266
2759.10409384	412.233707562
2782.73776833	432.294849859
2806.37144281	452.355992156
2830.0051173	472.417134453
2853.63879179	492.47827675
2877.27246627	512.539419047
2900.90614076	532.600561344
2924.53981525	552.661703641
2948.17348973	572.722845937
2971.80716422	592.783988234
2995.44083871	612.845130531
3019.07451319	632.906272828
3042.70818768	652.967415125
3066.34186217	673.028557422
3089.97553665	693.089699719
3113.60921114	713.150842016
3137.24288563	733.211984312
3160.87656012	753.273126609
3184.5102346	773.334268906
3208.14390909	793.395411203
3231.77758358	813.4565535
3255.41125806	833.517695797
3279.04493255	853.578838094
3302.67860704	873.639980391
3326.31228152	893.701122687
3349.94595601	913.762264984
3373.5796305	933.823407281
3397.21330498	953.884549578
3420.84697947	973.945691875
3444.48065396	994.006834172
3468.11432844	1014.06797647
3491.74800293	1034.12911877
3515.38167742	1054.19026106
3539.0153519	1074.25140336
3562.64902639	1094.31254566
3586.28270088	1114.37368795
3609.91637536	1134.43483025
3633.55004985	1154.49597255
3657.18372434	1174.55711484
3680.81739882	1194.61825714
3704.45107331	1214.67939944
3728.0847478	1234.74054173
3751.71842228	1254.80168403
3775.35209677	1274.86282633
3798.98577126	1294.92396862
3822.61944574	1314.98511092
3846.25312023	1335.04625322
3869.88679472	1355.10739552
3893.5204692	1375.16853781
3917.15414369	1395.22968011
3940.78781818	1415.29082241
3964.42149266	1435.3519647
3988.05516715	1455.413107
4011.68884164	1475.4742493
4035.32251612	1495.53539159
4058.95619061	1515.59653389
4082.5898651	1535.65767619
4106.22353958	1555.71881848
4129.85721407	1575.77996078
4153.49088856	1595.84110308
4177.12456304	1615.90224537
4200.75823753	1635.96338767
4224.39191202	1656.02452997
4248.0255865	1676.08567227
4271.65926099	1696.14681456
4295.29293548	1716.20795686
4318.92660996	1736.26909916
4342.56028445	1756.33024145
4366.19395894	1776.39138375
4389.82763342	1796.45252605
4413.46130791	1816.51366834
4437.0949824	1836.57481064
4460.72865689	1856.63595294
4484.36233137	1876.69709523
4507.99600586	1896.75823753
4531.62968035	1916.81937983
4555.26335483	1936.88052212
4578.89702932	1956.94166442
4602.53070381	1977.00280672
4626.16437829	1997.06394902
4649.79805278	2017.12509131
4673.43172727	2037.18623361
4697.06540175	2057.24737591
4720.69907624	2077.3085182
4744.33275073	2097.3696605
4767.96642521	2117.4308028
4791.6000997	2137.49194509
4815.23377419	2157.55308739
4838.86744867	2177.61422969
4862.50112316	2197.67537198
4886.13479765	2217.73651428
4909.76847213	2237.79765658
4933.40214662	2257.85879887
4957.03582111	2277.91994117
4980.66949559	2297.98108347
5004.30317008	2318.04222577
5027.93684457	2338.10336806
5051.57051905	2358.16451036
5075.20419354	2378.22565266
5098.83786803	2398.28679495
5122.47154251	2418.34793725
5146.105217	2438.40907955
5169.73889149	2458.47022184
5193.37256597	2478.53136414
5217.00624046	2498.59250644
5240.63991495	2518.65364873
5264.27358943	2538.71479103
5287.90726392	2558.77593333
5311.54093841	2578.83707562
5335.17461289	2598.89821792
5358.80828738	2618.95936022
5382.44196187	2639.02050252
5406.07563635	2659.08164481
5429.70931084	2679.14278711
5453.34298533	2699.20392941
#helix: (3105.5, 3978.5),(2007.5, 2970.5),310
2991.31883799	3873.67794963
2968.48260559	3852.71353956
2945.64637319	3831.74912949
2922.81014079	3810.78471941
2899.97390839	3789.82030934
2877.13767599	3768.85589927
2854.30144359	3747.89148919
2831.46521119	3726.92707912
2808.62897878	3705.96266905
2785.79274638	3684.99825897
2762.95651398	3664.0338489
2740.12028158	3643.06943883
2717.28404918	3622.10502876
2694.44781678	3601.14061868
2671.61158438	3580.17620861
2648.77535198	3559.21179854
2625.93911957	3538.24738846
2603.10288717	3517.28297839
2580.26665477	3496.31856832
2557.43042237	3475.35415824
2534.59418997	3454.38974817
2511.75795757	3433.4253381
2488.92172517	3412.46092802
2466.08549277	3391.49651795
2443.24926037	3370.53210788
2420.41302796	3349.5676978
2397.57679556	3328.60328773
2374.74056316	3307.63887766
2351.90433076	3286.67446758
2329.06809836	3265.71005751
2306.23186596	3244.74564744
2283.39563356	3223.78123736
2260.55940116	3202.81682729
2237.72316875	3181.85241722
2214.88693635	3160.88800714
2192.05070395	3139.92359707
2169.21447155	3118.959187
2146.37823915	3097.99477692
2123.54200675	3077.03036685
2100.70577435	3056.06595678
#helix: (5238.5, 3924.5),(3609.5, 2736.5),310
5113.26569533	3833.16890488
5088.2188344	3814.90268586
5063.17197347	3796.63646684
5038.12511254	3778.37024782
5013.0782516	3760.10402879
4988.03139067	3741.83780977
4962.98452974	3723.57159075
4937.9376688	3705.30537172
4912.89080787	3687.0391527
4887.84394694	3668.77293368
4862.797086	3650.50671465
4837.75022507	3632.24049563
4812.70336414	3613.97427661
4787.6565032	3595.70805759
4762.60964227	3577.44183856
4737.56278134	3559.17561954
4712.5159204	3540.90940052
4687.46905947	3522.64318149
4662.42219854	3504.37696247
4637.37533761	3486.11074345
4612.32847667	3467.84452442
4587.28161574	3449.5783054
4562.23475481	3431.31208638
4537.18789387	3413.04586735
4512.14103294	3394.77964833
4487.09417201	3376.51342931
4462.04731107	3358.24721029
4437.00045014	3339.98099126
4411.95358921	3321.71477224
4386.90672827	3303.44855322
4361.85986734	3285.18233419
4336.81300641	3266.91611517
4311.76614548	3248.64989615
4286.71928454	3230.38367712
4261.67242361	3212.1174581
4236.62556268	3193.85123908
4211.57870174	3175.58502006
4186.53184081	3157.31880103
4161.48497988	3139.05258201
4136.43811894	3120.78636299
4111.39125801	3102.52014396
4086.34439708	3084.25392494
4061.29753614	3065.98770592
4036.25067521	3047.72148689
4011.20381428	3029.45526787
3986.15695334	3011.18904885
3961.11009241	2992.92282983
3936.06323148	2974.6566108
3911.01637055	2956.39039178
3885.96950961	2938.12417276
3860.92264868	2919.85795373
3835.87578775	2901.59173471
3810.82892681	2883.32551569
3785.78206588	2865.05929666
3760.73520495	2846.79307764
3735.68834401	2828.52685862
3710.64148308	2810.26063959
