#micrograph: ../Source/micrographs/Microtubules_00116.mrc
#particle length: 310
#particle width: 310
#helix: (1881.5, 3681.5),(2241.5, -98.5),310
1896.19540936	3527.19820175
1899.13449123	3496.3378421
1902.0735731	3465.47748245
1905.01265497	3434.6171228
1907.95173684	3403.75676315
1910.89081871	3372.8964035
1913.82990059	3342.03604385
1916.76898246	3311.1756842
1919.70806433	3280.31532454
1922.6471462	3249.45496489
1925.58622807	3218.59460524
1928.52530994	3187.73424559
1931.46439181	3156.87388594
1934.40347369	3126.01352629
1937.34255556	3095.15316664
1940.28163743	3064.29280699
1943.2207193	3033.43244734
1946.15980117	3002.57208769
1949.09888304	2971.71172804
1952.03796492	2940.85136839
1954.97704679	2909.99100874
1957.91612866	2879.13064909
1960.85521053	2848.27028944
1963.7942924	2817.40992979
1966.73337427	2786.54957014
1969.67245614	2755.68921049
1972.61153802	2724.82885084
1975.55061989	2693.96849119
1978.48970176	2663.10813154
1981.42878363	2632.24777189
1984.3678655	2601.38741224
1987.30694737	2570.52705259
1990.24602924	2539.66669293
1993.18511112	2508.80633328
1996.12419299	2477.94597363
1999.06327486	2447.08561398
2002.00235673	2416.22525433
2004.9414386	2385.36489468
2007.88052047	2354.50453503
2010.81960234	2323.64417538
2013.75868422	2292.78381573
2016.69776609	2261.92345608
2019.63684796	2231.06309643
2022.57592983	2200.20273678
2025.5150117	2169.34237713
2028.45409357	2138.48201748
2031.39317544	2107.62165783
2034.33225732	2076.76129818
2037.27133919	2045.90093853
2040.21042106	2015.04057888
2043.14950293	1984.18021923
2046.0885848	1953.31985958
2049.02766667	1922.45949993
2051.96674855	1891.59914028
2054.90583042	1860.73878063
2057.84491229	1829.87842098
2060.78399416	1799.01806132
2063.72307603	1768.15770167
2066.6621579	1737.29734202
2069.60123977	1706.43698237
2072.54032165	1675.57662272
2075.47940352	1644.71626307
2078.41848539	1613.85590342
2081.35756726	1582.99554377
2084.29664913	1552.13518412
2087.235731	1521.27482447
2090.17481287	1490.41446482
2093.11389475	1459.55410517
2096.05297662	1428.69374552
2098.99205849	1397.83338587
2101.93114036	1366.97302622
2104.87022223	1336.11266657
2107.8093041	1305.25230692
2110.74838597	1274.39194727
2113.68746785	1243.53158762
2116.62654972	1212.67122797
2119.56563159	1181.81086832
2122.50471346	1150.95050867
2125.44379533	1120.09014902
2128.3828772	1089.22978937
2131.32195907	1058.36942971
2134.26104095	1027.50907006
2137.20012282	996.648710414
2140.13920469	965.788350764
2143.07828656	934.927991113
2146.01736843	904.067631463
2148.9564503	873.207271812
2151.89553218	842.346912162
2154.83461405	811.486552512
2157.77369592	780.626192861
2160.71277779	749.765833211
2163.65185966	718.90547356
2166.59094153	688.04511391
2169.5300234	657.18475426
2172.46910528	626.324394609
2175.40818715	595.464034959
2178.34726902	564.603675308
2181.28635089	533.743315658
2184.22543276	502.882956008
2187.16451463	472.022596357
2190.1035965	441.162236707
2193.04267838	410.301877056
2195.98176025	379.441517406
2198.92084212	348.581157755
2201.85992399	317.720798105
2204.79900586	286.860438455
2207.73808773	256.000078804
2210.6771696	225.139719154
2213.61625148	194.279359503
2216.55533335	163.418999853
2219.49441522	132.558640203
2222.43349709	101.698280552
2225.37257896	70.8379209017
2228.31166083	39.9775612513
#helix: (1314.5, 3942.5),(1674.5, -116.5),310
1328.19347583	3788.10605996
1330.932171	3757.22727196
1333.67086617	3726.34848395
1336.40956134	3695.46969594
1339.1482565	3664.59090794
1341.88695167	3633.71211993
1344.62564684	3602.83333192
1347.364342	3571.95454392
1350.10303717	3541.07575591
1352.84173234	3510.1969679
1355.5804275	3479.31817989
1358.31912267	3448.43939189
1361.05781784	3417.56060388
1363.796513	3386.68181587
1366.53520817	3355.80302787
1369.27390334	3324.92423986
1372.01259851	3294.04545185
1374.75129367	3263.16666385
1377.48998884	3232.28787584
1380.22868401	3201.40908783
1382.96737917	3170.53029982
1385.70607434	3139.65151182
1388.44476951	3108.77272381
1391.18346467	3077.8939358
1393.92215984	3047.0151478
1396.66085501	3016.13635979
1399.39955017	2985.25757178
1402.13824534	2954.37878378
1404.87694051	2923.49999577
1407.61563568	2892.62120776
1410.35433084	2861.74241975
1413.09302601	2830.86363175
1415.83172118	2799.98484374
1418.57041634	2769.10605573
1421.30911151	2738.22726773
1424.04780668	2707.34847972
1426.78650184	2676.46969171
1429.52519701	2645.59090371
1432.26389218	2614.7121157
1435.00258734	2583.83332769
1437.74128251	2552.95453968
1440.47997768	2522.07575168
1443.21867285	2491.19696367
1445.95736801	2460.31817566
1448.69606318	2429.43938766
1451.43475835	2398.56059965
1454.17345351	2367.68181164
1456.91214868	2336.80302363
1459.65084385	2305.92423563
1462.38953901	2275.04544762
1465.12823418	2244.16665961
1467.86692935	2213.28787161
1470.60562451	2182.4090836
1473.34431968	2151.53029559
1476.08301485	2120.65150759
1478.82171002	2089.77271958
1481.56040518	2058.89393157
1484.29910035	2028.01514356
1487.03779552	1997.13635556
1489.77649068	1966.25756755
1492.51518585	1935.37877954
1495.25388102	1904.49999154
1497.99257618	1873.62120353
1500.73127135	1842.74241552
1503.46996652	1811.86362752
1506.20866168	1780.98483951
1508.94735685	1750.1060515
1511.68605202	1719.22726349
1514.42474719	1688.34847549
1517.16344235	1657.46968748
1519.90213752	1626.59089947
1522.64083269	1595.71211147
1525.37952785	1564.83332346
1528.11822302	1533.95453545
1530.85691819	1503.07574745
1533.59561335	1472.19695944
1536.33430852	1441.31817143
1539.07300369	1410.43938342
1541.81169885	1379.56059542
1544.55039402	1348.68180741
1547.28908919	1317.8030194
1550.02778436	1286.9242314
1552.76647952	1256.04544339
1555.50517469	1225.16665538
1558.24386986	1194.28786737
1560.98256502	1163.40907937
1563.72126019	1132.53029136
1566.45995536	1101.65150335
1569.19865052	1070.77271535
1571.93734569	1039.89392734
1574.67604086	1009.01513933
1577.41473602	978.136351326
1580.15343119	947.257563319
1582.89212636	916.378775312
1585.63082153	885.499987305
1588.36951669	854.621199298
1591.10821186	823.742411291
1593.84690703	792.863623284
1596.58560219	761.984835277
1599.32429736	731.10604727
1602.06299253	700.227259263
1604.80168769	669.348471256
1607.54038286	638.469683249
1610.27907803	607.590895241
1613.01777319	576.712107234
1615.75646836	545.833319227
1618.49516353	514.95453122
1621.2338587	484.075743213
1623.97255386	453.196955206
1626.71124903	422.318167199
1629.4499442	391.439379192
1632.18863936	360.560591185
1634.92733453	329.681803178
1637.6660297	298.803015171
1640.40472486	267.924227164
1643.14342003	237.045439157
1645.8821152	206.16665115
1648.62081036	175.287863143
1651.35950553	144.409075136
1654.0982007	113.530287129
1656.83689587	82.6514991221
1659.57559103	51.7727111151
1662.3142862	20.893923108
#helix: (3861.5, 3537.5),(5733.5, 3852.5),310
4014.3511502	3563.22014547
4044.92138024	3568.36417456
4075.49161028	3573.50820365
4106.06184032	3578.65223275
4136.63207036	3583.79626184
4167.2023004	3588.94029093
4197.77253044	3594.08432003
4228.34276048	3599.22834912
4258.91299052	3604.37237821
4289.48322056	3609.51640731
4320.0534506	3614.6604364
4350.62368064	3619.80446549
4381.19391068	3624.94849459
4411.76414072	3630.09252368
4442.33437076	3635.23655277
4472.9046008	3640.38058186
4503.47483084	3645.52461096
4534.04506088	3650.66864005
4564.61529092	3655.81266914
4595.18552096	3660.95669824
4625.755751	3666.10072733
4656.32598104	3671.24475642
4686.89621108	3676.38878552
4717.46644112	3681.53281461
4748.03667115	3686.6768437
4778.60690119	3691.8208728
4809.17713123	3696.96490189
4839.74736127	3702.10893098
4870.31759131	3707.25296008
4900.88782135	3712.39698917
4931.45805139	3717.54101826
4962.02828143	3722.68504736
4992.59851147	3727.82907645
5023.16874151	3732.97310554
5053.73897155	3738.11713464
5084.30920159	3743.26116373
5114.87943163	3748.40519282
5145.44966167	3753.54922192
5176.01989171	3758.69325101
5206.59012175	3763.8372801
5237.16035179	3768.9813092
5267.73058183	3774.12533829
5298.30081187	3779.26936738
5328.87104191	3784.41339648
5359.44127195	3789.55742557
5390.01150199	3794.70145466
5420.58173203	3799.84548376
5451.15196207	3804.98951285
5481.72219211	3810.13354194
5512.29242215	3815.27757103
5542.86265219	3820.42160013
5573.43288223	3825.56562922
5604.00311227	3830.70965831
#helix: (2934.5, 4095.5),(3231.5, 18.5),310
2945.76154896	3940.90964611
2948.01385875	3909.99157534
2950.26616854	3879.07350456
2952.51847833	3848.15543378
2954.77078813	3817.237363
2957.02309792	3786.31929223
2959.27540771	3755.40122145
2961.5277175	3724.48315067
2963.78002729	3693.56507989
2966.03233708	3662.64700912
2968.28464688	3631.72893834
2970.53695667	3600.81086756
2972.78926646	3569.89279678
2975.04157625	3538.97472601
2977.29388604	3508.05665523
2979.54619583	3477.13858445
2981.79850563	3446.22051367
2984.05081542	3415.3024429
2986.30312521	3384.38437212
2988.555435	3353.46630134
2990.80774479	3322.54823056
2993.06005459	3291.63015979
2995.31236438	3260.71208901
2997.56467417	3229.79401823
2999.81698396	3198.87594745
3002.06929375	3167.95787668
3004.32160354	3137.0398059
3006.57391334	3106.12173512
3008.82622313	3075.20366434
3011.07853292	3044.28559357
3013.33084271	3013.36752279
3015.5831525	2982.44945201
3017.83546229	2951.53138123
3020.08777209	2920.61331046
3022.34008188	2889.69523968
3024.59239167	2858.7771689
3026.84470146	2827.85909812
3029.09701125	2796.94102735
3031.34932104	2766.02295657
3033.60163084	2735.10488579
3035.85394063	2704.18681501
3038.10625042	2673.26874424
3040.35856021	2642.35067346
3042.61087	2611.43260268
3044.8631798	2580.5145319
3047.11548959	2549.59646113
3049.36779938	2518.67839035
3051.62010917	2487.76031957
3053.87241896	2456.84224879
3056.12472875	2425.92417802
3058.37703855	2395.00610724
3060.62934834	2364.08803646
3062.88165813	2333.16996568
3065.13396792	2302.25189491
3067.38627771	2271.33382413
3069.6385875	2240.41575335
3071.8908973	2209.49768257
3074.14320709	2178.5796118
3076.39551688	2147.66154102
3078.64782667	2116.74347024
3080.90013646	2085.82539946
3083.15244625	2054.90732869
3085.40475605	2023.98925791
3087.65706584	1993.07118713
3089.90937563	1962.15311635
3092.16168542	1931.23504558
3094.41399521	1900.3169748
3096.66630501	1869.39890402
3098.9186148	1838.48083324
3101.17092459	1807.56276247
3103.42323438	1776.64469169
3105.67554417	1745.72662091
3107.92785396	1714.80855013
3110.18016376	1683.89047936
3112.43247355	1652.97240858
3114.68478334	1622.0543378
3116.93709313	1591.13626702
3119.18940292	1560.21819625
3121.44171271	1529.30012547
3123.69402251	1498.38205469
3125.9463323	1467.46398391
3128.19864209	1436.54591314
3130.45095188	1405.62784236
3132.70326167	1374.70977158
3134.95557146	1343.7917008
3137.20788126	1312.87363003
3139.46019105	1281.95555925
3141.71250084	1251.03748847
3143.96481063	1220.11941769
3146.21712042	1189.20134692
3148.46943022	1158.28327614
3150.72174001	1127.36520536
3152.9740498	1096.44713458
3155.22635959	1065.52906381
3157.47866938	1034.61099303
3159.73097917	1003.69292225
3161.98328897	972.774851473
3164.23559876	941.856780696
3166.48790855	910.938709918
3168.74021834	880.020639141
3170.99252813	849.102568363
3173.24483792	818.184497586
3175.49714772	787.266426808
3177.74945751	756.348356031
3180.0017673	725.430285253
3182.25407709	694.512214476
3184.50638688	663.594143698
3186.75869667	632.676072921
3189.01100647	601.758002143
3191.26331626	570.839931366
3193.51562605	539.921860588
3195.76793584	509.003789811
3198.02024563	478.085719033
3200.27255543	447.167648256
3202.52486522	416.249577478
3204.77717501	385.331506701
3207.0294848	354.413435923
3209.28179459	323.495365146
3211.53410438	292.577294368
3213.78641418	261.659223591
3216.03872397	230.741152813
3218.29103376	199.823082036
3220.54334355	168.905011258
#helix: (3420.5, 3888.5),(3465.5, 2106.5),310
3424.41289401	3733.54939735
3425.19547281	3702.55927682
3425.97805161	3671.56915629
3426.76063041	3640.57903577
3427.54320921	3609.58891524
3428.32578801	3578.59879471
3429.10836681	3547.60867418
3429.89094561	3516.61855365
3430.67352442	3485.62843312
3431.45610322	3454.63831259
3432.23868202	3423.64819206
3433.02126082	3392.65807153
3433.80383962	3361.667951
3434.58641842	3330.67783047
3435.36899722	3299.68770994
3436.15157602	3268.69758941
3436.93415483	3237.70746888
3437.71673363	3206.71734836
3438.49931243	3175.72722783
3439.28189123	3144.7371073
3440.06447003	3113.74698677
3440.84704883	3082.75686624
3441.62962763	3051.76674571
3442.41220643	3020.77662518
3443.19478524	2989.78650465
3443.97736404	2958.79638412
3444.75994284	2927.80626359
3445.54252164	2896.81614306
3446.32510044	2865.82602253
3447.10767924	2834.835902
3447.89025804	2803.84578147
3448.67283684	2772.85566095
3449.45541565	2741.86554042
3450.23799445	2710.87541989
3451.02057325	2679.88529936
3451.80315205	2648.89517883
3452.58573085	2617.9050583
3453.36830965	2586.91493777
3454.15088845	2555.92481724
3454.93346725	2524.93469671
3455.71604606	2493.94457618
3456.49862486	2462.95445565
3457.28120366	2431.96433512
3458.06378246	2400.97421459
3458.84636126	2369.98409406
3459.62894006	2338.99397354
3460.41151886	2308.00385301
3461.19409766	2277.01373248
3461.97667647	2246.02361195
#helix: (2376.5, 3969.5),(2781.5, -8.5),310
2392.19938856	3815.29711676
2395.33926628	3784.45654012
2398.47914399	3753.61596347
2401.6190217	3722.77538682
2404.75889942	3691.93481017
2407.89877713	3661.09423353
2411.03865484	3630.25365688
2414.17853256	3599.41308023
2417.31841027	3568.57250358
2420.45828798	3537.73192694
2423.59816569	3506.89135029
2426.73804341	3476.05077364
2429.87792112	3445.21019699
2433.01779883	3414.36962035
2436.15767655	3383.5290437
2439.29755426	3352.68846705
2442.43743197	3321.8478904
2445.57730969	3291.00731376
2448.7171874	3260.16673711
2451.85706511	3229.32616046
2454.99694282	3198.48558381
2458.13682054	3167.64500717
2461.27669825	3136.80443052
2464.41657596	3105.96385387
2467.55645368	3075.12327722
2470.69633139	3044.28270058
2473.8362091	3013.44212393
2476.97608682	2982.60154728
2480.11596453	2951.76097063
2483.25584224	2920.92039399
2486.39571995	2890.07981734
2489.53559767	2859.23924069
2492.67547538	2828.39866404
2495.81535309	2797.5580874
2498.95523081	2766.71751075
2502.09510852	2735.8769341
2505.23498623	2705.03635745
2508.37486395	2674.19578081
2511.51474166	2643.35520416
2514.65461937	2612.51462751
2517.79449708	2581.67405086
2520.9343748	2550.83347422
2524.07425251	2519.99289757
2527.21413022	2489.15232092
2530.35400794	2458.31174427
2533.49388565	2427.47116763
2536.63376336	2396.63059098
2539.77364107	2365.79001433
2542.91351879	2334.94943768
2546.0533965	2304.10886104
2549.19327421	2273.26828439
2552.33315193	2242.42770774
2555.47302964	2211.5871311
2558.61290735	2180.74655445
2561.75278507	2149.9059778
2564.89266278	2119.06540115
2568.03254049	2088.22482451
2571.1724182	2057.38424786
2574.31229592	2026.54367121
2577.45217363	1995.70309456
2580.59205134	1964.86251792
2583.73192906	1934.02194127
2586.87180677	1903.18136462
2590.01168448	1872.34078797
2593.1515622	1841.50021133
2596.29143991	1810.65963468
2599.43131762	1779.81905803
2602.57119533	1748.97848138
2605.71107305	1718.13790474
2608.85095076	1687.29732809
2611.99082847	1656.45675144
2615.13070619	1625.61617479
2618.2705839	1594.77559815
2621.41046161	1563.9350215
2624.55033933	1533.09444485
2627.69021704	1502.2538682
2630.83009475	1471.41329156
2633.96997246	1440.57271491
2637.10985018	1409.73213826
2640.24972789	1378.89156161
2643.3896056	1348.05098497
2646.52948332	1317.21040832
2649.66936103	1286.36983167
2652.80923874	1255.52925502
2655.94911645	1224.68867838
2659.08899417	1193.84810173
2662.22887188	1163.00752508
2665.36874959	1132.16694843
2668.50862731	1101.32637179
2671.64850502	1070.48579514
2674.78838273	1039.64521849
2677.92826045	1008.80464184
2681.06813816	977.964065197
2684.20801587	947.123488549
2687.34789358	916.282911902
2690.4877713	885.442335254
2693.62764901	854.601758607
2696.76752672	823.76118196
2699.90740444	792.920605312
2703.04728215	762.080028665
2706.18715986	731.239452017
2709.32703758	700.39887537
2712.46691529	669.558298722
2715.606793	638.717722075
2718.74667071	607.877145427
2721.88654843	577.03656878
2725.02642614	546.195992132
2728.16630385	515.355415485
2731.30618157	484.514838838
2734.44605928	453.67426219
2737.58593699	422.833685543
2740.72581471	391.993108895
2743.86569242	361.152532248
2747.00557013	330.3119556
2750.14544784	299.471378953
2753.28532556	268.630802305
2756.42520327	237.790225658
2759.56508098	206.94964901
2762.7049587	176.109072363
2765.84483641	145.268495716
#helix: (3708.5, 135.4999999999999),(3438.5, 2115.5),310
3687.55745327	289.078676047
3683.36894392	319.794411256
3679.18043457	350.510146466
3674.99192523	381.225881675
3670.80341588	411.941616884
3666.61490653	442.657352094
3662.42639719	473.373087303
3658.23788784	504.088822512
3654.04937849	534.804557722
3649.86086915	565.520292931
3645.6723598	596.236028141
3641.48385045	626.95176335
3637.29534111	657.667498559
3633.10683176	688.383233769
3628.91832241	719.098968978
3624.72981307	749.814704187
3620.54130372	780.530439397
3616.35279437	811.246174606
3612.16428503	841.961909816
3607.97577568	872.677645025
3603.78726633	903.393380234
3599.59875698	934.109115444
3595.41024764	964.824850653
3591.22173829	995.540585862
3587.03322894	1026.25632107
3582.8447196	1056.97205628
3578.65621025	1087.68779149
3574.4677009	1118.4035267
3570.27919156	1149.11926191
3566.09068221	1179.83499712
3561.90217286	1210.55073233
3557.71366352	1241.26646754
3553.52515417	1271.98220275
3549.33664482	1302.69793796
3545.14813548	1333.41367317
3540.95962613	1364.12940837
3536.77111678	1394.84514358
3532.58260744	1425.56087879
3528.39409809	1456.276614
3524.20558874	1486.99234921
3520.0170794	1517.70808442
3515.82857005	1548.42381963
3511.6400607	1579.13955484
3507.45155136	1609.85529005
3503.26304201	1640.57102526
3499.07453266	1671.28676047
3494.88602332	1702.00249568
3490.69751397	1732.71823089
3486.50900462	1763.4339661
3482.32049528	1794.14970131
3478.13198593	1824.86543652
3473.94347658	1855.58117172
3469.75496724	1886.29690693
3465.56645789	1917.01264214
3461.37794854	1947.72837735
3457.1894392	1978.44411256
#helix: (1638.5, 3825.5),(3501.5, 3564.5),310
1792.00093362	3803.99503829
1822.70112034	3799.69404594
1853.40130707	3795.3930536
1884.10149379	3791.09206126
1914.80168051	3786.79106891
1945.50186724	3782.49007657
1976.20205396	3778.18908423
2006.90224068	3773.88809188
2037.60242741	3769.58709954
2068.30261413	3765.2861072
2099.00280085	3760.98511486
2129.70298758	3756.68412251
2160.4031743	3752.38313017
2191.10336103	3748.08213783
2221.80354775	3743.78114548
2252.50373447	3739.48015314
2283.2039212	3735.1791608
2313.90410792	3730.87816846
2344.60429464	3726.57717611
2375.30448137	3722.27618377
2406.00466809	3717.97519143
2436.70485481	3713.67419908
2467.40504154	3709.37320674
2498.10522826	3705.0722144
2528.80541499	3700.77122206
2559.50560171	3696.47022971
2590.20578843	3692.16923737
2620.90597516	3687.86824503
2651.60616188	3683.56725268
2682.3063486	3679.26626034
2713.00653533	3674.965268
2743.70672205	3670.66427565
2774.40690877	3666.36328331
2805.1070955	3662.06229097
2835.80728222	3657.76129863
2866.50746895	3653.46030628
2897.20765567	3649.15931394
2927.90784239	3644.8583216
2958.60802912	3640.55732925
2989.30821584	3636.25633691
3020.00840256	3631.95534457
3050.70858929	3627.65435223
3081.40877601	3623.35335988
3112.10896273	3619.05236754
3142.80914946	3614.7513752
3173.50933618	3610.45038285
3204.20952291	3606.14939051
3234.90970963	3601.84839817
3265.60989635	3597.54740582
3296.31008308	3593.24641348
3327.0102698	3588.94542114
3357.71045652	3584.6444288
