#micrograph: ../Source/micrographs/Microtubules_00021.mrc
#particle length: 300
#particle width: 300
#helix: (72.5, 1233.5),(1116.5000000000002, -251.50000000000023),300
158.768736683	1110.79015903
176.022484019	1086.24819083
193.276231356	1061.70622264
210.529978692	1037.16425445
227.783726029	1012.62228625
245.037473365	988.080318058
262.291220702	963.538349863
279.544968039	938.996381669
296.798715375	914.454413475
314.052462712	889.912445281
331.306210048	865.370477087
348.559957385	840.828508892
365.813704721	816.286540698
383.067452058	791.744572504
400.321199394	767.20260431
417.574946731	742.660636115
434.828694068	718.118667921
452.082441404	693.576699727
469.336188741	669.034731533
486.589936077	644.492763339
503.843683414	619.950795144
521.09743075	595.40882695
538.351178087	570.866858756
555.604925423	546.324890562
572.85867276	521.782922367
590.112420096	497.240954173
607.366167433	472.698985979
624.61991477	448.157017785
641.873662106	423.61504959
659.127409443	399.073081396
676.381156779	374.531113202
693.634904116	349.989145008
710.888651452	325.447176814
728.142398789	300.905208619
745.396146125	276.363240425
762.649893462	251.821272231
779.903640798	227.279304037
797.157388135	202.737335842
814.411135472	178.195367648
831.664882808	153.653399454
848.918630145	129.11143126
866.172377481	104.569463065
883.426124818	80.0274948712
900.679872154	55.485526677
917.933619491	30.9435584828
935.187366827	6.40159028856
952.441114164	-18.1403779057
969.694861501	-42.6823460999
986.948608837	-67.2243142941
1004.20235617	-91.7662824884
1021.45610351	-116.308250683
1038.70985085	-140.850218877
#helix: (90.5, 3771.5),(567.5, 2052.5),300
130.607548214	3626.96147719
138.629057857	3598.05377263
146.6505675	3569.14606807
154.672077143	3540.2383635
162.693586786	3511.33065894
170.715096429	3482.42295438
178.736606072	3453.51524982
186.758115715	3424.60754525
194.779625357	3395.69984069
202.801135	3366.79213613
210.822644643	3337.88443157
218.844154286	3308.97672701
226.865663929	3280.06902244
234.887173572	3251.16131788
242.908683215	3222.25361332
250.930192858	3193.34590876
258.951702501	3164.4382042
266.973212143	3135.53049963
274.994721786	3106.62279507
283.016231429	3077.71509051
291.037741072	3048.80738595
299.059250715	3019.89968139
307.080760358	2990.99197682
315.102270001	2962.08427226
323.123779644	2933.1765677
331.145289287	2904.26886314
339.166798929	2875.36115858
347.188308572	2846.45345401
355.209818215	2817.54574945
363.231327858	2788.63804489
371.252837501	2759.73034033
379.274347144	2730.82263576
387.295856787	2701.9149312
395.31736643	2673.00722664
403.338876072	2644.09952208
411.360385715	2615.19181752
419.381895358	2586.28411295
427.403405001	2557.37640839
435.424914644	2528.46870383
443.446424287	2499.56099927
451.46793393	2470.65329471
459.489443573	2441.74559014
467.510953216	2412.83788558
475.532462858	2383.93018102
483.553972501	2355.02247646
491.575482144	2326.1147719
499.596991787	2297.20706733
507.61850143	2268.29936277
515.640011073	2239.39165821
523.661520716	2210.48395365
531.683030359	2181.57624909
#helix: (4446.5, 3978.5),(5967.5, 756.5),300
4510.53373353	3842.8545763
4523.34048024	3815.72549156
4536.14722695	3788.59640682
4548.95397365	3761.46732209
4561.76072036	3734.33823735
4574.56746707	3707.20915261
4587.37421377	3680.08006787
4600.18096048	3652.95098313
4612.98770719	3625.82189839
4625.79445389	3598.69281365
4638.6012006	3571.56372891
4651.4079473	3544.43464417
4664.21469401	3517.30555943
4677.02144072	3490.17647469
4689.82818742	3463.04738995
4702.63493413	3435.91830521
4715.44168084	3408.78922047
4728.24842754	3381.66013573
4741.05517425	3354.531051
4753.86192096	3327.40196626
4766.66866766	3300.27288152
4779.47541437	3273.14379678
4792.28216108	3246.01471204
4805.08890778	3218.8856273
4817.89565449	3191.75654256
4830.7024012	3164.62745782
4843.5091479	3137.49837308
4856.31589461	3110.36928834
4869.12264132	3083.2402036
4881.92938802	3056.11111886
4894.73613473	3028.98203412
4907.54288144	3001.85294938
4920.34962814	2974.72386464
4933.15637485	2947.59477991
4945.96312156	2920.46569517
4958.76986826	2893.33661043
4971.57661497	2866.20752569
4984.38336168	2839.07844095
4997.19010838	2811.94935621
5009.99685509	2784.82027147
5022.8036018	2757.69118673
5035.6103485	2730.56210199
5048.41709521	2703.43301725
5061.22384191	2676.30393251
5074.03058862	2649.17484777
5086.83733533	2622.04576303
5099.64408203	2594.91667829
5112.45082874	2567.78759355
5125.25757545	2540.65850882
5138.06432215	2513.52942408
5150.87106886	2486.40033934
5163.67781557	2459.2712546
5176.48456227	2432.14216986
5189.29130898	2405.01308512
5202.09805569	2377.88400038
5214.90480239	2350.75491564
5227.7115491	2323.6258309
5240.51829581	2296.49674616
5253.32504251	2269.36766142
5266.13178922	2242.23857668
5278.93853593	2215.10949194
5291.74528263	2187.9804072
5304.55202934	2160.85132246
5317.35877605	2133.72223773
5330.16552275	2106.59315299
5342.97226946	2079.46406825
5355.77901617	2052.33498351
5368.58576287	2025.20589877
5381.39250958	1998.07681403
5394.19925629	1970.94772929
5407.00600299	1943.81864455
5419.8127497	1916.68955981
5432.6194964	1889.56047507
5445.42624311	1862.43139033
5458.23298982	1835.30230559
5471.03973652	1808.17322085
5483.84648323	1781.04413611
5496.65322994	1753.91505137
5509.45997664	1726.78596664
5522.26672335	1699.6568819
5535.07347006	1672.52779716
5547.88021676	1645.39871242
5560.68696347	1618.26962768
5573.49371018	1591.14054294
5586.30045688	1564.0114582
5599.10720359	1536.88237346
5611.9139503	1509.75328872
5624.720697	1482.62420398
5637.52744371	1455.49511924
5650.33419042	1428.3660345
5663.14093712	1401.23694976
5675.94768383	1374.10786502
5688.75443054	1346.97878028
5701.56117724	1319.84969555
5714.36792395	1292.72061081
5727.17467066	1265.59152607
5739.98141736	1238.46244133
5752.78816407	1211.33335659
5765.59491078	1184.20427185
5778.40165748	1157.07518711
5791.20840419	1129.94610237
5804.0151509	1102.81701763
5816.8218976	1075.68793289
5829.62864431	1048.55884815
5842.43539101	1021.42976341
5855.24213772	994.300678673
5868.04888443	967.171593934
5880.85563113	940.042509194
5893.66237784	912.913424455
5906.46912455	885.784339716
#helix: (3870.5, 180.4999999999999),(2376.5, 3114.5),300
3802.43570304	314.168438606
3788.82284365	340.902126328
3775.20998426	367.635814049
3761.59712487	394.36950177
3747.98426547	421.103189491
3734.37140608	447.836877213
3720.75854669	474.570564934
3707.1456873	501.304252655
3693.53282791	528.037940377
3679.91996851	554.771628098
3666.30710912	581.505315819
3652.69424973	608.23900354
3639.08139034	634.972691262
3625.46853095	661.706378983
3611.85567156	688.440066704
3598.24281216	715.173754426
3584.62995277	741.907442147
3571.01709338	768.641129868
3557.40423399	795.374817589
3543.7913746	822.108505311
3530.1785152	848.842193032
3516.56565581	875.575880753
3502.95279642	902.309568474
3489.33993703	929.043256196
3475.72707764	955.776943917
3462.11421825	982.510631638
3448.50135885	1009.24431936
3434.88849946	1035.97800708
3421.27564007	1062.7116948
3407.66278068	1089.44538252
3394.04992129	1116.17907024
3380.43706189	1142.91275797
3366.8242025	1169.64644569
3353.21134311	1196.38013341
3339.59848372	1223.11382113
3325.98562433	1249.84750885
3312.37276494	1276.58119657
3298.75990554	1303.31488429
3285.14704615	1330.04857201
3271.53418676	1356.78225974
3257.92132737	1383.51594746
3244.30846798	1410.24963518
3230.69560858	1436.9833229
3217.08274919	1463.71701062
3203.4698898	1490.45069834
3189.85703041	1517.18438606
3176.24417102	1543.91807379
3162.63131163	1570.65176151
3149.01845223	1597.38544923
3135.40559284	1624.11913695
3121.79273345	1650.85282467
3108.17987406	1677.58651239
3094.56701467	1704.32020011
3080.95415527	1731.05388783
3067.34129588	1757.78757556
3053.72843649	1784.52126328
3040.1155771	1811.254951
3026.50271771	1837.98863872
3012.88985832	1864.72232644
2999.27699892	1891.45601416
2985.66413953	1918.18970188
2972.05128014	1944.9233896
2958.43842075	1971.65707733
2944.82556136	1998.39076505
2931.21270196	2025.12445277
2917.59984257	2051.85814049
2903.98698318	2078.59182821
2890.37412379	2105.32551593
2876.7612644	2132.05920365
2863.14840501	2158.79289137
2849.53554561	2185.5265791
2835.92268622	2212.26026682
2822.30982683	2238.99395454
2808.69696744	2265.72764226
2795.08410805	2292.46132998
2781.47124865	2319.1950177
2767.85838926	2345.92870542
2754.24552987	2372.66239314
2740.63267048	2399.39608087
2727.01981109	2426.12976859
2713.4069517	2452.86345631
2699.7940923	2479.59714403
2686.18123291	2506.33083175
2672.56837352	2533.06451947
2658.95551413	2559.79820719
2645.34265474	2586.53189491
2631.72979534	2613.26558264
2618.11693595	2639.99927036
2604.50407656	2666.73295808
2590.89121717	2693.4666458
2577.27835778	2720.20033352
2563.66549839	2746.93402124
2550.05263899	2773.66770896
2536.4397796	2800.40139668
2522.82692021	2827.13508441
2509.21406082	2853.86877213
2495.60120143	2880.60245985
2481.98834203	2907.33614757
2468.37548264	2934.06983529
2454.76262325	2960.80352301
2441.14976386	2987.53721073
#helix: (3744.5, 4059.5),(5742.5, 2970.5),300
3876.2070023	3987.713751
3902.54840276	3973.3565012
3928.88980322	3958.9992514
3955.23120368	3944.6420016
3981.57260414	3930.2847518
4007.9140046	3915.927502
4034.25540506	3901.5702522
4060.59680552	3887.2130024
4086.93820598	3872.8557526
4113.27960644	3858.4985028
4139.6210069	3844.141253
4165.96240735	3829.7840032
4192.30380781	3815.4267534
4218.64520827	3801.0695036
4244.98660873	3786.7122538
4271.32800919	3772.355004
4297.66940965	3757.9977542
4324.01081011	3743.6405044
4350.35221057	3729.2832546
4376.69361103	3714.9260048
4403.03501149	3700.568755
4429.37641195	3686.2115052
4455.71781241	3671.8542554
4482.05921287	3657.4970056
4508.40061333	3643.1397558
4534.74201379	3628.782506
4561.08341425	3614.4252562
4587.42481471	3600.0680064
4613.76621517	3585.7107566
4640.10761563	3571.3535068
4666.44901609	3556.996257
4692.79041655	3542.6390072
4719.13181701	3528.2817574
4745.47321747	3513.9245076
4771.81461793	3499.5672578
4798.15601839	3485.210008
4824.49741885	3470.8527582
4850.83881931	3456.4955084
4877.18021977	3442.1382586
4903.52162023	3427.7810088
4929.86302069	3413.423759
4956.20442115	3399.0665092
4982.54582161	3384.7092594
5008.88722206	3370.3520096
5035.22862252	3355.9947598
5061.57002298	3341.63751
5087.91142344	3327.28026019
5114.2528239	3312.92301039
5140.59422436	3298.56576059
5166.93562482	3284.20851079
5193.27702528	3269.85126099
5219.61842574	3255.49401119
5245.9598262	3241.13676139
5272.30122666	3226.77951159
5298.64262712	3212.42226179
5324.98402758	3198.06501199
5351.32542804	3183.70776219
5377.6668285	3169.35051239
5404.00822896	3154.99326259
5430.34962942	3140.63601279
5456.69102988	3126.27876299
5483.03243034	3111.92151319
5509.3738308	3097.56426339
5535.71523126	3083.20701359
5562.05663172	3068.84976379
5588.39803218	3054.49251399
5614.73943264	3040.13526419
#helix: (864.5000000000001, 1800.5),(2610.5, -44.5),300
967.602717456	1691.55125217
988.223260947	1669.76150261
1008.84380444	1647.97175304
1029.46434793	1626.18200348
1050.08489142	1604.39225391
1070.70543491	1582.60250435
1091.3259784	1560.81275478
1111.94652189	1539.02300521
1132.56706539	1517.23325565
1153.18760888	1495.44350608
1173.80815237	1473.65375652
1194.42869586	1451.86400695
1215.04923935	1430.07425739
1235.66978284	1408.28450782
1256.29032633	1386.49475826
1276.91086982	1364.70500869
1297.53141332	1342.91525912
1318.15195681	1321.12550956
1338.7725003	1299.33575999
1359.39304379	1277.54601043
1380.01358728	1255.75626086
1400.63413077	1233.9665113
1421.25467426	1212.17676173
1441.87521775	1190.38701217
1462.49576125	1168.5972626
1483.11630474	1146.80751304
1503.73684823	1125.01776347
1524.35739172	1103.2280139
1544.97793521	1081.43826434
1565.5984787	1059.64851477
1586.21902219	1037.85876521
1606.83956568	1016.06901564
1627.46010918	994.279266077
1648.08065267	972.489516512
1668.70119616	950.699766946
1689.32173965	928.910017381
1709.94228314	907.120267815
1730.56282663	885.33051825
1751.18337012	863.540768684
1771.80391361	841.751019119
1792.42445711	819.961269554
1813.0450006	798.171519988
1833.66554409	776.381770423
1854.28608758	754.592020857
1874.90663107	732.802271292
1895.52717456	711.012521726
1916.14771805	689.222772161
1936.76826154	667.433022595
1957.38880504	645.64327303
1978.00934853	623.853523464
1998.62989202	602.063773899
2019.25043551	580.274024333
2039.870979	558.484274768
2060.49152249	536.694525202
2081.11206598	514.904775637
2101.73260947	493.115026071
2122.35315297	471.325276506
2142.97369646	449.53552694
2163.59423995	427.745777375
2184.21478344	405.956027809
2204.83532693	384.166278244
2225.45587042	362.376528679
2246.07641391	340.586779113
2266.6969574	318.797029548
2287.3175009	297.007279982
2307.93804439	275.217530417
2328.55858788	253.427780851
2349.17913137	231.638031286
2369.79967486	209.84828172
2390.42021835	188.058532155
2411.04076184	166.268782589
2431.66130533	144.479033024
2452.28184882	122.689283458
2472.90239232	100.899533893
2493.52293581	79.1097843273
2514.1434793	57.3200347618
#helix: (603.5, 4014.5),(1197.5, 2430.5),300
656.168516238	3874.05062336
666.702219486	3845.96074804
677.235922734	3817.87087271
687.769625981	3789.78099738
698.303329229	3761.69112206
708.837032477	3733.60124673
719.370735724	3705.5113714
729.904438972	3677.42149608
740.438142219	3649.33162075
750.971845467	3621.24174542
761.505548715	3593.15187009
772.039251962	3565.06199477
782.57295521	3536.97211944
793.106658458	3508.88224411
803.640361705	3480.79236879
814.174064953	3452.70249346
824.707768201	3424.61261813
835.241471448	3396.5227428
845.775174696	3368.43286748
856.308877944	3340.34299215
866.842581191	3312.25311682
877.376284439	3284.1632415
887.909987687	3256.07336617
898.443690934	3227.98349084
908.977394182	3199.89361551
919.51109743	3171.80374019
930.044800677	3143.71386486
940.578503925	3115.62398953
951.112207173	3087.53411421
961.64591042	3059.44423888
972.179613668	3031.35436355
982.713316915	3003.26448823
993.247020163	2975.1746129
1003.78072341	2947.08473757
1014.31442666	2918.99486224
1024.84812991	2890.90498692
1035.38183315	2862.81511159
1045.9155364	2834.72523626
1056.44923965	2806.63536094
1066.9829429	2778.54548561
1077.51664614	2750.45561028
1088.05034939	2722.36573495
1098.58405264	2694.27585963
1109.11775589	2666.1859843
1119.65145913	2638.09610897
1130.18516238	2610.00623365
1140.71886563	2581.91635832
1151.25256888	2553.82648299
#helix: (4113.5, 1746.5),(4995.5, -287.5000000000001),300
4173.17529144	1608.88147076
4185.11034973	1581.35776491
4197.04540802	1553.83405906
4208.98046631	1526.31035321
4220.9155246	1498.78664736
4232.85058288	1471.26294151
4244.78564117	1443.73923566
4256.72069946	1416.21552981
4268.65575775	1388.69182397
4280.59081604	1361.16811812
4292.52587433	1333.64441227
4304.46093261	1306.12070642
4316.3959909	1278.59700057
4328.33104919	1251.07329472
4340.26610748	1223.54958887
4352.20116577	1196.02588302
4364.13622406	1168.50217717
4376.07128235	1140.97847133
4388.00634063	1113.45476548
4399.94139892	1085.93105963
4411.87645721	1058.40735378
4423.8115155	1030.88364793
4435.74657379	1003.35994208
4447.68163208	975.836236233
4459.61669036	948.312530384
4471.55174865	920.788824536
4483.48680694	893.265118687
4495.42186523	865.741412838
4507.35692352	838.217706989
4519.29198181	810.69400114
4531.22704009	783.170295292
4543.16209838	755.646589443
4555.09715667	728.122883594
4567.03221496	700.599177745
4578.96727325	673.075471896
4590.90233154	645.551766048
4602.83738983	618.028060199
4614.77244811	590.50435435
4626.7075064	562.980648501
4638.64256469	535.456942652
4650.57762298	507.933236803
4662.51268127	480.409530955
4674.44773956	452.885825106
4686.38279784	425.362119257
4698.31785613	397.838413408
4710.25291442	370.314707559
4722.18797271	342.791001711
4734.123031	315.267295862
4746.05808929	287.743590013
4757.99314757	260.219884164
4769.92820586	232.696178315
4781.86326415	205.172472467
4793.79832244	177.648766618
4805.73338073	150.125060769
4817.66843902	122.60135492
4829.60349731	95.0776490713
4841.53855559	67.5539432224
4853.47361388	40.0302373736
4865.40867217	12.5065315248
4877.34373046	-15.017174324
4889.27878875	-42.5408801728
4901.21384704	-70.0645860216
4913.14890532	-97.5882918704
4925.08396361	-125.111997719
4937.0190219	-152.635703568
#helix: (1665.5, 3258.5),(6291.5, 945.5),300
1799.66407865	3191.41796068
1826.49689438	3178.00155281
1853.32971011	3164.58514495
1880.16252584	3151.16873708
1906.99534157	3137.75232922
1933.8281573	3124.33592135
1960.66097303	3110.91951349
1987.49378876	3097.50310562
2014.32660449	3084.08669776
2041.15942022	3070.67028989
2067.99223595	3057.25388203
2094.82505168	3043.83747416
2121.65786741	3030.4210663
2148.49068314	3017.00465843
2175.32349887	3003.58825057
2202.1563146	2990.1718427
2228.98913033	2976.75543484
2255.82194606	2963.33902697
2282.65476179	2949.92261911
2309.48757752	2936.50621124
2336.32039325	2923.08980338
2363.15320898	2909.67339551
2389.98602471	2896.25698765
2416.81884044	2882.84057978
2443.65165617	2869.42417192
2470.4844719	2856.00776405
2497.31728763	2842.59135619
2524.15010336	2829.17494832
2550.98291909	2815.75854046
2577.81573482	2802.34213259
2604.64855055	2788.92572473
2631.48136628	2775.50931686
2658.31418201	2762.092909
2685.14699774	2748.67650113
2711.97981347	2735.26009327
2738.8126292	2721.8436854
2765.64544493	2708.42727754
2792.47826066	2695.01086967
2819.31107639	2681.59446181
2846.14389212	2668.17805394
2872.97670785	2654.76164608
2899.80952358	2641.34523821
2926.64233931	2627.92883035
2953.47515504	2614.51242248
2980.30797077	2601.09601462
3007.1407865	2587.67960675
3033.97360223	2574.26319889
3060.80641796	2560.84679102
3087.63923369	2547.43038316
3114.47204942	2534.01397529
3141.30486515	2520.59756743
3168.13768088	2507.18115956
3194.97049661	2493.7647517
3221.80331234	2480.34834383
3248.63612807	2466.93193597
3275.4689438	2453.5155281
3302.30175953	2440.09912024
3329.13457526	2426.68271237
3355.96739099	2413.26630451
3382.80020672	2399.84989664
3409.63302245	2386.43348878
3436.46583818	2373.01708091
3463.29865391	2359.60067305
3490.13146964	2346.18426518
3516.96428537	2332.76785732
3543.7971011	2319.35144945
3570.62991683	2305.93504159
3597.46273256	2292.51863372
3624.29554829	2279.10222586
3651.12836402	2265.68581799
3677.96117975	2252.26941013
3704.79399548	2238.85300226
3731.62681121	2225.4365944
3758.45962694	2212.02018653
3785.29244267	2198.60377867
3812.1252584	2185.1873708
3838.95807413	2171.77096294
3865.79088986	2158.35455507
3892.62370559	2144.93814721
3919.45652132	2131.52173934
3946.28933705	2118.10533148
3973.12215278	2104.68892361
3999.95496851	2091.27251575
4026.78778424	2077.85610788
4053.62059997	2064.43970002
4080.4534157	2051.02329215
4107.28623143	2037.60688429
4134.11904716	2024.19047642
4160.95186289	2010.77406856
4187.78467862	1997.35766069
4214.61749435	1983.94125283
4241.45031008	1970.52484496
4268.28312581	1957.1084371
4295.11594154	1943.69202923
4321.94875727	1930.27562137
4348.781573	1916.8592135
4375.61438873	1903.44280564
4402.44720446	1890.02639777
4429.28002019	1876.60998991
4456.11283592	1863.19358204
4482.94565165	1849.77717418
4509.77846738	1836.36076631
4536.61128311	1822.94435845
4563.44409884	1809.52795058
4590.27691457	1796.11154272
4617.1097303	1782.69513485
4643.94254603	1769.27872699
4670.77536176	1755.86231912
4697.60817749	1742.44591126
4724.44099322	1729.02950339
4751.27380895	1715.61309553
4778.10662468	1702.19668766
4804.93944041	1688.7802798
4831.77225614	1675.36387193
4858.60507187	1661.94746407
4885.4378876	1648.5310562
4912.27070333	1635.11464834
4939.10351906	1621.69824047
4965.93633479	1608.28183261
4992.76915052	1594.86542474
5019.60196625	1581.44901688
5046.43478198	1568.03260901
5073.26759771	1554.61620115
5100.10041344	1541.19979328
5126.93322917	1527.78338542
5153.7660449	1514.36697755
5180.59886063	1500.95056969
5207.43167636	1487.53416182
5234.26449209	1474.11775396
5261.09730782	1460.70134609
5287.93012355	1447.28493823
5314.76293928	1433.86853036
5341.59575501	1420.4521225
5368.42857074	1407.03571463
5395.26138647	1393.61930677
5422.0942022	1380.2028989
5448.92701793	1366.78649104
5475.75983366	1353.37008317
5502.59264939	1339.95367531
5529.42546512	1326.53726744
5556.25828085	1313.12085958
5583.09109658	1299.70445171
5609.92391231	1286.28804385
5636.75672804	1272.87163598
5663.58954377	1259.45522812
5690.4223595	1246.03882025
5717.25517523	1232.62241239
5744.08799096	1219.20600452
5770.92080669	1205.78959666
5797.75362242	1192.37318879
5824.58643815	1178.95678093
5851.41925388	1165.54037306
5878.25206961	1152.1239652
5905.08488534	1138.70755733
5931.91770107	1125.29114947
5958.7505168	1111.8747416
5985.58333253	1098.45833374
6012.41614826	1085.04192587
6039.24896399	1071.62551801
6066.08177972	1058.20911014
6092.91459545	1044.79270228
6119.74741118	1031.37629441
6146.58022691	1017.95988655
6173.41304264	1004.54347868
#helix: (1980.5, 4095.5),(2259.5, 3249.5),300
2027.47928458	3953.04668547
2036.87514149	3924.55602256
2046.27099841	3896.06535966
2055.66685533	3867.57469675
2065.06271224	3839.08403385
2074.45856916	3810.59337094
2083.85442607	3782.10270803
2093.25028299	3753.61204513
2102.64613991	3725.12138222
2112.04199682	3696.63071932
2121.43785374	3668.14005641
2130.83371065	3639.64939351
2140.22956757	3611.1587306
2149.62542448	3582.66806769
2159.0212814	3554.17740479
2168.41713832	3525.68674188
2177.81299523	3497.19607898
2187.20885215	3468.70541607
2196.60470906	3440.21475316
2206.00056598	3411.72409026
2215.39642289	3383.23342735
#helix: (1656.5, 3654.5),(5733.5, 1566.5),300
1790.00942128	3586.12431405
1816.71130554	3572.44917686
1843.41318979	3558.77403967
1870.11507405	3545.09890247
1896.8169583	3531.42376528
1923.51884256	3517.74862809
1950.22072682	3504.0734909
1976.92261107	3490.39835371
2003.62449533	3476.72321652
2030.32637958	3463.04807933
2057.02826384	3449.37294214
2083.73014809	3435.69780495
2110.43203235	3422.02266776
2137.13391661	3408.34753057
2163.83580086	3394.67239338
2190.53768512	3380.99725619
2217.23956937	3367.322119
2243.94145363	3353.64698181
2270.64333789	3339.97184461
2297.34522214	3326.29670742
2324.0471064	3312.62157023
2350.74899065	3298.94643304
2377.45087491	3285.27129585
2404.15275917	3271.59615866
2430.85464342	3257.92102147
2457.55652768	3244.24588428
2484.25841193	3230.57074709
2510.96029619	3216.8956099
2537.66218045	3203.22047271
2564.3640647	3189.54533552
2591.06594896	3175.87019833
2617.76783321	3162.19506114
2644.46971747	3148.51992395
2671.17160172	3134.84478675
2697.87348598	3121.16964956
2724.57537024	3107.49451237
2751.27725449	3093.81937518
2777.97913875	3080.14423799
2804.681023	3066.4691008
2831.38290726	3052.79396361
2858.08479152	3039.11882642
2884.78667577	3025.44368923
2911.48856003	3011.76855204
2938.19044428	2998.09341485
2964.89232854	2984.41827766
2991.5942128	2970.74314047
3018.29609705	2957.06800328
3044.99798131	2943.39286609
3071.69986556	2929.71772889
3098.40174982	2916.0425917
3125.10363408	2902.36745451
3151.80551833	2888.69231732
3178.50740259	2875.01718013
3205.20928684	2861.34204294
3231.9111711	2847.66690575
3258.61305536	2833.99176856
3285.31493961	2820.31663137
3312.01682387	2806.64149418
3338.71870812	2792.96635699
3365.42059238	2779.2912198
3392.12247663	2765.61608261
3418.82436089	2751.94094542
3445.52624515	2738.26580823
3472.2281294	2724.59067103
3498.93001366	2710.91553384
3525.63189791	2697.24039665
3552.33378217	2683.56525946
3579.03566643	2669.89012227
3605.73755068	2656.21498508
3632.43943494	2642.53984789
3659.14131919	2628.8647107
3685.84320345	2615.18957351
3712.54508771	2601.51443632
3739.24697196	2587.83929913
3765.94885622	2574.16416194
3792.65074047	2560.48902475
3819.35262473	2546.81388756
3846.05450899	2533.13875037
3872.75639324	2519.46361317
3899.4582775	2505.78847598
3926.16016175	2492.11333879
3952.86204601	2478.4382016
3979.56393026	2464.76306441
4006.26581452	2451.08792722
4032.96769878	2437.41279003
4059.66958303	2423.73765284
4086.37146729	2410.06251565
4113.07335154	2396.38737846
4139.7752358	2382.71224127
4166.47712006	2369.03710408
4193.17900431	2355.36196689
4219.88088857	2341.6868297
4246.58277282	2328.01169251
4273.28465708	2314.33655531
4299.98654134	2300.66141812
4326.68842559	2286.98628093
4353.39030985	2273.31114374
4380.0921941	2259.63600655
4406.79407836	2245.96086936
4433.49596262	2232.28573217
4460.19784687	2218.61059498
4486.89973113	2204.93545779
4513.60161538	2191.2603206
4540.30349964	2177.58518341
4567.00538389	2163.91004622
4593.70726815	2150.23490903
4620.40915241	2136.55977184
4647.11103666	2122.88463465
4673.81292092	2109.20949745
4700.51480517	2095.53436026
4727.21668943	2081.85922307
4753.91857369	2068.18408588
4780.62045794	2054.50894869
4807.3223422	2040.8338115
4834.02422645	2027.15867431
4860.72611071	2013.48353712
4887.42799497	1999.80839993
4914.12987922	1986.13326274
4940.83176348	1972.45812555
4967.53364773	1958.78298836
4994.23553199	1945.10785117
5020.93741625	1931.43271398
5047.6393005	1917.75757679
5074.34118476	1904.08243959
5101.04306901	1890.4073024
5127.74495327	1876.73216521
5154.44683753	1863.05702802
5181.14872178	1849.38189083
5207.85060604	1835.70675364
5234.55249029	1822.03161645
5261.25437455	1808.35647926
5287.9562588	1794.68134207
5314.65814306	1781.00620488
5341.36002732	1767.33106769
5368.06191157	1753.6559305
5394.76379583	1739.98079331
5421.46568008	1726.30565612
5448.16756434	1712.63051893
5474.8694486	1698.95538173
5501.57133285	1685.28024454
5528.27321711	1671.60510735
5554.97510136	1657.92997016
5581.67698562	1644.25483297
5608.37886988	1630.57969578
#helix: (5706.5, 603.4999999999999),(4122.5, 4014.5),300
5643.32275761	739.54644811
5630.68730913	766.755737732
5618.05186065	793.965027355
5605.41641217	821.174316977
5592.78096369	848.383606599
5580.14551521	875.592896221
5567.51006673	902.802185843
5554.87461825	930.011475465
5542.23916977	957.220765087
5529.6037213	984.430054709
5516.96827282	1011.63934433
5504.33282434	1038.84863395
5491.69737586	1066.05792358
5479.06192738	1093.2672132
5466.4264789	1120.47650282
5453.79103042	1147.68579244
5441.15558194	1174.89508206
5428.52013347	1202.10437169
5415.88468499	1229.31366131
5403.24923651	1256.52295093
5390.61378803	1283.73224055
5377.97833955	1310.94153017
5365.34289107	1338.1508198
5352.70744259	1365.36010942
5340.07199411	1392.56939904
5327.43654563	1419.77868866
5314.80109716	1446.98797828
5302.16564868	1474.19726791
5289.5302002	1501.40655753
5276.89475172	1528.61584715
5264.25930324	1555.82513677
5251.62385476	1583.03442639
5238.98840628	1610.24371602
5226.3529578	1637.45300564
5213.71750932	1664.66229526
5201.08206085	1691.87158488
5188.44661237	1719.08087451
5175.81116389	1746.29016413
5163.17571541	1773.49945375
5150.54026693	1800.70874337
5137.90481845	1827.91803299
5125.26936997	1855.12732262
5112.63392149	1882.33661224
5099.99847301	1909.54590186
5087.36302454	1936.75519148
5074.72757606	1963.9644811
5062.09212758	1991.17377073
5049.4566791	2018.38306035
5036.82123062	2045.59234997
5024.18578214	2072.80163959
5011.55033366	2100.01092921
4998.91488518	2127.22021884
4986.27943671	2154.42950846
4973.64398823	2181.63879808
4961.00853975	2208.8480877
4948.37309127	2236.05737732
4935.73764279	2263.26666695
4923.10219431	2290.47595657
4910.46674583	2317.68524619
4897.83129735	2344.89453581
4885.19584887	2372.10382544
4872.5604004	2399.31311506
4859.92495192	2426.52240468
4847.28950344	2453.7316943
4834.65405496	2480.94098392
4822.01860648	2508.15027355
4809.383158	2535.35956317
4796.74770952	2562.56885279
4784.11226104	2589.77814241
4771.47681256	2616.98743203
4758.84136409	2644.19672166
4746.20591561	2671.40601128
4733.57046713	2698.6153009
4720.93501865	2725.82459052
4708.29957017	2753.03388014
4695.66412169	2780.24316977
4683.02867321	2807.45245939
4670.39322473	2834.66174901
4657.75777626	2861.87103863
4645.12232778	2889.08032825
4632.4868793	2916.28961788
4619.85143082	2943.4989075
4607.21598234	2970.70819712
4594.58053386	2997.91748674
4581.94508538	3025.12677637
4569.3096369	3052.33606599
4556.67418842	3079.54535561
4544.03873995	3106.75464523
4531.40329147	3133.96393485
4518.76784299	3161.17322448
4506.13239451	3188.3825141
4493.49694603	3215.59180372
4480.86149755	3242.80109334
4468.22604907	3270.01038296
4455.59060059	3297.21967259
4442.95515211	3324.42896221
4430.31970364	3351.63825183
4417.68425516	3378.84754145
4405.04880668	3406.05683107
4392.4133582	3433.2661207
4379.77790972	3460.47541032
4367.14246124	3487.68469994
4354.50701276	3514.89398956
4341.87156428	3542.10327918
4329.2361158	3569.31256881
4316.60066733	3596.52185843
4303.96521885	3623.73114805
4291.32977037	3650.94043767
4278.69432189	3678.14972729
4266.05887341	3705.35901692
4253.42342493	3732.56830654
4240.78797645	3759.77759616
4228.15252797	3786.98688578
4215.5170795	3814.19617541
4202.88163102	3841.40546503
4190.24618254	3868.61475465
4177.61073406	3895.82404427
#helix: (846.5000000000001, 2358.5),(1809.5, -98.5),300
901.237047441	2218.84379485
912.184456929	2190.91255382
923.131866417	2162.98131279
934.079275905	2135.05007176
945.026685393	2107.11883073
955.974094881	2079.1875897
966.921504369	2051.25634867
977.868913857	2023.32510763
988.816323345	1995.3938666
999.763732834	1967.46262557
1010.71114232	1939.53138454
1021.65855181	1911.60014351
1032.6059613	1883.66890248
1043.55337079	1855.73766145
1054.50078027	1827.80642042
1065.44818976	1799.87517939
1076.39559925	1771.94393836
1087.34300874	1744.01269733
1098.29041823	1716.0814563
1109.23782771	1688.15021527
1120.1852372	1660.21897424
1131.13264669	1632.28773321
1142.08005618	1604.35649218
1153.02746567	1576.42525115
1163.97487516	1548.49401012
1174.92228464	1520.56276909
1185.86969413	1492.63152806
1196.81710362	1464.70028703
1207.76451311	1436.769046
1218.7119226	1408.83780497
1229.65933208	1380.90656394
1240.60674157	1352.9753229
1251.55415106	1325.04408187
1262.50156055	1297.11284084
1273.44897004	1269.18159981
1284.39637952	1241.25035878
1295.34378901	1213.31911775
1306.2911985	1185.38787672
1317.23860799	1157.45663569
1328.18601748	1129.52539466
1339.13342697	1101.59415363
1350.08083645	1073.6629126
1361.02824594	1045.73167157
1371.97565543	1017.80043054
1382.92306492	989.869189509
1393.87047441	961.937948479
1404.81788389	934.006707448
1415.76529338	906.075466418
1426.71270287	878.144225388
1437.66011236	850.212984357
1448.60752185	822.281743327
1459.55493133	794.350502296
1470.50234082	766.419261266
1481.44975031	738.488020236
1492.3971598	710.556779205
1503.34456929	682.625538175
1514.29197877	654.694297144
1525.23938826	626.763056114
1536.18679775	598.831815083
1547.13420724	570.900574053
1558.08161673	542.969333023
1569.02902622	515.038091992
1579.9764357	487.106850962
1590.92384519	459.175609931
1601.87125468	431.244368901
1612.81866417	403.31312787
1623.76607366	375.38188684
1634.71348314	347.45064581
1645.66089263	319.519404779
1656.60830212	291.588163749
1667.55571161	263.656922718
1678.5031211	235.725681688
1689.45053058	207.794440657
1700.39794007	179.863199627
1711.34534956	151.931958597
1722.29275905	124.000717566
1733.24016854	96.0694765358
1744.18757803	68.1382355054
1755.13498751	40.2069944749
#helix: (2466.5, 4059.5),(5616.5, 2340.5),300
2598.16995623	3987.64582388
2624.50394748	3973.27498866
2650.83793873	3958.90415344
2677.17192997	3944.53331821
2703.50592122	3930.16248299
2729.83991247	3915.79164777
2756.17390371	3901.42081254
2782.50789496	3887.04997732
2808.84188621	3872.6791421
2835.17587746	3858.30830687
2861.5098687	3843.93747165
2887.84385995	3829.56663643
2914.1778512	3815.1958012
2940.51184244	3800.82496598
2966.84583369	3786.45413076
2993.17982494	3772.08329553
3019.51381618	3757.71246031
3045.84780743	3743.34162509
3072.18179868	3728.97078987
3098.51578992	3714.59995464
3124.84978117	3700.22911942
3151.18377242	3685.8582842
3177.51776366	3671.48744897
3203.85175491	3657.11661375
3230.18574616	3642.74577853
3256.5197374	3628.3749433
3282.85372865	3614.00410808
3309.1877199	3599.63327286
3335.52171114	3585.26243763
3361.85570239	3570.89160241
3388.18969364	3556.52076719
3414.52368488	3542.14993196
3440.85767613	3527.77909674
3467.19166738	3513.40826152
3493.52565862	3499.03742629
3519.85964987	3484.66659107
3546.19364112	3470.29575585
3572.52763237	3455.92492062
3598.86162361	3441.5540854
3625.19561486	3427.18325018
3651.52960611	3412.81241495
3677.86359735	3398.44157973
3704.1975886	3384.07074451
3730.53157985	3369.69990928
3756.86557109	3355.32907406
3783.19956234	3340.95823884
3809.53355359	3326.58740361
3835.86754483	3312.21656839
3862.20153608	3297.84573317
3888.53552733	3283.47489794
3914.86951857	3269.10406272
3941.20350982	3254.7332275
3967.53750107	3240.36239227
3993.87149231	3225.99155705
4020.20548356	3211.62072183
4046.53947481	3197.2498866
4072.87346605	3182.87905138
4099.2074573	3168.50821616
4125.54144855	3154.13738094
4151.87543979	3139.76654571
4178.20943104	3125.39571049
4204.54342229	3111.02487527
4230.87741354	3096.65404004
4257.21140478	3082.28320482
4283.54539603	3067.9123696
4309.87938728	3053.54153437
4336.21337852	3039.17069915
4362.54736977	3024.79986393
4388.88136102	3010.4290287
4415.21535226	2996.05819348
4441.54934351	2981.68735826
4467.88333476	2967.31652303
4494.217326	2952.94568781
4520.55131725	2938.57485259
4546.8853085	2924.20401736
4573.21929974	2909.83318214
4599.55329099	2895.46234692
4625.88728224	2881.09151169
4652.22127348	2866.72067647
4678.55526473	2852.34984125
4704.88925598	2837.97900602
4731.22324722	2823.6081708
4757.55723847	2809.23733558
4783.89122972	2794.86650035
4810.22522096	2780.49566513
4836.55921221	2766.12482991
4862.89320346	2751.75399468
4889.2271947	2737.38315946
4915.56118595	2723.01232424
4941.8951772	2708.64148901
4968.22916845	2694.27065379
4994.56315969	2679.89981857
5020.89715094	2665.52898334
5047.23114219	2651.15814812
5073.56513343	2636.7873129
5099.89912468	2622.41647767
5126.23311593	2608.04564245
5152.56710717	2593.67480723
5178.90109842	2579.30397201
5205.23508967	2564.93313678
5231.56908091	2550.56230156
5257.90307216	2536.19146634
5284.23706341	2521.82063111
5310.57105465	2507.44979589
5336.9050459	2493.07896067
5363.23903715	2478.70812544
5389.57302839	2464.33729022
5415.90701964	2449.966455
5442.24101089	2435.59561977
5468.57500213	2421.22478455
5494.90899338	2406.85394933
#helix: (1161.5, 4014.5),(1521.5, 2898.5),300
1207.55041699	3871.74370734
1216.76050039	3843.1924488
1225.97058378	3814.64119027
1235.18066718	3786.08993174
1244.39075058	3757.5386732
1253.60083398	3728.98741467
1262.81091737	3700.43615614
1272.02100077	3671.88489761
1281.23108417	3643.33363907
1290.44116757	3614.78238054
1299.65125097	3586.23112201
1308.86133436	3557.67986347
1318.07141776	3529.12860494
1327.28150116	3500.57734641
1336.49158456	3472.02608788
1345.70166795	3443.47482934
1354.91175135	3414.92357081
1364.12183475	3386.37231228
1373.33191815	3357.82105375
1382.54200154	3329.26979521
1391.75208494	3300.71853668
1400.96216834	3272.16727815
1410.17225174	3243.61601961
1419.38233514	3215.06476108
1428.59241853	3186.51350255
1437.80250193	3157.96224402
1447.01258533	3129.41098548
1456.22266873	3100.85972695
1465.43275212	3072.30846842
1474.64283552	3043.75720988
1483.85291892	3015.20595135
#helix: (1521.5, 2979.5),(1800.5, 2340.5),300
1581.52123916	2842.03200063
1593.52548699	2814.53840076
1605.52973482	2787.04480089
1617.53398266	2759.55120101
1629.53823049	2732.05760114
1641.54247832	2704.56400127
1653.54672615	2677.07040139
1665.55097398	2649.57680152
1677.55522182	2622.08320165
1689.55946965	2594.58960177
1701.56371748	2567.0960019
1713.56796531	2539.60240203
1725.57221314	2512.10880216
1737.57646098	2484.61520228
1749.58070881	2457.12160241
#helix: (2637.5, 1710.5),(2286.5, 2475.5),300
2574.94656983	1846.83439909
2562.4358838	1874.1012789
2549.92519776	1901.36815872
2537.41451173	1928.63503854
2524.9038257	1955.90191835
2512.39313966	1983.16879817
2499.88245363	2010.43567799
2487.37176759	2037.70255781
2474.86108156	2064.96943762
2462.35039553	2092.23631744
2449.83970949	2119.50319726
2437.32902346	2146.77007707
2424.81833743	2174.03695689
2412.30765139	2201.30383671
2399.79696536	2228.57071653
2387.28627932	2255.83759634
2374.77559329	2283.10447616
2362.26490726	2310.37135598
2349.75422122	2337.6382358
2337.24353519	2364.90511561
#helix: (5436.5, 72.49999999999989),(3582.5, 3924.5),300
5371.4466476	207.659392356
5358.43597713	234.691270827
5345.42530665	261.723149299
5332.41463617	288.75502777
5319.40396569	315.786906241
5306.39329521	342.818784712
5293.38262473	369.850663183
5280.37195425	396.882541655
5267.36128377	423.914420126
5254.35061329	450.946298597
5241.33994281	477.978177068
5228.32927233	505.01005554
5215.31860185	532.041934011
5202.30793138	559.073812482
5189.2972609	586.105690953
5176.28659042	613.137569425
5163.27591994	640.169447896
5150.26524946	667.201326367
5137.25457898	694.233204838
5124.2439085	721.265083309
5111.23323802	748.296961781
5098.22256754	775.328840252
5085.21189706	802.360718723
5072.20122658	829.392597194
5059.1905561	856.424475666
5046.17988563	883.456354137
5033.16921515	910.488232608
5020.15854467	937.520111079
5007.14787419	964.55198955
4994.13720371	991.583868022
4981.12653323	1018.61574649
4968.11586275	1045.64762496
4955.10519227	1072.67950344
4942.09452179	1099.71138191
4929.08385131	1126.74326038
4916.07318083	1153.77513885
4903.06251036	1180.80701732
4890.05183988	1207.83889579
4877.0411694	1234.87077426
4864.03049892	1261.90265273
4851.01982844	1288.93453121
4838.00915796	1315.96640968
4824.99848748	1342.99828815
4811.987817	1370.03016662
4798.97714652	1397.06204509
4785.96647604	1424.09392356
4772.95580556	1451.12580203
4759.94513508	1478.1576805
4746.93446461	1505.18955898
4733.92379413	1532.22143745
4720.91312365	1559.25331592
4707.90245317	1586.28519439
4694.89178269	1613.31707286
4681.88111221	1640.34895133
4668.87044173	1667.3808298
4655.85977125	1694.41270827
4642.84910077	1721.44458674
4629.83843029	1748.47646522
4616.82775981	1775.50834369
4603.81708933	1802.54022216
4590.80641886	1829.57210063
4577.79574838	1856.6039791
4564.7850779	1883.63585757
4551.77440742	1910.66773604
4538.76373694	1937.69961451
4525.75306646	1964.73149299
4512.74239598	1991.76337146
4499.7317255	2018.79524993
4486.72105502	2045.8271284
4473.71038454	2072.85900687
4460.69971406	2099.89088534
4447.68904359	2126.92276381
4434.67837311	2153.95464228
4421.66770263	2180.98652076
4408.65703215	2208.01839923
4395.64636167	2235.0502777
4382.63569119	2262.08215617
4369.62502071	2289.11403464
4356.61435023	2316.14591311
4343.60367975	2343.17779158
4330.59300927	2370.20967005
4317.58233879	2397.24154853
4304.57166831	2424.273427
4291.56099784	2451.30530547
4278.55032736	2478.33718394
4265.53965688	2505.36906241
4252.5289864	2532.40094088
4239.51831592	2559.43281935
4226.50764544	2586.46469782
4213.49697496	2613.4965763
4200.48630448	2640.52845477
4187.475634	2667.56033324
4174.46496352	2694.59221171
4161.45429304	2721.62409018
4148.44362256	2748.65596865
4135.43295209	2775.68784712
4122.42228161	2802.71972559
4109.41161113	2829.75160407
4096.40094065	2856.78348254
4083.39027017	2883.81536101
4070.37959969	2910.84723948
4057.36892921	2937.87911795
4044.35825873	2964.91099642
4031.34758825	2991.94287489
4018.33691777	3018.97475336
4005.32624729	3046.00663183
3992.31557682	3073.03851031
3979.30490634	3100.07038878
3966.29423586	3127.10226725
3953.28356538	3154.13414572
3940.2728949	3181.16602419
3927.26222442	3208.19790266
3914.25155394	3235.22978113
3901.24088346	3262.2616596
3888.23021298	3289.29353808
3875.2195425	3316.32541655
3862.20887202	3343.35729502
3849.19820154	3370.38917349
3836.18753107	3397.42105196
3823.17686059	3424.45293043
3810.16619011	3451.4848089
3797.15551963	3478.51668737
3784.14484915	3505.54856585
3771.13417867	3532.58044432
3758.12350819	3559.61232279
3745.11283771	3586.64420126
3732.10216723	3613.67607973
3719.09149675	3640.7079582
3706.08082627	3667.73983667
3693.07015579	3694.77171514
3680.05948532	3721.80359362
3667.04881484	3748.83547209
3654.03814436	3775.86735056
3641.02747388	3802.89922903
#helix: (-8.500000000000085, 2097.5),(999.5, 1026.5),300
94.3047048507	1988.2700011
114.865645821	1966.42400132
135.426586791	1944.57800153
155.987527761	1922.73200175
176.548468731	1900.88600197
197.109409701	1879.04000219
217.670350672	1857.19400241
238.231291642	1835.34800263
258.792232612	1813.50200285
279.353173582	1791.65600307
299.914114552	1769.81000329
320.475055522	1747.96400351
341.035996493	1726.11800373
361.596937463	1704.27200395
382.157878433	1682.42600417
402.718819403	1660.58000438
423.279760373	1638.7340046
443.840701343	1616.88800482
464.401642313	1595.04200504
484.962583284	1573.19600526
505.523524254	1551.35000548
526.084465224	1529.5040057
546.645406194	1507.65800592
567.206347164	1485.81200614
587.767288134	1463.96600636
608.328229104	1442.12000658
628.889170075	1420.2740068
649.450111045	1398.42800701
670.011052015	1376.58200723
690.571992985	1354.73600745
711.132933955	1332.89000767
731.693874925	1311.04400789
752.254815896	1289.19800811
772.815756866	1267.35200833
793.376697836	1245.50600855
813.937638806	1223.66000877
834.498579776	1201.81400899
855.059520746	1179.96800921
875.620461716	1158.12200943
896.181402687	1136.27600965
916.742343657	1114.43000986
#helix: (2430.5, 3654.5),(5526.5, 1962.5),300
2562.12580058	3582.56496945
2588.4509607	3568.17796334
2614.77612082	3553.79095723
2641.10128094	3539.40395112
2667.42644105	3525.01694501
2693.75160117	3510.6299389
2720.07676129	3496.24293279
2746.4019214	3481.85592668
2772.72708152	3467.46892056
2799.05224164	3453.08191445
2825.37740175	3438.69490834
2851.70256187	3424.30790223
2878.02772199	3409.92089612
2904.3528821	3395.53389001
2930.67804222	3381.1468839
2957.00320234	3366.75987779
2983.32836245	3352.37287168
3009.65352257	3337.98586557
3035.97868269	3323.59885946
3062.30384281	3309.21185335
3088.62900292	3294.82484724
3114.95416304	3280.43784113
3141.27932316	3266.05083502
3167.60448327	3251.66382891
3193.92964339	3237.2768228
3220.25480351	3222.88981669
3246.57996362	3208.50281058
3272.90512374	3194.11580447
3299.23028386	3179.72879836
3325.55544397	3165.34179225
3351.88060409	3150.95478614
3378.20576421	3136.56778003
3404.53092432	3122.18077392
3430.85608444	3107.79376781
3457.18124456	3093.40676169
3483.50640468	3079.01975558
3509.83156479	3064.63274947
3536.15672491	3050.24574336
3562.48188503	3035.85873725
3588.80704514	3021.47173114
3615.13220526	3007.08472503
3641.45736538	2992.69771892
3667.78252549	2978.31071281
3694.10768561	2963.9237067
3720.43284573	2949.53670059
3746.75800584	2935.14969448
3773.08316596	2920.76268837
3799.40832608	2906.37568226
3825.73348619	2891.98867615
3852.05864631	2877.60167004
3878.38380643	2863.21466393
3904.70896655	2848.82765782
3931.03412666	2834.44065171
3957.35928678	2820.0536456
3983.6844469	2805.66663949
4010.00960701	2791.27963338
4036.33476713	2776.89262727
4062.65992725	2762.50562116
4088.98508736	2748.11861505
4115.31024748	2733.73160894
4141.6354076	2719.34460282
4167.96056771	2704.95759671
4194.28572783	2690.5705906
4220.61088795	2676.18358449
4246.93604807	2661.79657838
4273.26120818	2647.40957227
4299.5863683	2633.02256616
4325.91152842	2618.63556005
4352.23668853	2604.24855394
4378.56184865	2589.86154783
4404.88700877	2575.47454172
4431.21216888	2561.08753561
4457.537329	2546.7005295
4483.86248912	2532.31352339
4510.18764923	2517.92651728
4536.51280935	2503.53951117
4562.83796947	2489.15250506
4589.16312958	2474.76549895
4615.4882897	2460.37849284
4641.81344982	2445.99148673
4668.13860994	2431.60448062
4694.46377005	2417.21747451
4720.78893017	2402.8304684
4747.11409029	2388.44346229
4773.4392504	2374.05645618
4799.76441052	2359.66945006
4826.08957064	2345.28244395
4852.41473075	2330.89543784
4878.73989087	2316.50843173
4905.06505099	2302.12142562
4931.3902111	2287.73441951
4957.71537122	2273.3474134
4984.04053134	2258.96040729
5010.36569145	2244.57340118
5036.69085157	2230.18639507
5063.01601169	2215.79938896
5089.34117181	2201.41238285
5115.66633192	2187.02537674
5141.99149204	2172.63837063
5168.31665216	2158.25136452
5194.64181227	2143.86435841
5220.96697239	2129.4773523
5247.29213251	2115.09034619
5273.61729262	2100.70334008
5299.94245274	2086.31633397
5326.26761286	2071.92932786
5352.59277297	2057.54232175
5378.91793309	2043.15531564
5405.24309321	2028.76830953
#helix: (2898.5, 1107.5),(3465.5, 0.5),300
2966.88138047	973.993495271
2980.55765657	947.292194325
2994.23393266	920.59089338
3007.91020875	893.889592434
3021.58648485	867.188291488
3035.26276094	840.486990542
3048.93903704	813.785689597
3062.61531313	787.084388651
3076.29158922	760.383087705
3089.96786532	733.681786759
3103.64414141	706.980485814
3117.32041751	680.279184868
3130.9966936	653.577883922
3144.6729697	626.876582976
3158.34924579	600.175282031
3172.02552188	573.473981085
3185.70179798	546.772680139
3199.37807407	520.071379193
3213.05435017	493.370078248
3226.73062626	466.668777302
3240.40690235	439.967476356
3254.08317845	413.26617541
3267.75945454	386.564874464
3281.43573064	359.863573519
3295.11200673	333.162272573
3308.78828283	306.460971627
3322.46455892	279.759670681
3336.14083501	253.058369736
3349.81711111	226.35706879
3363.4933872	199.655767844
3377.1696633	172.954466898
3390.84593939	146.253165953
3404.52221548	119.551865007
#helix: (2601.5, 747.4999999999999),(1755.5, 2403.5),300
2533.25892459	881.078275278
2519.6107095	907.793930334
2505.96249442	934.50958539
2492.31427934	961.225240445
2478.66606425	987.940895501
2465.01784917	1014.65655056
2451.36963409	1041.37220561
2437.72141901	1068.08786067
2424.07320392	1094.80351572
2410.42498884	1121.51917078
2396.77677376	1148.23482584
2383.12855868	1174.95048089
2369.48034359	1201.66613595
2355.83212851	1228.381791
2342.18391343	1255.09744606
2328.53569834	1281.81310111
2314.88748326	1308.52875617
2301.23926818	1335.24441122
2287.5910531	1361.96006628
2273.94283801	1388.67572134
2260.29462293	1415.39137639
2246.64640785	1442.10703145
2232.99819276	1468.8226865
2219.34997768	1495.53834156
2205.7017626	1522.25399661
2192.05354752	1548.96965167
2178.40533243	1575.68530673
2164.75711735	1602.40096178
2151.10890227	1629.11661684
2137.46068719	1655.83227189
2123.8124721	1682.54792695
2110.16425702	1709.263582
2096.51604194	1735.97923706
2082.86782685	1762.69489212
2069.21961177	1789.41054717
2055.57139669	1816.12620223
2041.92318161	1842.84185728
2028.27496652	1869.55751234
2014.62675144	1896.27316739
2000.97853636	1922.98882245
1987.33032127	1949.70447751
1973.68210619	1976.42013256
1960.03389111	2003.13578762
1946.38567603	2029.85144267
1932.73746094	2056.56709773
1919.08924586	2083.28275278
1905.44103078	2109.99840784
1891.79281569	2136.7140629
1878.14460061	2163.42971795
1864.49638553	2190.14537301
1850.84817045	2216.86102806
1837.19995536	2243.57668312
1823.55174028	2270.29233817
#helix: (1854.5, 1476.5),(1332.5, 2682.5),300
1794.91654913	1614.15831752
1782.99985896	1641.68998103
1771.08316879	1669.22164453
1759.16647861	1696.75330803
1747.24978844	1724.28497154
1735.33309827	1751.81663504
1723.41640809	1779.34829855
1711.49971792	1806.87996205
1699.58302774	1834.41162555
1687.66633757	1861.94328906
1675.7496474	1889.47495256
1663.83295722	1917.00661607
1651.91626705	1944.53827957
1639.99957688	1972.06994308
1628.0828867	1999.60160658
1616.16619653	2027.13327008
1604.24950636	2054.66493359
1592.33281618	2082.19659709
1580.41612601	2109.7282606
1568.49943584	2137.2599241
1556.58274566	2164.79158761
1544.66605549	2192.32325111
1532.74936532	2219.85491461
1520.83267514	2247.38657812
1508.91598497	2274.91824162
1496.9992948	2302.44990513
1485.08260462	2329.98156863
1473.16591445	2357.51323214
1461.24922428	2385.04489564
1449.3325341	2412.57655914
1437.41584393	2440.10822265
1425.49915376	2467.63988615
1413.58246358	2495.17154966
1401.66577341	2522.70321316
1389.74908323	2550.23487666
#helix: (3465.5, 2016.5),(4401.5, 72.5),300
3530.57234282	1881.34974954
3543.58681138	1854.31969944
3556.60127994	1827.28964935
3569.61574851	1800.25959926
3582.63021707	1773.22954917
3595.64468563	1746.19949907
3608.6591542	1719.16944898
3621.67362276	1692.13939889
3634.68809132	1665.10934879
3647.70255988	1638.0792987
3660.71702845	1611.04924861
3673.73149701	1584.01919852
3686.74596557	1556.98914842
3699.76043414	1529.95909833
3712.7749027	1502.92904824
3725.78937126	1475.89899814
3738.80383983	1448.86894805
3751.81830839	1421.83889796
3764.83277695	1394.80884787
3777.84724552	1367.77879777
3790.86171408	1340.74874768
3803.87618264	1313.71869759
3816.89065121	1286.6886475
3829.90511977	1259.6585974
3842.91958833	1232.62854731
3855.9340569	1205.59849722
3868.94852546	1178.56844712
3881.96299402	1151.53839703
3894.97746259	1124.50834694
3907.99193115	1097.47829685
3921.00639971	1070.44824675
3934.02086827	1043.41819666
3947.03533684	1016.38814657
3960.0498054	989.358096475
3973.06427396	962.328046382
3986.07874253	935.297996289
3999.09321109	908.267946196
4012.10767965	881.237896104
4025.12214822	854.207846011
4038.13661678	827.177795918
4051.15108534	800.147745825
4064.16555391	773.117695732
4077.18002247	746.08764564
4090.19449103	719.057595547
4103.2089596	692.027545454
4116.22342816	664.997495361
4129.23789672	637.967445269
4142.25236529	610.937395176
4155.26683385	583.907345083
4168.28130241	556.87729499
4181.29577098	529.847244897
4194.31023954	502.817194805
4207.3247081	475.787144712
4220.33917666	448.757094619
4233.35364523	421.727044526
4246.36811379	394.696994434
4259.38258235	367.666944341
4272.39705092	340.636894248
4285.41151948	313.606844155
4298.42598804	286.576794063
4311.44045661	259.54674397
4324.45492517	232.516693877
4337.46939373	205.486643784
