#micrograph: ../Source/micrographs/Microtubules_00053.mrc
#particle length: 310
#particle width: 310
#helix: (360.50000000000006, 2763.5),(1404.5, 3978.5),310
461.51601842	2881.06174557
481.719222104	2904.57409469
501.922425788	2928.0864438
522.125629472	2951.59879292
542.328833156	2975.11114203
562.53203684	2998.62349115
582.735240524	3022.13584026
602.938444208	3045.64818938
623.141647892	3069.16053849
643.344851576	3092.67288761
663.54805526	3116.18523672
683.751258944	3139.69758584
703.954462627	3163.20993495
724.157666311	3186.72228407
744.360869995	3210.23463318
764.564073679	3233.7469823
784.767277363	3257.25933141
804.970481047	3280.77168053
825.173684731	3304.28402964
845.376888415	3327.79637876
865.580092099	3351.30872787
885.783295783	3374.82107699
905.986499467	3398.3334261
926.189703151	3421.84577522
946.392906835	3445.35812433
966.596110519	3468.87047345
986.799314203	3492.38282256
1007.00251789	3515.89517168
1027.20572157	3539.40752079
1047.40892525	3562.91986991
1067.61212894	3586.43221902
1087.81533262	3609.94456814
1108.01853631	3633.45691725
1128.22173999	3656.96926637
1148.42494367	3680.48161548
1168.62814736	3703.9939646
1188.83135104	3727.50631371
1209.03455473	3751.01866283
1229.23775841	3774.53101194
1249.44096209	3798.04336106
1269.64416578	3821.55571017
1289.84736946	3845.06805929
1310.05057315	3868.5804084
#helix: (1665.5, 3897.5),(5436.5, 549.5),310
1781.40947421	3794.59230452
1804.59136905	3774.01076543
1827.77326389	3753.42922633
1850.95515873	3732.84768723
1874.13705358	3712.26614814
1897.31894842	3691.68460904
1920.50084326	3671.10306995
1943.6827381	3650.52153085
1966.86463294	3629.93999176
1990.04652778	3609.35845266
2013.22842263	3588.77691356
2036.41031747	3568.19537447
2059.59221231	3547.61383537
2082.77410715	3527.03229628
2105.95600199	3506.45075718
2129.13789683	3485.86921809
2152.31979168	3465.28767899
2175.50168652	3444.70613989
2198.68358136	3424.1246008
2221.8654762	3403.5430617
2245.04737104	3382.96152261
2268.22926588	3362.37998351
2291.41116073	3341.79844442
2314.59305557	3321.21690532
2337.77495041	3300.63536622
2360.95684525	3280.05382713
2384.13874009	3259.47228803
2407.32063493	3238.89074894
2430.50252978	3218.30920984
2453.68442462	3197.72767075
2476.86631946	3177.14613165
2500.0482143	3156.56459255
2523.23010914	3135.98305346
2546.41200398	3115.40151436
2569.59389883	3094.81997527
2592.77579367	3074.23843617
2615.95768851	3053.65689708
2639.13958335	3033.07535798
2662.32147819	3012.49381888
2685.50337303	2991.91227979
2708.68526788	2971.33074069
2731.86716272	2950.7492016
2755.04905756	2930.1676625
2778.2309524	2909.58612341
2801.41284724	2889.00458431
2824.59474208	2868.42304521
2847.77663693	2847.84150612
2870.95853177	2827.25996702
2894.14042661	2806.67842793
2917.32232145	2786.09688883
2940.50421629	2765.51534974
2963.68611113	2744.93381064
2986.86800598	2724.35227154
3010.04990082	2703.77073245
3033.23179566	2683.18919335
3056.4136905	2662.60765426
3079.59558534	2642.02611516
3102.77748018	2621.44457607
3125.95937503	2600.86303697
3149.14126987	2580.28149787
3172.32316471	2559.69995878
3195.50505955	2539.11841968
3218.68695439	2518.53688059
3241.86884923	2497.95534149
3265.05074408	2477.3738024
3288.23263892	2456.7922633
3311.41453376	2436.2107242
3334.5964286	2415.62918511
3357.77832344	2395.04764601
3380.96021829	2374.46610692
3404.14211313	2353.88456782
3427.32400797	2333.30302872
3450.50590281	2312.72148963
3473.68779765	2292.13995053
3496.86969249	2271.55841144
3520.05158734	2250.97687234
3543.23348218	2230.39533325
3566.41537702	2209.81379415
3589.59727186	2189.23225505
3612.7791667	2168.65071596
3635.96106154	2148.06917686
3659.14295639	2127.48763777
3682.32485123	2106.90609867
3705.50674607	2086.32455958
3728.68864091	2065.74302048
3751.87053575	2045.16148138
3775.05243059	2024.57994229
3798.23432544	2003.99840319
3821.41622028	1983.4168641
3844.59811512	1962.835325
3867.78000996	1942.25378591
3890.9619048	1921.67224681
3914.14379964	1901.09070771
3937.32569449	1880.50916862
3960.50758933	1859.92762952
3983.68948417	1839.34609043
4006.87137901	1818.76455133
4030.05327385	1798.18301224
4053.23516869	1777.60147314
4076.41706354	1757.01993404
4099.59895838	1736.43839495
4122.78085322	1715.85685585
4145.96274806	1695.27531676
4169.1446429	1674.69377766
4192.32653774	1654.11223857
4215.50843259	1633.53069947
4238.69032743	1612.94916037
4261.87222227	1592.36762128
4285.05411711	1571.78608218
4308.23601195	1551.20454309
4331.41790679	1530.62300399
4354.59980164	1510.0414649
4377.78169648	1489.4599258
4400.96359132	1468.8783867
4424.14548616	1448.29684761
4447.327381	1427.71530851
4470.50927584	1407.13376942
4493.69117069	1386.55223032
4516.87306553	1365.97069123
4540.05496037	1345.38915213
4563.23685521	1324.80761303
4586.41875005	1304.22607394
4609.60064489	1283.64453484
4632.78253974	1263.06299575
4655.96443458	1242.48145665
4679.14632942	1221.89991756
4702.32822426	1201.31837846
4725.5101191	1180.73683936
4748.69201394	1160.15530027
4771.87390879	1139.57376117
4795.05580363	1118.99222208
4818.23769847	1098.41068298
4841.41959331	1077.82914389
4864.60148815	1057.24760479
4887.78338299	1036.66606569
4910.96527784	1016.0845266
4934.14717268	995.502987503
4957.32906752	974.921448407
4980.51096236	954.339909311
5003.6928572	933.758370216
5026.87475205	913.17683112
5050.05664689	892.595292024
5073.23854173	872.013752928
5096.42043657	851.432213833
5119.60233141	830.850674737
5142.78422625	810.269135641
5165.9661211	789.687596546
5189.14801594	769.10605745
5212.32991078	748.524518354
5235.51180562	727.942979258
5258.69370046	707.361440163
5281.8755953	686.779901067
5305.05749015	666.198361971
5328.23938499	645.616822876
#helix: (2106.5, 3942.5),(5148.5, 1152.5),310
2220.73083049	3837.73207855
2243.57699659	3816.77849425
2266.42316268	3795.82490996
2289.26932878	3774.87132567
2312.11549488	3753.91774138
2334.96166098	3732.96415709
2357.80782708	3712.0105728
2380.65399317	3691.05698851
2403.50015927	3670.10340422
2426.34632537	3649.14981993
2449.19249147	3628.19623564
2472.03865756	3607.24265135
2494.88482366	3586.28906706
2517.73098976	3565.33548276
2540.57715586	3544.38189847
2563.42332196	3523.42831418
2586.26948805	3502.47472989
2609.11565415	3481.5211456
2631.96182025	3460.56756131
2654.80798635	3439.61397702
2677.65415244	3418.66039273
2700.50031854	3397.70680844
2723.34648464	3376.75322415
2746.19265074	3355.79963986
2769.03881684	3334.84605557
2791.88498293	3313.89247127
2814.73114903	3292.93888698
2837.57731513	3271.98530269
2860.42348123	3251.0317184
2883.26964732	3230.07813411
2906.11581342	3209.12454982
2928.96197952	3188.17096553
2951.80814562	3167.21738124
2974.65431171	3146.26379695
2997.50047781	3125.31021266
3020.34664391	3104.35662837
3043.19281001	3083.40304408
3066.03897611	3062.44945978
3088.8851422	3041.49587549
3111.7313083	3020.5422912
3134.5774744	2999.58870691
3157.4236405	2978.63512262
3180.26980659	2957.68153833
3203.11597269	2936.72795404
3225.96213879	2915.77436975
3248.80830489	2894.82078546
3271.65447099	2873.86720117
3294.50063708	2852.91361688
3317.34680318	2831.96003259
3340.19296928	2811.00644829
3363.03913538	2790.052864
3385.88530147	2769.09927971
3408.73146757	2748.14569542
3431.57763367	2727.19211113
3454.42379977	2706.23852684
3477.26996587	2685.28494255
3500.11613196	2664.33135826
3522.96229806	2643.37777397
3545.80846416	2622.42418968
3568.65463026	2601.47060539
3591.50079635	2580.5170211
3614.34696245	2559.5634368
3637.19312855	2538.60985251
3660.03929465	2517.65626822
3682.88546075	2496.70268393
3705.73162684	2475.74909964
3728.57779294	2454.79551535
3751.42395904	2433.84193106
3774.27012514	2412.88834677
3797.11629123	2391.93476248
3819.96245733	2370.98117819
3842.80862343	2350.0275939
3865.65478953	2329.0740096
3888.50095563	2308.12042531
3911.34712172	2287.16684102
3934.19328782	2266.21325673
3957.03945392	2245.25967244
3979.88562002	2224.30608815
4002.73178611	2203.35250386
4025.57795221	2182.39891957
4048.42411831	2161.44533528
4071.27028441	2140.49175099
4094.11645051	2119.5381667
4116.9626166	2098.58458241
4139.8087827	2077.63099811
4162.6549488	2056.67741382
4185.5011149	2035.72382953
4208.34728099	2014.77024524
4231.19344709	1993.81666095
4254.03961319	1972.86307666
4276.88577929	1951.90949237
4299.73194538	1930.95590808
4322.57811148	1910.00232379
4345.42427758	1889.0487395
4368.27044368	1868.09515521
4391.11660978	1847.14157092
4413.96277587	1826.18798662
4436.80894197	1805.23440233
4459.65510807	1784.28081804
4482.50127417	1763.32723375
4505.34744026	1742.37364946
4528.19360636	1721.42006517
4551.03977246	1700.46648088
4573.88593856	1679.51289659
4596.73210466	1658.5593123
4619.57827075	1637.60572801
4642.42443685	1616.65214372
4665.27060295	1595.69855943
4688.11676905	1574.74497513
4710.96293514	1553.79139084
4733.80910124	1532.83780655
4756.65526734	1511.88422226
4779.50143344	1490.93063797
4802.34759954	1469.97705368
4825.19376563	1449.02346939
4848.03993173	1428.0698851
4870.88609783	1407.11630081
4893.73226393	1386.16271652
4916.57843002	1365.20913223
4939.42459612	1344.25554794
4962.27076222	1323.30196364
4985.11692832	1302.34837935
5007.96309442	1281.39479506
5030.80926051	1260.44121077
5053.65542661	1239.48762648
#helix: (567.5, 3618.5),(4311.5, 180.5),310
681.667713147	3513.66330187
704.501255776	3492.69596224
727.334798406	3471.72862262
750.168341035	3450.76128299
773.001883664	3429.79394337
795.835426294	3408.82660374
818.668968923	3387.85926411
841.502511552	3366.89192449
864.336054182	3345.92458486
887.169596811	3324.95724524
910.003139441	3303.98990561
932.83668207	3283.02256598
955.670224699	3262.05522636
978.503767329	3241.08788673
1001.33730996	3220.12054711
1024.17085259	3199.15320748
1047.00439522	3178.18586785
1069.83793785	3157.21852823
1092.67148048	3136.2511886
1115.5050231	3115.28384898
1138.33856573	3094.31650935
1161.17210836	3073.34916972
1184.00565099	3052.3818301
1206.83919362	3031.41449047
1229.67273625	3010.44715085
1252.50627888	2989.47981122
1275.33982151	2968.51247159
1298.17336414	2947.54513197
1321.00690677	2926.57779234
1343.8404494	2905.61045272
1366.67399203	2884.64311309
1389.50753466	2863.67577346
1412.34107729	2842.70843384
1435.17461992	2821.74109421
1458.00816255	2800.77375459
1480.84170517	2779.80641496
1503.6752478	2758.83907533
1526.50879043	2737.87173571
1549.34233306	2716.90439608
1572.17587569	2695.93705646
1595.00941832	2674.96971683
1617.84296095	2654.0023772
1640.67650358	2633.03503758
1663.51004621	2612.06769795
1686.34358884	2591.10035833
1709.17713147	2570.1330187
1732.0106741	2549.16567907
1754.84421673	2528.19833945
1777.67775936	2507.23099982
1800.51130199	2486.2636602
1823.34484462	2465.29632057
1846.17838724	2444.32898094
1869.01192987	2423.36164132
1891.8454725	2402.39430169
1914.67901513	2381.42696207
1937.51255776	2360.45962244
1960.34610039	2339.49228281
1983.17964302	2318.52494319
2006.01318565	2297.55760356
2028.84672828	2276.59026394
2051.68027091	2255.62292431
2074.51381354	2234.65558468
2097.34735617	2213.68824506
2120.1808988	2192.72090543
2143.01444143	2171.75356581
2165.84798406	2150.78622618
2188.68152669	2129.81888655
2211.51506931	2108.85154693
2234.34861194	2087.8842073
2257.18215457	2066.91686768
2280.0156972	2045.94952805
2302.84923983	2024.98218842
2325.68278246	2004.0148488
2348.51632509	1983.04750917
2371.34986772	1962.08016955
2394.18341035	1941.11282992
2417.01695298	1920.14549029
2439.85049561	1899.17815067
2462.68403824	1878.21081104
2485.51758087	1857.24347141
2508.3511235	1836.27613179
2531.18466613	1815.30879216
2554.01820876	1794.34145254
2576.85175138	1773.37411291
2599.68529401	1752.40677328
2622.51883664	1731.43943366
2645.35237927	1710.47209403
2668.1859219	1689.50475441
2691.01946453	1668.53741478
2713.85300716	1647.57007515
2736.68654979	1626.60273553
2759.52009242	1605.6353959
2782.35363505	1584.66805628
2805.18717768	1563.70071665
2828.02072031	1542.73337702
2850.85426294	1521.7660374
2873.68780557	1500.79869777
2896.5213482	1479.83135815
2919.35489083	1458.86401852
2942.18843345	1437.89667889
2965.02197608	1416.92933927
2987.85551871	1395.96199964
3010.68906134	1374.99466002
3033.52260397	1354.02732039
3056.3561466	1333.05998076
3079.18968923	1312.09264114
3102.02323186	1291.12530151
3124.85677449	1270.15796189
3147.69031712	1249.19062226
3170.52385975	1228.22328263
3193.35740238	1207.25594301
3216.19094501	1186.28860338
3239.02448764	1165.32126376
3261.85803027	1144.35392413
3284.6915729	1123.3865845
3307.52511552	1102.41924488
3330.35865815	1081.45190525
3353.19220078	1060.48456563
3376.02574341	1039.517226
3398.85928604	1018.54988637
3421.69282867	997.582546748
3444.5263713	976.615207122
3467.35991393	955.647867496
3490.19345656	934.68052787
3513.02699919	913.713188244
3535.86054182	892.745848618
3558.69408445	871.778508992
3581.52762708	850.811169366
3604.36116971	829.84382974
3627.19471234	808.876490114
3650.02825497	787.909150488
3672.86179759	766.941810862
3695.69534022	745.974471236
3718.52888285	725.00713161
3741.36242548	704.039791984
3764.19596811	683.072452358
3787.02951074	662.105112732
3809.86305337	641.137773106
3832.696596	620.17043348
3855.53013863	599.203093854
3878.36368126	578.235754228
3901.19722389	557.268414602
3924.03076652	536.301074976
3946.86430915	515.33373535
3969.69785178	494.366395724
3992.53139441	473.399056098
4015.36493704	452.431716472
4038.19847966	431.464376846
4061.03202229	410.49703722
4083.86556492	389.529697594
4106.69910755	368.562357968
4129.53265018	347.595018342
4152.36619281	326.627678716
4175.19973544	305.66033909
4198.03327807	284.692999464
#helix: (369.50000000000006, 3294.5),(3627.5, 396.5),310
485.313135433	3191.48389611
508.475762519	3170.88067533
531.638389606	3150.27745455
554.801016692	3129.67423377
577.963643779	3109.07101299
601.126270865	3088.46779221
624.288897952	3067.86457144
647.451525038	3047.26135066
670.614152125	3026.65812988
693.776779211	3006.0549091
716.939406298	2985.45168832
740.102033384	2964.84846754
763.264660471	2944.24524676
786.427287557	2923.64202599
809.589914644	2903.03880521
832.75254173	2882.43558443
855.915168817	2861.83236365
879.077795903	2841.22914287
902.24042299	2820.62592209
925.403050076	2800.02270131
948.565677163	2779.41948054
971.728304249	2758.81625976
994.890931336	2738.21303898
1018.05355842	2717.6098182
1041.21618551	2697.00659742
1064.3788126	2676.40337664
1087.54143968	2655.80015586
1110.70406677	2635.19693508
1133.86669385	2614.59371431
1157.02932094	2593.99049353
1180.19194803	2573.38727275
1203.35457511	2552.78405197
1226.5172022	2532.18083119
1249.67982929	2511.57761041
1272.84245637	2490.97438963
1296.00508346	2470.37116886
1319.16771055	2449.76794808
1342.33033763	2429.1647273
1365.49296472	2408.56150652
1388.65559181	2387.95828574
1411.81821889	2367.35506496
1434.98084598	2346.75184418
1458.14347307	2326.14862341
1481.30610015	2305.54540263
1504.46872724	2284.94218185
1527.63135433	2264.33896107
1550.79398141	2243.73574029
1573.9566085	2223.13251951
1597.11923558	2202.52929873
1620.28186267	2181.92607796
1643.44448976	2161.32285718
1666.60711684	2140.7196364
1689.76974393	2120.11641562
1712.93237102	2099.51319484
1736.0949981	2078.90997406
1759.25762519	2058.30675328
1782.42025228	2037.70353251
1805.58287936	2017.10031173
1828.74550645	1996.49709095
1851.90813354	1975.89387017
1875.07076062	1955.29064939
1898.23338771	1934.68742861
1921.3960148	1914.08420783
1944.55864188	1893.48098706
1967.72126897	1872.87776628
1990.88389606	1852.2745455
2014.04652314	1831.67132472
2037.20915023	1811.06810394
2060.37177731	1790.46488316
2083.5344044	1769.86166238
2106.69703149	1749.25844161
2129.85965857	1728.65522083
2153.02228566	1708.05200005
2176.18491275	1687.44877927
2199.34753983	1666.84555849
2222.51016692	1646.24233771
2245.67279401	1625.63911693
2268.83542109	1605.03589615
2291.99804818	1584.43267538
2315.16067527	1563.8294546
2338.32330235	1543.22623382
2361.48592944	1522.62301304
2384.64855653	1502.01979226
2407.81118361	1481.41657148
2430.9738107	1460.8133507
2454.13643779	1440.21012993
2477.29906487	1419.60690915
2500.46169196	1399.00368837
2523.62431904	1378.40046759
2546.78694613	1357.79724681
2569.94957322	1337.19402603
2593.1122003	1316.59080525
2616.27482739	1295.98758448
2639.43745448	1275.3843637
2662.60008156	1254.78114292
2685.76270865	1234.17792214
2708.92533574	1213.57470136
2732.08796282	1192.97148058
2755.25058991	1172.3682598
2778.413217	1151.76503903
2801.57584408	1131.16181825
2824.73847117	1110.55859747
2847.90109826	1089.95537669
2871.06372534	1069.35215591
2894.22635243	1048.74893513
2917.38897952	1028.14571435
2940.5516066	1007.54249358
2963.71423369	986.939272797
2986.87686077	966.336052018
3010.03948786	945.73283124
3033.20211495	925.129610461
3056.36474203	904.526389682
3079.52736912	883.923168904
3102.68999621	863.319948125
3125.85262329	842.716727347
3149.01525038	822.113506568
3172.17787747	801.510285789
3195.34050455	780.907065011
3218.50313164	760.303844232
3241.66575873	739.700623454
3264.82838581	719.097402675
3287.9910129	698.494181896
3311.15363999	677.890961118
3334.31626707	657.287740339
3357.47889416	636.684519561
3380.64152125	616.081298782
3403.80414833	595.478078003
3426.96677542	574.874857225
3450.1294025	554.271636446
3473.29202959	533.668415668
3496.45465668	513.065194889
3519.61728376	492.46197411
#helix: (567.5, 3897.5),(4221.5, 567.5),310
682.062944502	3793.09534614
704.975533403	3772.21441537
727.888122303	3751.3334846
750.800711204	3730.45255383
773.713300104	3709.57162306
796.625889005	3688.69069229
819.538477905	3667.80976152
842.451066806	3646.92883074
865.363655706	3626.04789997
888.276244607	3605.1669692
911.188833507	3584.28603843
934.101422407	3563.40510766
957.014011308	3542.52417689
979.926600208	3521.64324612
1002.83918911	3500.76231534
1025.75177801	3479.88138457
1048.66436691	3459.0004538
1071.57695581	3438.11952303
1094.48954471	3417.23859226
1117.40213361	3396.35766149
1140.31472251	3375.47673072
1163.22731141	3354.59579994
1186.13990031	3333.71486917
1209.05248921	3312.8339384
1231.96507811	3291.95300763
1254.87766701	3271.07207686
1277.79025591	3250.19114609
1300.70284481	3229.31021532
1323.61543372	3208.42928455
1346.52802262	3187.54835377
1369.44061152	3166.667423
1392.35320042	3145.78649223
1415.26578932	3124.90556146
1438.17837822	3104.02463069
1461.09096712	3083.14369992
1484.00355602	3062.26276915
1506.91614492	3041.38183837
1529.82873382	3020.5009076
1552.74132272	2999.61997683
1575.65391162	2978.73904606
1598.56650052	2957.85811529
1621.47908942	2936.97718452
1644.39167832	2916.09625375
1667.30426722	2895.21532297
1690.21685612	2874.3343922
1713.12944502	2853.45346143
1736.04203392	2832.57253066
1758.95462282	2811.69159989
1781.86721172	2790.81066912
1804.77980063	2769.92973835
1827.69238953	2749.04880758
1850.60497843	2728.1678768
1873.51756733	2707.28694603
1896.43015623	2686.40601526
1919.34274513	2665.52508449
1942.25533403	2644.64415372
1965.16792293	2623.76322295
1988.08051183	2602.88229218
2010.99310073	2582.0013614
2033.90568963	2561.12043063
2056.81827853	2540.23949986
2079.73086743	2519.35856909
2102.64345633	2498.47763832
2125.55604523	2477.59670755
2148.46863413	2456.71577678
2171.38122303	2435.834846
2194.29381193	2414.95391523
2217.20640083	2394.07298446
2240.11898973	2373.19205369
2263.03157863	2352.31112292
2285.94416753	2331.43019215
2308.85675644	2310.54926138
2331.76934534	2289.66833061
2354.68193424	2268.78739983
2377.59452314	2247.90646906
2400.50711204	2227.02553829
2423.41970094	2206.14460752
2446.33228984	2185.26367675
2469.24487874	2164.38274598
2492.15746764	2143.50181521
2515.07005654	2122.62088443
2537.98264544	2101.73995366
2560.89523434	2080.85902289
2583.80782324	2059.97809212
2606.72041214	2039.09716135
2629.63300104	2018.21623058
2652.54558994	1997.33529981
2675.45817884	1976.45436903
2698.37076774	1955.57343826
2721.28335664	1934.69250749
2744.19594554	1913.81157672
2767.10853444	1892.93064595
2790.02112335	1872.04971518
2812.93371225	1851.16878441
2835.84630115	1830.28785364
2858.75889005	1809.40692286
2881.67147895	1788.52599209
2904.58406785	1767.64506132
2927.49665675	1746.76413055
2950.40924565	1725.88319978
2973.32183455	1705.00226901
2996.23442345	1684.12133824
3019.14701235	1663.24040746
3042.05960125	1642.35947669
3064.97219015	1621.47854592
3087.88477905	1600.59761515
3110.79736795	1579.71668438
3133.70995685	1558.83575361
3156.62254575	1537.95482284
3179.53513465	1517.07389207
3202.44772355	1496.19296129
3225.36031245	1475.31203052
3248.27290135	1454.43109975
3271.18549025	1433.55016898
3294.09807916	1412.66923821
3317.01066806	1391.78830744
3339.92325696	1370.90737667
3362.83584586	1350.02644589
3385.74843476	1329.14551512
3408.66102366	1308.26458435
3431.57361256	1287.38365358
3454.48620146	1266.50272281
3477.39879036	1245.62179204
3500.31137926	1224.74086127
3523.22396816	1203.85993049
3546.13655706	1182.97899972
3569.04914596	1162.09806895
3591.96173486	1141.21713818
3614.87432376	1120.33620741
3637.78691266	1099.45527664
3660.69950156	1078.57434587
3683.61209046	1057.6934151
3706.52467936	1036.81248432
3729.43726826	1015.93155355
3752.34985716	995.050622781
3775.26244607	974.16969201
3798.17503497	953.288761238
3821.08762387	932.407830467
3844.00021277	911.526899696
3866.91280167	890.645968924
3889.82539057	869.765038153
3912.73797947	848.884107382
3935.65056837	828.00317661
3958.56315727	807.122245839
3981.47574617	786.241315067
4004.38833507	765.360384296
4027.30092397	744.479453525
4050.21351287	723.598522753
4073.12610177	702.717591982
4096.03869067	681.836661211
4118.95127957	660.955730439
#helix: (846.5000000000001, 3978.5),(5418.5, 18.5),310
963.662241616	3877.02089309
987.094689939	3856.72507171
1010.52713826	3836.42925032
1033.95958659	3816.13342894
1057.39203491	3795.83760756
1080.82448323	3775.54178618
1104.25693155	3755.24596479
1127.68937988	3734.95014341
1151.1218282	3714.65432203
1174.55427652	3694.35850065
1197.98672485	3674.06267927
1221.41917317	3653.76685788
1244.85162149	3633.4710365
1268.28406982	3613.17521512
1291.71651814	3592.87939374
1315.14896646	3572.58357235
1338.58141479	3552.28775097
1362.01386311	3531.99192959
1385.44631143	3511.69610821
1408.87875976	3491.40028683
1432.31120808	3471.10446544
1455.7436564	3450.80864406
1479.17610473	3430.51282268
1502.60855305	3410.2170013
1526.04100137	3389.92117991
1549.4734497	3369.62535853
1572.90589802	3349.32953715
1596.33834634	3329.03371577
1619.77079466	3308.73789438
1643.20324299	3288.442073
1666.63569131	3268.14625162
1690.06813963	3247.85043024
1713.50058796	3227.55460886
1736.93303628	3207.25878747
1760.3654846	3186.96296609
1783.79793293	3166.66714471
1807.23038125	3146.37132333
1830.66282957	3126.07550194
1854.0952779	3105.77968056
1877.52772622	3085.48385918
1900.96017454	3065.1880378
1924.39262287	3044.89221642
1947.82507119	3024.59639503
1971.25751951	3004.30057365
1994.68996784	2984.00475227
2018.12241616	2963.70893089
2041.55486448	2943.4131095
2064.98731281	2923.11728812
2088.41976113	2902.82146674
2111.85220945	2882.52564536
2135.28465777	2862.22982397
2158.7171061	2841.93400259
2182.14955442	2821.63818121
2205.58200274	2801.34235983
2229.01445107	2781.04653845
2252.44689939	2760.75071706
2275.87934771	2740.45489568
2299.31179604	2720.1590743
2322.74424436	2699.86325292
2346.17669268	2679.56743153
2369.60914101	2659.27161015
2393.04158933	2638.97578877
2416.47403765	2618.67996739
2439.90648598	2598.384146
2463.3389343	2578.08832462
2486.77138262	2557.79250324
2510.20383095	2537.49668186
2533.63627927	2517.20086048
2557.06872759	2496.90503909
2580.50117592	2476.60921771
2603.93362424	2456.31339633
2627.36607256	2436.01757495
2650.79852088	2415.72175356
2674.23096921	2395.42593218
2697.66341753	2375.1301108
2721.09586585	2354.83428942
2744.52831418	2334.53846804
2767.9607625	2314.24264665
2791.39321082	2293.94682527
2814.82565915	2273.65100389
2838.25810747	2253.35518251
2861.69055579	2233.05936112
2885.12300412	2212.76353974
2908.55545244	2192.46771836
2931.98790076	2172.17189698
2955.42034909	2151.87607559
2978.85279741	2131.58025421
3002.28524573	2111.28443283
3025.71769406	2090.98861145
3049.15014238	2070.69279007
3072.5825907	2050.39696868
3096.01503903	2030.1011473
3119.44748735	2009.80532592
3142.87993567	1989.50950454
3166.31238399	1969.21368315
3189.74483232	1948.91786177
3213.17728064	1928.62204039
3236.60972896	1908.32621901
3260.04217729	1888.03039762
3283.47462561	1867.73457624
3306.90707393	1847.43875486
3330.33952226	1827.14293348
3353.77197058	1806.8471121
3377.2044189	1786.55129071
3400.63686723	1766.25546933
3424.06931555	1745.95964795
3447.50176387	1725.66382657
3470.9342122	1705.36800518
3494.36666052	1685.0721838
3517.79910884	1664.77636242
3541.23155717	1644.48054104
3564.66400549	1624.18471966
3588.09645381	1603.88889827
3611.52890214	1583.59307689
3634.96135046	1563.29725551
3658.39379878	1543.00143413
3681.8262471	1522.70561274
3705.25869543	1502.40979136
3728.69114375	1482.11396998
3752.12359207	1461.8181486
3775.5560404	1441.52232721
3798.98848872	1421.22650583
3822.42093704	1400.93068445
3845.85338537	1380.63486307
3869.28583369	1360.33904169
3892.71828201	1340.0432203
3916.15073034	1319.74739892
3939.58317866	1299.45157754
3963.01562698	1279.15575616
3986.44807531	1258.85993477
4009.88052363	1238.56411339
4033.31297195	1218.26829201
4056.74542028	1197.97247063
4080.1778686	1177.67664925
4103.61031692	1157.38082786
4127.04276525	1137.08500648
4150.47521357	1116.7891851
4173.90766189	1096.49336372
4197.34011021	1076.19754233
4220.77255854	1055.90172095
4244.20500686	1035.60589957
4267.63745518	1015.31007819
4291.06990351	995.014256805
4314.50235183	974.718435422
4337.93480015	954.42261404
4361.36724848	934.126792658
4384.7996968	913.830971275
4408.23214512	893.535149893
4431.66459345	873.239328511
4455.09704177	852.943507129
4478.52949009	832.647685746
4501.96193842	812.351864364
4525.39438674	792.056042982
4548.82683506	771.760221599
4572.25928339	751.464400217
4595.69173171	731.168578835
4619.12418003	710.872757453
4642.55662836	690.57693607
4665.98907668	670.281114688
4689.421525	649.985293306
4712.85397332	629.689471923
4736.28642165	609.393650541
4759.71886997	589.097829159
4783.15131829	568.802007777
4806.58376662	548.506186394
4830.01621494	528.210365012
4853.44866326	507.91454363
4876.88111159	487.618722248
4900.31355991	467.322900865
4923.74600823	447.027079483
4947.17845656	426.731258101
4970.61090488	406.435436718
4994.0433532	386.139615336
5017.47580153	365.843793954
5040.90824985	345.547972572
5064.34069817	325.252151189
5087.7731465	304.956329807
5111.20559482	284.660508425
5134.63804314	264.364687042
5158.07049147	244.06886566
5181.50293979	223.773044278
5204.93538811	203.477222896
5228.36783643	183.181401513
5251.80028476	162.885580131
5275.23273308	142.589758749
5298.6651814	122.293937366
5322.09762973	101.998115984
#helix: (279.50000000000006, 3024.5),(3582.5, 207.5),310
397.433928941	2923.91874725
421.02071473	2903.8024967
444.607500518	2883.68624615
468.194286306	2863.5699956
491.781072095	2843.45374505
515.367857883	2823.3374945
538.954643671	2803.22124395
562.541429459	2783.1049934
586.128215248	2762.98874285
609.715001036	2742.8724923
633.301786824	2722.75624175
656.888572613	2702.63999121
680.475358401	2682.52374066
704.062144189	2662.40749011
727.648929977	2642.29123956
751.235715766	2622.17498901
774.822501554	2602.05873846
798.409287342	2581.94248791
821.996073131	2561.82623736
845.582858919	2541.70998681
869.169644707	2521.59373626
892.756430495	2501.47748571
916.343216284	2481.36123516
939.930002072	2461.24498461
963.51678786	2441.12873406
987.103573649	2421.01248351
1010.69035944	2400.89623296
1034.27714523	2380.77998241
1057.86393101	2360.66373186
1081.4507168	2340.54748131
1105.03750259	2320.43123076
1128.62428838	2300.31498021
1152.21107417	2280.19872966
1175.79785995	2260.08247911
1199.38464574	2239.96622856
1222.97143153	2219.84997801
1246.55821732	2199.73372746
1270.14500311	2179.61747691
1293.7317889	2159.50122636
1317.31857468	2139.38497581
1340.90536047	2119.26872526
1364.49214626	2099.15247471
1388.07893205	2079.03622416
1411.66571784	2058.91997362
1435.25250363	2038.80372307
1458.83928941	2018.68747252
1482.4260752	1998.57122197
1506.01286099	1978.45497142
1529.59964678	1958.33872087
1553.18643257	1938.22247032
1576.77321836	1918.10621977
1600.36000414	1897.98996922
1623.94678993	1877.87371867
1647.53357572	1857.75746812
1671.12036151	1837.64121757
1694.7071473	1817.52496702
1718.29393309	1797.40871647
1741.88071887	1777.29246592
1765.46750466	1757.17621537
1789.05429045	1737.05996482
1812.64107624	1716.94371427
1836.22786203	1696.82746372
1859.81464782	1676.71121317
1883.4014336	1656.59496262
1906.98821939	1636.47871207
1930.57500518	1616.36246152
1954.16179097	1596.24621097
1977.74857676	1576.12996042
2001.33536254	1556.01370987
2024.92214833	1535.89745932
2048.50893412	1515.78120877
2072.09571991	1495.66495822
2095.6825057	1475.54870767
2119.26929149	1455.43245712
2142.85607727	1435.31620658
2166.44286306	1415.19995603
2190.02964885	1395.08370548
2213.61643464	1374.96745493
2237.20322043	1354.85120438
2260.79000622	1334.73495383
2284.376792	1314.61870328
2307.96357779	1294.50245273
2331.55036358	1274.38620218
2355.13714937	1254.26995163
2378.72393516	1234.15370108
2402.31072095	1214.03745053
2425.89750673	1193.92119998
2449.48429252	1173.80494943
2473.07107831	1153.68869888
2496.6578641	1133.57244833
2520.24464989	1113.45619778
2543.83143568	1093.33994723
2567.41822146	1073.22369668
2591.00500725	1053.10744613
2614.59179304	1032.99119558
2638.17857883	1012.87494503
2661.76536462	992.758694482
2685.35215041	972.642443932
2708.93893619	952.526193383
2732.52572198	932.409942833
2756.11250777	912.293692283
2779.69929356	892.177441734
2803.28607935	872.061191184
2826.87286513	851.944940634
2850.45965092	831.828690085
2874.04643671	811.712439535
2897.6332225	791.596188985
2921.22000829	771.479938436
2944.80679408	751.363687886
2968.39357986	731.247437336
2991.98036565	711.131186787
3015.56715144	691.014936237
3039.15393723	670.898685687
3062.74072302	650.782435138
3086.32750881	630.666184588
3109.91429459	610.549934038
3133.50108038	590.433683489
3157.08786617	570.317432939
3180.67465196	550.201182389
3204.26143775	530.084931839
3227.84822354	509.96868129
3251.43500932	489.85243074
3275.02179511	469.73618019
3298.6085809	449.619929641
3322.19536669	429.503679091
3345.78215248	409.387428541
3369.36893827	389.271177992
3392.95572405	369.154927442
3416.54250984	349.038676892
3440.12929563	328.922426343
3463.71608142	308.806175793
3487.30286721	288.689925243
#helix: (2493.5, 3951.5),(5310.5, 1467.5),310
2609.75737987	3848.98550529
2633.00885584	3828.48260635
2656.26033182	3807.97970741
2679.51180779	3787.47680846
2702.76328377	3766.97390952
2726.01475974	3746.47101058
2749.26623572	3725.96811164
2772.51771169	3705.4652127
2795.76918766	3684.96231375
2819.02066364	3664.45941481
2842.27213961	3643.95651587
2865.52361559	3623.45361693
2888.77509156	3602.95071799
2912.02656753	3582.44781904
2935.27804351	3561.9449201
2958.52951948	3541.44202116
2981.78099546	3520.93912222
3005.03247143	3500.43622328
3028.2839474	3479.93332433
3051.53542338	3459.43042539
3074.78689935	3438.92752645
3098.03837533	3418.42462751
3121.2898513	3397.92172857
3144.54132727	3377.41882962
3167.79280325	3356.91593068
3191.04427922	3336.41303174
3214.2957552	3315.9101328
3237.54723117	3295.40723386
3260.79870715	3274.90433491
3284.05018312	3254.40143597
3307.30165909	3233.89853703
3330.55313507	3213.39563809
3353.80461104	3192.89273915
3377.05608702	3172.3898402
3400.30756299	3151.88694126
3423.55903896	3131.38404232
3446.81051494	3110.88114338
3470.06199091	3090.37824444
3493.31346689	3069.87534549
3516.56494286	3049.37244655
3539.81641883	3028.86954761
3563.06789481	3008.36664867
3586.31937078	2987.86374973
3609.57084676	2967.36085078
3632.82232273	2946.85795184
3656.0737987	2926.3550529
3679.32527468	2905.85215396
3702.57675065	2885.34925502
3725.82822663	2864.84635607
3749.0797026	2844.34345713
3772.33117858	2823.84055819
3795.58265455	2803.33765925
3818.83413052	2782.83476031
3842.0856065	2762.33186136
3865.33708247	2741.82896242
3888.58855845	2721.32606348
3911.84003442	2700.82316454
3935.09151039	2680.3202656
3958.34298637	2659.81736665
3981.59446234	2639.31446771
4004.84593832	2618.81156877
4028.09741429	2598.30866983
4051.34889026	2577.80577089
4074.60036624	2557.30287194
4097.85184221	2536.799973
4121.10331819	2516.29707406
4144.35479416	2495.79417512
4167.60627013	2475.29127618
4190.85774611	2454.78837723
4214.10922208	2434.28547829
4237.36069806	2413.78257935
4260.61217403	2393.27968041
4283.86365001	2372.77678147
4307.11512598	2352.27388252
4330.36660195	2331.77098358
4353.61807793	2311.26808464
4376.8695539	2290.7651857
4400.12102988	2270.26228676
4423.37250585	2249.75938781
4446.62398182	2229.25648887
4469.8754578	2208.75358993
4493.12693377	2188.25069099
4516.37840975	2167.74779205
4539.62988572	2147.2448931
4562.88136169	2126.74199416
4586.13283767	2106.23909522
4609.38431364	2085.73619628
4632.63578962	2065.23329734
4655.88726559	2044.73039839
4679.13874156	2024.22749945
4702.39021754	2003.72460051
4725.64169351	1983.22170157
4748.89316949	1962.71880263
4772.14464546	1942.21590368
4795.39612144	1921.71300474
4818.64759741	1901.2101058
4841.89907338	1880.70720686
4865.15054936	1860.20430791
4888.40202533	1839.70140897
4911.65350131	1819.19851003
4934.90497728	1798.69561109
4958.15645325	1778.19271215
4981.40792923	1757.6898132
5004.6594052	1737.18691426
5027.91088118	1716.68401532
5051.16235715	1696.18111638
5074.41383312	1675.67821744
5097.6653091	1655.17531849
5120.91678507	1634.67241955
5144.16826105	1614.16952061
5167.41973702	1593.66662167
5190.67121299	1573.16372273
5213.92268897	1552.66082378
