#micrograph: ../Source/micrographs/Microtubules_00058.mrc
#particle length: 310
#particle width: 310
#helix: (5562.5, 216.4999999999999),(5481.5, 675.4999999999999),310
5535.56327324	369.141451617
5530.17592789	399.66974194
5524.78858254	430.198032263
5519.40123719	460.726322587
5514.01389184	491.25461291
5508.62654649	521.782903234
5503.23920114	552.311193557
#helix: (5337.5, 3879.5),(5796.5, 2943.5),310
5405.74552269	3740.33265961
5419.39462723	3712.49919153
5433.04373177	3684.66572345
5446.69283631	3656.83225537
5460.34194085	3628.99878729
5473.99104539	3601.16531921
5487.64014993	3573.33185113
5501.28925446	3545.49838305
5514.938359	3517.66491498
5528.58746354	3489.8314469
5542.23656808	3461.99797882
5555.88567262	3434.16451074
5569.53477716	3406.33104266
5583.1838817	3378.49757458
5596.83298623	3350.6641065
5610.48209077	3322.83063842
5624.13119531	3294.99717035
5637.78029985	3267.16370227
5651.42940439	3239.33023419
5665.07850893	3211.49676611
5678.72761347	3183.66329803
5692.376718	3155.82982995
5706.02582254	3127.99636187
5719.67492708	3100.16289379
5733.32403162	3072.32942571
#helix: (3438.5, 369.5),(2529.5, 4050.5),310
3401.33998206	519.979676591
3393.90797848	550.07561191
3386.47597489	580.171547228
3379.0439713	610.267482546
3371.61196772	640.363417864
3364.17996413	670.459353183
3356.74796054	700.555288501
3349.31595695	730.651223819
3341.88395337	760.747159137
3334.45194978	790.843094456
3327.01994619	820.939029774
3319.58794261	851.034965092
3312.15593902	881.13090041
3304.72393543	911.226835729
3297.29193184	941.322771047
3289.85992826	971.418706365
3282.42792467	1001.51464168
3274.99592108	1031.610577
3267.5639175	1061.70651232
3260.13191391	1091.80244764
3252.69991032	1121.89838296
3245.26790673	1151.99431827
3237.83590315	1182.09025359
3230.40389956	1212.18618891
3222.97189597	1242.28212423
3215.53989239	1272.37805955
3208.1078888	1302.47399487
3200.67588521	1332.56993018
3193.24388162	1362.6658655
3185.81187804	1392.76180082
3178.37987445	1422.85773614
3170.94787086	1452.95367146
3163.51586728	1483.04960678
3156.08386369	1513.14554209
3148.6518601	1543.24147741
3141.21985651	1573.33741273
3133.78785293	1603.43334805
3126.35584934	1633.52928337
3118.92384575	1663.62521868
3111.49184217	1693.721154
3104.05983858	1723.81708932
3096.62783499	1753.91302464
3089.1958314	1784.00895996
3081.76382782	1814.10489528
3074.33182423	1844.20083059
3066.89982064	1874.29676591
3059.46781706	1904.39270123
3052.03581347	1934.48863655
3044.60380988	1964.58457187
3037.17180629	1994.68050719
3029.73980271	2024.7764425
3022.30779912	2054.87237782
3014.87579553	2084.96831314
3007.44379195	2115.06424846
3000.01178836	2145.16018378
2992.57978477	2175.2561191
2985.14778118	2205.35205441
2977.7157776	2235.44798973
2970.28377401	2265.54392505
2962.85177042	2295.63986037
2955.41976684	2325.73579569
2947.98776325	2355.831731
2940.55575966	2385.92766632
2933.12375607	2416.02360164
2925.69175249	2446.11953696
2918.2597489	2476.21547228
2910.82774531	2506.3114076
2903.39574173	2536.40734291
2895.96373814	2566.50327823
2888.53173455	2596.59921355
2881.09973096	2626.69514887
2873.66772738	2656.79108419
2866.23572379	2686.88701951
2858.8037202	2716.98295482
2851.37171662	2747.07889014
2843.93971303	2777.17482546
2836.50770944	2807.27076078
2829.07570585	2837.3666961
2821.64370227	2867.46263142
2814.21169868	2897.55856673
2806.77969509	2927.65450205
2799.34769151	2957.75043737
2791.91568792	2987.84637269
2784.48368433	3017.94230801
2777.05168074	3048.03824332
2769.61967716	3078.13417864
2762.18767357	3108.23011396
2754.75566998	3138.32604928
2747.3236664	3168.4219846
2739.89166281	3198.51791992
2732.45965922	3228.61385523
2725.02765563	3258.70979055
2717.59565205	3288.80572587
2710.16364846	3318.90166119
2702.73164487	3348.99759651
2695.29964129	3379.09353183
2687.8676377	3409.18946714
2680.43563411	3439.28540246
2673.00363052	3469.38133778
2665.57162694	3499.4772731
2658.13962335	3529.57320842
2650.70761976	3559.66914374
2643.27561618	3589.76507905
2635.84361259	3619.86101437
2628.411609	3649.95694969
2620.97960541	3680.05288501
2613.54760183	3710.14882033
2606.11559824	3740.24475564
2598.68359465	3770.34069096
2591.25159107	3800.43662628
2583.81958748	3830.5325616
2576.38758389	3860.62849692
2568.9555803	3890.72443224
2561.52357672	3920.82036755
#helix: (1611.5, 90.49999999999989),(2457.5, 324.4999999999999),310
1760.89072364	131.820838453
1790.76886837	140.085006144
1820.6470131	148.349173835
1850.52515782	156.613341526
1880.40330255	164.877509216
1910.28144728	173.141676907
1940.15959201	181.405844598
1970.03773673	189.670012288
1999.91588146	197.934179979
2029.79402619	206.19834767
2059.67217092	214.46251536
2089.55031565	222.726683051
2119.42846037	230.990850742
2149.3066051	239.255018432
2179.18474983	247.519186123
2209.06289456	255.783353814
2238.94103929	264.047521504
2268.81918401	272.311689195
2298.69732874	280.575856886
2328.57547347	288.840024577
#helix: (3987.5, 450.5),(3060.5, 4041.5),310
3948.75753121	600.580049013
3941.00903745	630.596058816
3933.26054369	660.612068619
3925.51204993	690.628078421
3917.76355617	720.644088224
3910.01506241	750.660098027
3902.26656866	780.676107829
3894.5180749	810.692117632
3886.76958114	840.708127435
3879.02108738	870.724137237
3871.27259362	900.74014704
3863.52409986	930.756156843
3855.7756061	960.772166645
3848.02711235	990.788176448
3840.27861859	1020.80418625
3832.53012483	1050.82019605
3824.78163107	1080.83620586
3817.03313731	1110.85221566
3809.28464355	1140.86822546
3801.53614979	1170.88423526
3793.78765604	1200.90024507
3786.03916228	1230.91625487
3778.29066852	1260.93226467
3770.54217476	1290.94827447
3762.793681	1320.96428428
3755.04518724	1350.98029408
3747.29669348	1380.99630388
3739.54819973	1411.01231369
3731.79970597	1441.02832349
3724.05121221	1471.04433329
3716.30271845	1501.06034309
3708.55422469	1531.0763529
3700.80573093	1561.0923627
3693.05723717	1591.1083725
3685.30874342	1621.1243823
3677.56024966	1651.14039211
3669.8117559	1681.15640191
3662.06326214	1711.17241171
3654.31476838	1741.18842151
3646.56627462	1771.20443132
3638.81778086	1801.22044112
3631.06928711	1831.23645092
3623.32079335	1861.25246072
3615.57229959	1891.26847053
3607.82380583	1921.28448033
3600.07531207	1951.30049013
3592.32681831	1981.31649994
3584.57832455	2011.33250974
3576.8298308	2041.34851954
3569.08133704	2071.36452934
3561.33284328	2101.38053915
3553.58434952	2131.39654895
3545.83585576	2161.41255875
3538.087362	2191.42856855
3530.33886824	2221.44457836
3522.59037449	2251.46058816
3514.84188073	2281.47659796
3507.09338697	2311.49260776
3499.34489321	2341.50861757
3491.59639945	2371.52462737
3483.84790569	2401.54063717
3476.09941193	2431.55664698
3468.35091818	2461.57265678
3460.60242442	2491.58866658
3452.85393066	2521.60467638
3445.1054369	2551.62068619
3437.35694314	2581.63669599
3429.60844938	2611.65270579
3421.85995562	2641.66871559
3414.11146187	2671.6847254
3406.36296811	2701.7007352
3398.61447435	2731.716745
3390.86598059	2761.7327548
3383.11748683	2791.74876461
3375.36899307	2821.76477441
3367.62049931	2851.78078421
3359.87200555	2881.79679402
3352.1235118	2911.81280382
3344.37501804	2941.82881362
3336.62652428	2971.84482342
3328.87803052	3001.86083323
3321.12953676	3031.87684303
3313.381043	3061.89285283
3305.63254924	3091.90886263
3297.88405549	3121.92487244
3290.13556173	3151.94088224
3282.38706797	3181.95689204
3274.63857421	3211.97290184
3266.89008045	3241.98891165
3259.14158669	3272.00492145
3251.39309293	3302.02093125
3243.64459918	3332.03694106
3235.89610542	3362.05295086
3228.14761166	3392.06896066
3220.3991179	3422.08497046
3212.65062414	3452.10098027
3204.90213038	3482.11699007
3197.15363662	3512.13299987
3189.40514287	3542.14900967
3181.65664911	3572.16501948
3173.90815535	3602.18102928
3166.15966159	3632.19703908
3158.41116783	3662.21304888
3150.66267407	3692.22905869
3142.91418031	3722.24506849
3135.16568656	3752.26107829
3127.4171928	3782.27708809
3119.66869904	3812.2930979
3111.92020528	3842.3091077
3104.17171152	3872.3251175
3096.42321776	3902.34112731
#helix: (4725.5, 2844.5),(5481.5, 711.5),310
4777.28053881	2698.40490836
4787.63664657	2669.18589003
4797.99275433	2639.96687171
4808.34886209	2610.74785338
4818.70496986	2581.52883505
4829.06107762	2552.30981672
4839.41718538	2523.0907984
4849.77329314	2493.87178007
4860.1294009	2464.65276174
4870.48550866	2435.43374341
4880.84161643	2406.21472509
4891.19772419	2376.99570676
4901.55383195	2347.77668843
4911.90993971	2318.5576701
4922.26604747	2289.33865178
4932.62215523	2260.11963345
4942.978263	2230.90061512
4953.33437076	2201.68159679
4963.69047852	2172.46257847
4974.04658628	2143.24356014
4984.40269404	2114.02454181
4994.7588018	2084.80552348
5005.11490957	2055.58650515
5015.47101733	2026.36748683
5025.82712509	1997.1484685
5036.18323285	1967.92945017
5046.53934061	1938.71043184
5056.89544837	1909.49141352
5067.25155614	1880.27239519
5077.6076639	1851.05337686
5087.96377166	1821.83435853
5098.31987942	1792.61534021
5108.67598718	1763.39632188
5119.03209494	1734.17730355
5129.38820271	1704.95828522
5139.74431047	1675.7392669
5150.10041823	1646.52024857
5160.45652599	1617.30123024
5170.81263375	1588.08221191
5181.16874151	1558.86319359
5191.52484928	1529.64417526
5201.88095704	1500.42515693
5212.2370648	1471.2061386
5222.59317256	1441.98712028
5232.94928032	1412.76810195
5243.30538808	1383.54908362
5253.66149585	1354.33006529
5264.01760361	1325.11104696
5274.37371137	1295.89202864
5284.72981913	1266.67301031
5295.08592689	1237.45399198
5305.44203465	1208.23497365
5315.79814242	1179.01595533
5326.15425018	1149.796937
5336.51035794	1120.57791867
5346.8664657	1091.35890034
5357.22257346	1062.13988202
5367.57868122	1032.92086369
5377.93478899	1003.70184536
5388.29089675	974.482827034
5398.64700451	945.263808706
5409.00311227	916.044790379
5419.35922003	886.825772051
5429.71532779	857.606753723
5440.07143556	828.387735396
#helix: (3465.5, 2448.5),(1908.5, 2079.5),310
3314.67770208	2412.7559872
3284.5132425	2405.60718464
3254.34878292	2398.45838208
3224.18432333	2391.30957952
3194.01986375	2384.16077696
3163.85540417	2377.0119744
3133.69094458	2369.86317184
3103.526485	2362.71436928
3073.36202542	2355.56556672
3043.19756583	2348.41676416
3013.03310625	2341.2679616
2982.86864667	2334.11915904
2952.70418708	2326.97035648
2922.5397275	2319.82155392
2892.37526792	2312.67275136
2862.21080833	2305.5239488
2832.04634875	2298.37514624
2801.88188917	2291.22634368
2771.71742958	2284.07754112
2741.55297	2276.92873855
2711.38851042	2269.77993599
2681.22405083	2262.63113343
2651.05959125	2255.48233087
2620.89513167	2248.33352831
2590.73067208	2241.18472575
2560.5662125	2234.03592319
2530.40175292	2226.88712063
2500.23729333	2219.73831807
2470.07283375	2212.58951551
2439.90837417	2205.44071295
2409.74391458	2198.29191039
2379.579455	2191.14310783
2349.41499542	2183.99430527
2319.25053583	2176.84550271
2289.08607625	2169.69670015
2258.92161667	2162.54789759
2228.75715708	2155.39909503
2198.5926975	2148.25029247
2168.42823792	2141.10148991
2138.26377833	2133.95268735
2108.09931875	2126.80388479
2077.93485917	2119.65508223
2047.77039958	2112.50627967
#helix: (18.5, 2394.5),(1575.5, 2925.5),310
165.20319202	2444.53172445
194.543830424	2454.53806934
223.884468828	2464.54441422
253.225107232	2474.55075911
282.565745636	2484.557104
311.906384041	2494.56344889
341.247022445	2504.56979378
370.587660849	2514.57613867
399.928299253	2524.58248356
429.268937657	2534.58882845
458.609576061	2544.59517334
487.950214465	2554.60151823
517.290852869	2564.60786312
546.631491273	2574.61420801
575.972129677	2584.6205529
605.312768081	2594.62689778
634.653406485	2604.63324267
663.994044889	2614.63958756
693.334683293	2624.64593245
722.675321697	2634.65227734
752.015960101	2644.65862223
781.356598505	2654.66496712
810.697236909	2664.67131201
840.037875314	2674.6776569
869.378513718	2684.68400179
898.719152122	2694.69034668
928.059790526	2704.69669157
957.40042893	2714.70303646
986.741067334	2724.70938135
1016.08170574	2734.71572623
1045.42234414	2744.72207112
1074.76298255	2754.72841601
1104.10362095	2764.7347609
1133.44425935	2774.74110579
1162.78489776	2784.74745068
1192.12553616	2794.75379557
1221.46617457	2804.76014046
1250.80681297	2814.76648535
1280.14745137	2824.77283024
1309.48808978	2834.77917513
1338.82872818	2844.78552002
1368.16936659	2854.79186491
1397.51000499	2864.79820979
1426.85064339	2874.80455468
1456.1912818	2884.81089957
#helix: (4230.5, 2034.5),(4482.5, 2088.5),310
#helix: (4527.5, 783.4999999999999),(4734.5, 855.4999999999999),310
#helix: (108.5, 1512.5),(1935.5, 2097.5),310
256.117297163	1559.76662224
285.640756595	1569.21994669
315.164216028	1578.67327114
344.68767546	1588.12659559
374.211134893	1597.57992004
403.734594325	1607.03324449
433.258053758	1616.48656894
462.78151319	1625.93989339
492.304972623	1635.39321783
521.828432056	1644.84654228
551.351891488	1654.29986673
580.875350921	1663.75319118
610.398810353	1673.20651563
639.922269786	1682.65984008
669.445729218	1692.11316453
698.969188651	1701.56648898
728.492648083	1711.01981343
758.016107516	1720.47313787
787.539566948	1729.92646232
817.063026381	1739.37978677
846.586485814	1748.83311122
876.109945246	1758.28643567
905.633404679	1767.73976012
935.156864111	1777.19308457
964.680323544	1786.64640902
994.203782976	1796.09973347
1023.72724241	1805.55305791
1053.25070184	1815.00638236
1082.77416127	1824.45970681
1112.29762071	1833.91303126
1141.82108014	1843.36635571
1171.34453957	1852.81968016
1200.867999	1862.27300461
1230.39145844	1871.72632906
1259.91491787	1881.1796535
1289.4383773	1890.63297795
1318.96183673	1900.0863024
1348.48529617	1909.53962685
1378.0087556	1918.9929513
1407.53221503	1928.44627575
1437.05567446	1937.8996002
1466.5791339	1947.35292465
1496.10259333	1956.8062491
1525.62605276	1966.25957354
1555.14951219	1975.71289799
1584.67297163	1985.16622244
1614.19643106	1994.61954689
1643.71989049	2004.07287134
1673.24334992	2013.52619579
1702.76680936	2022.97952024
1732.29026879	2032.43284469
1761.81372822	2041.88616914
1791.33718765	2051.33949358
#helix: (4167.5, 2052.5),(1188.5, 1350.5),310
4016.63230271	2016.9480955
3986.45876325	2009.8377146
3956.28522379	2002.7273337
3926.11168433	1995.6169528
3895.93814487	1988.5065719
3865.76460541	1981.396191
3835.59106595	1974.2858101
3805.4175265	1967.1754292
3775.24398704	1960.0650483
3745.07044758	1952.95466741
3714.89690812	1945.84428651
3684.72336866	1938.73390561
3654.5498292	1931.62352471
3624.37628974	1924.51314381
3594.20275029	1917.40276291
3564.02921083	1910.29238201
3533.85567137	1903.18200111
3503.68213191	1896.07162021
3473.50859245	1888.96123931
3443.33505299	1881.85085841
3413.16151353	1874.74047751
3382.98797408	1867.63009661
3352.81443462	1860.51971571
3322.64089516	1853.40933481
3292.4673557	1846.29895391
3262.29381624	1839.18857301
3232.12027678	1832.07819211
3201.94673732	1824.96781121
3171.77319786	1817.85743031
3141.59965841	1810.74704941
3111.42611895	1803.63666851
3081.25257949	1796.52628761
3051.07904003	1789.41590671
3020.90550057	1782.30552581
2990.73196111	1775.19514491
2960.55842165	1768.08476402
2930.3848822	1760.97438312
2900.21134274	1753.86400222
2870.03780328	1746.75362132
2839.86426382	1739.64324042
2809.69072436	1732.53285952
2779.5171849	1725.42247862
2749.34364544	1718.31209772
2719.17010599	1711.20171682
2688.99656653	1704.09133592
2658.82302707	1696.98095502
2628.64948761	1689.87057412
2598.47594815	1682.76019322
2568.30240869	1675.64981232
2538.12886923	1668.53943142
2507.95532977	1661.42905052
2477.78179032	1654.31866962
2447.60825086	1647.20828872
2417.4347114	1640.09790782
2387.26117194	1632.98752692
2357.08763248	1625.87714602
2326.91409302	1618.76676512
2296.74055356	1611.65638422
2266.56701411	1604.54600332
2236.39347465	1597.43562242
2206.21993519	1590.32524152
2176.04639573	1583.21486063
2145.87285627	1576.10447973
2115.69931681	1568.99409883
2085.52577735	1561.88371793
2055.35223789	1554.77333703
2025.17869844	1547.66295613
1995.00515898	1540.55257523
1964.83161952	1533.44219433
1934.65808006	1526.33181343
1904.4845406	1519.22143253
1874.31100114	1512.11105163
1844.13746168	1505.00067073
1813.96392223	1497.89028983
1783.79038277	1490.77990893
1753.61684331	1483.66952803
1723.44330385	1476.55914713
1693.26976439	1469.44876623
1663.09622493	1462.33838533
1632.92268547	1455.22800443
1602.74914602	1448.11762353
1572.57560656	1441.00724263
1542.4020671	1433.89686173
1512.22852764	1426.78648083
1482.05498818	1419.67609993
1451.88144872	1412.56571903
1421.70790926	1405.45533813
1391.5343698	1398.34495723
1361.36083035	1391.23457634
1331.18729089	1384.12419544
#helix: (3708.5, 3942.5),(4599.5, 2376.5),310
3785.15125863	3807.77960604
3800.48151036	3780.83552724
3815.81176209	3753.89144845
3831.14201382	3726.94736966
3846.47226554	3700.00329087
3861.80251727	3673.05921207
3877.132769	3646.11513328
3892.46302072	3619.17105449
3907.79327245	3592.22697569
3923.12352418	3565.2828969
3938.4537759	3538.33881811
3953.78402763	3511.39473932
3969.11427936	3484.45066052
3984.44453108	3457.50658173
3999.77478281	3430.56250294
4015.10503454	3403.61842415
4030.43528627	3376.67434535
4045.76553799	3349.73026656
4061.09578972	3322.78618777
4076.42604145	3295.84210897
4091.75629317	3268.89803018
4107.0865449	3241.95395139
4122.41679663	3215.0098726
4137.74704835	3188.0657938
4153.07730008	3161.12171501
4168.40755181	3134.17763622
4183.73780353	3107.23355742
4199.06805526	3080.28947863
4214.39830699	3053.34539984
4229.72855871	3026.40132105
4245.05881044	2999.45724225
4260.38906217	2972.51316346
4275.7193139	2945.56908467
4291.04956562	2918.62500588
4306.37981735	2891.68092708
4321.71006908	2864.73684829
4337.0403208	2837.7927695
4352.37057253	2810.8486907
4367.70082426	2783.90461191
4383.03107598	2756.96053312
4398.36132771	2730.01645433
4413.69157944	2703.07237553
4429.02183116	2676.12829674
4444.35208289	2649.18421795
4459.68233462	2622.24013916
4475.01258635	2595.29606036
4490.34283807	2568.35198157
4505.6730898	2541.40790278
4521.00334153	2514.46382398
4536.33359325	2487.51974519
#helix: (225.50000000000003, 1008.4999999999999),(1233.5, 1386.5),310
370.631022523	1062.92413345
399.657227028	1073.80896014
428.683431532	1084.69378682
457.709636037	1095.57861351
486.735840542	1106.4634402
515.762045046	1117.34826689
544.788249551	1128.23309358
573.814454056	1139.11792027
602.84065856	1150.00274696
631.866863065	1160.88757365
660.89306757	1171.77240034
689.919272074	1182.65722703
718.945476579	1193.54205372
747.971681084	1204.42688041
776.997885588	1215.3117071
806.024090093	1226.19653378
835.050294597	1237.08136047
864.076499102	1247.96618716
893.102703607	1258.85101385
922.128908111	1269.73584054
951.155112616	1280.62066723
980.181317121	1291.50549392
1009.20752163	1302.39032061
1038.23372613	1313.2751473
1067.25993063	1324.15997399
1096.28613514	1335.04480068
#helix: (4365.5, 1575.5),(4581.5, 1629.5),310
#helix: (198.50000000000003, 2106.5),(2682.5, 2781.5),310
348.075848038	2147.14561088
377.991017645	2155.27473306
407.906187253	2163.40385523
437.82135686	2171.53297741
467.736526468	2179.66209958
497.651696075	2187.79122176
527.566865683	2195.92034394
557.482035291	2204.04946611
587.397204898	2212.17858829
617.312374506	2220.30771046
647.227544113	2228.43683264
677.142713721	2236.56595482
707.057883328	2244.69507699
736.973052936	2252.82419917
766.888222543	2260.95332134
796.803392151	2269.08244352
826.718561758	2277.2115657
856.633731366	2285.34068787
886.548900974	2293.46981005
916.464070581	2301.59893222
946.379240189	2309.7280544
976.294409796	2317.85717658
1006.2095794	2325.98629875
1036.12474901	2334.11542093
1066.03991862	2342.2445431
1095.95508823	2350.37366528
1125.87025783	2358.50278745
1155.78542744	2366.63190963
1185.70059705	2374.76103181
1215.61576666	2382.89015398
1245.53093626	2391.01927616
1275.44610587	2399.14839833
1305.36127548	2407.27752051
1335.27644509	2415.40664269
1365.19161469	2423.53576486
1395.1067843	2431.66488704
1425.02195391	2439.79400921
1454.93712352	2447.92313139
1484.85229312	2456.05225357
1514.76746273	2464.18137574
1544.68263234	2472.31049792
1574.59780195	2480.43962009
1604.51297155	2488.56874227
1634.42814116	2496.69786445
1664.34331077	2504.82698662
1694.25848038	2512.9561088
1724.17364998	2521.08523097
1754.08881959	2529.21435315
1784.0039892	2537.34347533
1813.91915881	2545.4725975
1843.83432842	2553.60171968
1873.74949802	2561.73084185
1903.66466763	2569.85996403
1933.57983724	2577.98908621
1963.49500685	2586.11820838
1993.41017645	2594.24733056
2023.32534606	2602.37645273
2053.24051567	2610.50557491
2083.15568528	2618.63469709
2113.07085488	2626.76381926
2142.98602449	2634.89294144
2172.9011941	2643.02206361
2202.81636371	2651.15118579
2232.73153331	2659.28030797
2262.64670292	2667.40943014
2292.56187253	2675.53855232
2322.47704214	2683.66767449
2352.39221174	2691.79679667
2382.30738135	2699.92591885
2412.22255096	2708.05504102
2442.13772057	2716.1841632
2472.05289017	2724.31328537
2501.96805978	2732.44240755
2531.88322939	2740.57152973
2561.798399	2748.7006519
#helix: (4410.5, 765.5),(2466.5, 324.5),310
4259.3406707	731.209226224
4229.10880484	724.351071469
4198.87693898	717.492916714
4168.64507312	710.634761958
4138.41320726	703.776607203
4108.1813414	696.918452448
4077.94947554	690.060297693
4047.71760968	683.202142938
4017.48574382	676.343988183
3987.25387797	669.485833427
3957.02201211	662.627678672
3926.79014625	655.769523917
3896.55828039	648.911369162
3866.32641453	642.053214407
3836.09454867	635.195059651
3805.86268281	628.336904896
3775.63081695	621.478750141
3745.39895109	614.620595386
3715.16708523	607.762440631
3684.93521937	600.904285875
3654.70335351	594.04613112
3624.47148765	587.187976365
3594.23962179	580.32982161
3564.00775593	573.471666855
3533.77589007	566.613512099
3503.54402421	559.755357344
3473.31215835	552.897202589
3443.08029249	546.039047834
3412.84842663	539.180893079
3382.61656077	532.322738324
3352.38469491	525.464583568
3322.15282905	518.606428813
3291.92096319	511.748274058
3261.68909733	504.890119303
3231.45723147	498.031964548
3201.22536562	491.173809792
3170.99349976	484.315655037
3140.7616339	477.457500282
3110.52976804	470.599345527
3080.29790218	463.741190772
3050.06603632	456.883036016
3019.83417046	450.024881261
2989.6023046	443.166726506
2959.37043874	436.308571751
2929.13857288	429.450416996
2898.90670702	422.59226224
2868.67484116	415.734107485
2838.4429753	408.87595273
2808.21110944	402.017797975
2777.97924358	395.15964322
2747.74737772	388.301488465
2717.51551186	381.443333709
2687.283646	374.585178954
2657.05178014	367.727024199
2626.81991428	360.868869444
2596.58804842	354.010714689
#helix: (4383.5, 1620.5),(1170.5, 864.4999999999999),310
4232.62033891	1584.99890327
4202.44440669	1577.89868393
4172.26847447	1570.79846458
4142.09254225	1563.69824524
4111.91661003	1556.59802589
4081.74067782	1549.49780655
4051.5647456	1542.3975872
4021.38881338	1535.29736785
3991.21288116	1528.19714851
3961.03694894	1521.09692916
3930.86101672	1513.99670982
3900.68508451	1506.89649047
3870.50915229	1499.79627113
3840.33322007	1492.69605178
3810.15728785	1485.59583244
3779.98135563	1478.49561309
3749.80542341	1471.39539374
3719.6294912	1464.2951744
3689.45355898	1457.19495505
3659.27762676	1450.09473571
3629.10169454	1442.99451636
3598.92576232	1435.89429702
3568.7498301	1428.79407767
3538.57389789	1421.69385833
3508.39796567	1414.59363898
3478.22203345	1407.49341964
3448.04610123	1400.39320029
3417.87016901	1393.29298094
3387.69423679	1386.1927616
3357.51830458	1379.09254225
3327.34237236	1371.99232291
3297.16644014	1364.89210356
3266.99050792	1357.79188422
3236.8145757	1350.69166487
3206.63864348	1343.59144553
3176.46271127	1336.49122618
3146.28677905	1329.39100683
3116.11084683	1322.29078749
3085.93491461	1315.19056814
3055.75898239	1308.0903488
3025.58305017	1300.99012945
2995.40711796	1293.88991011
2965.23118574	1286.78969076
2935.05525352	1279.68947142
2904.8793213	1272.58925207
2874.70338908	1265.48903273
2844.52745686	1258.38881338
2814.35152465	1251.28859403
2784.17559243	1244.18837469
2753.99966021	1237.08815534
2723.82372799	1229.987936
2693.64779577	1222.88771665
2663.47186355	1215.78749731
2633.29593134	1208.68727796
2603.11999912	1201.58705862
2572.9440669	1194.48683927
2542.76813468	1187.38661992
2512.59220246	1180.28640058
2482.41627024	1173.18618123
2452.24033803	1166.08596189
2422.06440581	1158.98574254
2391.88847359	1151.8855232
2361.71254137	1144.78530385
2331.53660915	1137.68508451
2301.36067693	1130.58486516
2271.18474472	1123.48464582
2241.0088125	1116.38442647
2210.83288028	1109.28420712
2180.65694806	1102.18398778
2150.48101584	1095.08376843
2120.30508362	1087.98354909
2090.12915141	1080.88332974
2059.95321919	1073.7831104
2029.77728697	1066.68289105
1999.60135475	1059.58267171
1969.42542253	1052.48245236
1939.24949031	1045.38223302
1909.0735581	1038.28201367
1878.89762588	1031.18179432
1848.72169366	1024.08157498
1818.54576144	1016.98135563
1788.36982922	1009.88113629
1758.193897	1002.78091694
1728.01796479	995.680697597
1697.84203257	988.580478251
1667.66610035	981.480258906
1637.49016813	974.38003956
1607.31423591	967.279820215
1577.13830369	960.179600869
1546.96237148	953.079381524
1516.78643926	945.979162178
1486.61050704	938.878942833
1456.43457482	931.778723487
1426.2586426	924.678504142
1396.08271038	917.578284796
1365.90677817	910.478065451
1335.73084595	903.377846105
1305.55491373	896.27762676
#helix: (171.50000000000003, 378.4999999999999),(1224.5, 882.4999999999999),310
311.310575524	445.417882302
339.272690628	458.801458762
367.234805733	472.185035223
395.196920838	485.568611683
423.159035942	498.952188143
451.121151047	512.335764604
479.083266152	525.719341064
507.045381257	539.102917525
535.007496361	552.486493985
562.969611466	565.870070445
590.931726571	579.253646906
618.893841675	592.637223366
646.85595678	606.020799826
674.818071885	619.404376287
702.78018699	632.787952747
730.742302094	646.171529208
758.704417199	659.555105668
786.666532304	672.938682128
814.628647408	686.322258589
842.590762513	699.705835049
870.552877618	713.089411509
898.514992723	726.47298797
926.477107827	739.85656443
954.439222932	753.240140891
982.401338037	766.623717351
1010.36345314	780.007293811
1038.32556825	793.390870272
1066.28768335	806.774446732
1094.24979846	820.158023192
#helix: (5157.5, 288.4999999999999),(4608.5, 2430.5),310
5119.01699912	438.64679032
5111.32039894	468.676148383
5103.62379877	498.705506447
5095.92719859	528.734864511
5088.23059842	558.764222575
5080.53399824	588.793580639
5072.83739806	618.822938703
5065.14079789	648.852296767
5057.44419771	678.881654831
5049.74759754	708.911012895
5042.05099736	738.940370959
5034.35439718	768.969729022
5026.65779701	798.999087086
5018.96119683	829.02844515
5011.26459666	859.057803214
5003.56799648	889.087161278
4995.8713963	919.116519342
4988.17479613	949.145877406
4980.47819595	979.17523547
4972.78159577	1009.20459353
4965.0849956	1039.2339516
4957.38839542	1069.26330966
4949.69179525	1099.29266773
4941.99519507	1129.32202579
4934.29859489	1159.35138385
4926.60199472	1189.38074192
4918.90539454	1219.41009998
4911.20879437	1249.43945804
4903.51219419	1279.46881611
4895.81559401	1309.49817417
4888.11899384	1339.52753224
4880.42239366	1369.5568903
4872.72579349	1399.58624836
4865.02919331	1429.61560643
4857.33259313	1459.64496449
4849.63599296	1489.67432256
4841.93939278	1519.70368062
4834.24279261	1549.73303868
4826.54619243	1579.76239675
4818.84959225	1609.79175481
4811.15299208	1639.82111288
4803.4563919	1669.85047094
4795.75979173	1699.879829
4788.06319155	1729.90918707
4780.36659137	1759.93854513
4772.6699912	1789.9679032
4764.97339102	1819.99726126
4757.27679085	1850.02661932
4749.58019067	1880.05597739
4741.88359049	1910.08533545
4734.18699032	1940.11469351
4726.49039014	1970.14405158
4718.79378997	2000.17340964
4711.09718979	2030.20276771
4703.40058961	2060.23212577
4695.70398944	2090.26148383
4688.00738926	2120.2908419
4680.31078909	2150.32019996
4672.61418891	2180.34955803
4664.91758873	2210.37891609
4657.22098856	2240.40827415
4649.52438838	2270.43763222
4641.82778821	2300.46699028
#helix: (5688.5, 1557.5),(5202.5, 2790.5),310
5631.66108949	1701.7024211
5620.29330739	1730.54290532
5608.92552529	1759.38338955
5597.55774319	1788.22387377
5586.18996109	1817.06435799
5574.82217898	1845.90484221
5563.45439688	1874.74532643
5552.08661478	1903.58581065
5540.71883268	1932.42629487
5529.35105058	1961.26677909
5517.98326848	1990.10726331
5506.61548637	2018.94774753
5495.24770427	2047.78823175
5483.87992217	2076.62871597
5472.51214007	2105.4692002
5461.14435797	2134.30968442
5449.77657587	2163.15016864
5438.40879376	2191.99065286
5427.04101166	2220.83113708
5415.67322956	2249.6716213
5404.30544746	2278.51210552
5392.93766536	2307.35258974
5381.56988326	2336.19307396
5370.20210115	2365.03355818
5358.83431905	2393.8740424
5347.46653695	2422.71452662
5336.09875485	2451.55501084
5324.73097275	2480.39549507
5313.36319065	2509.23597929
5301.99540854	2538.07646351
5290.62762644	2566.91694773
5279.25984434	2595.75743195
5267.89206224	2624.59791617
5256.52428014	2653.43840039
#helix: (3438.5, 405.4999999999999),(3573.5, -17.500000000000114),310
3485.62622694	257.837822261
3495.05147233	228.305386713
3504.47671771	198.772951166
3513.9019631	169.240515618
3523.32720849	139.70808007
3532.75245388	110.175644522
#helix: (4428.5, 531.5),(3600.5, 3672.5),310
4388.99012519	681.379851189
4381.08815023	711.355821426
4373.18617526	741.331791664
4365.2842003	771.307761902
4357.38222534	801.28373214
4349.48025038	831.259702377
4341.57827541	861.235672615
4333.67630045	891.211642853
4325.77432549	921.187613091
4317.87235053	951.163583328
4309.97037556	981.139553566
4302.0684006	1011.1155238
4294.16642564	1041.09149404
4286.26445068	1071.06746428
4278.36247571	1101.04343452
4270.46050075	1131.01940475
4262.55852579	1160.99537499
4254.65655083	1190.97134523
4246.75457587	1220.94731547
4238.8526009	1250.92328571
4230.95062594	1280.89925594
4223.04865098	1310.87522618
4215.14667602	1340.85119642
4207.24470105	1370.82716666
4199.34272609	1400.80313689
4191.44075113	1430.77910713
4183.53877617	1460.75507737
4175.6368012	1490.73104761
4167.73482624	1520.70701785
4159.83285128	1550.68298808
4151.93087632	1580.65895832
4144.02890135	1610.63492856
4136.12692639	1640.6108988
4128.22495143	1670.58686903
4120.32297647	1700.56283927
4112.4210015	1730.53880951
4104.51902654	1760.51477975
4096.61705158	1790.49074999
4088.71507662	1820.46672022
4080.81310166	1850.44269046
4072.91112669	1880.4186607
4065.00915173	1910.39463094
4057.10717677	1940.37060117
4049.20520181	1970.34657141
4041.30322684	2000.32254165
4033.40125188	2030.29851189
4025.49927692	2060.27448212
4017.59730196	2090.25045236
4009.69532699	2120.2264226
4001.79335203	2150.20239284
3993.89137707	2180.17836308
3985.98940211	2210.15433331
3978.08742714	2240.13030355
3970.18545218	2270.10627379
3962.28347722	2300.08224403
3954.38150226	2330.05821426
3946.47952729	2360.0341845
3938.57755233	2390.01015474
3930.67557737	2419.98612498
3922.77360241	2449.96209522
3914.87162745	2479.93806545
3906.96965248	2509.91403569
3899.06767752	2539.89000593
3891.16570256	2569.86597617
3883.2637276	2599.8419464
3875.36175263	2629.81791664
3867.45977767	2659.79388688
3859.55780271	2689.76985712
3851.65582775	2719.74582735
3843.75385278	2749.72179759
3835.85187782	2779.69776783
3827.94990286	2809.67373807
3820.0479279	2839.64970831
3812.14595293	2869.62567854
3804.24397797	2899.60164878
3796.34200301	2929.57761902
3788.44002805	2959.55358926
3780.53805308	2989.52955949
3772.63607812	3019.50552973
3764.73410316	3049.48149997
3756.8321282	3079.45747021
3748.93015323	3109.43344045
3741.02817827	3139.40941068
3733.12620331	3169.38538092
3725.22422835	3199.36135116
3717.32225339	3229.3373214
3709.42027842	3259.31329163
3701.51830346	3289.28926187
3693.6163285	3319.26523211
3685.71435354	3349.24120235
3677.81237857	3379.21717259
3669.91040361	3409.19314282
3662.00842865	3439.16911306
3654.10645369	3469.1450833
3646.20447872	3499.12105354
3638.30250376	3529.09702377
#helix: (2727.5, 36.5),(1485.5, 3753.5),310
2678.37792207	183.510276714
2668.55350648	212.912332057
2658.72909089	242.314387399
2648.90467531	271.716442742
2639.08025972	301.118498085
2629.25584413	330.520553428
2619.43142855	359.922608771
2609.60701296	389.324664113
2599.78259737	418.726719456
2589.95818179	448.128774799
2580.1337662	477.530830142
2570.30935061	506.932885484
2560.48493503	536.334940827
2550.66051944	565.73699617
2540.83610385	595.139051513
2531.01168827	624.541106856
2521.18727268	653.943162198
2511.36285709	683.345217541
2501.53844151	712.747272884
2491.71402592	742.149328227
2481.88961033	771.55138357
2472.06519475	800.953438912
2462.24077916	830.355494255
2452.41636357	859.757549598
2442.59194799	889.159604941
2432.7675324	918.561660283
2422.94311681	947.963715626
2413.11870123	977.365770969
2403.29428564	1006.76782631
2393.46987005	1036.16988165
2383.64545447	1065.571937
2373.82103888	1094.97399234
2363.99662329	1124.37604768
2354.17220771	1153.77810303
2344.34779212	1183.18015837
2334.52337653	1212.58221371
2324.69896095	1241.98426905
2314.87454536	1271.3863244
2305.05012977	1300.78837974
2295.22571419	1330.19043508
2285.4012986	1359.59249043
2275.57688301	1388.99454577
2265.75246743	1418.39660111
2255.92805184	1447.79865645
2246.10363625	1477.2007118
2236.27922067	1506.60276714
2226.45480508	1536.00482248
2216.63038949	1565.40687782
2206.80597391	1594.80893317
2196.98155832	1624.21098851
2187.15714273	1653.61304385
2177.33272715	1683.0150992
2167.50831156	1712.41715454
2157.68389597	1741.81920988
2147.85948039	1771.22126522
2138.0350648	1800.62332057
2128.21064921	1830.02537591
2118.38623363	1859.42743125
2108.56181804	1888.8294866
2098.73740245	1918.23154194
2088.91298687	1947.63359728
2079.08857128	1977.03565262
2069.26415569	2006.43770797
2059.4397401	2035.83976331
2049.61532452	2065.24181865
2039.79090893	2094.64387399
2029.96649334	2124.04592934
2020.14207776	2153.44798468
2010.31766217	2182.85004002
2000.49324658	2212.25209537
1990.668831	2241.65415071
1980.84441541	2271.05620605
1971.01999982	2300.45826139
1961.19558424	2329.86031674
1951.37116865	2359.26237208
1941.54675306	2388.66442742
1931.72233748	2418.06648277
1921.89792189	2447.46853811
1912.0735063	2476.87059345
1902.24909072	2506.27264879
1892.42467513	2535.67470414
1882.60025954	2565.07675948
1872.77584396	2594.47881482
1862.95142837	2623.88087016
1853.12701278	2653.28292551
1843.3025972	2682.68498085
1833.47818161	2712.08703619
1823.65376602	2741.48909154
1813.82935044	2770.89114688
1804.00493485	2800.29320222
1794.18051926	2829.69525756
1784.35610368	2859.09731291
1774.53168809	2888.49936825
1764.7072725	2917.90142359
1754.88285692	2947.30347894
1745.05844133	2976.70553428
1735.23402574	3006.10758962
1725.40961016	3035.50964496
1715.58519457	3064.91170031
1705.76077898	3094.31375565
1695.9363634	3123.71581099
1686.11194781	3153.11786633
1676.28753222	3182.51992168
1666.46311664	3211.92197702
1656.63870105	3241.32403236
1646.81428546	3270.72608771
1636.98986988	3300.12814305
1627.16545429	3329.53019839
1617.3410387	3358.93225373
1607.51662312	3388.33430908
1597.69220753	3417.73636442
1587.86779194	3447.13841976
1578.04337636	3476.54047511
1568.21896077	3505.94253045
1558.39454518	3535.34458579
1548.5701296	3564.74664113
1538.74571401	3594.14869648
1528.92129842	3623.55075182
#helix: (3987.5, 477.4999999999999),(4158.5, -89.50000000000011),310
4032.25497831	329.101914039
4041.20597397	299.422296847
4050.15696963	269.742679655
4059.10796529	240.063062463
4068.05896095	210.38344527
4077.00995661	180.703828078
4085.96095227	151.024210886
4094.91194793	121.344593694
4103.86294359	91.6649765017
4112.81393926	61.9853593095
4121.76493492	32.3057421173
#helix: (1863.5, 621.4999999999999),(4563.5, 1251.5),310
2014.44538751	656.720590419
2044.63446501	663.764708503
2074.82354251	670.808826587
2105.01262002	677.85294467
2135.20169752	684.897062754
2165.39077502	691.941180838
2195.57985252	698.985298922
2225.76893002	706.029417006
2255.95800753	713.073535089
2286.14708503	720.117653173
2316.33616253	727.161771257
2346.52524003	734.205889341
2376.71431753	741.250007425
2406.90339504	748.294125508
2437.09247254	755.338243592
2467.28155004	762.382361676
2497.47062754	769.42647976
2527.65970504	776.470597844
2557.84878255	783.514715927
2588.03786005	790.558834011
2618.22693755	797.602952095
2648.41601505	804.647070179
2678.60509255	811.691188263
2708.79417006	818.735306346
2738.98324756	825.77942443
2769.17232506	832.823542514
2799.36140256	839.867660598
2829.55048006	846.911778682
2859.73955757	853.955896765
2889.92863507	861.000014849
2920.11771257	868.044132933
2950.30679007	875.088251017
2980.49586757	882.132369101
3010.68494508	889.176487184
3040.87402258	896.220605268
3071.06310008	903.264723352
3101.25217758	910.308841436
3131.44125508	917.35295952
3161.63033259	924.397077603
3191.81941009	931.441195687
3222.00848759	938.485313771
3252.19756509	945.529431855
3282.38664259	952.573549939
3312.5757201	959.617668022
3342.7647976	966.661786106
3372.9538751	973.70590419
3403.1429526	980.750022274
3433.3320301	987.794140358
3463.52110761	994.838258441
3493.71018511	1001.88237653
3523.89926261	1008.92649461
3554.08834011	1015.97061269
3584.27741761	1023.01473078
3614.46649512	1030.05884886
3644.65557262	1037.10296694
3674.84465012	1044.14708503
3705.03372762	1051.19120311
3735.22280512	1058.2353212
3765.41188263	1065.27943928
3795.60096013	1072.32355736
3825.79003763	1079.36767545
3855.97911513	1086.41179353
3886.16819263	1093.45591161
3916.35727014	1100.5000297
3946.54634764	1107.54414778
3976.73542514	1114.58826587
4006.92450264	1121.63238395
4037.11358014	1128.67650203
4067.30265765	1135.72062012
4097.49173515	1142.7647382
4127.68081265	1149.80885628
4157.86989015	1156.85297437
4188.05896765	1163.89709245
4218.24804516	1170.94121054
4248.43712266	1177.98532862
4278.62620016	1185.0294467
4308.81527766	1192.07356479
4339.00435516	1199.11768287
4369.19343267	1206.16180096
4399.38251017	1213.20591904
4429.57158767	1220.25003712
#helix: (4446.5, 657.4999999999999),(4590.5, 90.49999999999989),310
4484.65384615	507.269230769
4492.28461538	477.223076923
4499.91538462	447.176923077
4507.54615385	417.130769231
4515.17692308	387.084615385
4522.80769231	357.038461538
4530.43846154	326.992307692
4538.06923077	296.946153846
4545.7	266.9
4553.33076923	236.853846154
#helix: (513.5, 216.4999999999999),(1845.5, 648.4999999999999),310
660.939536937	264.318228196
690.427444324	273.881873835
719.915351712	283.445519474
749.403259099	293.009165113
778.891166487	302.572810752
808.379073874	312.136456392
837.866981262	321.700102031
867.354888649	331.26374767
896.842796036	340.827393309
926.330703424	350.391038948
955.818610811	359.954684587
985.306518199	369.518330227
1014.79442559	379.081975866
1044.28233297	388.645621505
1073.77024036	398.209267144
1103.25814775	407.772912783
1132.74605514	417.336558422
1162.23396252	426.900204062
1191.72186991	436.463849701
1221.2097773	446.02749534
1250.69768469	455.591140979
1280.18559207	465.154786618
1309.67349946	474.718432257
1339.16140685	484.282077896
1368.64931423	493.845723536
1398.13722162	503.409369175
1427.62512901	512.973014814
1457.1130364	522.536660453
1486.60094378	532.100306092
1516.08885117	541.663951731
1545.57675856	551.227597371
1575.06466595	560.79124301
1604.55257333	570.354888649
1634.04048072	579.918534288
1663.52838811	589.482179927
1693.0162955	599.045825566
1722.50420288	608.609471206
#helix: (4122.5, 3888.5),(4743.5, 2799.5),310
4199.28166735	3753.85388769
4214.63800082	3726.92466523
4229.99433429	3699.99544277
4245.35066776	3673.06622031
4260.70700123	3646.13699785
4276.0633347	3619.20777539
4291.41966817	3592.27855293
4306.77600164	3565.34933046
4322.13233511	3538.420108
4337.48866858	3511.49088554
4352.84500204	3484.56166308
4368.20133551	3457.63244062
4383.55766898	3430.70321816
4398.91400245	3403.7739957
4414.27033592	3376.84477324
4429.62666939	3349.91555077
4444.98300286	3322.98632831
4460.33933633	3296.05710585
4475.6956698	3269.12788339
4491.05200327	3242.19866093
4506.40833674	3215.26943847
4521.76467021	3188.34021601
4537.12100368	3161.41099355
4552.47733715	3134.48177108
4567.83367062	3107.55254862
4583.19000409	3080.62332616
4598.54633756	3053.6941037
4613.90267103	3026.76488124
4629.2590045	2999.83565878
4644.61533797	2972.90643632
4659.97167144	2945.97721386
4675.32800491	2919.04799139
#helix: (3105.5, -26.5),(2052.5, 3924.5),310
3065.58352399	123.272076647
3057.60022879	153.226491976
3049.61693359	183.180907305
3041.63363839	213.135322635
3033.65034318	243.089737964
3025.66704798	273.044153293
3017.68375278	302.998568623
3009.70045758	332.952983952
3001.71716238	362.907399282
2993.73386718	392.861814611
2985.75057197	422.81622994
2977.76727677	452.77064527
2969.78398157	482.725060599
2961.80068637	512.679475928
2953.81739117	542.633891258
2945.83409597	572.588306587
2937.85080076	602.542721916
2929.86750556	632.497137246
2921.88421036	662.451552575
2913.90091516	692.405967904
2905.91761996	722.360383234
2897.93432476	752.314798563
2889.95102955	782.269213892
2881.96773435	812.223629222
2873.98443915	842.178044551
2866.00114395	872.13245988
2858.01784875	902.08687521
2850.03455355	932.041290539
2842.05125834	961.995705868
2834.06796314	991.950121198
2826.08466794	1021.90453653
2818.10137274	1051.85895186
2810.11807754	1081.81336719
2802.13478234	1111.76778252
2794.15148713	1141.72219784
2786.16819193	1171.67661317
2778.18489673	1201.6310285
2770.20160153	1231.58544383
2762.21830633	1261.53985916
2754.23501113	1291.49427449
2746.25171592	1321.44868982
2738.26842072	1351.40310515
2730.28512552	1381.35752048
2722.30183032	1411.31193581
2714.31853512	1441.26635114
2706.33523992	1471.22076647
2698.35194471	1501.1751818
2690.36864951	1531.12959713
2682.38535431	1561.08401246
2674.40205911	1591.03842778
2666.41876391	1620.99284311
2658.43546871	1650.94725844
2650.4521735	1680.90167377
2642.4688783	1710.8560891
2634.4855831	1740.81050443
2626.5022879	1770.76491976
2618.5189927	1800.71933509
2610.5356975	1830.67375042
2602.55240229	1860.62816575
2594.56910709	1890.58258108
2586.58581189	1920.53699641
2578.60251669	1950.49141174
2570.61922149	1980.44582707
2562.63592629	2010.4002424
2554.65263108	2040.35465772
2546.66933588	2070.30907305
2538.68604068	2100.26348838
2530.70274548	2130.21790371
2522.71945028	2160.17231904
2514.73615508	2190.12673437
2506.75285987	2220.0811497
2498.76956467	2250.03556503
2490.78626947	2279.98998036
2482.80297427	2309.94439569
2474.81967907	2339.89881102
2466.83638387	2369.85322635
2458.85308866	2399.80764168
2450.86979346	2429.76205701
2442.88649826	2459.71647234
2434.90320306	2489.67088767
2426.91990786	2519.62530299
2418.93661266	2549.57971832
2410.95331745	2579.53413365
2402.97002225	2609.48854898
2394.98672705	2639.44296431
2387.00343185	2669.39737964
2379.02013665	2699.35179497
2371.03684145	2729.3062103
2363.05354624	2759.26062563
2355.07025104	2789.21504096
2347.08695584	2819.16945629
2339.10366064	2849.12387162
2331.12036544	2879.07828695
2323.13707024	2909.03270228
2315.15377503	2938.98711761
2307.17047983	2968.94153293
2299.18718463	2998.89594826
2291.20388943	3028.85036359
2283.22059423	3058.80477892
2275.23729903	3088.75919425
2267.25400382	3118.71360958
2259.27070862	3148.66802491
2251.28741342	3178.62244024
2243.30411822	3208.57685557
2235.32082302	3238.5312709
2227.33752782	3268.48568623
2219.35423261	3298.44010156
2211.37093741	3328.39451689
2203.38764221	3358.34893222
2195.40434701	3388.30334755
2187.42105181	3418.25776287
2179.43775661	3448.2121782
2171.4544614	3478.16659353
2163.4711662	3508.12100886
2155.487871	3538.07542419
2147.5045758	3568.02983952
2139.5212806	3597.98425485
2131.5379854	3627.93867018
2123.55469019	3657.89308551
2115.57139499	3687.84750084
2107.58809979	3717.80191617
2099.60480459	3747.7563315
2091.62150939	3777.71074683
#helix: (4599.5, 3996.5),(5238.5, 2745.5),310
4670.00721774	3858.46474274
4684.10866128	3830.85769129
4698.21010483	3803.25063984
4712.31154838	3775.64358838
4726.41299193	3748.03653693
4740.51443547	3720.42948548
4754.61587902	3692.82243403
4768.71732257	3665.21538258
4782.81876612	3637.60833112
4796.92020966	3610.00127967
4811.02165321	3582.39422822
4825.12309676	3554.78717677
4839.22454031	3527.18012531
4853.32598385	3499.57307386
4867.4274274	3471.96602241
4881.52887095	3444.35897096
4895.6303145	3416.75191951
4909.73175804	3389.14486805
4923.83320159	3361.5378166
4937.93464514	3333.93076515
4952.03608869	3306.3237137
4966.13753223	3278.71666225
4980.23897578	3251.10961079
4994.34041933	3223.50255934
5008.44186288	3195.89550789
5022.54330642	3168.28845644
5036.64474997	3140.68140499
5050.74619352	3113.07435353
5064.84763707	3085.46730208
5078.94908061	3057.86025063
5093.05052416	3030.25319918
5107.15196771	3002.64614773
5121.25341126	2975.03909627
5135.3548548	2947.43204482
5149.45629835	2919.82499337
5163.5577419	2892.21794192
5177.65918545	2864.61089046
#helix: (4446.5, 1215.5),(4725.5, 1251.5),310
4600.22556933	1235.33555733
