#micrograph: ../Source/micrographs/Microtubules_00082.mrc
#particle length: 300
#particle width: 300
#helix: (3537.5, 3843.5),(4095.5, 4131.5),300
3670.79309856	3912.29643797
3697.45171827	3926.05572556
3724.11033798	3939.81501315
3750.76895769	3953.57430074
3777.4275774	3967.33358834
3804.08619712	3981.09287593
3830.74481683	3994.85216352
3857.40343654	4008.61145112
3884.06205625	4022.37073871
3910.72067596	4036.1300263
3937.37929567	4049.8893139
3964.03791539	4063.64860149
#helix: (1674.5, 3321.5),(3753.5, 3960.5),300
1817.88026508	3365.56925896
1846.5563181	3374.38311076
1875.23237111	3383.19696255
1903.90842413	3392.01081434
1932.58447714	3400.82466614
1961.26053016	3409.63851793
1989.93658318	3418.45236972
2018.61263619	3427.26622151
2047.28868921	3436.08007331
2075.96474222	3444.8939251
2104.64079524	3453.70777689
2133.31684826	3462.52162868
2161.99290127	3471.33548048
2190.66895429	3480.14933227
2219.3450073	3488.96318406
2248.02106032	3497.77703586
2276.69711334	3506.59088765
2305.37316635	3515.40473944
2334.04921937	3524.21859123
2362.72527238	3533.03244303
2391.4013254	3541.84629482
2420.07737842	3550.66014661
2448.75343143	3559.47399841
2477.42948445	3568.2878502
2506.10553746	3577.10170199
2534.78159048	3585.91555378
2563.4576435	3594.72940558
2592.13369651	3603.54325737
2620.80974953	3612.35710916
2649.48580254	3621.17096095
2678.16185556	3629.98481275
2706.83790857	3638.79866454
2735.51396159	3647.61251633
2764.19001461	3656.42636813
2792.86606762	3665.24021992
2821.54212064	3674.05407171
2850.21817365	3682.8679235
2878.89422667	3691.6817753
2907.57027969	3700.49562709
2936.2463327	3709.30947888
2964.92238572	3718.12333068
2993.59843873	3726.93718247
3022.27449175	3735.75103426
3050.95054477	3744.56488605
3079.62659778	3753.37873785
3108.3026508	3762.19258964
3136.97870381	3771.00644143
3165.65475683	3779.82029322
3194.33080985	3788.63414502
3223.00686286	3797.44799681
3251.68291588	3806.2618486
3280.35896889	3815.0757004
3309.03502191	3823.88955219
3337.71107493	3832.70340398
3366.38712794	3841.51725577
3395.06318096	3850.33110757
3423.73923397	3859.14495936
3452.41528699	3867.95881115
3481.09134001	3876.77266295
3509.76739302	3885.58651474
3538.44344604	3894.40036653
3567.11949905	3903.21421832
3595.79555207	3912.02807012
3624.47160509	3920.84192191
#helix: (1755.5, 3330.5),(846.5, 3195.5),300
1607.12737764	3308.46446203
1577.45285317	3304.05735443
1547.7783287	3299.65024684
1518.10380422	3295.24313924
1488.42927975	3290.83603165
1458.75475528	3286.42892405
1429.08023081	3282.02181646
1399.40570633	3277.61470886
1369.73118186	3273.20760127
1340.05665739	3268.80049367
1310.38213292	3264.39338608
1280.70760845	3259.98627848
1251.03308397	3255.57917089
1221.3585595	3251.17206329
1191.68403503	3246.7649557
1162.00951056	3242.3578481
1132.33498609	3237.95074051
1102.66046161	3233.54363291
1072.98593714	3229.13652532
1043.31141267	3224.72941772
1013.6368882	3220.32231013
983.962363725	3215.91520253
#helix: (90.5, 1791.5),(1314.5, 1836.5),300
240.39872938	1797.0109827
270.378475256	1798.11317924
300.358221132	1799.21537578
330.337967008	1800.31757232
360.317712884	1801.41976886
390.29745876	1802.5219654
420.277204636	1803.62416194
450.256950512	1804.72635847
480.236696388	1805.82855501
510.216442264	1806.93075155
540.19618814	1808.03294809
570.175934016	1809.13514463
600.155679892	1810.23734117
630.135425768	1811.33953771
660.115171644	1812.44173425
690.09491752	1813.54393079
720.074663396	1814.64612733
750.054409272	1815.74832387
780.034155147	1816.85052041
810.013901023	1817.95271695
839.993646899	1819.05491349
869.973392775	1820.15711003
899.953138651	1821.25930657
929.932884527	1822.36150311
959.912630403	1823.46369965
989.892376279	1824.56589619
1019.87212216	1825.66809273
1049.85186803	1826.77028927
1079.83161391	1827.87248581
1109.81135978	1828.97468234
1139.79110566	1830.07687888
1169.77085154	1831.17907542
#helix: (4851.5, 2223.5),(3861.5, 3150.5),300
4742.00735703	2326.02492933
4720.10882843	2346.5299152
4698.21029984	2367.03490106
4676.31177124	2387.53988693
4654.41324265	2408.0448728
4632.51471405	2428.54985866
4610.61618546	2449.05484453
4588.71765686	2469.55983039
4566.81912827	2490.06481626
4544.92059967	2510.56980213
4523.02207108	2531.07478799
4501.12354248	2551.57977386
4479.22501389	2572.08475973
4457.32648529	2592.58974559
4435.4279567	2613.09473146
4413.5294281	2633.59971732
4391.63089951	2654.10470319
4369.73237091	2674.60968906
4347.83384232	2695.11467492
4325.93531372	2715.61966079
4304.03678513	2736.12464666
4282.13825653	2756.62963252
4260.23972794	2777.13461839
4238.34119934	2797.63960425
4216.44267075	2818.14459012
4194.54414215	2838.64957599
4172.64561356	2859.15456185
4150.74708496	2879.65954772
4128.84855637	2900.16453359
4106.95002777	2920.66951945
4085.05149918	2941.17450532
4063.15297058	2961.67949118
4041.25444199	2982.18447705
4019.35591339	3002.68946292
3997.4573848	3023.19444878
3975.5588562	3043.69943465
3953.66032761	3064.20442052
#helix: (5031.5, 2097.5),(5841.5, 1584.5),300
5158.22286133	2017.24218782
5183.5674336	2001.19062539
5208.91200587	1985.13906295
5234.25657813	1969.08750052
5259.6011504	1953.03593808
5284.94572267	1936.98437564
5310.29029493	1920.93281321
5335.6348672	1904.88125077
5360.97943947	1888.82968834
5386.32401173	1872.7781259
5411.668584	1856.72656347
5437.01315627	1840.67500103
5462.35772853	1824.6234386
5487.7023008	1808.57187616
5513.04687307	1792.52031372
5538.39144533	1776.46875129
5563.7360176	1760.41718885
5589.08058987	1744.36562642
5614.42516213	1728.31406398
5639.7697344	1712.26250155
5665.11430667	1696.21093911
5690.45887893	1680.15937668
5715.8034512	1664.10781424
#helix: (666.5, 3978.5),(1782.5, 3501.5),300
804.429223581	3919.54638024
832.015068297	3907.75565629
859.600913013	3895.96493234
887.186757729	3884.17420839
914.772602446	3872.38348444
942.358447162	3860.59276049
969.944291878	3848.80203654
997.530136594	3837.01131258
1025.11598131	3825.22058863
1052.70182603	3813.42986468
1080.28767074	3801.63914073
1107.87351546	3789.84841678
1135.45936017	3778.05769283
1163.04520489	3766.26696888
1190.63104961	3754.47624493
1218.21689432	3742.68552097
1245.80273904	3730.89479702
1273.38858376	3719.10407307
1300.97442847	3707.31334912
1328.56027319	3695.52262517
1356.1461179	3683.73190122
1383.73196262	3671.94117727
1411.31780734	3660.15045332
1438.90365205	3648.35972936
1466.48949677	3636.56900541
1494.07534149	3624.77828146
1521.6611862	3612.98755751
1549.24703092	3601.19683356
1576.83287563	3589.40610961
1604.41872035	3577.61538566
1632.00456507	3565.82466171
1659.59040978	3554.03393775
#helix: (171.50000000000003, 2727.5),(1629.5, 2853.5),300
320.942990005	2740.4148263
350.831588006	2742.99779156
380.720186007	2745.58075682
410.608784008	2748.16372207
440.49738201	2750.74668733
470.385980011	2753.32965259
500.274578012	2755.91261785
530.163176013	2758.49558311
560.051774014	2761.07854837
589.940372015	2763.66151363
619.828970016	2766.24447889
649.717568017	2768.82744415
679.606166018	2771.41040941
709.494764019	2773.99337467
739.38336202	2776.57633993
769.271960021	2779.15930519
799.160558022	2781.74227045
829.049156023	2784.32523571
858.937754024	2786.90820097
888.826352025	2789.49116622
918.714950027	2792.07413148
948.603548028	2794.65709674
978.492146029	2797.240062
1008.38074403	2799.82302726
1038.26934203	2802.40599252
1068.15794003	2804.98895778
1098.04653803	2807.57192304
1127.93513603	2810.1548883
1157.82373403	2812.73785356
1187.71233204	2815.32081882
1217.60093004	2817.90378408
1247.48952804	2820.48674934
1277.37812604	2823.0697146
1307.26672404	2825.65267986
1337.15532204	2828.23564511
1367.04392004	2830.81861037
1396.93251804	2833.40157563
1426.82111604	2835.98454089
1456.70971405	2838.56750615
1486.59831205	2841.15047141
#helix: (3501.5, 2763.5),(1962.5, 2412.5),300
3355.25531697	2730.14594948
3326.00638037	2723.47513938
3296.75744376	2716.80432928
3267.50850715	2710.13351918
3238.25957055	2703.46270907
3209.01063394	2696.79189897
3179.76169734	2690.12108887
3150.51276073	2683.45027876
3121.26382412	2676.77946866
3092.01488752	2670.10865856
3062.76595091	2663.43784845
3033.51701431	2656.76703835
3004.2680777	2650.09622825
2975.0191411	2643.42541814
2945.77020449	2636.75460804
2916.52126788	2630.08379794
2887.27233128	2623.41298784
2858.02339467	2616.74217773
2828.77445807	2610.07136763
2799.52552146	2603.40055753
2770.27658486	2596.72974742
2741.02764825	2590.05893732
2711.77871164	2583.38812722
2682.52977504	2576.71731711
2653.28083843	2570.04650701
2624.03190183	2563.37569691
2594.78296522	2556.7048868
2565.53402862	2550.0340767
2536.28509201	2543.3632666
2507.0361554	2536.6924565
2477.7872188	2530.02164639
2448.53828219	2523.35083629
2419.28934559	2516.68002619
2390.04040898	2510.00921608
2360.79147237	2503.33840598
2331.54253577	2496.66759588
2302.29359916	2489.99678577
2273.04466256	2483.32597567
2243.79572595	2476.65516557
2214.54678935	2469.98435546
2185.29785274	2463.31354536
2156.04891613	2456.64273526
2126.79997953	2449.97192516
2097.55104292	2443.30111505
#helix: (2034.5, 2439.5),(927.5, 2241.5),300
1886.84328893	2413.08985656
1857.31194672	2407.80782787
1827.78060451	2402.52579918
1798.24926229	2397.24377049
1768.71792008	2391.9617418
1739.18657786	2386.67971311
1709.65523565	2381.39768443
1680.12389344	2376.11565574
1650.59255122	2370.83362705
1621.06120901	2365.55159836
1591.5298668	2360.26956967
1561.99852458	2354.98754098
1532.46718237	2349.70551229
1502.93584016	2344.42348361
1473.40449794	2339.14145492
1443.87315573	2333.85942623
1414.34181352	2328.57739754
1384.8104713	2323.29536885
1355.27912909	2318.01334016
1325.74778688	2312.73131147
1296.21644466	2307.44928279
1266.68510245	2302.1672541
1237.15376023	2296.88522541
1207.62241802	2291.60319672
1178.09107581	2286.32116803
1148.55973359	2281.03913934
1119.02839138	2275.75711065
1089.49704917	2270.47508196
1059.96570695	2265.19305328
#helix: (4077.5, 2448.5),(5895.5, 3267.5),300
4214.26287782	2510.11099942
4241.61545339	2522.4331993
4268.96802895	2534.75539918
4296.32060452	2547.07759907
4323.67318008	2559.39979895
4351.02575565	2571.72199883
4378.37833121	2584.04419872
4405.73090678	2596.3663986
4433.08348234	2608.68859848
4460.43605791	2621.01079837
4487.78863347	2633.33299825
4515.14120904	2645.65519813
4542.4937846	2657.97739801
4569.84636017	2670.2995979
4597.19893573	2682.62179778
4624.5515113	2694.94399766
4651.90408686	2707.26619755
4679.25666243	2719.58839743
4706.60923799	2731.91059731
4733.96181356	2744.2327972
4761.31438912	2756.55499708
4788.66696469	2768.87719696
4816.01954025	2781.19939685
4843.37211582	2793.52159673
4870.72469138	2805.84379661
4898.07726695	2818.1659965
4925.42984251	2830.48819638
4952.78241808	2842.81039626
4980.13499364	2855.13259615
5007.48756921	2867.45479603
5034.84014477	2879.77699591
5062.19272034	2892.0991958
5089.5452959	2904.42139568
5116.89787147	2916.74359556
5144.25044703	2929.06579545
5171.6030226	2941.38799533
5198.95559816	2953.71019521
5226.30817373	2966.0323951
5253.66074929	2978.35459498
5281.01332486	2990.67679486
5308.36590042	3002.99899475
5335.71847599	3015.32119463
5363.07105155	3027.64339451
5390.42362712	3039.9655944
5417.77620268	3052.28779428
5445.12877825	3064.60999416
5472.48135381	3076.93219404
5499.83392938	3089.25439393
5527.18650494	3101.57659381
5554.53908051	3113.89879369
5581.89165607	3126.22099358
5609.24423164	3138.54319346
5636.5968072	3150.86539334
5663.94938277	3163.18759323
5691.30195833	3175.50979311
5718.6545339	3187.83199299
5746.00710946	3200.15419288
5773.35968503	3212.47639276
#helix: (3690.5, 2052.5),(3159.5, 1485.5),300
3587.96665299	1943.01523964
3567.45998359	1921.11828756
3546.95331419	1899.22133549
3526.44664479	1877.32438342
3505.93997539	1855.42743135
3485.43330599	1833.53047927
3464.92663659	1811.6335272
3444.41996718	1789.73657513
3423.91329778	1767.83962306
3403.40662838	1745.94267098
3382.89995898	1724.04571891
3362.39328958	1702.14876684
3341.88662018	1680.25181477
3321.37995078	1658.35486269
3300.87328138	1636.45791062
3280.36661197	1614.56095855
3259.85994257	1592.66400648
#helix: (5697.5, 2313.5),(5310.5, 2376.5),300
5549.44890951	2337.60134031
5519.83869141	2342.42160837
5490.22847331	2347.24187644
5460.61825522	2352.0621445
5431.00803712	2356.88241256
#helix: (2556.5, 3060.5),(1449.5, 2871.5),300
2408.63953617	3035.25553057
2379.06744341	3030.20663668
2349.49535064	3025.15774279
2319.92325788	3020.10884891
2290.35116511	3015.05995502
2260.77907235	3010.01106113
2231.20697958	3004.96216725
2201.63488682	2999.91327336
2172.06279405	2994.86437947
2142.49070129	2989.81548559
2112.91860852	2984.7665917
2083.34651576	2979.71769781
2053.77442299	2974.66880393
2024.20233022	2969.61991004
1994.63023746	2964.57101615
1965.05814469	2959.52212226
1935.48605193	2954.47322838
1905.91395916	2949.42433449
1876.3418664	2944.3754406
1846.76977363	2939.32654672
1817.19768087	2934.27765283
1787.6255881	2929.22875894
1758.05349534	2924.17986506
1728.48140257	2919.13097117
1698.90930981	2914.08207728
1669.33721704	2909.0331834
1639.76512428	2903.98428951
1610.19303151	2898.93539562
1580.62093874	2893.88650174
#helix: (4266.5, 2547.5),(3663.5, 2331.5),300
4125.28646108	2496.91604576
4097.0437533	2486.79925491
4068.80104552	2476.68246407
4040.55833773	2466.56567322
4012.31562995	2456.44888237
3984.07292217	2446.33209152
3955.83021438	2436.21530067
3927.5875066	2426.09850983
3899.34479882	2415.98171898
3871.10209103	2405.86492813
3842.85938325	2395.74813728
3814.61667546	2385.63134644
3786.37396768	2375.51455559
#helix: (2655.5, 2043.5),(1287.5, 1845.5),300
2507.04689437	2022.01336629
2477.35627324	2017.71603955
2447.66565212	2013.41871281
2417.97503099	2009.12138606
2388.28440986	2004.82405932
2358.59378874	2000.52673258
2328.90316761	1996.22940584
2299.21254648	1991.9320791
2269.52192536	1987.63475235
2239.83130423	1983.33742561
2210.1406831	1979.04009887
2180.45006198	1974.74277213
2150.75944085	1970.44544539
2121.06881972	1966.14811864
2091.3781986	1961.8507919
2061.68757747	1957.55346516
2031.99695635	1953.25613842
2002.30633522	1948.95881168
1972.61571409	1944.66148493
1942.92509297	1940.36415819
1913.23447184	1936.06683145
1883.54385071	1931.76950471
1853.85322959	1927.47217797
1824.16260846	1923.17485122
1794.47198733	1918.87752448
1764.78136621	1914.58019774
1735.09074508	1910.282871
1705.40012395	1905.98554426
1675.70950283	1901.68821751
1646.0188817	1897.39089077
1616.32826058	1893.09356403
1586.63763945	1888.79623729
1556.94701832	1884.49891055
1527.2563972	1880.2015838
1497.56577607	1875.90425706
1467.87515494	1871.60693032
1438.18453382	1867.30960358
1408.49391269	1863.01227684
#helix: (3627.5, 2313.5),(2538.5, 2052.5),300
3481.63096905	2278.53965374
3452.45716286	2271.54758449
3423.28335667	2264.55551524
3394.10955048	2257.56344598
3364.9357443	2250.57137673
3335.76193811	2243.57930748
3306.58813192	2236.58723823
3277.41432573	2229.59516898
3248.24051954	2222.60309972
3219.06671335	2215.61103047
3189.89290716	2208.61896122
3160.71910097	2201.62689197
3131.54529478	2194.63482272
3102.37148859	2187.64275346
3073.1976824	2180.65068421
3044.02387621	2173.65861496
3014.85007002	2166.66654571
2985.67626383	2159.67447646
2956.50245764	2152.6824072
2927.32865145	2145.69033795
2898.15484527	2138.6982687
2868.98103908	2131.70619945
2839.80723289	2124.7141302
2810.6334267	2117.72206094
2781.45962051	2110.72999169
2752.28581432	2103.73792244
2723.11200813	2096.74585319
2693.93820194	2089.75378394
2664.76439575	2082.76171468
#helix: (2475.5, 3024.5),(4077.5, 3510.5),300
2619.04008926	3068.04586978
2647.74810711	3076.75504373
2676.45612497	3085.46421769
2705.16414282	3094.17339164
2733.87216067	3102.8825656
2762.58017852	3111.59173955
2791.28819638	3120.30091351
2819.99621423	3129.01008746
2848.70423208	3137.71926142
2877.41224993	3146.42843537
2906.12026779	3155.13760933
2934.82828564	3163.84678328
2963.53630349	3172.55595724
2992.24432134	3181.26513119
3020.9523392	3189.97430515
3049.66035705	3198.6834791
3078.3683749	3207.39265306
3107.07639275	3216.10182702
3135.78441061	3224.81100097
3164.49242846	3233.52017493
3193.20044631	3242.22934888
3221.90846416	3250.93852284
3250.61648202	3259.64769679
3279.32449987	3268.35687075
3308.03251772	3277.0660447
3336.74053557	3285.77521866
3365.44855343	3294.48439261
3394.15657128	3303.19356657
3422.86458913	3311.90274052
3451.57260698	3320.61191448
3480.28062484	3329.32108843
3508.98864269	3338.03026239
3537.69666054	3346.73943634
3566.40467839	3355.4486103
3595.11269625	3364.15778425
3623.8207141	3372.86695821
3652.52873195	3381.57613216
3681.2367498	3390.28530612
3709.94476766	3398.99448008
3738.65278551	3407.70365403
3767.36080336	3416.41282799
3796.06882121	3425.12200194
3824.77683907	3433.8311759
3853.48485692	3442.54034985
3882.19287477	3451.24952381
3910.90089262	3459.95869776
3939.60891048	3468.66787172
#helix: (4581.5, 3240.5),(5715.5, 3735.5),300
4718.97363403	3300.50833231
4746.46836083	3312.50999878
4773.96308764	3324.51166524
4801.45781445	3336.5133317
4828.95254125	3348.51499816
4856.44726806	3360.51666463
4883.94199486	3372.51833109
4911.43672167	3384.51999755
4938.93144847	3396.52166402
4966.42617528	3408.52333048
4993.92090208	3420.52499694
5021.41562889	3432.5266634
5048.9103557	3444.52832987
5076.4050825	3456.52999633
5103.89980931	3468.53166279
5131.39453611	3480.53332926
5158.88926292	3492.53499572
5186.38398972	3504.53666218
5213.87871653	3516.53832864
5241.37344334	3528.53999511
5268.86817014	3540.54166157
5296.36289695	3552.54332803
5323.85762375	3564.54499449
5351.35235056	3576.54666096
5378.84707736	3588.54832742
5406.34180417	3600.54999388
5433.83653097	3612.55166035
5461.33125778	3624.55332681
5488.82598459	3636.55499327
5516.32071139	3648.55665973
5543.8154382	3660.5583262
5571.310165	3672.55999266
5598.80489181	3684.56165912
#helix: (3825.5, 3429.5),(5058.5, 3978.5),300
3962.5304546	3490.51356008
3989.93654552	3502.71627209
4017.34263643	3514.91898411
4044.74872735	3527.12169612
4072.15481827	3539.32440814
4099.56090919	3551.52712015
4126.96700011	3563.72983217
4154.37309103	3575.93254418
4181.77918195	3588.1352562
4209.18527287	3600.33796821
4236.59136379	3612.54068023
4263.99745471	3624.74339224
4291.40354563	3636.94610426
4318.80963655	3649.14881627
4346.21572747	3661.35152829
4373.62181839	3673.5542403
4401.0279093	3685.75695232
4428.43400022	3697.95966433
4455.84009114	3710.16237635
4483.24618206	3722.36508836
4510.65227298	3734.56780038
4538.0583639	3746.77051239
4565.46445482	3758.97322441
4592.87054574	3771.17593642
4620.27663666	3783.37864844
4647.68272758	3795.58136045
4675.0888185	3807.78407247
4702.49490942	3819.98678448
4729.90100034	3832.1894965
4757.30709126	3844.39220852
4784.71318217	3856.59492053
4812.11927309	3868.79763255
4839.52536401	3881.00034456
4866.93145493	3893.20305658
4894.33754585	3905.40576859
4921.74363677	3917.60848061
#helix: (2970.5, 1629.5),(1458.5, 1359.5),300
2822.83586367	1603.13140423
2793.30303641	1597.85768507
2763.77020914	1592.58396592
2734.23738188	1587.31024676
2704.70455461	1582.03652761
2675.17172735	1576.76280845
2645.63890008	1571.4890893
2616.10607282	1566.21537015
2586.57324555	1560.94165099
2557.04041829	1555.66793184
2527.50759102	1550.39421268
2497.97476376	1545.12049353
2468.44193649	1539.84677437
2438.90910923	1534.57305522
2409.37628196	1529.29933606
2379.84345469	1524.02561691
2350.31062743	1518.75189776
2320.77780016	1513.4781786
2291.2449729	1508.20445945
2261.71214563	1502.93074029
2232.17931837	1497.65702114
2202.6464911	1492.38330198
2173.11366384	1487.10958283
2143.58083657	1481.83586367
2114.04800931	1476.56214452
2084.51518204	1471.28842536
2054.98235478	1466.01470621
2025.44952751	1460.74098706
1995.91670025	1455.4672679
1966.38387298	1450.19354875
1936.85104572	1444.91982959
1907.31821845	1439.64611044
1877.78539119	1434.37239128
1848.25256392	1429.09867213
1818.71973666	1423.82495297
1789.18690939	1418.55123382
1759.65408212	1413.27751467
1730.12125486	1408.00379551
1700.58842759	1402.73007636
1671.05560033	1397.4563572
1641.52277306	1392.18263805
1611.9899458	1386.90891889
1582.45711853	1381.63519974
#helix: (4050.5, 1935.5),(2880.5, 1665.5),300
3904.34132065	1901.771074
3875.10958477	1895.02528879
3845.8778489	1888.27950359
3816.64611303	1881.53371839
3787.41437716	1874.78793319
3758.18264129	1868.04214799
3728.95090542	1861.29636279
3699.71916955	1854.55057759
3670.48743368	1847.80479239
3641.25569781	1841.05900719
3612.02396194	1834.31322199
3582.79222607	1827.56743678
3553.5604902	1820.82165158
3524.32875432	1814.07586638
3495.09701845	1807.33008118
3465.86528258	1800.58429598
3436.63354671	1793.83851078
3407.40181084	1787.09272558
3378.17007497	1780.34694038
3348.9383391	1773.60115518
3319.70660323	1766.85536998
3290.47486736	1760.10958477
3261.24313149	1753.36379957
3232.01139562	1746.61801437
3202.77965975	1739.87222917
3173.54792387	1733.12644397
3144.316188	1726.38065877
3115.08445213	1719.63487357
3085.85271626	1712.88908837
3056.62098039	1706.14330317
3027.38924452	1699.39751797
2998.15750865	1692.65173277
#helix: (4689.5, 3276.5),(3330.5, 2763.5),300
4549.16553525	3223.52606298
4521.0986423	3212.93127557
4493.03174935	3202.33648817
4464.9648564	3191.74170076
4436.89796345	3181.14691336
4408.8310705	3170.55212595
4380.76417755	3159.95733855
4352.6972846	3149.36255114
4324.63039165	3138.76776374
4296.56349871	3128.17297633
4268.49660576	3117.57818893
4240.42971281	3106.98340152
4212.36281986	3096.38861412
4184.29592691	3085.79382671
4156.22903396	3075.19903931
4128.16214101	3064.6042519
4100.09524806	3054.0094645
4072.02835511	3043.41467709
4043.96146216	3032.81988969
4015.89456921	3022.22510228
3987.82767626	3011.63031488
3959.76078331	3001.03552747
3931.69389036	2990.44074007
3903.62699741	2979.84595266
3875.56010446	2969.25116526
3847.49321151	2958.65637786
3819.42631856	2948.06159045
3791.35942561	2937.46680305
3763.29253266	2926.87201564
3735.22563971	2916.27722824
3707.15874676	2905.68244083
3679.09185381	2895.08765343
3651.02496086	2884.49286602
3622.95806791	2873.89807862
3594.89117496	2863.30329121
3566.82428201	2852.70850381
3538.75738906	2842.1137164
3510.69049612	2831.518929
3482.62360317	2820.92414159
3454.55671022	2810.32935419
#helix: (144.50000000000003, 1305.5),(1638.5, 1395.5),300
294.228565519	1314.5197931
324.174278623	1316.32375172
354.119991727	1318.12771034
384.06570483	1319.93166897
414.011417934	1321.73562759
443.957131038	1323.53958621
473.902844142	1325.34354483
503.848557246	1327.14750345
533.794270349	1328.95146207
563.739983453	1330.75542069
593.685696557	1332.55937931
623.631409661	1334.36333793
653.577122765	1336.16729655
683.522835868	1337.97125517
713.468548972	1339.77521379
743.414262076	1341.57917241
773.35997518	1343.38313103
803.305688283	1345.18708966
833.251401387	1346.99104828
863.197114491	1348.7950069
893.142827595	1350.59896552
923.088540699	1352.40292414
953.034253802	1354.20688276
982.979966906	1356.01084138
1012.92568001	1357.8148
1042.87139311	1359.61875862
1072.81710622	1361.42271724
1102.76281932	1363.22667586
1132.70853243	1365.03063448
1162.65424553	1366.8345931
1192.59995863	1368.63855172
1222.54567174	1370.44251035
1252.49138484	1372.24646897
1282.43709794	1374.05042759
1312.38281105	1375.85438621
1342.32852415	1377.65834483
1372.27423726	1379.46230345
1402.21995036	1381.26626207
1432.16566346	1383.07022069
1462.11137657	1384.87417931
1492.05708967	1386.67813793
#helix: (3141.5, 4005.5),(3924.5, 3015.5),300
3234.55064149	3887.84976363
3253.16076979	3864.31971636
3271.77089809	3840.78966908
3290.38102639	3817.25962181
3308.99115469	3793.72957453
3327.60128298	3770.19952726
3346.21141128	3746.66947999
3364.82153958	3723.13943271
3383.43166788	3699.60938544
3402.04179618	3676.07933816
3420.65192448	3652.54929089
3439.26205278	3629.01924362
3457.87218107	3605.48919634
3476.48230937	3581.95914907
3495.09243767	3558.4291018
3513.70256597	3534.89905452
3532.31269427	3511.36900725
3550.92282257	3487.83895997
3569.53295087	3464.3089127
3588.14307916	3440.77886543
3606.75320746	3417.24881815
3625.36333576	3393.71877088
3643.97346406	3370.1887236
3662.58359236	3346.65867633
3681.19372066	3323.12862906
3699.80384895	3299.59858178
3718.41397725	3276.06853451
3737.02410555	3252.53848723
3755.63423385	3229.00843996
3774.24436215	3205.47839269
3792.85449045	3181.94834541
3811.46461875	3158.41829814
3830.07474704	3134.88825086
3848.68487534	3111.35820359
#helix: (4149.5, 1953.5),(4698.5, 2169.5),300
4289.08489275	2008.41864633
4317.00187131	2019.4023756
4344.91884986	2030.38610486
4372.83582841	2041.36983413
4400.75280696	2052.35356339
4428.66978551	2063.33729266
4456.58676406	2074.32102193
4484.50374261	2085.30475119
4512.42072116	2096.28848046
4540.33769971	2107.27220972
4568.25467826	2118.25593899
#helix: (2124.5, 252.4999999999999),(3177.5, 1476.5),300
2222.32511431	366.211243989
2241.89013718	388.953492787
2261.45516004	411.695741584
2281.0201829	434.437990382
2300.58520576	457.18023918
2320.15022863	479.922487978
2339.71525149	502.664736775
2359.28027435	525.406985573
2378.84529722	548.149234371
2398.41032008	570.891483169
2417.97534294	593.633731966
2437.5403658	616.375980764
2457.10538867	639.118229562
2476.67041153	661.86047836
2496.23543439	684.602727157
2515.80045726	707.344975955
2535.36548012	730.087224753
2554.93050298	752.829473551
2574.49552584	775.571722348
2594.06054871	798.313971146
2613.62557157	821.056219944
2633.19059443	843.798468742
2652.75561729	866.540717539
2672.32064016	889.282966337
2691.88566302	912.025215135
2711.45068588	934.767463933
2731.01570875	957.50971273
2750.58073161	980.251961528
2770.14575447	1002.99421033
2789.71077733	1025.73645912
2809.2758002	1048.47870792
2828.84082306	1071.22095672
2848.40584592	1093.96320552
2867.97086879	1116.70545431
2887.53589165	1139.44770311
2907.10091451	1162.18995191
2926.66593737	1184.93220071
2946.23096024	1207.67444951
2965.7959831	1230.4166983
2985.36100596	1253.1589471
3004.92602882	1275.9011959
3024.49105169	1298.6434447
3044.05607455	1321.38569349
3063.62109741	1344.12794229
3083.18612028	1366.87019109
#helix: (180.50000000000003, 3177.5),(1098.5000000000002, 3240.5),300
330.148013307	3187.7699617
360.077615968	3189.82395404
390.00721863	3191.87794638
419.936821291	3193.93193872
449.866423953	3195.98593106
479.796026614	3198.0399234
509.725629275	3200.09391573
539.655231937	3202.14790807
569.584834598	3204.20190041
599.51443726	3206.25589275
629.444039921	3208.30988509
659.373642582	3210.36387743
689.303245244	3212.41786977
719.232847905	3214.47186211
749.162450567	3216.52585445
779.092053228	3218.57984679
809.021655889	3220.63383913
838.951258551	3222.68783147
868.880861212	3224.74182381
898.810463874	3226.79581615
928.740066535	3228.84980849
958.669669196	3230.90380083
#helix: (171.50000000000003, 2250.5),(1044.5000000000002, 2268.5),300
321.468125796	2253.59212631
351.461750956	2254.21055157
381.455376115	2254.82897683
411.449001274	2255.44740209
441.442626434	2256.06582735
471.436251593	2256.68425261
501.429876752	2257.30267787
531.423501912	2257.92110313
561.417127071	2258.53952839
591.41075223	2259.15795365
621.404377389	2259.77637892
651.398002549	2260.39480418
681.391627708	2261.01322944
711.385252867	2261.6316547
741.378878027	2262.25007996
771.372503186	2262.86850522
801.366128345	2263.48693048
831.359753505	2264.10535574
861.353378664	2264.723781
891.347003823	2265.34220626
921.340628982	2265.96063153
