#micrograph: ../Source/micrographs/Microtubules_00039.mrc
#particle length: 310
#particle width: 310
#helix: (2223.5, 3942.5),(3825.5, -584.5),310
2275.20866269	3796.37945318
2285.55039523	3767.15534382
2295.89212777	3737.93123445
2306.23386031	3708.70712509
2316.57559284	3679.48301573
2326.91732538	3650.25890636
2337.25905792	3621.034797
2347.60079046	3591.81068763
2357.942523	3562.58657827
2368.28425554	3533.36246891
2378.62598807	3504.13835954
2388.96772061	3474.91425018
2399.30945315	3445.69014082
2409.65118569	3416.46603145
2419.99291823	3387.24192209
2430.33465077	3358.01781272
2440.6763833	3328.79370336
2451.01811584	3299.569594
2461.35984838	3270.34548463
2471.70158092	3241.12137527
2482.04331346	3211.89726591
2492.385046	3182.67315654
2502.72677853	3153.44904718
2513.06851107	3124.22493781
2523.41024361	3095.00082845
2533.75197615	3065.77671909
2544.09370869	3036.55260972
2554.43544122	3007.32850036
2564.77717376	2978.10439099
2575.1189063	2948.88028163
2585.46063884	2919.65617227
2595.80237138	2890.4320629
2606.14410392	2861.20795354
2616.48583645	2831.98384418
2626.82756899	2802.75973481
2637.16930153	2773.53562545
2647.51103407	2744.31151608
2657.85276661	2715.08740672
2668.19449915	2685.86329736
2678.53623168	2656.63918799
2688.87796422	2627.41507863
2699.21969676	2598.19096927
2709.5614293	2568.9668599
2719.90316184	2539.74275054
2730.24489438	2510.51864117
2740.58662691	2481.29453181
2750.92835945	2452.07042245
2761.27009199	2422.84631308
2771.61182453	2393.62220372
2781.95355707	2364.39809436
2792.29528961	2335.17398499
2802.63702214	2305.94987563
2812.97875468	2276.72576626
2823.32048722	2247.5016569
2833.66221976	2218.27754754
2844.0039523	2189.05343817
2854.34568484	2159.82932881
2864.68741737	2130.60521945
2875.02914991	2101.38111008
2885.37088245	2072.15700072
2895.71261499	2042.93289135
2906.05434753	2013.70878199
2916.39608006	1984.48467263
2926.7378126	1955.26056326
2937.07954514	1926.0364539
2947.42127768	1896.81234453
2957.76301022	1867.58823517
2968.10474276	1838.36412581
2978.44647529	1809.14001644
2988.78820783	1779.91590708
2999.12994037	1750.69179772
3009.47167291	1721.46768835
3019.81340545	1692.24357899
3030.15513799	1663.01946962
3040.49687052	1633.79536026
3050.83860306	1604.5712509
3061.1803356	1575.34714153
3071.52206814	1546.12303217
3081.86380068	1516.89892281
3092.20553322	1487.67481344
3102.54726575	1458.45070408
3112.88899829	1429.22659471
3123.23073083	1400.00248535
3133.57246337	1370.77837599
3143.91419591	1341.55426662
3154.25592845	1312.33015726
3164.59766098	1283.1060479
3174.93939352	1253.88193853
3185.28112606	1224.65782917
3195.6228586	1195.4337198
3205.96459114	1166.20961044
3216.30632367	1136.98550108
3226.64805621	1107.76139171
3236.98978875	1078.53728235
3247.33152129	1049.31317298
3257.67325383	1020.08906362
3268.01498637	990.864954257
3278.3567189	961.640844894
3288.69845144	932.41673553
3299.04018398	903.192626166
3309.38191652	873.968516802
3319.72364906	844.744407438
3330.0653816	815.520298075
3340.40711413	786.296188711
3350.74884667	757.072079347
3361.09057921	727.847969983
3371.43231175	698.623860619
3381.77404429	669.399751256
3392.11577683	640.175641892
3402.45750936	610.951532528
3412.7992419	581.727423164
3423.14097444	552.5033138
3433.48270698	523.279204437
3443.82443952	494.055095073
3454.16617206	464.830985709
3464.50790459	435.606876345
3474.84963713	406.382766982
3485.19136967	377.158657618
3495.53310221	347.934548254
3505.87483475	318.71043889
3516.21656728	289.486329526
3526.55829982	260.262220163
3536.90003236	231.038110799
3547.2417649	201.814001435
3557.58349744	172.589892071
3567.92522998	143.365782707
3578.26696251	114.141673344
3588.60869505	84.9175639799
3598.95042759	55.6934546161
3609.29216013	26.4693452523
3619.63389267	-2.75476411151
3629.97562521	-31.9788734753
3640.31735774	-61.2029828391
3650.65909028	-90.4270922029
3661.00082282	-119.651201567
3671.34255536	-148.87531093
3681.6842879	-178.099420294
3692.02602044	-207.323529658
3702.36775297	-236.547639022
3712.70948551	-265.771748386
3723.05121805	-294.995857749
3733.39295059	-324.219967113
3743.73468313	-353.444076477
3754.07641567	-382.668185841
3764.4181482	-411.892295205
3774.75988074	-441.116404568
#helix: (4050.5, 3978.5),(4680.5, 2223.5),310
4102.86903681	3832.61482603
4113.34284417	3803.43779124
4123.81665153	3774.26075644
4134.29045889	3745.08372165
4144.76426626	3715.90668686
4155.23807362	3686.72965206
4165.71188098	3657.55261727
4176.18568834	3628.37558248
4186.6594957	3599.19854768
4197.13330307	3570.02151289
4207.60711043	3540.8444781
4218.08091779	3511.6674433
4228.55472515	3482.49040851
4239.02853251	3453.31337371
4249.50233987	3424.13633892
4259.97614724	3394.95930413
4270.4499546	3365.78226933
4280.92376196	3336.60523454
4291.39756932	3307.42819975
4301.87137668	3278.25116495
4312.34518405	3249.07413016
4322.81899141	3219.89709537
4333.29279877	3190.72006057
4343.76660613	3161.54302578
4354.24041349	3132.36599099
4364.71422085	3103.18895619
4375.18802822	3074.0119214
4385.66183558	3044.8348866
4396.13564294	3015.65785181
4406.6094503	2986.48081702
4417.08325766	2957.30378222
4427.55706503	2928.12674743
4438.03087239	2898.94971264
4448.50467975	2869.77267784
4458.97848711	2840.59564305
4469.45229447	2811.41860826
4479.92610183	2782.24157346
4490.3999092	2753.06453867
4500.87371656	2723.88750387
4511.34752392	2694.71046908
4521.82133128	2665.53343429
4532.29513864	2636.35639949
4542.76894601	2607.1793647
4553.24275337	2578.00232991
4563.71656073	2548.82529511
4574.19036809	2519.64826032
4584.66417545	2490.47122553
4595.13798281	2461.29419073
4605.61179018	2432.11715594
4616.08559754	2402.94012114
4626.5594049	2373.76308635
4637.03321226	2344.58605156
#helix: (4203.5, 189.4999999999999),(3321.5, 2304.5),310
4143.84139245	332.558905858
4131.90967094	361.17068703
4119.97794943	389.782468201
4108.04622792	418.394249373
4096.11450641	447.006030544
4084.1827849	475.617811716
4072.25106339	504.229592888
4060.31934188	532.841374059
4048.38762037	561.453155231
4036.45589886	590.064936402
4024.52417735	618.676717574
4012.59245584	647.288498746
4000.66073433	675.900279917
3988.72901282	704.512061089
3976.79729131	733.12384226
3964.8655698	761.735623432
3952.93384829	790.347404603
3941.00212678	818.959185775
3929.07040527	847.570966947
3917.13868376	876.182748118
3905.20696225	904.79452929
3893.27524074	933.406310461
3881.34351923	962.018091633
3869.41179772	990.629872805
3857.48007621	1019.24165398
3845.5483547	1047.85343515
3833.61663319	1076.46521632
3821.68491168	1105.07699749
3809.75319017	1133.68877866
3797.82146866	1162.30055983
3785.88974716	1190.91234101
3773.95802565	1219.52412218
3762.02630414	1248.13590335
3750.09458263	1276.74768452
3738.16286112	1305.35946569
3726.23113961	1333.97124686
3714.2994181	1362.58302804
3702.36769659	1391.19480921
3690.43597508	1419.80659038
3678.50425357	1448.41837155
3666.57253206	1477.03015272
3654.64081055	1505.64193389
3642.70908904	1534.25371506
3630.77736753	1562.86549624
3618.84564602	1591.47727741
3606.91392451	1620.08905858
3594.982203	1648.70083975
3583.05048149	1677.31262092
3571.11875998	1705.92440209
3559.18703847	1734.53618327
3547.25531696	1763.14796444
3535.32359545	1791.75974561
3523.39187394	1820.37152678
3511.46015243	1848.98330795
3499.52843092	1877.59508912
3487.59670941	1906.2068703
3475.6649879	1934.81865147
3463.73326639	1963.43043264
3451.80154488	1992.04221381
3439.86982337	2020.65399498
3427.93810186	2049.26577615
3416.00638035	2077.87755733
3404.07465884	2106.4893385
3392.14293733	2135.10111967
3380.21121582	2163.71290084
#helix: (5670.5, 1233.5),(5067.5, 2313.5),310
5594.93824826	1368.83448073
5579.82589791	1395.90137687
5564.71354756	1422.96827302
5549.60119722	1450.03516917
5534.48884687	1477.10206531
5519.37649652	1504.16896146
5504.26414617	1531.2358576
5489.15179582	1558.30275375
5474.03944548	1585.36964989
5458.92709513	1612.43654604
5443.81474478	1639.50344218
5428.70239443	1666.57033833
5413.59004408	1693.63723448
5398.47769374	1720.70413062
5383.36534339	1747.77102677
5368.25299304	1774.83792291
5353.14064269	1801.90481906
5338.02829234	1828.9717152
5322.915942	1856.03861135
5307.80359165	1883.1055075
5292.6912413	1910.17240364
5277.57889095	1937.23929979
5262.4665406	1964.30619593
5247.35419026	1991.37309208
5232.24183991	2018.43998822
5217.12948956	2045.50688437
5202.01713921	2072.57378052
5186.90478886	2099.64067666
5171.79243852	2126.70757281
5156.68008817	2153.77446895
5141.56773782	2180.8413651
#helix: (4491.5, 3978.5),(5175.5, 2142.5),310
4545.61189859	3833.2522722
4556.43427831	3804.20272664
4567.25665803	3775.15318108
4578.07903775	3746.10363552
4588.90141747	3717.05408996
4599.72379718	3688.0045444
4610.5461769	3658.95499884
4621.36855662	3629.90545328
4632.19093634	3600.85590772
4643.01331606	3571.80636216
4653.83569578	3542.7568166
4664.65807549	3513.70727104
4675.48045521	3484.65772548
4686.30283493	3455.60817992
4697.12521465	3426.55863436
4707.94759437	3397.5090888
4718.76997409	3368.45954324
4729.5923538	3339.40999768
4740.41473352	3310.36045212
4751.23711324	3281.31090656
4762.05949296	3252.261361
4772.88187268	3223.21181544
4783.7042524	3194.16226989
4794.52663211	3165.11272433
4805.34901183	3136.06317877
4816.17139155	3107.01363321
4826.99377127	3077.96408765
4837.81615099	3048.91454209
4848.63853071	3019.86499653
4859.46091042	2990.81545097
4870.28329014	2961.76590541
4881.10566986	2932.71635985
4891.92804958	2903.66681429
4902.7504293	2874.61726873
4913.57280902	2845.56772317
4924.39518873	2816.51817761
4935.21756845	2787.46863205
4946.03994817	2758.41908649
4956.86232789	2729.36954093
4967.68470761	2700.31999537
4978.50708733	2671.27044981
4989.32946704	2642.22090425
5000.15184676	2613.17135869
5010.97422648	2584.12181313
5021.7966062	2555.07226757
5032.61898592	2526.02272201
5043.44136564	2496.97317645
5054.26374535	2467.92363089
5065.08612507	2438.87408533
5075.90850479	2409.82453977
5086.73088451	2380.77499421
5097.55326423	2351.72544865
5108.37564395	2322.67590309
5119.19802366	2293.62635753
5130.02040338	2264.57681197
#helix: (3321.5, 4059.5),(4347.5, 1152.5),310
3373.08711825	3913.33649829
3383.4045419	3884.10379795
3393.72196555	3854.87109761
3404.0393892	3825.63839727
3414.35681285	3796.40569693
3424.6742365	3767.17299659
3434.99166015	3737.94029625
3445.3090838	3708.70759591
3455.62650745	3679.47489557
3465.9439311	3650.24219523
3476.26135475	3621.00949488
3486.5787784	3591.77679454
3496.89620205	3562.5440942
3507.2136257	3533.31139386
3517.53104935	3504.07869352
3527.848473	3474.84599318
3538.16589665	3445.61329284
3548.4833203	3416.3805925
3558.80074395	3387.14789216
3569.11816759	3357.91519181
3579.43559124	3328.68249147
3589.75301489	3299.44979113
3600.07043854	3270.21709079
3610.38786219	3240.98439045
3620.70528584	3211.75169011
3631.02270949	3182.51898977
3641.34013314	3153.28628943
3651.65755679	3124.05358909
3661.97498044	3094.82088874
3672.29240409	3065.5881884
3682.60982774	3036.35548806
3692.92725139	3007.12278772
3703.24467504	2977.89008738
3713.56209869	2948.65738704
3723.87952234	2919.4246867
3734.19694599	2890.19198636
3744.51436964	2860.95928602
3754.83179329	2831.72658568
3765.14921694	2802.49388533
3775.46664059	2773.26118499
3785.78406424	2744.02848465
3796.10148789	2714.79578431
3806.41891154	2685.56308397
3816.73633519	2656.33038363
3827.05375884	2627.09768329
3837.37118249	2597.86498295
3847.68860614	2568.63228261
3858.00602979	2539.39958226
3868.32345344	2510.16688192
3878.64087709	2480.93418158
3888.95830074	2451.70148124
3899.27572439	2422.4687809
3909.59314804	2393.23608056
3919.91057169	2364.00338022
3930.22799534	2334.77067988
3940.54541899	2305.53797954
3950.86284264	2276.30527919
3961.18026629	2247.07257885
3971.49768994	2217.83987851
3981.81511359	2188.60717817
3992.13253724	2159.37447783
4002.44996089	2130.14177749
4012.76738454	2100.90907715
4023.08480819	2071.67637681
4033.40223184	2042.44367647
4043.71965549	2013.21097613
4054.03707914	1983.97827578
4064.35450278	1954.74557544
4074.67192643	1925.5128751
4084.98935008	1896.28017476
4095.30677373	1867.04747442
4105.62419738	1837.81477408
4115.94162103	1808.58207374
4126.25904468	1779.3493734
4136.57646833	1750.11667306
4146.89389198	1720.88397271
4157.21131563	1691.65127237
4167.52873928	1662.41857203
4177.84616293	1633.18587169
4188.16358658	1603.95317135
4198.48101023	1574.72047101
4208.79843388	1545.48777067
4219.11585753	1516.25507033
4229.43328118	1487.02236999
4239.75070483	1457.78966964
4250.06812848	1428.5569693
4260.38555213	1399.32426896
4270.70297578	1370.09156862
4281.02039943	1340.85886828
4291.33782308	1311.62616794
4301.65524673	1282.3934676
#helix: (162.50000000000003, 3897.5),(432.5, 2205.5),310
186.925017976	3744.43655401
191.810021572	3713.82386482
196.695025167	3683.21117562
201.580028762	3652.59848642
206.465032357	3621.98579723
211.350035953	3591.37310803
216.235039548	3560.76041883
221.120043143	3530.14772964
226.005046739	3499.53504044
230.890050334	3468.92235124
235.775053929	3438.30966204
240.660057524	3407.69697285
245.54506112	3377.08428365
250.430064715	3346.47159445
255.31506831	3315.85890526
260.200071905	3285.24621606
265.085075501	3254.63352686
269.970079096	3224.02083767
274.855082691	3193.40814847
279.740086287	3162.79545927
284.625089882	3132.18277007
289.510093477	3101.57008088
294.395097072	3070.95739168
299.280100668	3040.34470248
304.165104263	3009.73201329
309.050107858	2979.11932409
313.935111453	2948.50663489
318.820115049	2917.89394569
323.705118644	2887.2812565
328.590122239	2856.6685673
333.475125834	2826.0558781
338.36012943	2795.44318891
343.245133025	2764.83049971
348.13013662	2734.21781051
353.015140216	2703.60512132
357.900143811	2672.99243212
362.785147406	2642.37974292
367.670151001	2611.76705372
372.555154597	2581.15436453
377.440158192	2550.54167533
382.325161787	2519.92898613
387.210165382	2489.31629694
392.095168978	2458.70360774
396.980172573	2428.09091854
401.865176168	2397.47822935
406.750179764	2366.86554015
411.635183359	2336.25285095
#helix: (1008.5000000000001, 207.4999999999999),(891.5000000000001, 2466.5),310
1000.48285733	362.292523797
998.8794288	393.251028556
997.276000267	424.209533316
995.672571733	455.168038075
994.0691432	486.126542835
992.465714666	517.085047594
990.862286133	548.043552354
989.2588576	579.002057113
987.655429066	609.960561872
986.052000533	640.919066632
984.448572	671.877571391
982.845143466	702.836076151
981.241714933	733.79458091
979.6382864	764.753085669
978.034857866	795.711590429
976.431429333	826.670095188
974.8280008	857.628599948
973.224572266	888.587104707
971.621143733	919.545609466
970.017715199	950.504114226
968.414286666	981.462618985
966.810858133	1012.42112374
965.207429599	1043.3796285
963.604001066	1074.33813326
962.000572533	1105.29663802
960.397143999	1136.25514278
958.793715466	1167.21364754
957.190286933	1198.1721523
955.586858399	1229.13065706
953.983429866	1260.08916182
952.380001333	1291.04766658
950.776572799	1322.00617134
949.173144266	1352.9646761
947.569715732	1383.92318086
945.966287199	1414.88168562
944.362858666	1445.84019038
942.759430132	1476.79869514
941.156001599	1507.7571999
939.552573066	1538.71570465
937.949144532	1569.67420941
936.345715999	1600.63271417
934.742287466	1631.59121893
933.138858932	1662.54972369
931.535430399	1693.50822845
929.932001866	1724.46673321
928.328573332	1755.42523797
926.725144799	1786.38374273
925.121716265	1817.34224749
923.518287732	1848.30075225
921.914859199	1879.25925701
920.311430665	1910.21776177
918.708002132	1941.17626653
917.104573599	1972.13477129
915.501145065	2003.09327605
913.897716532	2034.05178081
912.294287999	2065.01028556
910.690859465	2095.96879032
909.087430932	2126.92729508
907.484002399	2157.88579984
905.880573865	2188.8443046
904.277145332	2219.80280936
902.673716799	2250.76131412
901.070288265	2281.71981888
899.466859732	2312.67832364
#helix: (603.5, 3978.5),(882.5000000000001, 2304.5),310
628.981843032	3825.60894181
634.078211639	3795.03073017
639.174580245	3764.45251853
644.270948852	3733.87430689
649.367317458	3703.29609525
654.463686065	3672.71788361
659.560054671	3642.13967197
664.656423278	3611.56146033
669.752791884	3580.9832487
674.849160491	3550.40503706
679.945529097	3519.82682542
685.041897703	3489.24861378
690.13826631	3458.67040214
695.234634916	3428.0921905
700.331003523	3397.51397886
705.427372129	3366.93576722
710.523740736	3336.35755559
715.620109342	3305.77934395
720.716477949	3275.20113231
725.812846555	3244.62292067
730.909215162	3214.04470903
736.005583768	3183.46649739
741.101952375	3152.88828575
746.198320981	3122.31007411
751.294689588	3091.73186247
756.391058194	3061.15365084
761.4874268	3030.5754392
766.583795407	2999.99722756
771.680164013	2969.41901592
776.77653262	2938.84080428
781.872901226	2908.26259264
786.969269833	2877.684381
792.065638439	2847.10616936
797.162007046	2816.52795773
802.258375652	2785.94974609
807.354744259	2755.37153445
812.451112865	2724.79332281
817.547481472	2694.21511117
822.643850078	2663.63689953
827.740218685	2633.05868789
832.836587291	2602.48047625
837.932955897	2571.90226462
843.029324504	2541.32405298
848.12569311	2510.74584134
853.222061717	2480.1676297
858.318430323	2449.58941806
#helix: (549.5, 261.4999999999999),(405.50000000000006, 2304.5),310
538.601927555	416.116402807
536.422313067	447.039683368
534.242698578	477.96296393
532.063084089	508.886244491
529.8834696	539.809525053
527.703855111	570.732805614
525.524240622	601.656086176
523.344626133	632.579366737
521.165011644	663.502647298
518.985397155	694.42592786
516.805782666	725.349208421
514.626168177	756.272488983
512.446553689	787.195769544
510.2669392	818.119050105
508.087324711	849.042330667
505.907710222	879.965611228
503.728095733	910.88889179
501.548481244	941.812172351
499.368866755	972.735452912
497.189252266	1003.65873347
495.009637777	1034.58201404
492.830023288	1065.5052946
490.650408799	1096.42857516
488.470794311	1127.35185572
486.291179822	1158.27513628
484.111565333	1189.19841684
481.931950844	1220.1216974
479.752336355	1251.04497797
477.572721866	1281.96825853
475.393107377	1312.89153909
473.213492888	1343.81481965
471.033878399	1374.73810021
468.85426391	1405.66138077
466.674649421	1436.58466133
464.495034933	1467.5079419
462.315420444	1498.43122246
460.135805955	1529.35450302
457.956191466	1560.27778358
455.776576977	1591.20106414
453.596962488	1622.1243447
451.417347999	1653.04762526
449.23773351	1683.97090582
447.058119021	1714.89418639
444.878504532	1745.81746695
442.698890043	1776.74074751
440.519275554	1807.66402807
438.339661066	1838.58730863
436.160046577	1869.51058919
433.980432088	1900.43386975
431.800817599	1931.35715032
429.62120311	1962.28043088
427.441588621	1993.20371144
425.261974132	2024.126992
423.082359643	2055.05027256
420.902745154	2085.97355312
418.723130665	2116.89683368
416.543516176	2147.82011425
414.363901688	2178.74339481
#helix: (2835.5, 4014.5),(3384.5, 2133.5),310
2878.92733713	3865.70797606
2887.61280456	3835.94957127
2896.29827199	3806.19116648
2904.98373941	3776.43276169
2913.66920684	3746.6743569
2922.35467426	3716.91595211
2931.04014169	3687.15754732
2939.72560912	3657.39914253
2948.41107654	3627.64073774
2957.09654397	3597.88233295
2965.7820114	3568.12392817
2974.46747882	3538.36552338
2983.15294625	3508.60711859
2991.83841368	3478.8487138
3000.5238811	3449.09030901
3009.20934853	3419.33190422
3017.89481596	3389.57349943
3026.58028338	3359.81509464
3035.26575081	3330.05668985
3043.95121823	3300.29828506
3052.63668566	3270.53988028
3061.32215309	3240.78147549
3070.00762051	3211.0230707
3078.69308794	3181.26466591
3087.37855537	3151.50626112
3096.06402279	3121.74785633
3104.74949022	3091.98945154
3113.43495765	3062.23104675
3122.12042507	3032.47264196
3130.8058925	3002.71423718
3139.49135993	2972.95583239
3148.17682735	2943.1974276
3156.86229478	2913.43902281
3165.5477622	2883.68061802
3174.23322963	2853.92221323
3182.91869706	2824.16380844
3191.60416448	2794.40540365
3200.28963191	2764.64699886
3208.97509934	2734.88859407
3217.66056676	2705.13018929
3226.34603419	2675.3717845
3235.03150162	2645.61337971
3243.71696904	2615.85497492
3252.40243647	2586.09657013
3261.0879039	2556.33816534
3269.77337132	2526.57976055
3278.45883875	2496.82135576
3287.14430618	2467.06295097
3295.8297736	2437.30454618
3304.51524103	2407.5461414
3313.20070845	2377.78773661
3321.88617588	2348.02933182
3330.57164331	2318.27092703
3339.25711073	2288.51252224
3347.94257816	2258.75411745
#helix: (1341.5, 3996.5),(1845.5, 2196.5),310
1383.29263846	3847.24057694
1391.65116615	3817.38869233
1400.00969384	3787.53680772
1408.36822153	3757.68492311
1416.72674922	3727.8330385
1425.08527691	3697.98115389
1433.4438046	3668.12926928
1441.80233229	3638.27738467
1450.16085998	3608.42550006
1458.51938768	3578.57361544
1466.87791537	3548.72173083
1475.23644306	3518.86984622
1483.59497075	3489.01796161
1491.95349844	3459.166077
1500.31202613	3429.31419239
1508.67055382	3399.46230778
1517.02908151	3369.61042317
1525.3876092	3339.75853855
1533.7461369	3309.90665394
1542.10466459	3280.05476933
1550.46319228	3250.20288472
1558.82171997	3220.35100011
1567.18024766	3190.4991155
1575.53877535	3160.64723089
1583.89730304	3130.79534628
1592.25583073	3100.94346167
1600.61435842	3071.09157705
1608.97288612	3041.23969244
1617.33141381	3011.38780783
1625.6899415	2981.53592322
1634.04846919	2951.68403861
1642.40699688	2921.832154
1650.76552457	2891.98026939
1659.12405226	2862.12838478
1667.48257995	2832.27650017
1675.84110764	2802.42461555
1684.19963534	2772.57273094
1692.55816303	2742.72084633
1700.91669072	2712.86896172
1709.27521841	2683.01707711
1717.6337461	2653.1651925
1725.99227379	2623.31330789
1734.35080148	2593.46142328
1742.70932917	2563.60953867
1751.06785686	2533.75765405
1759.42638456	2503.90576944
1767.78491225	2474.05388483
1776.14343994	2444.20200022
1784.50196763	2414.35011561
1792.86049532	2384.498231
1801.21902301	2354.64634639
1809.5775507	2324.79446178
#helix: (2016.5, 189.4999999999999),(1863.5, 2268.5),310
2005.1238383	344.081961901
2002.84860596	374.998354281
2000.57337362	405.914746661
1998.29814128	436.831139041
1996.02290894	467.747531421
1993.7476766	498.663923801
1991.47244426	529.580316181
1989.19721192	560.496708561
1986.92197958	591.413100941
1984.64674724	622.329493321
1982.37151491	653.245885702
1980.09628257	684.162278082
1977.82105023	715.078670462
1975.54581789	745.995062842
1973.27058555	776.911455222
1970.99535321	807.827847602
1968.72012087	838.744239982
1966.44488853	869.660632362
1964.16965619	900.577024742
1961.89442385	931.493417122
1959.61919151	962.409809503
1957.34395917	993.326201883
1955.06872683	1024.24259426
1952.79349449	1055.15898664
1950.51826215	1086.07537902
1948.24302981	1116.9917714
1945.96779747	1147.90816378
1943.69256513	1178.82455616
1941.41733279	1209.74094854
1939.14210045	1240.65734092
1936.86686811	1271.5737333
1934.59163577	1302.49012568
1932.31640343	1333.40651806
1930.04117109	1364.32291044
1927.76593875	1395.23930282
1925.49070641	1426.1556952
1923.21547407	1457.07208758
1920.94024173	1487.98847996
1918.66500939	1518.90487234
1916.38977705	1549.82126472
1914.11454472	1580.7376571
1911.83931238	1611.65404948
1909.56408004	1642.57044186
1907.2888477	1673.48683424
1905.01361536	1704.40322663
1902.73838302	1735.31961901
1900.46315068	1766.23601139
1898.18791834	1797.15240377
1895.912686	1828.06879615
1893.63745366	1858.98518853
1891.36222132	1889.90158091
1889.08698898	1920.81797329
1886.81175664	1951.73436567
1884.5365243	1982.65075805
1882.26129196	2013.56715043
1879.98605962	2044.48354281
1877.71082728	2075.39993519
1875.43559494	2106.31632757
1873.1603626	2137.23271995
#helix: (5571.5, 342.4999999999999),(4662.5, 2358.5),310
5507.78857675	483.800582261
5495.0462921	512.060698713
5482.30400745	540.320815165
5469.5617228	568.580931617
5456.81943815	596.84104807
5444.0771535	625.101164522
5431.33486885	653.361280974
5418.5925842	681.621397426
5405.85029955	709.881513878
5393.1080149	738.14163033
5380.36573025	766.401746783
5367.6234456	794.661863235
5354.88116094	822.921979687
5342.13887629	851.182096139
5329.39659164	879.442212591
5316.65430699	907.702329043
5303.91202234	935.962445496
5291.16973769	964.222561948
5278.42745304	992.4826784
5265.68516839	1020.74279485
5252.94288374	1049.0029113
5240.20059909	1077.26302776
5227.45831444	1105.52314421
5214.71602979	1133.78326066
5201.97374514	1162.04337711
5189.23146049	1190.30349357
5176.48917584	1218.56361002
5163.74689119	1246.82372647
5151.00460654	1275.08384292
5138.26232189	1303.34395937
5125.52003724	1331.60407583
5112.77775259	1359.86419228
5100.03546794	1388.12430873
5087.29318329	1416.38442518
5074.55089864	1444.64454163
5061.80861399	1472.90465809
5049.06632934	1501.16477454
5036.32404469	1529.42489099
5023.58176004	1557.68500744
5010.83947539	1585.9451239
4998.09719074	1614.20524035
4985.35490609	1642.4653568
4972.61262144	1670.72547325
4959.87033679	1698.9855897
4947.12805213	1727.24570616
4934.38576748	1755.50582261
4921.64348283	1783.76593906
4908.90119818	1812.02605551
4896.15891353	1840.28617197
4883.41662888	1868.54628842
4870.67434423	1896.80640487
4857.93205958	1925.06652132
4845.18977493	1953.32663777
4832.44749028	1981.58675423
4819.70520563	2009.84687068
4806.96292098	2038.10698713
4794.22063633	2066.36710358
4781.47835168	2094.62722003
4768.73606703	2122.88733649
4755.99378238	2151.14745294
4743.25149773	2179.40756939
4730.50921308	2207.66768584
4717.76692843	2235.9278023
#helix: (4284.5, 1989.5),(5184.5, -332.5),310
4340.51694125	1844.97629159
4351.72032949	1816.0715499
4362.92371774	1787.16680822
4374.12710599	1758.26206654
4385.33049424	1729.35732486
4396.53388249	1700.45258317
4407.73727074	1671.54784149
4418.94065899	1642.64309981
4430.14404724	1613.73835813
4441.34743549	1584.83361644
4452.55082374	1555.92887476
4463.75421199	1527.02413308
4474.95760023	1498.1193914
4486.16098848	1469.21464971
4497.36437673	1440.30990803
4508.56776498	1411.40516635
4519.77115323	1382.50042466
4530.97454148	1353.59568298
4542.17792973	1324.6909413
4553.38131798	1295.78619962
4564.58470623	1266.88145793
4575.78809448	1237.97671625
4586.99148273	1209.07197457
4598.19487097	1180.16723289
4609.39825922	1151.2624912
4620.60164747	1122.35774952
4631.80503572	1093.45300784
4643.00842397	1064.54826616
4654.21181222	1035.64352447
4665.41520047	1006.73878279
4676.61858872	977.834041108
4687.82197697	948.929299425
4699.02536522	920.024557742
4710.22875347	891.11981606
4721.43214171	862.215074377
4732.63552996	833.310332694
4743.83891821	804.405591012
4755.04230646	775.500849329
4766.24569471	746.596107646
4777.44908296	717.691365964
4788.65247121	688.786624281
4799.85585946	659.881882598
4811.05924771	630.977140916
4822.26263596	602.072399233
4833.46602421	573.167657551
4844.66941245	544.262915868
4855.8728007	515.358174185
4867.07618895	486.453432503
4878.2795772	457.54869082
4889.48296545	428.643949137
4900.6863537	399.739207455
4911.88974195	370.834465772
4923.0931302	341.929724089
4934.29651845	313.024982407
4945.4999067	284.120240724
4956.70329495	255.215499041
4967.90668319	226.310757359
4979.11007144	197.406015676
4990.31345969	168.501273994
5001.51684794	139.596532311
5012.72023619	110.691790628
5023.92362444	81.7870489456
5035.12701269	52.882307263
5046.33040094	23.9775655804
5057.53378919	-4.92717610228
5068.73717744	-33.8319177849
5079.94056569	-62.7366594676
5091.14395393	-91.6414011502
5102.34734218	-120.546142833
5113.55073043	-149.450884515
5124.75411868	-178.355626198
5135.95750693	-207.260367881
#helix: (4761.5, 207.4999999999999),(4194.5, 1512.5),310
4699.73330485	349.661441221
4687.37996582	378.093729465
4675.02662679	406.52601771
4662.67328776	434.958305954
4650.31994873	463.390594198
4637.9666097	491.822882442
4625.61327067	520.255170687
4613.25993164	548.687458931
4600.90659261	577.119747175
4588.55325358	605.552035419
4576.19991455	633.984323664
4563.84657552	662.416611908
4551.49323649	690.848900152
4539.13989746	719.281188396
4526.78655843	747.713476641
4514.43321939	776.145764885
4502.07988036	804.578053129
4489.72654133	833.010341373
4477.3732023	861.442629618
4465.01986327	889.874917862
4452.66652424	918.307206106
4440.31318521	946.73949435
4427.95984618	975.171782594
4415.60650715	1003.60407084
4403.25316812	1032.03635908
4390.89982909	1060.46864733
4378.54649006	1088.90093557
4366.19315103	1117.33322382
4353.839812	1145.76551206
4341.48647297	1174.1978003
4329.13313394	1202.63008855
4316.77979491	1231.06237679
4304.42645588	1259.49466504
4292.07311685	1287.92695328
4279.71977782	1316.35924153
4267.36643879	1344.79152977
4255.01309976	1373.22381801
#helix: (1863.5, 3942.5),(3267.5, -422.5),310
1910.96096641	3794.94507237
1920.45315969	3765.43408685
1929.94535298	3735.92310132
1939.43754626	3706.4121158
1948.92973954	3676.90113027
1958.42193282	3647.39014474
1967.91412611	3617.87915922
1977.40631939	3588.36817369
1986.89851267	3558.85718817
1996.39070595	3529.34620264
2005.88289924	3499.83521712
2015.37509252	3470.32423159
2024.8672858	3440.81324607
2034.35947908	3411.30226054
2043.85167237	3381.79127501
2053.34386565	3352.28028949
2062.83605893	3322.76930396
2072.32825221	3293.25831844
2081.8204455	3263.74733291
2091.31263878	3234.23634739
2100.80483206	3204.72536186
2110.29702534	3175.21437634
2119.78921863	3145.70339081
2129.28141191	3116.19240528
2138.77360519	3086.68141976
2148.26579847	3057.17043423
2157.75799176	3027.65944871
2167.25018504	2998.14846318
2176.74237832	2968.63747766
2186.2345716	2939.12649213
2195.72676489	2909.61550661
2205.21895817	2880.10452108
2214.71115145	2850.59353555
2224.20334473	2821.08255003
2233.69553802	2791.5715645
2243.1877313	2762.06057898
2252.67992458	2732.54959345
2262.17211786	2703.03860793
2271.66431115	2673.5276224
2281.15650443	2644.01663688
2290.64869771	2614.50565135
2300.14089099	2584.99466583
2309.63308427	2555.4836803
2319.12527756	2525.97269477
2328.61747084	2496.46170925
2338.10966412	2466.95072372
2347.6018574	2437.4397382
2357.09405069	2407.92875267
2366.58624397	2378.41776715
2376.07843725	2348.90678162
2385.57063053	2319.3957961
2395.06282382	2289.88481057
2404.5550171	2260.37382504
2414.04721038	2230.86283952
2423.53940366	2201.35185399
2433.03159695	2171.84086847
2442.52379023	2142.32988294
2452.01598351	2112.81889742
2461.50817679	2083.30791189
2471.00037008	2053.79692637
2480.49256336	2024.28594084
2489.98475664	1994.77495531
2499.47694992	1965.26396979
2508.96914321	1935.75298426
2518.46133649	1906.24199874
2527.95352977	1876.73101321
2537.44572305	1847.22002769
2546.93791634	1817.70904216
2556.43010962	1788.19805664
2565.9223029	1758.68707111
2575.41449618	1729.17608558
2584.90668947	1699.66510006
2594.39888275	1670.15411453
2603.89107603	1640.64312901
2613.38326931	1611.13214348
2622.8754626	1581.62115796
2632.36765588	1552.11017243
2641.85984916	1522.59918691
2651.35204244	1493.08820138
2660.84423573	1463.57721585
2670.33642901	1434.06623033
2679.82862229	1404.5552448
2689.32081557	1375.04425928
2698.81300885	1345.53327375
2708.30520214	1316.02228823
2717.79739542	1286.5113027
2727.2895887	1257.00031718
2736.78178198	1227.48933165
2746.27397527	1197.97834612
2755.76616855	1168.4673606
2765.25836183	1138.95637507
2774.75055511	1109.44538955
2784.2427484	1079.93440402
2793.73494168	1050.4234185
2803.22713496	1020.91243297
2812.71932824	991.401447446
2822.21152153	961.89046192
2831.70371481	932.379476395
2841.19590809	902.868490869
2850.68810137	873.357505344
2860.18029466	843.846519818
2869.67248794	814.335534293
2879.16468122	784.824548767
2888.6568745	755.313563241
2898.14906779	725.802577716
2907.64126107	696.29159219
2917.13345435	666.780606665
2926.62564763	637.269621139
2936.11784092	607.758635614
2945.6100342	578.247650088
2955.10222748	548.736664563
2964.59442076	519.225679037
2974.08661405	489.714693512
2983.57880733	460.203707986
2993.07100061	430.69272246
3002.56319389	401.181736935
3012.05538718	371.670751409
3021.54758046	342.159765884
3031.03977374	312.648780358
3040.53196702	283.137794833
3050.02416031	253.626809307
3059.51635359	224.115823782
3069.00854687	194.604838256
3078.50074015	165.093852731
3087.99293344	135.582867205
3097.48512672	106.07188168
3106.97732	76.560896154
3116.46951328	47.0499106284
3125.96170656	17.5389251029
3135.45389985	-11.9720604226
3144.94609313	-41.4830459482
3154.43828641	-70.9940314737
3163.93047969	-100.505016999
3173.42267298	-130.016002525
3182.91486626	-159.52698805
3192.40705954	-189.037973576
3201.89925282	-218.548959101
3211.39144611	-248.059944627
3220.88363939	-277.570930153
