#micrograph: ../Source/micrographs/Microtubules_00078.mrc
#particle length: 300
#particle width: 300
#helix: (1521.5, 1854.5),(2061.5, 4077.5),300
1556.90756001	2000.26112203
1563.98907201	2029.41334643
1571.07058401	2058.56557084
1578.15209601	2087.71779524
1585.23360801	2116.87001965
1592.31512001	2146.02224405
1599.39663201	2175.17446846
1606.47814402	2204.32669286
1613.55965602	2233.47891727
1620.64116802	2262.63114167
1627.72268002	2291.78336608
1634.80419202	2320.93559048
1641.88570402	2350.08781489
1648.96721602	2379.2400393
1656.04872802	2408.3922637
1663.13024003	2437.54448811
1670.21175203	2466.69671251
1677.29326403	2495.84893692
1684.37477603	2525.00116132
1691.45628803	2554.15338573
1698.53780003	2583.30561013
1705.61931203	2612.45783454
1712.70082403	2641.61005894
1719.78233604	2670.76228335
1726.86384804	2699.91450775
1733.94536004	2729.06673216
1741.02687204	2758.21895656
1748.10838404	2787.37118097
1755.18989604	2816.52340537
1762.27140804	2845.67562978
1769.35292004	2874.82785418
1776.43443205	2903.98007859
1783.51594405	2933.132303
1790.59745605	2962.2845274
1797.67896805	2991.43675181
1804.76048005	3020.58897621
1811.84199205	3049.74120062
1818.92350405	3078.89342502
1826.00501606	3108.04564943
1833.08652806	3137.19787383
1840.16804006	3166.35009824
1847.24955206	3195.50232264
1854.33106406	3224.65454705
1861.41257606	3253.80677145
1868.49408806	3282.95899586
1875.57560006	3312.11122026
1882.65711207	3341.26344467
1889.73862407	3370.41566907
1896.82013607	3399.56789348
1903.90164807	3428.72011789
1910.98316007	3457.87234229
1918.06467207	3487.0245667
1925.14618407	3516.1767911
1932.22769607	3545.32901551
1939.30920808	3574.48123991
1946.39072008	3603.63346432
1953.47223208	3632.78568872
1960.55374408	3661.93791313
1967.63525608	3691.09013753
1974.71676808	3720.24236194
1981.79828008	3749.39458634
1988.87979208	3778.54681075
1995.96130409	3807.69903515
2003.04281609	3836.85125956
2010.12432809	3866.00348396
2017.20584009	3895.15570837
2024.28735209	3924.30793277
2031.36886409	3953.46015718
#helix: (945.5000000000001, 4032.5),(738.5, 3168.5),300
910.55152954	3886.6281233
903.561835448	3857.45374796
896.572141356	3828.27937262
889.582447264	3799.10499728
882.592753172	3769.93062194
875.60305908	3740.7562466
868.613364988	3711.58187126
861.623670896	3682.40749592
854.633976804	3653.23312058
847.644282713	3624.05874523
840.654588621	3594.88436989
833.664894529	3565.70999455
826.675200437	3536.53561921
819.685506345	3507.36124387
812.695812253	3478.18686853
805.706118161	3449.01249319
798.716424069	3419.83811785
791.726729977	3390.66374251
784.737035885	3361.48936717
777.747341793	3332.31499183
770.757647701	3303.14061649
#helix: (2358.5, 2997.5),(2556.5, 4068.5),300
2385.76900251	3145.00051357
2391.22280301	3174.50061628
2396.67660351	3204.00071899
2402.13040401	3233.50082171
2407.58420451	3263.00092442
2413.03800502	3292.50102713
2418.49180552	3322.00112985
2423.94560602	3351.50123256
2429.39940652	3381.00133527
2434.85320702	3410.50143798
2440.30700752	3440.0015407
2445.76080803	3469.50164341
2451.21460853	3499.00174612
2456.66840903	3528.50184884
2462.12220953	3558.00195155
2467.57601003	3587.50205426
2473.02981053	3617.00215698
2478.48361104	3646.50225969
2483.93741154	3676.0023624
2489.39121204	3705.50246512
2494.84501254	3735.00256783
2500.29881304	3764.50267054
2505.75261354	3794.00277326
2511.20641404	3823.50287597
2516.66021455	3853.00297868
2522.11401505	3882.5030814
2527.56781555	3912.00318411
2533.02161605	3941.50328682
#helix: (2088.5, 360.4999999999999),(2817.5, 45.499999999999886),300
2226.19528784	301.002036118
2253.73434541	289.102443341
2281.27340298	277.202850565
2308.81246055	265.303257788
2336.35151812	253.403665012
2363.89057568	241.504072235
2391.42963325	229.604479459
2418.96869082	217.704886682
2446.50774839	205.805293906
2474.04680596	193.90570113
2501.58586353	182.006108353
2529.12492109	170.106515577
2556.66397866	158.2069228
2584.20303623	146.307330024
2611.7420938	134.407737247
2639.28115137	122.508144471
2666.82020894	110.608551694
2694.3592665	98.7089589179
#helix: (459.50000000000006, 1521.5),(738.5, 3159.5),300
484.686701996	1669.37031495
489.724042396	1698.94437794
494.761382795	1728.51844093
499.798723194	1758.09250392
504.836063594	1787.6665669
509.873403993	1817.24062989
514.910744392	1846.81469288
519.948084792	1876.38875587
524.985425191	1905.96281886
530.02276559	1935.53688185
535.060105989	1965.11094484
540.097446389	1994.68500783
545.134786788	2024.25907082
550.172127187	2053.83313381
555.209467587	2083.4071968
560.246807986	2112.98125979
565.284148385	2142.55532278
570.321488784	2172.12938577
575.358829184	2201.70344876
580.396169583	2231.27751175
585.433509982	2260.85157474
590.470850382	2290.42563772
595.508190781	2319.99970071
600.54553118	2349.5737637
605.58287158	2379.14782669
610.620211979	2408.72188968
615.657552378	2438.29595267
620.694892777	2467.87001566
625.732233177	2497.44407865
630.769573576	2527.01814164
635.806913975	2556.59220463
640.844254375	2586.16626762
645.881594774	2615.74033061
650.918935173	2645.3143936
655.956275573	2674.88845659
660.993615972	2704.46251958
666.030956371	2734.03658257
671.06829677	2763.61064556
676.10563717	2793.18470854
681.142977569	2822.75877153
686.180317968	2852.33283452
691.217658368	2881.90689751
696.254998767	2911.4809605
701.292339166	2941.05502349
706.329679565	2970.62908648
711.367019965	3000.20314947
716.404360364	3029.77721246
#helix: (801.5000000000002, 1332.5),(1521.5, 4005.5),300
840.513509548	1477.3376542
848.316211457	1506.30518503
856.118913367	1535.27271587
863.921615276	1564.24024671
871.724317186	1593.20777755
879.527019095	1622.17530839
887.329721005	1651.14283923
895.132422914	1680.11037007
902.935124824	1709.07790091
910.737826733	1738.04543175
918.540528643	1767.01296259
926.343230552	1795.98049342
934.145932462	1824.94802426
941.948634371	1853.9155551
949.751336281	1882.88308594
957.55403819	1911.85061678
965.3567401	1940.81814762
973.159442009	1969.78567846
980.962143919	1998.7532093
988.764845828	2027.72074014
996.567547738	2056.68827098
1004.37024965	2085.65580182
1012.17295156	2114.62333265
1019.97565347	2143.59086349
1027.77835538	2172.55839433
1035.58105729	2201.52592517
1043.38375919	2230.49345601
1051.1864611	2259.46098685
1058.98916301	2288.42851769
1066.79186492	2317.39604853
1074.59456683	2346.36357937
1082.39726874	2375.33111021
1090.19997065	2404.29864104
1098.00267256	2433.26617188
1105.80537447	2462.23370272
1113.60807638	2491.20123356
1121.41077829	2520.1687644
1129.2134802	2549.13629524
1137.01618211	2578.10382608
1144.81888402	2607.07135692
1152.62158593	2636.03888776
1160.42428784	2665.0064186
1168.22698975	2693.97394944
1176.02969166	2722.94148027
1183.83239357	2751.90901111
1191.63509548	2780.87654195
1199.43779738	2809.84407279
1207.24049929	2838.81160363
1215.0432012	2867.77913447
1222.84590311	2896.74666531
1230.64860502	2925.71419615
1238.45130693	2954.68172699
1246.25400884	2983.64925783
1254.05671075	3012.61678866
1261.85941266	3041.5843195
1269.66211457	3070.55185034
1277.46481648	3099.51938118
1285.26751839	3128.48691202
1293.0702203	3157.45444286
1300.87292221	3186.4219737
1308.67562412	3215.38950454
1316.47832603	3244.35703538
1324.28102794	3273.32456622
1332.08372985	3302.29209706
1339.88643176	3331.25962789
1347.68913367	3360.22715873
1355.49183558	3389.19468957
1363.29453748	3418.16222041
1371.09723939	3447.12975125
1378.8999413	3476.09728209
1386.70264321	3505.06481293
1394.50534512	3534.03234377
1402.30804703	3562.99987461
1410.11074894	3591.96740545
1417.91345085	3620.93493629
1425.71615276	3649.90246712
1433.51885467	3678.86999796
1441.32155658	3707.8375288
1449.12425849	3736.80505964
1456.9269604	3765.77259048
1464.72966231	3794.74012132
1472.53236422	3823.70765216
1480.33506613	3852.675183
1488.13776804	3881.64271384
#helix: (90.5, 2664.5),(459.50000000000006, 4113.5),300
127.517308641	2809.86065101
134.92077037	2838.93278121
142.324232098	2868.00491141
149.727693826	2897.07704161
157.131155554	2926.14917181
164.534617283	2955.22130201
171.938079011	2984.29343221
179.341540739	3013.36556241
186.745002467	3042.43769262
194.148464196	3071.50982282
201.551925924	3100.58195302
208.955387652	3129.65408322
216.358849381	3158.72621342
223.762311109	3187.79834362
231.165772837	3216.87047382
238.569234565	3245.94260402
245.972696294	3275.01473423
253.376158022	3304.08686443
260.77961975	3333.15899463
268.183081478	3362.23112483
275.586543207	3391.30325503
282.990004935	3420.37538523
290.393466663	3449.44751543
297.796928391	3478.51964563
305.20039012	3507.59177584
312.603851848	3536.66390604
320.007313576	3565.73603624
327.410775305	3594.80816644
334.814237033	3623.88029664
342.217698761	3652.95242684
349.621160489	3682.02455704
357.024622218	3711.09668724
364.428083946	3740.16881745
371.831545674	3769.24094765
379.235007402	3798.31307785
386.638469131	3827.38520805
394.041930859	3856.45733825
401.445392587	3885.52946845
408.848854315	3914.60159865
416.252316044	3943.67372885
423.655777772	3972.74585906
