#micrograph: ../Source/micrographs/Microtubules_00011.mrc
#particle length: 300
#particle width: 300
#helix: (2709.5, 693.4999999999999),(765.5, 1134.5),300
2563.2167781	726.684619783
2533.96013372	733.32154374
2504.70348934	739.958467696
2475.44684496	746.595391653
2446.19020058	753.23231561
2416.9335562	759.869239566
2387.67691182	766.506163523
2358.42026744	773.14308748
2329.16362306	779.780011436
2299.90697868	786.416935393
2270.6503343	793.05385935
2241.39368992	799.690783306
2212.13704554	806.327707263
2182.88040116	812.964631219
2153.62375677	819.601555176
2124.36711239	826.238479133
2095.11046801	832.875403089
2065.85382363	839.512327046
2036.59717925	846.149251003
2007.34053487	852.786174959
1978.08389049	859.423098916
1948.82724611	866.060022873
1919.57060173	872.696946829
1890.31395735	879.333870786
1861.05731297	885.970794742
1831.80066859	892.607718699
1802.54402421	899.244642656
1773.28737983	905.881566612
1744.03073545	912.518490569
1714.77409107	919.155414526
1685.51744669	925.792338482
1656.26080231	932.429262439
1627.00415793	939.066186396
1597.74751355	945.703110352
1568.49086917	952.340034309
1539.23422479	958.976958265
1509.97758041	965.613882222
1480.72093603	972.250806179
1451.46429165	978.887730135
1422.20764727	985.524654092
1392.95100289	992.161578049
1363.69435851	998.798502005
1334.43771413	1005.43542596
1305.18106975	1012.07234992
1275.92442537	1018.70927388
1246.66778099	1025.34619783
1217.41113661	1031.98312179
1188.15449223	1038.62004575
1158.89784785	1045.2569697
1129.64120347	1051.89389366
1100.38455908	1058.53081761
1071.1279147	1065.16774157
1041.87127032	1071.80466553
1012.61462594	1078.44158948
983.357981564	1085.07851344
954.101337184	1091.7154374
924.844692803	1098.35236135
895.588048423	1104.98928531
#helix: (3033.5, 441.5),(1683.5, 2565.5),300
2953.03810639	568.093379278
2936.94572767	593.412055133
2920.85334895	618.730730989
2904.76097023	644.049406844
2888.6685915	669.3680827
2872.57621278	694.686758555
2856.48383406	720.005434411
2840.39145534	745.324110266
2824.29907662	770.642786122
2808.2066979	795.961461977
2792.11431917	821.280137833
2776.02194045	846.598813688
2759.92956173	871.917489544
2743.83718301	897.236165399
2727.74480429	922.554841255
2711.65242557	947.87351711
2695.56004684	973.192192966
2679.46766812	998.510868821
2663.3752894	1023.82954468
2647.28291068	1049.14822053
2631.19053196	1074.46689639
2615.09815324	1099.78557224
2599.00577451	1125.1042481
2582.91339579	1150.42292395
2566.82101707	1175.74159981
2550.72863835	1201.06027567
2534.63625963	1226.37895152
2518.5438809	1251.69762738
2502.45150218	1277.01630323
2486.35912346	1302.33497909
2470.26674474	1327.65365494
2454.17436602	1352.9723308
2438.0819873	1378.29100665
2421.98960857	1403.60968251
2405.89722985	1428.92835837
2389.80485113	1454.24703422
2373.71247241	1479.56571008
2357.62009369	1504.88438593
2341.52771497	1530.20306179
2325.43533624	1555.52173764
2309.34295752	1580.8404135
2293.2505788	1606.15908935
2277.15820008	1631.47776521
2261.06582136	1656.79644106
2244.97344264	1682.11511692
2228.88106391	1707.43379278
2212.78868519	1732.75246863
2196.69630647	1758.07114449
2180.60392775	1783.38982034
2164.51154903	1808.7084962
2148.41917031	1834.02717205
2132.32679158	1859.34584791
2116.23441286	1884.66452376
2100.14203414	1909.98319962
2084.04965542	1935.30187548
2067.9572767	1960.62055133
2051.86489797	1985.93922719
2035.77251925	2011.25790304
2019.68014053	2036.5765789
2003.58776181	2061.89525475
1987.49538309	2087.21393061
1971.40300437	2112.53260646
1955.31062564	2137.85128232
1939.21824692	2163.16995817
1923.1258682	2188.48863403
1907.03348948	2213.80730989
1890.94111076	2239.12598574
1874.84873204	2264.4446616
1858.75635331	2289.76333745
1842.66397459	2315.08201331
1826.57159587	2340.40068916
1810.47921715	2365.71936502
1794.38683843	2391.03804087
1778.29445971	2416.35671673
1762.20208098	2441.67539259
#helix: (432.50000000000006, 4032.5),(1701.5, 2574.5),300
530.978671704	3919.35429209
550.674406044	3896.7251505
570.370140385	3874.09600892
590.065874726	3851.46686734
609.761609066	3828.83772575
629.457343407	3806.20858417
649.153077748	3783.57944259
668.848812088	3760.950301
688.544546429	3738.32115942
708.24028077	3715.69201784
727.936015111	3693.06287626
747.631749451	3670.43373467
767.327483792	3647.80459309
787.023218133	3625.17545151
806.718952473	3602.54630992
826.414686814	3579.91716834
846.110421155	3557.28802676
865.806155495	3534.65888518
885.501889836	3512.02974359
905.197624177	3489.40060201
924.893358518	3466.77146043
944.589092858	3444.14231884
964.284827199	3421.51317726
983.98056154	3398.88403568
1003.67629588	3376.25489409
1023.37203022	3353.62575251
1043.06776456	3330.99661093
1062.7634989	3308.36746935
1082.45923324	3285.73832776
1102.15496758	3263.10918618
1121.85070192	3240.4800446
1141.54643627	3217.85090301
1161.24217061	3195.22176143
1180.93790495	3172.59261985
1200.63363929	3149.96347827
1220.32937363	3127.33433668
1240.02510797	3104.7051951
1259.72084231	3082.07605352
1279.41657665	3059.44691193
1299.11231099	3036.81777035
1318.80804533	3014.18862877
1338.50377967	2991.55948719
1358.19951401	2968.9303456
1377.89524835	2946.30120402
1397.59098269	2923.67206244
1417.28671704	2901.04292085
1436.98245138	2878.41377927
1456.67818572	2855.78463769
1476.37392006	2833.1554961
1496.0696544	2810.52635452
1515.76538874	2787.89721294
1535.46112308	2765.26807136
1555.15685742	2742.63892977
1574.85259176	2720.00978819
1594.5483261	2697.38064661
1614.24406044	2674.75150502
#helix: (2529.5, 1116.5),(108.5, 1539.5),300
2381.73844001	1142.31707554
2352.18612801	1147.48049064
2322.63381601	1152.64390575
2293.08150402	1157.80732086
2263.52919202	1162.97073597
2233.97688002	1168.13415107
2204.42456802	1173.29756618
2174.87225602	1178.46098129
2145.31994403	1183.6243964
2115.76763203	1188.7878115
2086.21532003	1193.95122661
2056.66300803	1199.11464172
2027.11069603	1204.27805683
1997.55838404	1209.44147193
1968.00607204	1214.60488704
1938.45376004	1219.76830215
1908.90144804	1224.93171726
1879.34913604	1230.09513236
1849.79682405	1235.25854747
1820.24451205	1240.42196258
1790.69220005	1245.58537769
1761.13988805	1250.74879279
1731.58757605	1255.9122079
1702.03526406	1261.07562301
1672.48295206	1266.23903812
1642.93064006	1271.40245322
1613.37832806	1276.56586833
1583.82601606	1281.72928344
1554.27370407	1286.89269855
1524.72139207	1292.05611365
1495.16908007	1297.21952876
1465.61676807	1302.38294387
1436.06445607	1307.54635898
1406.51214408	1312.70977408
1376.95983208	1317.87318919
1347.40752008	1323.0366043
1317.85520808	1328.20001941
1288.30289608	1333.36343451
1258.75058409	1338.52684962
1229.19827209	1343.69026473
1199.64596009	1348.85367984
1170.09364809	1354.01709494
1140.54133609	1359.18051005
1110.9890241	1364.34392516
1081.4367121	1369.50734027
1051.8844001	1374.67075537
1022.3320881	1379.83417048
992.779776103	1384.99758559
963.227464105	1390.1610007
933.675152107	1395.3244158
904.122840109	1400.48783091
874.570528111	1405.65124602
845.018216113	1410.81466113
815.465904115	1415.97807623
785.913592117	1421.14149134
756.361280119	1426.30490645
726.808968121	1431.46832156
697.256656123	1436.63173666
667.704344125	1441.79515177
638.152032127	1446.95856688
608.599720129	1452.12198198
579.047408131	1457.28539709
549.495096133	1462.4488122
519.942784135	1467.61222731
490.390472137	1472.77564241
460.838160139	1477.93905752
431.285848141	1483.10247263
401.733536143	1488.26588774
372.181224145	1493.42930284
342.628912147	1498.59271795
313.076600149	1503.75613306
283.524288151	1508.91954817
253.971976153	1514.08296327
#helix: (3618.5, 117.49999999999989),(3330.5, 729.4999999999999),300
3554.63044455	253.22280533
3541.85653346	280.367366396
3529.08262237	307.511927462
3516.30871128	334.656488528
3503.53480019	361.801049594
3490.7608891	388.94561066
3477.98697801	416.090171726
3465.21306692	443.234732792
3452.43915583	470.379293858
3439.66524474	497.523854924
3426.89133365	524.66841599
3414.11742256	551.812977056
3401.34351147	578.957538123
3388.56960038	606.102099189
#helix: (2835.5, 180.4999999999999),(207.50000000000003, 855.4999999999999),300
2690.21577939	217.816152554
2661.15893527	225.279383065
2632.10209114	232.742613576
2603.04524702	240.205844087
2573.9884029	247.669074598
2544.93155878	255.132305108
2515.87471466	262.595535619
2486.81787053	270.05876613
2457.76102641	277.521996641
2428.70418229	284.985227152
2399.64733817	292.448457663
2370.59049404	299.911688173
2341.53364992	307.374918684
2312.4768058	314.838149195
2283.41996168	322.301379706
2254.36311756	329.764610217
2225.30627343	337.227840728
2196.24942931	344.691071238
2167.19258519	352.154301749
2138.13574107	359.61753226
2109.07889694	367.080762771
2080.02205282	374.543993282
2050.9652087	382.007223793
2021.90836458	389.470454304
1992.85152046	396.933684814
1963.79467633	404.396915325
1934.73783221	411.860145836
1905.68098809	419.323376347
1876.62414397	426.786606858
1847.56729985	434.249837369
1818.51045572	441.713067879
1789.4536116	449.17629839
1760.39676748	456.639528901
1731.33992336	464.102759412
1702.28307923	471.565989923
1673.22623511	479.029220434
1644.16939099	486.492450944
1615.11254687	493.955681455
1586.05570275	501.418911966
1556.99885862	508.882142477
1527.9420145	516.345372988
1498.88517038	523.808603499
1469.82832626	531.271834009
1440.77148213	538.73506452
1411.71463801	546.198295031
1382.65779389	553.661525542
1353.60094977	561.124756053
1324.54410565	568.587986564
1295.48726152	576.051217075
1266.4304174	583.514447585
1237.37357328	590.977678096
1208.31672916	598.440908607
1179.25988503	605.904139118
1150.20304091	613.367369629
1121.14619679	620.83060014
1092.08935267	628.29383065
1063.03250855	635.757061161
1033.97566442	643.220291672
1004.9188203	650.683522183
975.861976179	658.146752694
946.805132057	665.609983205
917.748287935	673.073213715
888.691443812	680.536444226
859.63459969	687.999674737
830.577755568	695.462905248
801.520911446	702.926135759
772.464067324	710.38936627
743.407223201	717.85259678
714.350379079	725.315827291
685.293534957	732.779057802
656.236690835	740.242288313
627.179846712	747.705518824
598.12300259	755.168749335
569.066158468	762.631979846
540.009314346	770.095210356
510.952470224	777.558440867
481.895626101	785.021671378
452.838781979	792.484901889
423.781937857	799.9481324
394.725093735	807.411362911
365.668249613	814.874593421
336.61140549	822.337823932
#helix: (3519.5, 882.4999999999999),(5157.5, 513.4999999999999),300
3665.83284897	849.534907651
3695.09941876	842.941889181
3724.36598855	836.348870711
3753.63255834	829.755852241
3782.89912814	823.162833771
3812.16569793	816.569815301
3841.43226772	809.976796831
3870.69883752	803.383778361
3899.96540731	796.790759892
3929.2319771	790.197741422
3958.4985469	783.604722952
3987.76511669	777.011704482
4017.03168648	770.418686012
4046.29825628	763.825667542
4075.56482607	757.232649072
4104.83139586	750.639630602
4134.09796566	744.046612133
4163.36453545	737.453593663
4192.63110524	730.860575193
4221.89767503	724.267556723
4251.16424483	717.674538253
4280.43081462	711.081519783
4309.69738441	704.488501313
4338.96395421	697.895482843
4368.230524	691.302464373
4397.49709379	684.709445904
4426.76366359	678.116427434
4456.03023338	671.523408964
4485.29680317	664.930390494
4514.56337297	658.337372024
4543.82994276	651.744353554
4573.09651255	645.151335084
4602.36308235	638.558316614
4631.62965214	631.965298145
4660.89622193	625.372279675
4690.16279172	618.779261205
4719.42936152	612.186242735
4748.69593131	605.593224265
4777.9625011	599.000205795
4807.2290709	592.407187325
4836.49564069	585.814168855
4865.76221048	579.221150386
4895.02878028	572.628131916
4924.29535007	566.035113446
4953.56191986	559.442094976
4982.82848966	552.849076506
5012.09505945	546.256058036
#helix: (81.5, 2034.5),(1485.5, 1800.5),300
229.459088575	2009.8401519
259.05090629	2004.90818229
288.642724005	1999.97621267
318.23454172	1995.04424305
347.826359435	1990.11227343
377.41817715	1985.18030381
407.009994865	1980.24833419
436.60181258	1975.31636457
466.193630295	1970.38439495
495.78544801	1965.45242533
525.377265724	1960.52045571
554.969083439	1955.58848609
584.560901154	1950.65651647
614.152718869	1945.72454686
643.744536584	1940.79257724
673.336354299	1935.86060762
702.928172014	1930.928638
732.519989729	1925.99666838
762.111807444	1921.06469876
791.703625159	1916.13272914
821.295442874	1911.20075952
850.887260589	1906.2687899
880.479078304	1901.33682028
910.070896019	1896.40485066
939.662713734	1891.47288104
969.254531449	1886.54091143
998.846349164	1881.60894181
1028.43816688	1876.67697219
1058.02998459	1871.74500257
1087.62180231	1866.81303295
1117.21362002	1861.88106333
1146.80543774	1856.94909371
1176.39725545	1852.01712409
1205.98907317	1847.08515447
1235.58089088	1842.15318485
1265.1727086	1837.22121523
1294.76452631	1832.28924561
1324.35634403	1827.357276
1353.94816174	1822.42530638
#helix: (135.5, 576.4999999999999),(1773.5, 135.4999999999999),300
280.342363778	537.503978983
309.310836534	529.704774779
338.279309289	521.905570576
367.247782045	514.106366373
396.216254801	506.307162169
425.184727556	498.507957966
454.153200312	490.708753762
483.121673067	482.909549559
512.090145823	475.110345355
541.058618579	467.311141152
570.027091334	459.511936948
598.99556409	451.712732745
627.964036846	443.913528542
656.932509601	436.114324338
685.900982357	428.315120135
714.869455112	420.515915931
743.837927868	412.716711728
772.806400624	404.917507524
801.774873379	397.118303321
830.743346135	389.319099118
859.711818891	381.519894914
888.680291646	373.720690711
917.648764402	365.921486507
946.617237157	358.122282304
975.585709913	350.3230781
1004.55418267	342.523873897
1033.52265542	334.724669693
1062.49112818	326.92546549
1091.45960094	319.126261287
1120.42807369	311.327057083
1149.39654645	303.52785288
1178.3650192	295.728648676
1207.33349196	287.929444473
1236.30196471	280.130240269
1265.27043747	272.331036066
1294.23891022	264.531831863
1323.20738298	256.732627659
1352.17585574	248.933423456
1381.14432849	241.134219252
1410.11280125	233.335015049
1439.081274	225.535810845
1468.04974676	217.736606642
1497.01821951	209.937402438
1525.98669227	202.138198235
1554.95516503	194.338994032
1583.92363778	186.539789828
1612.89211054	178.740585625
1641.86058329	170.941381421
#helix: (3285.5, 783.4999999999999),(2097.5, 2844.5),300
3210.59076558	913.456171837
3195.60891869	939.447406204
3180.62707181	965.438640571
3165.64522493	991.429874939
3150.66337804	1017.42110931
3135.68153116	1043.41234367
3120.69968427	1069.40357804
3105.71783739	1095.39481241
3090.73599051	1121.38604678
3075.75414362	1147.37728114
3060.77229674	1173.36851551
3045.79044985	1199.35974988
3030.80860297	1225.35098424
3015.82675608	1251.34221861
3000.8449092	1277.33345298
2985.86306232	1303.32468735
2970.88121543	1329.31592171
2955.89936855	1355.30715608
2940.91752166	1381.29839045
2925.93567478	1407.28962482
2910.95382789	1433.28085918
2895.97198101	1459.27209355
2880.99013413	1485.26332792
2866.00828724	1511.25456229
2851.02644036	1537.24579665
2836.04459347	1563.23703102
2821.06274659	1589.22826539
2806.0808997	1615.21949975
2791.09905282	1641.21073412
2776.11720594	1667.20196849
2761.13535905	1693.19320286
2746.15351217	1719.18443722
2731.17166528	1745.17567159
2716.1898184	1771.16690596
2701.20797152	1797.15814033
2686.22612463	1823.14937469
2671.24427775	1849.14060906
2656.26243086	1875.13184343
2641.28058398	1901.1230778
2626.29873709	1927.11431216
2611.31689021	1953.10554653
2596.33504333	1979.0967809
2581.35319644	2005.08801526
2566.37134956	2031.07924963
2551.38950267	2057.070484
2536.40765579	2083.06171837
2521.4258089	2109.05295273
2506.44396202	2135.0441871
2491.46211514	2161.03542147
2476.48026825	2187.02665584
2461.49842137	2213.0178902
2446.51657448	2239.00912457
2431.5347276	2265.00035894
2416.55288071	2290.99159331
2401.57103383	2316.98282767
2386.58918695	2342.97406204
2371.60734006	2368.96529641
2356.62549318	2394.95653077
2341.64364629	2420.94776514
2326.66179941	2446.93899951
2311.67995253	2472.93023388
2296.69810564	2498.92146824
2281.71625876	2524.91270261
2266.73441187	2550.90393698
2251.75256499	2576.89517135
2236.7707181	2602.88640571
2221.78887122	2628.87764008
2206.80702434	2654.86887445
2191.82517745	2680.86010882
2176.84333057	2706.85134318
2161.86148368	2732.84257755
#helix: (1440.5, 1782.5),(5373.5, 981.5),300
1587.48270042	1752.56530815
1616.87924051	1746.57836978
1646.27578059	1740.59143141
1675.67232068	1734.60449304
1705.06886076	1728.61755467
1734.46540085	1722.6306163
1763.86194093	1716.64367793
1793.25848102	1710.65673956
1822.6550211	1704.66980119
1852.05156119	1698.68286282
1881.44810127	1692.69592445
1910.84464136	1686.70898609
1940.24118144	1680.72204772
1969.63772153	1674.73510935
1999.03426161	1668.74817098
2028.4308017	1662.76123261
2057.82734178	1656.77429424
2087.22388187	1650.78735587
2116.62042195	1644.8004175
2146.01696204	1638.81347913
2175.41350212	1632.82654076
2204.81004221	1626.83960239
2234.20658229	1620.85266402
2263.60312237	1614.86572565
2292.99966246	1608.87878728
2322.39620254	1602.89184891
2351.79274263	1596.90491054
2381.18928271	1590.91797217
2410.5858228	1584.9310338
2439.98236288	1578.94409543
2469.37890297	1572.95715706
2498.77544305	1566.97021869
2528.17198314	1560.98328032
2557.56852322	1554.99634195
2586.96506331	1549.00940358
2616.36160339	1543.02246521
2645.75814348	1537.03552684
2675.15468356	1531.04858847
2704.55122365	1525.0616501
2733.94776373	1519.07471173
2763.34430382	1513.08777336
2792.7408439	1507.10083499
2822.13738399	1501.11389663
2851.53392407	1495.12695826
2880.93046416	1489.14001989
2910.32700424	1483.15308152
2939.72354433	1477.16614315
2969.12008441	1471.17920478
2998.51662449	1465.19226641
3027.91316458	1459.20532804
3057.30970466	1453.21838967
3086.70624475	1447.2314513
3116.10278483	1441.24451293
3145.49932492	1435.25757456
3174.895865	1429.27063619
3204.29240509	1423.28369782
3233.68894517	1417.29675945
3263.08548526	1411.30982108
3292.48202534	1405.32288271
3321.87856543	1399.33594434
3351.27510551	1393.34900597
3380.6716456	1387.3620676
3410.06818568	1381.37512923
3439.46472577	1375.38819086
3468.86126585	1369.40125249
3498.25780594	1363.41431412
3527.65434602	1357.42737575
3557.05088611	1351.44043738
3586.44742619	1345.45349901
3615.84396628	1339.46656064
3645.24050636	1333.47962227
3674.63704645	1327.4926839
3704.03358653	1321.50574554
3733.43012662	1315.51880717
3762.8266667	1309.5318688
3792.22320678	1303.54493043
3821.61974687	1297.55799206
3851.01628695	1291.57105369
3880.41282704	1285.58411532
3909.80936712	1279.59717695
3939.20590721	1273.61023858
3968.60244729	1267.62330021
3997.99898738	1261.63636184
4027.39552746	1255.64942347
4056.79206755	1249.6624851
4086.18860763	1243.67554673
4115.58514772	1237.68860836
4144.9816878	1231.70166999
4174.37822789	1225.71473162
4203.77476797	1219.72779325
4233.17130806	1213.74085488
4262.56784814	1207.75391651
4291.96438823	1201.76697814
4321.36092831	1195.78003977
4350.7574684	1189.7931014
4380.15400848	1183.80616303
4409.55054857	1177.81922466
4438.94708865	1171.83228629
4468.34362874	1165.84534792
4497.74016882	1159.85840955
4527.1367089	1153.87147118
4556.53324899	1147.88453281
4585.92978907	1141.89759444
4615.32632916	1135.91065608
4644.72286924	1129.92371771
4674.11940933	1123.93677934
4703.51594941	1117.94984097
4732.9124895	1111.9629026
4762.30902958	1105.97596423
4791.70556967	1099.98902586
4821.10210975	1094.00208749
4850.49864984	1088.01514912
4879.89518992	1082.02821075
4909.29173001	1076.04127238
4938.68827009	1070.05433401
4968.08481018	1064.06739564
4997.48135026	1058.08045727
5026.87789035	1052.0935189
5056.27443043	1046.10658053
5085.67097052	1040.11964216
5115.0675106	1034.13270379
5144.46405069	1028.14576542
5173.86059077	1022.15882705
5203.25713086	1016.17188868
5232.65367094	1010.18495031
#helix: (36.5, 3690.5),(828.5, 2826.5),300
137.858694278	3579.92687897
158.130433133	3557.81225476
178.402171989	3535.69763056
198.673910844	3513.58300635
218.9456497	3491.46838215
239.217388555	3469.35375794
259.489127411	3447.23913373
279.760866266	3425.12450953
300.032605122	3403.00988532
320.304343977	3380.89526112
340.576082833	3358.78063691
360.847821688	3336.6660127
381.119560544	3314.5513885
401.391299399	3292.43676429
421.663038255	3270.32214009
441.93477711	3248.20751588
462.206515966	3226.09289167
482.478254821	3203.97826747
502.749993677	3181.86364326
523.021732532	3159.74901906
543.293471388	3137.63439485
563.565210244	3115.51977064
583.836949099	3093.40514644
604.108687955	3071.29052223
624.38042681	3049.17589803
644.652165666	3027.06127382
664.923904521	3004.94664961
685.195643377	2982.83202541
705.467382232	2960.7174012
725.739121088	2938.602777
746.010859943	2916.48815279
#helix: (1116.5, 3996.5),(2151.5, 2808.5),300
1215.03282735	3883.40145034
1234.73939282	3860.78174041
1254.44595829	3838.16203048
1274.15252376	3815.54232055
1293.85908923	3792.92261062
1313.5656547	3770.30290069
1333.27222017	3747.68319076
1352.97878564	3725.06348083
1372.68535111	3702.4437709
1392.39191658	3679.82406096
1412.09848205	3657.20435103
1431.80504752	3634.5846411
1451.51161299	3611.96493117
1471.21817846	3589.34522124
1490.92474393	3566.72551131
1510.63130941	3544.10580138
1530.33787488	3521.48609145
1550.04444035	3498.86638152
1569.75100582	3476.24667159
1589.45757129	3453.62696165
1609.16413676	3431.00725172
1628.87070223	3408.38754179
1648.5772677	3385.76783186
1668.28383317	3363.14812193
1687.99039864	3340.528412
1707.69696411	3317.90870207
1727.40352958	3295.28899214
1747.11009505	3272.66928221
1766.81666052	3250.04957227
1786.52322599	3227.42986234
1806.22979146	3204.81015241
1825.93635693	3182.19044248
1845.6429224	3159.57073255
1865.34948787	3136.95102262
1885.05605334	3114.33131269
1904.76261881	3091.71160276
1924.46918428	3069.09189283
1944.17574975	3046.47218289
1963.88231522	3023.85247296
1983.58888069	3001.23276303
2003.29544616	2978.6130531
2023.00201163	2955.99334317
2042.7085771	2933.37363324
2062.41514257	2910.75392331
#helix: (2529.5, 711.4999999999999),(4995.5, 108.49999999999989),300
2675.20712475	675.870885553
2704.3485497	668.745062664
2733.48997465	661.619239774
2762.6313996	654.493416885
2791.77282456	647.367593996
2820.91424951	640.241771106
2850.05567446	633.115948217
2879.19709941	625.990125328
2908.33852436	618.864302438
2937.47994931	611.738479549
2966.62137426	604.612656659
2995.76279921	597.48683377
3024.90422416	590.361010881
3054.04564911	583.235187991
3083.18707406	576.109365102
3112.32849901	568.983542213
3141.46992396	561.857719323
3170.61134891	554.731896434
3199.75277386	547.606073544
3228.89419881	540.480250655
3258.03562376	533.354427766
3287.17704871	526.228604876
3316.31847367	519.102781987
3345.45989862	511.976959098
3374.60132357	504.851136208
3403.74274852	497.725313319
3432.88417347	490.599490429
3462.02559842	483.47366754
3491.16702337	476.347844651
3520.30844832	469.222021761
3549.44987327	462.096198872
3578.59129822	454.970375983
3607.73272317	447.844553093
3636.87414812	440.718730204
3666.01557307	433.592907315
3695.15699802	426.467084425
3724.29842297	419.341261536
3753.43984792	412.215438646
3782.58127287	405.089615757
3811.72269782	397.963792868
3840.86412278	390.837969978
3870.00554773	383.712147089
3899.14697268	376.5863242
3928.28839763	369.46050131
3957.42982258	362.334678421
3986.57124753	355.208855531
4015.71267248	348.083032642
4044.85409743	340.957209753
4073.99552238	333.831386863
4103.13694733	326.705563974
4132.27837228	319.579741085
4161.41979723	312.453918195
4190.56122218	305.328095306
4219.70264713	298.202272416
4248.84407208	291.076449527
4277.98549703	283.950626638
4307.12692198	276.824803748
4336.26834693	269.698980859
4365.40977189	262.57315797
4394.55119684	255.44733508
4423.69262179	248.321512191
4452.83404674	241.195689301
4481.97547169	234.069866412
4511.11689664	226.944043523
4540.25832159	219.818220633
4569.39974654	212.692397744
4598.54117149	205.566574855
4627.68259644	198.440751965
4656.82402139	191.314929076
4685.96544634	184.189106187
4715.10687129	177.063283297
4744.24829624	169.937460408
4773.38972119	162.811637518
4802.53114614	155.685814629
4831.67257109	148.55999174
4860.81399605	141.43416885
#helix: (1557.5, 1926.5),(855.5000000000001, 2781.5),300
1462.31511246	2042.43031175
1443.27813495	2065.6163741
1424.24115744	2088.80243645
1405.20417993	2111.9884988
1386.16720242	2135.17456116
1367.13022491	2158.36062351
1348.0932474	2181.54668586
1329.05626989	2204.73274821
1310.01929238	2227.91881056
1290.98231488	2251.10487291
1271.94533737	2274.29093526
1252.90835986	2297.47699761
1233.87138235	2320.66305996
1214.83440484	2343.84912231
1195.79742733	2367.03518466
1176.76044982	2390.22124701
1157.72347231	2413.40730936
1138.6864948	2436.59337171
1119.6495173	2459.77943406
1100.61253979	2482.96549641
1081.57556228	2506.15155876
1062.53858477	2529.33762112
1043.50160726	2552.52368347
1024.46462975	2575.70974582
1005.42765224	2598.89580817
986.390674733	2622.08187052
967.353697224	2645.26793287
948.316719715	2668.45399522
