#micrograph: ../Source/micrographs/Microtubules_00034.mrc
#particle length: 310
#particle width: 310
#helix: (711.5000000000002, 171.4999999999999),(2331.5, 4266.5),310
768.518981468	315.631314267
779.922777762	344.45757712
791.326574056	373.283839974
802.730370349	402.110102827
814.134166643	430.936365681
825.537962937	459.762628534
836.94175923	488.588891387
848.345555524	517.415154241
859.749351817	546.241417094
871.153148111	575.067679948
882.556944405	603.893942801
893.960740698	632.720205654
905.364536992	661.546468508
916.768333286	690.372731361
928.172129579	719.198994214
939.575925873	748.025257068
950.979722167	776.851519921
962.38351846	805.677782775
973.787314754	834.504045628
985.191111048	863.330308481
996.594907341	892.156571335
1007.99870363	920.982834188
1019.40249993	949.809097042
1030.80629622	978.635359895
1042.21009252	1007.46162275
1053.61388881	1036.2878856
1065.0176851	1065.11414846
1076.4214814	1093.94041131
1087.82527769	1122.76667416
1099.22907398	1151.59293702
1110.63287028	1180.41919987
1122.03666657	1209.24546272
1133.44046287	1238.07172558
1144.84425916	1266.89798843
1156.24805545	1295.72425128
1167.65185175	1324.55051414
1179.05564804	1353.37677699
1190.45944433	1382.20303984
1201.86324063	1411.0293027
1213.26703692	1439.85556555
1224.67083321	1468.6818284
1236.07462951	1497.50809126
1247.4784258	1526.33435411
1258.8822221	1555.16061696
1270.28601839	1583.98687982
1281.68981468	1612.81314267
1293.09361098	1641.63940552
1304.49740727	1670.46566838
1315.90120356	1699.29193123
1327.30499986	1728.11819408
1338.70879615	1756.94445694
1350.11259244	1785.77071979
1361.51638874	1814.59698264
1372.92018503	1843.4232455
1384.32398133	1872.24950835
1395.72777762	1901.0757712
1407.13157391	1929.90203406
1418.53537021	1958.72829691
1429.9391665	1987.55455976
1441.34296279	2016.38082262
1452.74675909	2045.20708547
1464.15055538	2074.03334832
1475.55435167	2102.85961118
1486.95814797	2131.68587403
1498.36194426	2160.51213688
1509.76574056	2189.33839974
1521.16953685	2218.16466259
1532.57333314	2246.99092544
1543.97712944	2275.8171883
1555.38092573	2304.64345115
1566.78472202	2333.469714
1578.18851832	2362.29597686
1589.59231461	2391.12223971
1600.9961109	2419.94850256
1612.3999072	2448.77476542
1623.80370349	2477.60102827
1635.20749979	2506.42729112
1646.61129608	2535.25355398
1658.01509237	2564.07981683
1669.41888867	2592.90607969
1680.82268496	2621.73234254
1692.22648125	2650.55860539
1703.63027755	2679.38486825
1715.03407384	2708.2111311
1726.43787013	2737.03739395
1737.84166643	2765.86365681
1749.24546272	2794.68991966
1760.64925902	2823.51618251
1772.05305531	2852.34244537
1783.4568516	2881.16870822
1794.8606479	2909.99497107
1806.26444419	2938.82123393
1817.66824048	2967.64749678
1829.07203678	2996.47375963
1840.47583307	3025.30002249
1851.87962937	3054.12628534
1863.28342566	3082.95254819
1874.68722195	3111.77881105
1886.09101825	3140.6050739
1897.49481454	3169.43133675
1908.89861083	3198.25759961
1920.30240713	3227.08386246
1931.70620342	3255.91012531
1943.10999971	3284.73638817
1954.51379601	3313.56265102
1965.9175923	3342.38891387
1977.3213886	3371.21517673
1988.72518489	3400.04143958
2000.12898118	3428.86770243
2011.53277748	3457.69396529
2022.93657377	3486.52022814
2034.34037006	3515.34649099
2045.74416636	3544.17275385
2057.14796265	3572.9990167
2068.55175894	3601.82527955
2079.95555524	3630.65154241
2091.35935153	3659.47780526
2102.76314783	3688.30406811
2114.16694412	3717.13033097
2125.57074041	3745.95659382
2136.97453671	3774.78285667
2148.378333	3803.60911953
2159.78212929	3832.43538238
2171.18592559	3861.26164523
2182.58972188	3890.08790809
2193.99351817	3918.91417094
2205.39731447	3947.74043379
2216.80111076	3976.56669665
2228.20490706	4005.3929595
2239.60870335	4034.21922235
2251.01249964	4063.04548521
2262.41629594	4091.87174806
2273.82009223	4120.69801091
2285.22388852	4149.52427377
#helix: (2043.5, 486.4999999999999),(3330.5, 4041.5),310
2096.26274367	632.243243001
2106.8152924	661.391891602
2117.36784114	690.540540202
2127.92038987	719.689188802
2138.4729386	748.837837402
2149.02548734	777.986486003
2159.57803607	807.135134603
2170.13058481	836.283783203
2180.68313354	865.432431803
2191.23568227	894.581080404
2201.78823101	923.729729004
2212.34077974	952.878377604
2222.89332847	982.027026204
2233.44587721	1011.1756748
2243.99842594	1040.3243234
2254.55097468	1069.47297201
2265.10352341	1098.62162061
2275.65607214	1127.77026921
2286.20862088	1156.91891781
2296.76116961	1186.06756641
2307.31371834	1215.21621501
2317.86626708	1244.36486361
2328.41881581	1273.51351221
2338.97136455	1302.66216081
2349.52391328	1331.81080941
2360.07646201	1360.95945801
2370.62901075	1390.10810661
2381.18155948	1419.25675521
2391.73410821	1448.40540381
2402.28665695	1477.55405241
2412.83920568	1506.70270101
2423.39175442	1535.85134961
2433.94430315	1564.99999821
2444.49685188	1594.14864681
2455.04940062	1623.29729541
2465.60194935	1652.44594401
2476.15449808	1681.59459261
2486.70704682	1710.74324121
2497.25959555	1739.89188981
2507.81214429	1769.04053841
2518.36469302	1798.18918701
2528.91724175	1827.33783561
2539.46979049	1856.48648421
2550.02233922	1885.63513281
2560.57488795	1914.78378141
2571.12743669	1943.93243001
2581.67998542	1973.08107861
2592.23253416	2002.22972721
2602.78508289	2031.37837581
2613.33763162	2060.52702441
2623.89018036	2089.67567301
2634.44272909	2118.82432161
2644.99527782	2147.97297021
2655.54782656	2177.12161882
2666.10037529	2206.27026742
2676.65292403	2235.41891602
2687.20547276	2264.56756462
2697.75802149	2293.71621322
2708.31057023	2322.86486182
2718.86311896	2352.01351042
2729.41566769	2381.16215902
2739.96821643	2410.31080762
2750.52076516	2439.45945622
2761.0733139	2468.60810482
2771.62586263	2497.75675342
2782.17841136	2526.90540202
2792.7309601	2556.05405062
2803.28350883	2585.20269922
2813.83605756	2614.35134782
2824.3886063	2643.49999642
2834.94115503	2672.64864502
2845.49370377	2701.79729362
2856.0462525	2730.94594222
2866.59880123	2760.09459082
2877.15134997	2789.24323942
2887.7038987	2818.39188802
2898.25644743	2847.54053662
2908.80899617	2876.68918522
2919.3615449	2905.83783382
2929.91409364	2934.98648242
2940.46664237	2964.13513102
2951.0191911	2993.28377962
2961.57173984	3022.43242822
2972.12428857	3051.58107682
2982.67683731	3080.72972542
2993.22938604	3109.87837402
3003.78193477	3139.02702262
3014.33448351	3168.17567122
3024.88703224	3197.32431982
3035.43958097	3226.47296842
3045.99212971	3255.62161702
3056.54467844	3284.77026563
3067.09722718	3313.91891423
3077.64977591	3343.06756283
3088.20232464	3372.21621143
3098.75487338	3401.36486003
3109.30742211	3430.51350863
3119.85997084	3459.66215723
3130.41251958	3488.81080583
3140.96506831	3517.95945443
3151.51761705	3547.10810303
3162.07016578	3576.25675163
3172.62271451	3605.40540023
3183.17526325	3634.55404883
3193.72781198	3663.70269743
3204.28036071	3692.85134603
3214.83290945	3721.99999463
3225.38545818	3751.14864323
3235.93800692	3780.29729183
3246.49055565	3809.44594043
3257.04310438	3838.59458903
3267.59565312	3867.74323763
3278.14820185	3896.89188623
#helix: (1305.5, 9.499999999999886),(2763.5, 4212.5),310
1356.29905684	155.939256433
1366.4588682	185.22710772
1376.61867957	214.514959006
1386.77849094	243.802810293
1396.9383023	273.090661579
1407.09811367	302.378512866
1417.25792504	331.666364152
1427.4177364	360.954215439
1437.57754777	390.242066726
1447.73735914	419.529918012
1457.89717051	448.817769299
1468.05698187	478.105620585
1478.21679324	507.393471872
1488.37660461	536.681323159
1498.53641597	565.969174445
1508.69622734	595.257025732
1518.85603871	624.544877018
1529.01585008	653.832728305
1539.17566144	683.120579592
1549.33547281	712.408430878
1559.49528418	741.696282165
1569.65509554	770.984133451
1579.81490691	800.271984738
1589.97471828	829.559836024
1600.13452965	858.847687311
1610.29434101	888.135538598
1620.45415238	917.423389884
1630.61396375	946.711241171
1640.77377511	975.999092457
1650.93358648	1005.28694374
1661.09339785	1034.57479503
1671.25320921	1063.86264632
1681.41302058	1093.1504976
1691.57283195	1122.43834889
1701.73264332	1151.72620018
1711.89245468	1181.01405146
1722.05226605	1210.30190275
1732.21207742	1239.58975404
1742.37188878	1268.87760532
1752.53170015	1298.16545661
1762.69151152	1327.4533079
1772.85132289	1356.74115918
1783.01113425	1386.02901047
1793.17094562	1415.31686176
1803.33075699	1444.60471304
1813.49056835	1473.89256433
1823.65037972	1503.18041562
1833.81019109	1532.4682669
1843.97000246	1561.75611819
1854.12981382	1591.04396948
1864.28962519	1620.33182076
1874.44943656	1649.61967205
1884.60924792	1678.90752334
1894.76905929	1708.19537462
1904.92887066	1737.48322591
1915.08868202	1766.7710772
1925.24849339	1796.05892848
1935.40830476	1825.34677977
1945.56811613	1854.63463106
1955.72792749	1883.92248234
1965.88773886	1913.21033363
1976.04755023	1942.49818491
1986.20736159	1971.7860362
1996.36717296	2001.07388749
2006.52698433	2030.36173877
2016.6867957	2059.64959006
2026.84660706	2088.93744135
2037.00641843	2118.22529263
2047.1662298	2147.51314392
2057.32604116	2176.80099521
2067.48585253	2206.08884649
2077.6456639	2235.37669778
2087.80547527	2264.66454907
2097.96528663	2293.95240035
2108.125098	2323.24025164
2118.28490937	2352.52810293
2128.44472073	2381.81595421
2138.6045321	2411.1038055
2148.76434347	2440.39165679
2158.92415483	2469.67950807
2169.0839662	2498.96735936
2179.24377757	2528.25521065
2189.40358894	2557.54306193
2199.5634003	2586.83091322
2209.72321167	2616.11876451
2219.88302304	2645.40661579
2230.0428344	2674.69446708
2240.20264577	2703.98231837
2250.36245714	2733.27016965
2260.52226851	2762.55802094
2270.68207987	2791.84587223
2280.84189124	2821.13372351
2291.00170261	2850.4215748
2301.16151397	2879.70942609
2311.32132534	2908.99727737
2321.48113671	2938.28512866
2331.64094808	2967.57297995
2341.80075944	2996.86083123
2351.96057081	3026.14868252
2362.12038218	3055.43653381
2372.28019354	3084.72438509
2382.44000491	3114.01223638
2392.59981628	3143.30008766
2402.75962764	3172.58793895
2412.91943901	3201.87579024
2423.07925038	3231.16364152
2433.23906175	3260.45149281
2443.39887311	3289.7393441
2453.55868448	3319.02719538
2463.71849585	3348.31504667
2473.87830721	3377.60289796
2484.03811858	3406.89074924
2494.19792995	3436.17860053
2504.35774132	3465.46645182
2514.51755268	3494.7543031
2524.67736405	3524.04215439
2534.83717542	3553.33000568
2544.99698678	3582.61785696
2555.15679815	3611.90570825
2565.31660952	3641.19355954
2575.47642089	3670.48141082
2585.63623225	3699.76926211
2595.79604362	3729.0571134
2605.95585499	3758.34496468
2616.11566635	3787.63281597
2626.27547772	3816.92066726
2636.43528909	3846.20851854
2646.59510045	3875.49636983
2656.75491182	3904.78422112
2666.91472319	3934.0720724
2677.07453456	3963.35992369
2687.23434592	3992.64777498
2697.39415729	4021.93562626
2707.55396866	4051.22347755
2717.71378002	4080.51132884
#helix: (2583.5, 396.4999999999999),(4032.5, 4230.5),310
2638.29694405	541.490671846
2649.25633287	570.488806215
2660.21572168	599.486940584
2671.17511049	628.485074953
2682.1344993	657.483209322
2693.09388811	686.481343692
2704.05327692	715.479478061
2715.01266573	744.47761243
2725.97205454	773.475746799
2736.93144335	802.473881168
2747.89083216	831.472015537
2758.85022097	860.470149907
2769.80960978	889.468284276
2780.7689986	918.466418645
2791.72838741	947.464553014
2802.68777622	976.462687383
2813.64716503	1005.46082175
2824.60655384	1034.45895612
2835.56594265	1063.45709049
2846.52533146	1092.45522486
2857.48472027	1121.45335923
2868.44410908	1150.4514936
2879.40349789	1179.44962797
2890.3628867	1208.44776234
2901.32227552	1237.44589671
2912.28166433	1266.44403107
2923.24105314	1295.44216544
2934.20044195	1324.44029981
2945.15983076	1353.43843418
2956.11921957	1382.43656855
2967.07860838	1411.43470292
2978.03799719	1440.43283729
2988.997386	1469.43097166
2999.95677481	1498.42910603
3010.91616362	1527.4272404
3021.87555244	1556.42537477
3032.83494125	1585.42350914
3043.79433006	1614.4216435
3054.75371887	1643.41977787
3065.71310768	1672.41791224
3076.67249649	1701.41604661
3087.6318853	1730.41418098
3098.59127411	1759.41231535
3109.55066292	1788.41044972
3120.51005173	1817.40858409
3131.46944054	1846.40671846
3142.42882935	1875.40485283
3153.38821817	1904.4029872
3164.34760698	1933.40112157
3175.30699579	1962.39925593
3186.2663846	1991.3973903
3197.22577341	2020.39552467
3208.18516222	2049.39365904
3219.14455103	2078.39179341
3230.10393984	2107.38992778
3241.06332865	2136.38806215
3252.02271746	2165.38619652
3262.98210627	2194.38433089
3273.94149509	2223.38246526
3284.9008839	2252.38059963
3295.86027271	2281.378734
3306.81966152	2310.37686836
3317.77905033	2339.37500273
3328.73843914	2368.3731371
3339.69782795	2397.37127147
3350.65721676	2426.36940584
3361.61660557	2455.36754021
3372.57599438	2484.36567458
3383.53538319	2513.36380895
3394.49477201	2542.36194332
3405.45416082	2571.36007769
3416.41354963	2600.35821206
3427.37293844	2629.35634643
3438.33232725	2658.35448079
3449.29171606	2687.35261516
3460.25110487	2716.35074953
3471.21049368	2745.3488839
3482.16988249	2774.34701827
3493.1292713	2803.34515264
3504.08866011	2832.34328701
3515.04804892	2861.34142138
3526.00743774	2890.33955575
3536.96682655	2919.33769012
3547.92621536	2948.33582449
3558.88560417	2977.33395886
3569.84499298	3006.33209322
3580.80438179	3035.33022759
3591.7637706	3064.32836196
3602.72315941	3093.32649633
3613.68254822	3122.3246307
3624.64193703	3151.32276507
3635.60132584	3180.32089944
3646.56071466	3209.31903381
3657.52010347	3238.31716818
3668.47949228	3267.31530255
3679.43888109	3296.31343692
3690.3982699	3325.31157129
3701.35765871	3354.30970565
3712.31704752	3383.30784002
3723.27643633	3412.30597439
3734.23582514	3441.30410876
3745.19521395	3470.30224313
3756.15460276	3499.3003775
3767.11399158	3528.29851187
3778.07338039	3557.29664624
3789.0327692	3586.29478061
3799.99215801	3615.29291498
3810.95154682	3644.29104935
3821.91093563	3673.28918372
3832.87032444	3702.28731808
3843.82971325	3731.28545245
3854.78910206	3760.28358682
3865.74849087	3789.28172119
3876.70787968	3818.27985556
3887.66726849	3847.27798993
3898.62665731	3876.2761243
3909.58604612	3905.27425867
3920.54543493	3934.27239304
3931.50482374	3963.27052741
3942.46421255	3992.26866178
3953.42360136	4021.26679615
3964.38299017	4050.26493051
3975.34237898	4079.26306488
3986.30176779	4108.26119925
#helix: (1692.5, 576.4999999999999),(3069.5, 4059.5),310
1749.48712785	720.643911627
1760.88455342	749.472693952
1772.28197899	778.301476278
1783.67940456	807.130258603
1795.07683013	835.959040929
1806.47425571	864.787823254
1817.87168128	893.616605579
1829.26910685	922.445387905
1840.66653242	951.27417023
1852.06395799	980.102952555
1863.46138356	1008.93173488
1874.85880913	1037.76051721
1886.2562347	1066.58929953
1897.65366027	1095.41808186
1909.05108584	1124.24686418
1920.44851141	1153.07564651
1931.84593698	1181.90442883
1943.24336255	1210.73321116
1954.64078812	1239.56199348
1966.03821369	1268.39077581
1977.43563926	1297.21955813
1988.83306483	1326.04834046
2000.2304904	1354.87712279
2011.62791597	1383.70590511
2023.02534154	1412.53468744
2034.42276712	1441.36346976
2045.82019269	1470.19225209
2057.21761826	1499.02103441
2068.61504383	1527.84981674
2080.0124694	1556.67859906
2091.40989497	1585.50738139
2102.80732054	1614.33616371
2114.20474611	1643.16494604
2125.60217168	1671.99372836
2136.99959725	1700.82251069
2148.39702282	1729.65129302
2159.79444839	1758.48007534
2171.19187396	1787.30885767
2182.58929953	1816.13763999
2193.9867251	1844.96642232
2205.38415067	1873.79520464
2216.78157624	1902.62398697
2228.17900181	1931.45276929
2239.57642738	1960.28155162
2250.97385295	1989.11033394
2262.37127853	2017.93911627
2273.7687041	2046.76789859
2285.16612967	2075.59668092
2296.56355524	2104.42546325
2307.96098081	2133.25424557
2319.35840638	2162.0830279
2330.75583195	2190.91181022
2342.15325752	2219.74059255
2353.55068309	2248.56937487
2364.94810866	2277.3981572
2376.34553423	2306.22693952
2387.7429598	2335.05572185
2399.14038537	2363.88450417
2410.53781094	2392.7132865
2421.93523651	2421.54206883
2433.33266208	2450.37085115
2444.73008765	2479.19963348
2456.12751322	2508.0284158
2467.52493879	2536.85719813
2478.92236436	2565.68598045
2490.31978994	2594.51476278
2501.71721551	2623.3435451
2513.11464108	2652.17232743
2524.51206665	2681.00110975
2535.90949222	2709.82989208
2547.30691779	2738.6586744
2558.70434336	2767.48745673
2570.10176893	2796.31623906
2581.4991945	2825.14502138
2592.89662007	2853.97380371
2604.29404564	2882.80258603
2615.69147121	2911.63136836
2627.08889678	2940.46015068
2638.48632235	2969.28893301
2649.88374792	2998.11771533
2661.28117349	3026.94649766
2672.67859906	3055.77527998
2684.07602463	3084.60406231
2695.4734502	3113.43284463
2706.87087577	3142.26162696
2718.26830135	3171.09040929
2729.66572692	3199.91919161
2741.06315249	3228.74797394
2752.46057806	3257.57675626
2763.85800363	3286.40553859
2775.2554292	3315.23432091
2786.65285477	3344.06310324
2798.05028034	3372.89188556
2809.44770591	3401.72066789
2820.84513148	3430.54945021
2832.24255705	3459.37823254
2843.63998262	3488.20701486
2855.03740819	3517.03579719
2866.43483376	3545.86457952
2877.83225933	3574.69336184
2889.2296849	3603.52214417
2900.62711047	3632.35092649
2912.02453604	3661.17970882
2923.42196161	3690.00849114
2934.81938718	3718.83727347
2946.21681276	3747.66605579
2957.61423833	3776.49483812
2969.0116639	3805.32362044
2980.40908947	3834.15240277
2991.80651504	3862.98118509
3003.20394061	3891.80996742
3014.60136618	3920.63874975
#helix: (414.50000000000006, 360.4999999999998),(1773.5, 4131.5),310
467.050809003	506.319794518
477.560970803	535.483753421
488.071132604	564.647712325
498.581294404	593.811671228
509.091456205	622.975630132
519.601618006	652.139589035
530.111779806	681.303547939
540.621941607	710.467506842
551.132103407	739.631465746
561.642265208	768.795424649
572.152427008	797.959383553
582.662588809	827.123342456
593.172750609	856.28730136
603.68291241	885.451260263
614.19307421	914.615219167
624.703236011	943.77917807
635.213397812	972.943136974
645.723559612	1002.10709588
656.233721413	1031.27105478
666.743883213	1060.43501368
677.254045014	1089.59897259
687.764206814	1118.76293149
698.274368615	1147.9268904
708.784530415	1177.0908493
719.294692216	1206.2548082
729.804854017	1235.41876711
740.315015817	1264.58272601
750.825177618	1293.74668491
761.335339418	1322.91064382
771.845501219	1352.07460272
782.355663019	1381.23856162
792.86582482	1410.40252053
803.37598662	1439.56647943
813.886148421	1468.73043833
824.396310222	1497.89439724
834.906472022	1527.05835614
845.416633823	1556.22231504
855.926795623	1585.38627395
866.436957424	1614.55023285
876.947119224	1643.71419175
887.457281025	1672.87815066
897.967442825	1702.04210956
908.477604626	1731.20606847
918.987766427	1760.37002737
929.497928227	1789.53398627
940.008090028	1818.69794518
950.518251828	1847.86190408
961.028413629	1877.02586298
971.538575429	1906.18982189
982.04873723	1935.35378079
992.55889903	1964.51773969
1003.06906083	1993.6816986
1013.57922263	2022.8456575
1024.08938443	2052.0096164
1034.59954623	2081.17357531
1045.10970803	2110.33753421
1055.61986983	2139.50149311
1066.13003163	2168.66545202
1076.64019343	2197.82941092
1087.15035524	2226.99336983
1097.66051704	2256.15732873
1108.17067884	2285.32128763
1118.68084064	2314.48524654
1129.19100244	2343.64920544
1139.70116424	2372.81316434
1150.21132604	2401.97712325
1160.72148784	2431.14108215
1171.23164964	2460.30504105
1181.74181144	2489.46899996
1192.25197324	2518.63295886
1202.76213504	2547.79691776
1213.27229684	2576.96087667
1223.78245864	2606.12483557
1234.29262044	2635.28879447
1244.80278224	2664.45275338
1255.31294404	2693.61671228
1265.82310584	2722.78067119
1276.33326765	2751.94463009
1286.84342945	2781.10858899
1297.35359125	2810.2725479
1307.86375305	2839.4365068
1318.37391485	2868.6004657
1328.88407665	2897.76442461
1339.39423845	2926.92838351
1349.90440025	2956.09234241
1360.41456205	2985.25630132
1370.92472385	3014.42026022
1381.43488565	3043.58421912
1391.94504745	3072.74817803
1402.45520925	3101.91213693
1412.96537105	3131.07609583
1423.47553285	3160.24005474
1433.98569465	3189.40401364
1444.49585645	3218.56797254
1455.00601825	3247.73193145
1465.51618006	3276.89589035
1476.02634186	3306.05984926
1486.53650366	3335.22380816
1497.04666546	3364.38776706
1507.55682726	3393.55172597
1518.06698906	3422.71568487
1528.57715086	3451.87964377
1539.08731266	3481.04360268
1549.59747446	3510.20756158
1560.10763626	3539.37152048
1570.61779806	3568.53547939
1581.12795986	3597.69943829
1591.63812166	3626.86339719
1602.14828346	3656.0273561
1612.65844526	3685.191315
1623.16860706	3714.3552739
1633.67876886	3743.51923281
1644.18893066	3772.68319171
1654.69909247	3801.84715062
1665.20925427	3831.01110952
1675.71941607	3860.17506842
1686.22957787	3889.33902733
1696.73973967	3918.50298623
1707.24990147	3947.66694513
1717.76006327	3976.83090404
1728.27022507	4005.99486294
#helix: (3591.5, 288.4999999999999),(4977.5, 4014.5),310
3645.53938883	433.774720631
3656.3472666	462.829664757
3667.15514437	491.884608884
3677.96302213	520.93955301
3688.7708999	549.994497136
3699.57877767	579.049441262
3710.38665543	608.104385389
3721.1945332	637.159329515
3732.00241097	666.214273641
3742.81028873	695.269217767
3753.6181665	724.324161894
3764.42604427	753.37910602
3775.23392203	782.434050146
3786.0417998	811.488994272
3796.84967757	840.543938398
3807.65755534	869.598882525
3818.4654331	898.653826651
3829.27331087	927.708770777
3840.08118864	956.763714903
3850.8890664	985.81865903
3861.69694417	1014.87360316
3872.50482194	1043.92854728
3883.3126997	1072.98349141
3894.12057747	1102.03843553
3904.92845524	1131.09337966
3915.736333	1160.14832379
3926.54421077	1189.20326791
3937.35208854	1218.25821204
3948.1599663	1247.31315617
3958.96784407	1276.36810029
3969.77572184	1305.42304442
3980.5835996	1334.47798854
3991.39147737	1363.53293267
4002.19935514	1392.5878768
4013.0072329	1421.64282092
4023.81511067	1450.69776505
4034.62298844	1479.75270918
4045.4308662	1508.8076533
4056.23874397	1537.86259743
4067.04662174	1566.91754155
4077.8544995	1595.97248568
4088.66237727	1625.02742981
4099.47025504	1654.08237393
4110.2781328	1683.13731806
4121.08601057	1712.19226219
4131.89388834	1741.24720631
4142.7017661	1770.30215044
4153.50964387	1799.35709456
4164.31752164	1828.41203869
4175.12539941	1857.46698282
4185.93327717	1886.52192694
4196.74115494	1915.57687107
4207.54903271	1944.6318152
4218.35691047	1973.68675932
4229.16478824	2002.74170345
4239.97266601	2031.79664757
4250.78054377	2060.8515917
4261.58842154	2089.90653583
4272.39629931	2118.96147995
4283.20417707	2148.01642408
4294.01205484	2177.07136821
4304.81993261	2206.12631233
4315.62781037	2235.18125646
4326.43568814	2264.23620058
4337.24356591	2293.29114471
4348.05144367	2322.34608884
4358.85932144	2351.40103296
4369.66719921	2380.45597709
4380.47507697	2409.51092122
4391.28295474	2438.56586534
4402.09083251	2467.62080947
4412.89871027	2496.67575359
4423.70658804	2525.73069772
4434.51446581	2554.78564185
4445.32234357	2583.84058597
4456.13022134	2612.8955301
4466.93809911	2641.95047423
4477.74597687	2671.00541835
4488.55385464	2700.06036248
4499.36173241	2729.1153066
4510.16961017	2758.17025073
4520.97748794	2787.22519486
4531.78536571	2816.28013898
4542.59324348	2845.33508311
4553.40112124	2874.39002723
4564.20899901	2903.44497136
4575.01687678	2932.49991549
4585.82475454	2961.55485961
4596.63263231	2990.60980374
4607.44051008	3019.66474787
4618.24838784	3048.71969199
4629.05626561	3077.77463612
4639.86414338	3106.82958024
4650.67202114	3135.88452437
4661.47989891	3164.9394685
4672.28777668	3193.99441262
4683.09565444	3223.04935675
4693.90353221	3252.10430088
4704.71140998	3281.159245
4715.51928774	3310.21418913
4726.32716551	3339.26913325
4737.13504328	3368.32407738
4747.94292104	3397.37902151
4758.75079881	3426.43396563
4769.55867658	3455.48890976
4780.36655434	3484.54385389
4791.17443211	3513.59879801
4801.98230988	3542.65374214
4812.79018764	3571.70868626
4823.59806541	3600.76363039
4834.40594318	3629.81857452
4845.21382094	3658.87351864
4856.02169871	3687.92846277
4866.82957648	3716.9834069
4877.63745424	3746.03835102
4888.44533201	3775.09329515
4899.25320978	3804.14823927
4910.06108755	3833.2031834
4920.86896531	3862.25812753
4931.67684308	3891.31307165
#helix: (2961.5, 189.4999999999999),(4509.5, 4167.5),310
3017.71071078	333.948454451
3028.95285294	362.838145342
3040.19499509	391.727836232
3051.43713725	420.617527122
3062.67927941	449.507218012
3073.92142156	478.396908903
3085.16356372	507.286599793
3096.40570588	536.176290683
3107.64784803	565.065981574
3118.88999019	593.955672464
3130.13213235	622.845363354
3141.3742745	651.735054244
3152.61641666	680.624745135
3163.85855882	709.514436025
3175.10070097	738.404126915
3186.34284313	767.293817805
3197.58498528	796.183508696
3208.82712744	825.073199586
3220.0692696	853.962890476
3231.31141175	882.852581367
3242.55355391	911.742272257
3253.79569607	940.631963147
3265.03783822	969.521654037
3276.27998038	998.411344928
3287.52212254	1027.30103582
3298.76426469	1056.19072671
3310.00640685	1085.0804176
3321.248549	1113.97010849
3332.49069116	1142.85979938
3343.73283332	1171.74949027
3354.97497547	1200.63918116
3366.21711763	1229.52887205
3377.45925979	1258.41856294
3388.70140194	1287.30825383
3399.9435441	1316.19794472
3411.18568626	1345.08763561
3422.42782841	1373.9773265
3433.66997057	1402.86701739
3444.91211272	1431.75670828
3456.15425488	1460.64639917
3467.39639704	1489.53609006
3478.63853919	1518.42578095
3489.88068135	1547.31547184
3501.12282351	1576.20516273
3512.36496566	1605.09485362
3523.60710782	1633.98454451
3534.84924998	1662.8742354
3546.09139213	1691.76392629
3557.33353429	1720.65361718
3568.57567645	1749.54330807
3579.8178186	1778.43299896
3591.05996076	1807.32268986
3602.30210291	1836.21238075
3613.54424507	1865.10207164
3624.78638723	1893.99176253
3636.02852938	1922.88145342
3647.27067154	1951.77114431
3658.5128137	1980.6608352
3669.75495585	2009.55052609
3680.99709801	2038.44021698
3692.23924017	2067.32990787
3703.48138232	2096.21959876
3714.72352448	2125.10928965
3725.96566663	2153.99898054
3737.20780879	2182.88867143
3748.44995095	2211.77836232
3759.6920931	2240.66805321
3770.93423526	2269.5577441
3782.17637742	2298.44743499
3793.41851957	2327.33712588
3804.66066173	2356.22681677
3815.90280389	2385.11650766
3827.14494604	2414.00619855
3838.3870882	2442.89588944
3849.62923036	2471.78558033
3860.87137251	2500.67527122
3872.11351467	2529.56496211
3883.35565682	2558.454653
3894.59779898	2587.34434389
3905.83994114	2616.23403478
3917.08208329	2645.12372567
3928.32422545	2674.01341656
3939.56636761	2702.90310745
3950.80850976	2731.79279834
3962.05065192	2760.68248923
3973.29279408	2789.57218012
3984.53493623	2818.46187101
3995.77707839	2847.3515619
4007.01922054	2876.2412528
4018.2613627	2905.13094369
4029.50350486	2934.02063458
4040.74564701	2962.91032547
4051.98778917	2991.80001636
4063.22993133	3020.68970725
4074.47207348	3049.57939814
4085.71421564	3078.46908903
4096.9563578	3107.35877992
4108.19849995	3136.24847081
4119.44064211	3165.1381617
4130.68278427	3194.02785259
4141.92492642	3222.91754348
4153.16706858	3251.80723437
4164.40921073	3280.69692526
4175.65135289	3309.58661615
4186.89349505	3338.47630704
4198.1356372	3367.36599793
4209.37777936	3396.25568882
4220.61992152	3425.14537971
4231.86206367	3454.0350706
4243.10420583	3482.92476149
4254.34634799	3511.81445238
4265.58849014	3540.70414327
4276.8306323	3569.59383416
4288.07277445	3598.48352505
4299.31491661	3627.37321594
4310.55705877	3656.26290683
4321.79920092	3685.15259772
4333.04134308	3714.04228861
4344.28348524	3742.9319795
4355.52562739	3771.82167039
4366.76776955	3800.71136128
4378.00991171	3829.60105217
4389.25205386	3858.49074306
4400.49419602	3887.38043395
4411.73633817	3916.27012484
4422.97848033	3945.15981574
4434.22062249	3974.04950663
4445.46276464	4002.93919752
4456.7049068	4031.82888841
#helix: (1287.5, 3978.5),(126.5, 864.5),310
1233.35196641	3833.26573938
1222.5223597	3804.21888725
1211.69275298	3775.17203513
1200.86314626	3746.125183
1190.03353955	3717.07833088
1179.20393283	3688.03147875
1168.37432611	3658.98462663
1157.5447194	3629.9377745
1146.71511268	3600.89092238
1135.88550596	3571.84407025
1125.05589924	3542.79721813
1114.22629253	3513.750366
1103.39668581	3484.70351388
1092.56707909	3455.65666176
1081.73747238	3426.60980963
1070.90786566	3397.56295751
1060.07825894	3368.51610538
1049.24865223	3339.46925326
1038.41904551	3310.42240113
1027.58943879	3281.37554901
1016.75983207	3252.32869688
1005.93022536	3223.28184476
995.100618641	3194.23499263
984.271011924	3165.18814051
973.441405207	3136.14128838
962.61179849	3107.09443626
951.782191773	3078.04758413
940.952585055	3049.00073201
930.122978338	3019.95387988
919.293371621	2990.90702776
908.463764904	2961.86017564
897.634158187	2932.81332351
886.80455147	2903.76647139
875.974944753	2874.71961926
865.145338036	2845.67276714
854.315731319	2816.62591501
843.486124602	2787.57906289
832.656517885	2758.53221076
821.826911168	2729.48535864
810.997304451	2700.43850651
800.167697734	2671.39165439
789.338091017	2642.34480226
778.5084843	2613.29795014
767.678877583	2584.25109801
756.849270866	2555.20424589
746.019664149	2526.15739376
735.190057432	2497.11054164
724.360450715	2468.06368952
713.530843998	2439.01683739
702.701237281	2409.96998527
691.871630564	2380.92313314
681.042023847	2351.87628102
670.21241713	2322.82942889
659.382810413	2293.78257677
648.553203696	2264.73572464
637.723596979	2235.68887252
626.893990262	2206.64202039
616.064383545	2177.59516827
605.234776828	2148.54831614
594.405170111	2119.50146402
583.575563394	2090.45461189
572.745956677	2061.40775977
561.91634996	2032.36090764
551.086743243	2003.31405552
540.257136526	1974.2672034
529.427529809	1945.22035127
518.597923092	1916.17349915
507.768316375	1887.12664702
496.938709658	1858.0797949
486.109102941	1829.03294277
475.279496224	1799.98609065
464.449889507	1770.93923852
453.62028279	1741.8923864
442.790676073	1712.84553427
431.961069356	1683.79868215
421.131462639	1654.75183002
410.301855922	1625.7049779
399.472249205	1596.65812577
388.642642488	1567.61127365
377.813035771	1538.56442152
366.983429054	1509.5175694
356.153822337	1480.47071727
345.32421562	1451.42386515
334.494608903	1422.37701303
323.665002186	1393.3301609
312.835395469	1364.28330878
302.005788752	1335.23645665
291.176182035	1306.18960453
280.346575318	1277.1427524
269.5169686	1248.09590028
258.687361883	1219.04904815
247.857755166	1190.00219603
237.028148449	1160.9553439
226.198541732	1131.90849178
215.368935015	1102.86163965
204.539328298	1073.81478753
193.709721581	1044.7679354
182.880114864	1015.72108328
172.050508147	986.674231155
