#micrograph: ../Source/micrographs/Microtubules_00014.mrc
#particle length: 350
#particle width: 350
#helix: (144.50000000000003, 2934.5),(1332.5, 1359.5),350
249.882816894	2794.78793215
270.959380273	2766.84551858
292.035943652	2738.90310501
313.11250703	2710.96069144
334.189070409	2683.01827787
355.265633788	2655.0758643
376.342197167	2627.13345073
397.418760546	2599.19103716
418.495323925	2571.24862358
439.571887303	2543.30621001
460.648450682	2515.36379644
481.725014061	2487.42138287
502.80157744	2459.4789693
523.878140819	2431.53655573
544.954704197	2403.59414216
566.031267576	2375.65172859
587.107830955	2347.70931502
608.184394334	2319.76690145
629.260957713	2291.82448788
650.337521091	2263.88207431
671.41408447	2235.93966074
692.490647849	2207.99724717
713.567211228	2180.0548336
734.643774607	2152.11242003
755.720337986	2124.17000646
776.796901364	2096.22759289
797.873464743	2068.28517932
818.950028122	2040.34276575
840.026591501	2012.40035218
861.10315488	1984.45793861
882.179718258	1956.51552504
903.256281637	1928.57311147
924.332845016	1900.6306979
945.409408395	1872.68828433
966.485971774	1844.74587075
987.562535152	1816.80345718
1008.63909853	1788.86104361
1029.71566191	1760.91863004
1050.79222529	1732.97621647
1071.86878867	1705.0338029
1092.94535205	1677.09138933
1114.02191543	1649.14897576
1135.0984788	1621.20656219
1156.17504218	1593.26414862
1177.25160556	1565.32173505
1198.32816894	1537.37932148
1219.40473232	1509.43690791
1240.4812957	1481.49449434
#helix: (180.50000000000003, 4041.5),(1521.5, 2709.5),350
304.659628338	3918.17365776
329.491554006	3893.50838931
354.323479674	3868.84312086
379.155405342	3844.17785241
403.987331009	3819.51258396
428.819256677	3794.84731552
453.651182345	3770.18204707
478.483108012	3745.51677862
503.31503368	3720.85151017
528.146959348	3696.18624172
552.978885015	3671.52097327
577.810810683	3646.85570482
602.642736351	3622.19043638
627.474662019	3597.52516793
652.306587686	3572.85989948
677.138513354	3548.19463103
701.970439022	3523.52936258
726.802364689	3498.86409413
751.634290357	3474.19882569
776.466216025	3449.53355724
801.298141692	3424.86828879
826.13006736	3400.20302034
850.961993028	3375.53775189
875.793918695	3350.87248344
900.625844363	3326.20721499
925.457770031	3301.54194655
950.289695699	3276.8766781
975.121621366	3252.21140965
999.953547034	3227.5461412
1024.7854727	3202.88087275
1049.61739837	3178.2156043
1074.44932404	3153.55033586
1099.2812497	3128.88506741
1124.11317537	3104.21979896
1148.94510104	3079.55453051
1173.77702671	3054.88926206
1198.60895238	3030.22399361
1223.44087804	3005.55872517
1248.27280371	2980.89345672
1273.10472938	2956.22818827
1297.93665505	2931.56291982
1322.76858071	2906.89765137
1347.60050638	2882.23238292
1372.43243205	2857.56711447
1397.26435772	2832.90184603
1422.09628338	2808.23657758
#helix: (4113.5, 4068.5),(3816.5, 3105.5),350
4061.92516398	3901.2725014
4051.61019678	3867.82700167
4041.29522957	3834.38150195
4030.98026237	3800.93600223
4020.66529517	3767.49050251
4010.35032796	3734.04500279
4000.03536076	3700.59950307
3989.72039356	3667.15400335
3979.40542635	3633.70850363
3969.09045915	3600.26300391
3958.77549194	3566.81750419
3948.46052474	3533.37200446
3938.14555754	3499.92650474
3927.83059033	3466.48100502
3917.51562313	3433.0355053
3907.20065593	3399.59000558
3896.88568872	3366.14450586
3886.57072152	3332.69900614
3876.25575432	3299.25350642
3865.94078711	3265.8080067
#helix: (3276.5, 2052.5),(3852.5, 3168.5),350
3356.76251096	2208.00861498
3372.81501315	2239.11033798
3388.86751534	2270.21206098
3404.92001754	2301.31378398
3420.97251973	2332.41550697
3437.02502192	2363.51722997
3453.07752411	2394.61895297
3469.1300263	2425.72067596
3485.1825285	2456.82239896
3501.23503069	2487.92412196
3517.28753288	2519.02584495
3533.34003507	2550.12756795
3549.39253726	2581.22929095
3565.44503946	2612.33101394
3581.49754165	2643.43273694
3597.55004384	2674.53445994
3613.60254603	2705.63618294
3629.65504822	2736.73790593
3645.70755042	2767.83962893
3661.76005261	2798.94135193
3677.8125548	2830.04307492
3693.86505699	2861.14479792
3709.91755918	2892.24652092
3725.97006137	2923.34824391
3742.02256357	2954.44996691
3758.07506576	2985.55168991
3774.12756795	3016.6534129
#helix: (4437.5, 1530.5),(4905.5, 3672.5),350
4474.85410613	1701.46687034
4482.32492735	1735.66024441
4489.79574858	1769.85361848
4497.2665698	1804.04699255
4504.73739103	1838.24036662
4512.20821225	1872.43374069
4519.67903348	1906.62711476
4527.1498547	1940.82048883
4534.62067593	1975.0138629
4542.09149715	2009.20723697
4549.56231838	2043.40061103
4557.0331396	2077.5939851
4564.50396083	2111.78735917
4571.97478205	2145.98073324
4579.44560328	2180.17410731
4586.9164245	2214.36748138
4594.38724573	2248.56085545
4601.85806695	2282.75422952
4609.32888818	2316.94760359
4616.7997094	2351.14097766
4624.27053063	2385.33435172
4631.74135185	2419.52772579
4639.21217308	2453.72109986
4646.6829943	2487.91447393
4654.15381553	2522.107848
4661.62463675	2556.30122207
4669.09545798	2590.49459614
4676.56627921	2624.68797021
4684.03710043	2658.88134428
4691.50792166	2693.07471835
4698.97874288	2727.26809241
4706.44956411	2761.46146648
4713.92038533	2795.65484055
4721.39120656	2829.84821462
4728.86202778	2864.04158869
4736.33284901	2898.23496276
4743.80367023	2932.42833683
4751.27449146	2966.6217109
4758.74531268	3000.81508497
4766.21613391	3035.00845904
4773.68695513	3069.2018331
4781.15777636	3103.39520717
4788.62859758	3137.58858124
4796.09941881	3171.78195531
4803.57024003	3205.97532938
4811.04106126	3240.16870345
4818.51188248	3274.36207752
4825.98270371	3308.55545159
4833.45352493	3342.74882566
4840.92434616	3376.94219973
4848.39516738	3411.13557379
4855.86598861	3445.32894786
4863.33680983	3479.52232193
4870.80763106	3513.715696
#helix: (72.5, 2376.5),(882.5, 1449.5),350
187.647700793	2244.71985354
210.677240952	2218.36382424
233.706781111	2192.00779495
256.73632127	2165.65176566
279.765861428	2139.29573637
302.795401587	2112.93970707
325.824941746	2086.58367778
348.854481904	2060.22764849
371.884022063	2033.87161919
394.913562222	2007.5155899
417.94310238	1981.15956061
440.972642539	1954.80353132
464.002182698	1928.44750202
487.031722856	1902.09147273
510.061263015	1875.73544344
533.090803174	1849.37941415
556.120343333	1823.02338485
579.149883491	1796.66735556
602.17942365	1770.31132627
625.208963809	1743.95529697
648.238503967	1717.59926768
671.268044126	1691.24323839
694.297584285	1664.8872091
717.327124443	1638.5311798
740.356664602	1612.17515051
763.386204761	1585.81912122
786.41574492	1559.46309193
#helix: (2277.5, 252.4999999999999),(2457.5, 558.4999999999999),350
2366.22852215	403.338487653
2383.97422658	433.506185183
#helix: (2844.5, 1224.5),(2970.5, 1476.5),350
#helix: (603.4999999999999, 3996.5),(1989.5, 2664.5),350
729.67727069	3875.23872687
754.912724828	3850.98647224
780.148178966	3826.73421762
805.383633104	3802.48196299
830.619087242	3778.22970836
855.85454138	3753.97745374
881.089995518	3729.72519911
906.325449656	3705.47294449
931.560903794	3681.22068986
956.796357932	3656.96843523
982.03181207	3632.71618061
1007.26726621	3608.46392598
1032.50272035	3584.21167136
1057.73817448	3559.95941673
1082.97362862	3535.7071621
1108.20908276	3511.45490748
1133.4445369	3487.20265285
1158.67999104	3462.95039823
1183.91544517	3438.6981436
1209.15089931	3414.44588897
1234.38635345	3390.19363435
1259.62180759	3365.94137972
1284.85726173	3341.68912509
1310.09271586	3317.43687047
1335.32817	3293.18461584
1360.56362414	3268.93236122
1385.79907828	3244.68010659
1411.03453242	3220.42785196
1436.26998655	3196.17559734
1461.50544069	3171.92334271
1486.74089483	3147.67108809
1511.97634897	3123.41883346
1537.21180311	3099.16657883
1562.44725724	3074.91432421
1587.68271138	3050.66206958
1612.91816552	3026.40981496
1638.15361966	3002.15756033
1663.3890738	2977.9053057
1688.62452793	2953.65305108
1713.85998207	2929.40079645
1739.09543621	2905.14854182
1764.33089035	2880.8962872
1789.56634449	2856.64403257
1814.80179862	2832.39177795
1840.03725276	2808.13952332
1865.2727069	2783.88726869
#helix: (72.5, 3690.5),(1395.5, 2349.5),350
195.404775216	3565.92305097
219.985730259	3541.00766117
244.566685302	3516.09227136
269.147640345	3491.17688155
293.728595388	3466.26149175
318.309550431	3441.34610194
342.890505475	3416.43071214
367.471460518	3391.51532233
392.052415561	3366.59993253
416.633370604	3341.68454272
441.214325647	3316.76915292
465.79528069	3291.85376311
490.376235733	3266.9383733
514.957190777	3242.0229835
539.53814582	3217.10759369
564.119100863	3192.19220389
588.700055906	3167.27681408
613.281010949	3142.36142428
637.861965992	3117.44603447
662.442921035	3092.53064466
687.023876079	3067.61525486
711.604831122	3042.69986505
736.185786165	3017.78447525
760.766741208	2992.86908544
785.347696251	2967.95369564
809.928651294	2943.03830583
834.509606338	2918.12291603
859.090561381	2893.20752622
883.671516424	2868.29213641
908.252471467	2843.37674661
932.83342651	2818.4613568
957.414381553	2793.545967
981.995336596	2768.63057719
1006.57629164	2743.71518739
1031.15724668	2718.79979758
1055.73820173	2693.88440777
1080.31915677	2668.96901797
1104.90011181	2644.05362816
1129.48106686	2619.13823836
1154.0620219	2594.22284855
1178.64297694	2569.30745875
1203.22393198	2544.39206894
1227.80488703	2519.47667914
1252.38584207	2494.56128933
1276.96679711	2469.64589952
#helix: (3672.5, 756.4999999999999),(4005.5, 1080.5),350
3797.92703791	878.537117966
3823.01244549	902.944541559
3848.09785307	927.351965152
3873.18326065	951.759388745
3898.26866824	976.166812338
#helix: (3024.5, 1962.5),(2025.5, 2709.5),350
2884.34863076	2067.29787069
2856.31835692	2088.25744483
2828.28808307	2109.21701897
2800.25780922	2130.1765931
2772.22753537	2151.13616724
2744.19726153	2172.09574138
2716.16698768	2193.05531552
2688.13671383	2214.01488966
2660.10643999	2234.97446379
2632.07616614	2255.93403793
2604.04589229	2276.89361207
2576.01561844	2297.85318621
2547.9853446	2318.81276035
2519.95507075	2339.77233448
2491.9247969	2360.73190862
2463.89452305	2381.69148276
2435.86424921	2402.6510569
2407.83397536	2423.61063104
2379.80370151	2444.57020517
2351.77342767	2465.52977931
2323.74315382	2486.48935345
2295.71287997	2507.44892759
2267.68260612	2528.40850173
2239.65233228	2549.36807587
2211.62205843	2570.32765
2183.59178458	2591.28722414
2155.56151074	2612.24679828
#helix: (5004.5, 405.4999999999999),(5382.5, 2808.5),350
5031.69370058	578.374239402
5037.1324407	612.949087282
5042.57118081	647.523935163
5048.00992093	682.098783043
5053.44866104	716.673630923
5058.88740116	751.248478804
5064.32614128	785.823326684
5069.76488139	820.398174564
5075.20362151	854.973022445
5080.64236162	889.547870325
5086.08110174	924.122718205
5091.51984186	958.697566086
5096.95858197	993.272413966
5102.39732209	1027.84726185
5107.8360622	1062.42210973
5113.27480232	1096.99695761
5118.71354244	1131.57180549
5124.15228255	1166.14665337
5129.59102267	1200.72150125
5135.02976278	1235.29634913
5140.4685029	1269.87119701
5145.90724302	1304.44604489
5151.34598313	1339.02089277
5156.78472325	1373.59574065
5162.22346336	1408.17058853
5167.66220348	1442.74543641
5173.1009436	1477.32028429
5178.53968371	1511.89513217
5183.97842383	1546.46998005
5189.41716394	1581.04482793
5194.85590406	1615.61967581
5200.29464418	1650.19452369
5205.73338429	1684.76937157
5211.17212441	1719.34421945
5216.61086452	1753.91906733
5222.04960464	1788.49391521
5227.48834476	1823.0687631
5232.92708487	1857.64361098
5238.36582499	1892.21845886
5243.8045651	1926.79330674
5249.24330522	1961.36815462
5254.68204534	1995.9430025
5260.12078545	2030.51785038
5265.55952557	2065.09269826
5270.99826568	2099.66754614
5276.4370058	2134.24239402
5281.87574592	2168.8172419
5287.31448603	2203.39208978
5292.75322615	2237.96693766
5298.19196626	2272.54178554
5303.63070638	2307.11663342
5309.0694465	2341.6914813
5314.50818661	2376.26632918
5319.94692673	2410.84117706
5325.38566684	2445.41602494
5330.82440696	2479.99087282
5336.26314708	2514.5657207
5341.70188719	2549.14056858
5347.14062731	2583.71541646
5352.57936742	2618.29026434
5358.01810754	2652.86511222
#helix: (4356.5, 279.4999999999999),(4986.5, 2718.5),350
4400.26647135	448.938767658
4409.01976562	482.82652119
4417.77305989	516.714274721
4426.52635416	550.602028253
4435.27964843	584.489781785
4444.0329427	618.377535316
4452.78623697	652.265288848
4461.53953124	686.153042379
4470.29282551	720.040795911
4479.04611978	753.928549443
4487.79941405	787.816302974
4496.55270832	821.704056506
4505.30600259	855.591810038
4514.05929686	889.479563569
4522.81259113	923.367317101
4531.5658854	957.255070632
4540.31917967	991.142824164
4549.07247394	1025.0305777
4557.82576821	1058.91833123
4566.57906248	1092.80608476
4575.33235675	1126.69383829
4584.08565102	1160.58159182
4592.83894529	1194.46934535
4601.59223956	1228.35709889
4610.34553383	1262.24485242
4619.0988281	1296.13260595
4627.85212237	1330.02035948
4636.60541665	1363.90811301
4645.35871092	1397.79586654
4654.11200519	1431.68362008
4662.86529946	1465.57137361
4671.61859373	1499.45912714
4680.371888	1533.34688067
4689.12518227	1567.2346342
4697.87847654	1601.12238773
4706.63177081	1635.01014126
4715.38506508	1668.8978948
4724.13835935	1702.78564833
4732.89165362	1736.67340186
4741.64494789	1770.56115539
4750.39824216	1804.44890892
4759.15153643	1838.33666245
4767.9048307	1872.22441599
4776.65812497	1906.11216952
4785.41141924	1939.99992305
4794.16471351	1973.88767658
4802.91800778	2007.77543011
4811.67130205	2041.66318364
4820.42459632	2075.55093718
4829.17789059	2109.43869071
4837.93118486	2143.32644424
4846.68447913	2177.21419777
4855.4377734	2211.1019513
4864.19106767	2244.98970483
4872.94436194	2278.87745837
4881.69765621	2312.7652119
4890.45095048	2346.65296543
4899.20424475	2380.54071896
4907.95753902	2414.42847249
4916.71083329	2448.31622602
4925.46412756	2482.20397956
4934.21742183	2516.09173309
4942.9707161	2549.97948662
#helix: (5436.5, 4032.5),(5400.5, 2718.5),350
5431.70727785	3857.56564141
5430.74873342	3822.5787697
5429.79018899	3787.59189798
5428.83164456	3752.60502626
5427.87310012	3717.61815454
5426.91455569	3682.63128283
5425.95601126	3647.64441111
5424.99746683	3612.65753939
5424.0389224	3577.67066767
5423.08037797	3542.68379596
5422.12183354	3507.69692424
5421.16328911	3472.71005252
5420.20474468	3437.7231808
5419.24620025	3402.73630909
5418.28765582	3367.74943737
5417.32911139	3332.76256565
5416.37056696	3297.77569393
5415.41202253	3262.78882222
5414.4534781	3227.8019505
5413.49493367	3192.81507878
5412.53638923	3157.82820706
5411.5778448	3122.84133535
5410.61930037	3087.85446363
5409.66075594	3052.86759191
5408.70221151	3017.88072019
5407.74366708	2982.89384848
5406.78512265	2947.90697676
5405.82657822	2912.92010504
5404.86803379	2877.93323332
#helix: (3411.5, 1440.5),(5733.5, 801.4999999999999),350
3580.22758097	1394.06721609
3613.97309716	1384.78065931
3647.71861335	1375.49410253
3681.46412954	1366.20754575
3715.20964574	1356.92098896
3748.95516193	1347.63443218
3782.70067812	1338.3478754
3816.44619432	1329.06131862
3850.19171051	1319.77476184
3883.9372267	1310.48820505
3917.6827429	1301.20164827
3951.42825909	1291.91509149
3985.17377528	1282.62853471
4018.91929148	1273.34197793
4052.66480767	1264.05542115
4086.41032386	1254.76886436
4120.15584005	1245.48230758
4153.90135625	1236.1957508
4187.64687244	1226.90919402
4221.39238863	1217.62263724
4255.13790483	1208.33608045
4288.88342102	1199.04952367
4322.62893721	1189.76296689
4356.37445341	1180.47641011
4390.1199696	1171.18985333
4423.86548579	1161.90329655
4457.61100199	1152.61673976
4491.35651818	1143.33018298
4525.10203437	1134.0436262
4558.84755057	1124.75706942
4592.59306676	1115.47051264
4626.33858295	1106.18395585
4660.08409914	1096.89739907
4693.82961534	1087.61084229
4727.57513153	1078.32428551
4761.32064772	1069.03772873
4795.06616392	1059.75117195
4828.81168011	1050.46461516
4862.5571963	1041.17805838
4896.3027125	1031.8915016
4930.04822869	1022.60494482
4963.79374488	1013.31838804
4997.53926108	1004.03183125
5031.28477727	994.745274473
5065.03029346	985.458717691
5098.77580965	976.172160909
5132.52132585	966.885604127
5166.26684204	957.599047345
5200.01235823	948.312490564
5233.75787443	939.025933782
5267.50339062	929.739377
5301.24890681	920.452820218
5334.99442301	911.166263436
5368.7399392	901.879706654
5402.48545539	892.593149873
5436.23097159	883.306593091
5469.97648778	874.020036309
5503.72200397	864.733479527
5537.46752016	855.446922745
5571.21303636	846.160365964
#helix: (3447.5, 1701.5),(5643.5, 1080.5),350
3615.89629036	1653.87973756
3649.57554843	1644.35568508
3683.2548065	1634.83163259
3716.93406457	1625.3075801
3750.61332264	1615.78352761
3784.29258071	1606.25947513
3817.97183878	1596.73542264
3851.65109685	1587.21137015
3885.33035492	1577.68731766
3919.009613	1568.16326518
3952.68887107	1558.63921269
3986.36812914	1549.1151602
4020.04738721	1539.59110772
4053.72664528	1530.06705523
4087.40590335	1520.54300274
4121.08516142	1511.01895025
4154.76441949	1501.49489777
4188.44367756	1491.97084528
4222.12293563	1482.44679279
4255.80219371	1472.9227403
4289.48145178	1463.39868782
4323.16070985	1453.87463533
4356.83996792	1444.35058284
4390.51922599	1434.82653036
4424.19848406	1425.30247787
4457.87774213	1415.77842538
4491.5570002	1406.25437289
4525.23625827	1396.73032041
4558.91551635	1387.20626792
4592.59477442	1377.68221543
4626.27403249	1368.15816294
4659.95329056	1358.63411046
4693.63254863	1349.11005797
4727.3118067	1339.58600548
4760.99106477	1330.06195299
4794.67032284	1320.53790051
4828.34958091	1311.01384802
4862.02883899	1301.48979553
4895.70809706	1291.96574305
4929.38735513	1282.44169056
4963.0666132	1272.91763807
4996.74587127	1263.39358558
5030.42512934	1253.8695331
5064.10438741	1244.34548061
5097.78364548	1234.82142812
5131.46290355	1225.29737563
5165.14216163	1215.77332315
5198.8214197	1206.24927066
5232.50067777	1196.72521817
5266.17993584	1187.20116568
5299.85919391	1177.6771132
5333.53845198	1168.15306071
5367.21771005	1158.62900822
5400.89696812	1149.10495574
5434.57622619	1139.58090325
5468.25548427	1130.05685076
5501.93474234	1120.53279827
