#micrograph: ../Source/micrographs/Microtubules_00114.mrc
#particle length: 310
#particle width: 310
#helix: (3942.5, 4014.5),(3114.5, 3294.5),310
3825.53614406	3912.79229919
3802.14337288	3892.45075902
3778.75060169	3872.10921886
3755.3578305	3851.7676787
3731.96505932	3831.42613854
3708.57228813	3811.08459837
3685.17951694	3790.74305821
3661.78674576	3770.40151805
3638.39397457	3750.05997789
3615.00120338	3729.71843772
3591.60843219	3709.37689756
3568.21566101	3689.0353574
3544.82288982	3668.69381723
3521.43011863	3648.35227707
3498.03734745	3628.01073691
3474.64457626	3607.66919675
3451.25180507	3587.32765658
3427.85903388	3566.98611642
3404.4662627	3546.64457626
3381.07349151	3526.3030361
3357.68072032	3505.96149593
3334.28794914	3485.61995577
3310.89517795	3465.27841561
3287.50240676	3444.93687545
3264.10963558	3424.59533528
3240.71686439	3404.25379512
3217.3240932	3383.91225496
#helix: (1485.5, 135.4999999999999),(3240.5, 1341.5),310
1613.24560971	223.284162573
1638.79473166	240.840995088
1664.3438536	258.397827602
1689.89297554	275.954660117
1715.44209749	293.511492632
1740.99121943	311.068325146
1766.54034137	328.625157661
1792.08946331	346.181990175
1817.63858526	363.73882269
1843.1877072	381.295655205
1868.73682914	398.852487719
1894.28595109	416.409320234
1919.83507303	433.966152748
1945.38419497	451.522985263
1970.93331692	469.079817778
1996.48243886	486.636650292
2022.0315608	504.193482807
2047.58068274	521.750315322
2073.12980469	539.307147836
2098.67892663	556.863980351
2124.22804857	574.420812865
2149.77717052	591.97764538
2175.32629246	609.534477895
2200.8754144	627.091310409
2226.42453634	644.648142924
2251.97365829	662.204975438
2277.52278023	679.761807953
2303.07190217	697.318640468
2328.62102412	714.875472982
2354.17014606	732.432305497
2379.719268	749.989138012
2405.26838994	767.545970526
2430.81751189	785.102803041
2456.36663383	802.659635555
2481.91575577	820.21646807
2507.46487772	837.773300585
2533.01399966	855.330133099
2558.5631216	872.886965614
2584.11224355	890.443798128
2609.66136549	908.000630643
2635.21048743	925.557463158
2660.75960937	943.114295672
2686.30873132	960.671128187
2711.85785326	978.227960702
2737.4069752	995.784793216
2762.95609715	1013.34162573
2788.50521909	1030.89845825
2814.05434103	1048.45529076
2839.60346297	1066.01212327
2865.15258492	1083.56895579
2890.70170686	1101.1257883
2916.2508288	1118.68262082
2941.79995075	1136.23945333
2967.34907269	1153.79628585
2992.89819463	1171.35311836
3018.44731657	1188.90995088
3043.99643852	1206.46678339
3069.54556046	1224.02361591
3095.0946824	1241.58044842
3120.64380435	1259.13728094
#helix: (4509.5, 4005.5),(3708.5, 3267.5),310
4395.50730618	3900.47302367
4372.70876742	3879.46762841
4349.91022866	3858.46223314
4327.11168989	3837.45683788
4304.31315113	3816.45144261
4281.51461237	3795.44604735
4258.7160736	3774.44065208
4235.91753484	3753.43525682
4213.11899607	3732.42986155
4190.32045731	3711.42446629
4167.52191855	3690.41907102
4144.72337978	3669.41367576
4121.92484102	3648.40828049
4099.12630226	3627.40288523
4076.32776349	3606.39748996
4053.52922473	3585.3920947
4030.73068597	3564.38669943
4007.9321472	3543.38130416
3985.13360844	3522.3759089
3962.33506968	3501.37051363
3939.53653091	3480.36511837
3916.73799215	3459.3597231
3893.93945339	3438.35432784
3871.14091462	3417.34893257
3848.34237586	3396.34353731
3825.5438371	3375.33814204
3802.74529833	3354.33274678
#helix: (5157.5, 3888.5),(3708.5, 2763.5),310
5035.06855767	3793.44453235
5010.58226921	3774.43343882
4986.09598074	3755.4223453
4961.60969227	3736.41125177
4937.12340381	3717.40015824
4912.63711534	3698.38906471
4888.15082688	3679.37797118
4863.66453841	3660.36687765
4839.17824995	3641.35578412
4814.69196148	3622.34469059
4790.20567302	3603.33359706
4765.71938455	3584.32250353
4741.23309608	3565.31141
4716.74680762	3546.30031647
4692.26051915	3527.28922294
4667.77423069	3508.27812942
4643.28794222	3489.26703589
4618.80165376	3470.25594236
4594.31536529	3451.24484883
4569.82907682	3432.2337553
4545.34278836	3413.22266177
4520.85649989	3394.21156824
4496.37021143	3375.20047471
4471.88392296	3356.18938118
4447.3976345	3337.17828765
4422.91134603	3318.16719412
4398.42505756	3299.15610059
4373.9387691	3280.14500706
4349.45248063	3261.13391354
4324.96619217	3242.12282001
4300.4799037	3223.11172648
4275.99361524	3204.10063295
4251.50732677	3185.08953942
4227.02103831	3166.07844589
4202.53474984	3147.06735236
4178.04846137	3128.05625883
4153.56217291	3109.0451653
4129.07588444	3090.03407177
4104.58959598	3071.02297824
4080.10330751	3052.01188471
4055.61701905	3033.00079118
4031.13073058	3013.98969766
4006.64444211	2994.97860413
3982.15815365	2975.9675106
3957.67186518	2956.95641707
3933.18557672	2937.94532354
3908.69928825	2918.93423001
3884.21299979	2899.92313648
3859.72671132	2880.91204295
3835.24042286	2861.90094942
3810.75413439	2842.88985589
#helix: (2700.5, 3717.5),(1602.5, 2826.5),310
2580.14199982	3619.83244248
2556.07039978	3600.29893097
2531.99879975	3580.76541947
2507.92719971	3561.23190796
2483.85559968	3541.69839646
2459.78399964	3522.16488495
2435.7123996	3502.63137345
2411.64079957	3483.09786194
2387.56919953	3463.56435044
2363.4975995	3444.03083893
2339.42599946	3424.49732743
2315.35439942	3404.96381593
2291.28279939	3385.43030442
2267.21119935	3365.89679292
2243.13959931	3346.36328141
2219.06799928	3326.82976991
2194.99639924	3307.2962584
2170.92479921	3287.7627469
2146.85319917	3268.22923539
2122.78159913	3248.69572389
2098.7099991	3229.16221238
2074.63839906	3209.62870088
2050.56679903	3190.09518937
2026.49519899	3170.56167787
2002.42359895	3151.02816636
1978.35199892	3131.49465486
1954.28039888	3111.96114335
1930.20879885	3092.42763185
1906.13719881	3072.89412035
1882.06559877	3053.36060884
1857.99399874	3033.82709734
1833.9223987	3014.29358583
1809.85079867	2994.76007433
1785.77919863	2975.22656282
1761.70759859	2955.69305132
1737.63599856	2936.15953981
1713.56439852	2916.62602831
#helix: (225.50000000000003, 2727.5),(1395.5, 3807.5),310
339.394533917	2832.63341592
362.173440701	2853.66009911
384.952347484	2874.68678229
407.731254268	2895.71346548
430.510161051	2916.74014866
453.289067835	2937.76683185
476.067974618	2958.79351503
498.846881401	2979.82019822
521.625788185	3000.8468814
544.404694968	3021.87356459
567.183601752	3042.90024777
589.962508535	3063.92693096
612.741415319	3084.95361414
635.520322102	3105.98029733
658.299228886	3127.00698051
681.078135669	3148.03366369
703.857042452	3169.06034688
726.635949236	3190.08703006
749.414856019	3211.11371325
772.193762803	3232.14039643
794.972669586	3253.16707962
817.75157637	3274.1937628
840.530483153	3295.22044599
863.309389937	3316.24712917
886.08829672	3337.27381236
908.867203504	3358.30049554
931.646110287	3379.32717873
954.42501707	3400.35386191
977.203923854	3421.3805451
999.982830637	3442.40722828
1022.76173742	3463.43391147
1045.5406442	3484.46059465
1068.31955099	3505.48727783
1091.09845777	3526.51396102
1113.87736455	3547.5406442
1136.65627134	3568.56732739
1159.43517812	3589.59401057
1182.2140849	3610.62069376
1204.99299169	3631.64737694
1227.77189847	3652.67406013
1250.55080526	3673.70074331
1273.32971204	3694.7274265
1296.10861882	3715.75410968
#helix: (189.50000000000003, 549.4999999999999),(2142.5, 1935.5),310
315.903607434	639.205785921
341.184328921	657.146943105
366.465050408	675.088100289
391.745771894	693.029257473
417.026493381	710.970414658
442.307214868	728.911571842
467.587936355	746.852729026
492.868657842	764.79388621
518.149379328	782.735043394
543.430100815	800.676200578
568.710822302	818.617357763
593.991543789	836.558514947
619.272265275	854.499672131
644.552986762	872.440829315
669.833708249	890.381986499
695.114429736	908.323143683
720.395151223	926.264300868
745.675872709	944.205458052
770.956594196	962.146615236
796.237315683	980.08777242
821.51803717	998.028929604
846.798758657	1015.97008679
872.079480143	1033.91124397
897.36020163	1051.85240116
922.640923117	1069.79355834
947.921644604	1087.73471553
973.202366091	1105.67587271
998.483087577	1123.61702989
1023.76380906	1141.55818708
1049.04453055	1159.49934426
1074.32525204	1177.44050145
1099.60597352	1195.38165863
1124.88669501	1213.32281581
1150.1674165	1231.263973
1175.44813798	1249.20513018
1200.72885947	1267.14628737
1226.00958096	1285.08744455
1251.29030245	1303.02860174
1276.57102393	1320.96975892
1301.85174542	1338.9109161
1327.13246691	1356.85207329
1352.41318839	1374.79323047
1377.69390988	1392.73438766
1402.97463137	1410.67554484
1428.25535285	1428.61670202
1453.53607434	1446.55785921
1478.81679583	1464.49901639
1504.09751731	1482.44017358
1529.3782388	1500.38133076
1554.65896029	1518.32248795
1579.93968177	1536.26364513
1605.22040326	1554.20480231
1630.50112475	1572.1459595
1655.78184623	1590.08711668
1681.06256772	1608.02827387
1706.34328921	1625.96943105
1731.62401069	1643.91058823
1756.90473218	1661.85174542
1782.18545367	1679.7929026
1807.46617515	1697.73405979
1832.74689664	1715.67521697
1858.02761813	1733.61637416
1883.30833962	1751.55753134
1908.5890611	1769.49868852
1933.86978259	1787.43984571
1959.15050408	1805.38100289
1984.43122556	1823.32216008
2009.71194705	1841.26331726
2034.99266854	1859.20447444
#helix: (3744.5, 3276.5),(2052.5, 1944.5),310
3622.71062886	3180.62326102
3598.35275463	3161.44791322
3573.99488041	3142.27256543
3549.63700618	3123.09721763
3525.27913195	3103.92186983
3500.92125772	3084.74652204
3476.5633835	3065.57117424
3452.20550927	3046.39582644
3427.84763504	3027.22047865
3403.48976081	3008.04513085
3379.13188658	2988.86978306
3354.77401236	2969.69443526
3330.41613813	2950.51908746
3306.0582639	2931.34373967
3281.70038967	2912.16839187
3257.34251545	2892.99304407
3232.98464122	2873.81769628
3208.62676699	2854.64234848
3184.26889276	2835.46700069
3159.91101854	2816.29165289
3135.55314431	2797.11630509
3111.19527008	2777.9409573
3086.83739585	2758.7656095
3062.47952162	2739.5902617
3038.1216474	2720.41491391
3013.76377317	2701.23956611
2989.40589894	2682.06421832
2965.04802471	2662.88887052
2940.69015049	2643.71352272
2916.33227626	2624.53817493
2891.97440203	2605.36282713
2867.6165278	2586.18747933
2843.25865358	2567.01213154
2818.90077935	2547.83678374
2794.54290512	2528.66143595
2770.18503089	2509.48608815
2745.82715666	2490.31074035
2721.46928244	2471.13539256
2697.11140821	2451.96004476
2672.75353398	2432.78469696
2648.39565975	2413.60934917
2624.03778553	2394.43400137
2599.6799113	2375.25865358
2575.32203707	2356.08330578
2550.96416284	2336.90795798
2526.60628862	2317.73261019
2502.24841439	2298.55726239
2477.89054016	2279.38191459
2453.53266593	2260.2065668
2429.1747917	2241.031219
2404.81691748	2221.85587121
2380.45904325	2202.68052341
2356.10116902	2183.50517561
2331.74329479	2164.32982782
2307.38542057	2145.15448002
2283.02754634	2125.97913222
2258.66967211	2106.80378443
2234.31179788	2087.62843663
2209.95392366	2068.45308884
2185.59604943	2049.27774104
2161.2381752	2030.10239324
#helix: (3123.5, 3321.5),(1782.5, 2331.5),310
2998.80053913	3229.43999533
2973.86064696	3211.0279944
2948.92075479	3192.61599347
2923.98086261	3174.20399253
2899.04097044	3155.7919916
2874.10107826	3137.37999067
2849.16118609	3118.96798973
2824.22129392	3100.5559888
2799.28140174	3082.14398786
2774.34150957	3063.73198693
2749.4016174	3045.319986
2724.46172522	3026.90798506
2699.52183305	3008.49598413
2674.58194088	2990.0839832
2649.6420487	2971.67198226
2624.70215653	2953.25998133
2599.76226436	2934.8479804
2574.82237218	2916.43597946
2549.88248001	2898.02397853
2524.94258784	2879.6119776
2500.00269566	2861.19997666
2475.06280349	2842.78797573
2450.12291132	2824.3759748
2425.18301914	2805.96397386
2400.24312697	2787.55197293
2375.30323479	2769.139972
2350.36334262	2750.72797106
2325.42345045	2732.31597013
2300.48355827	2713.9039692
2275.5436661	2695.49196826
2250.60377393	2677.07996733
2225.66388175	2658.6679664
2200.72398958	2640.25596546
2175.78409741	2621.84396453
2150.84420523	2603.43196359
2125.90431306	2585.01996266
2100.96442089	2566.60796173
2076.02452871	2548.19596079
2051.08463654	2529.78395986
2026.14474437	2511.37195893
2001.20485219	2492.95995799
1976.26496002	2474.54795706
1951.32506785	2456.13595613
1926.38517567	2437.72395519
1901.4452835	2419.31195426
#helix: (3735.5, 2763.5),(2061.5, 1440.5),310
3613.89339437	2667.39155361
3589.57207324	2648.16986434
3565.25075212	2628.94817506
3540.92943099	2609.72648578
3516.60810986	2590.5047965
3492.28678874	2571.28310723
3467.96546761	2552.06141795
3443.64414648	2532.83972867
3419.32282536	2513.6180394
3395.00150423	2494.39635012
3370.68018311	2475.17466084
3346.35886198	2455.95297156
3322.03754085	2436.73128229
3297.71621973	2417.50959301
3273.3948986	2398.28790373
3249.07357747	2379.06621446
3224.75225635	2359.84452518
3200.43093522	2340.6228359
3176.10961409	2321.40114662
3151.78829297	2302.17945735
3127.46697184	2282.95776807
3103.14565072	2263.73607879
3078.82432959	2244.51438951
3054.50300846	2225.29270024
3030.18168734	2206.07101096
3005.86036621	2186.84932168
2981.53904508	2167.62763241
2957.21772396	2148.40594313
2932.89640283	2129.18425385
2908.57508171	2109.96256457
2884.25376058	2090.7408753
2859.93243945	2071.51918602
2835.61111833	2052.29749674
2811.2897972	2033.07580746
2786.96847607	2013.85411819
2762.64715495	1994.63242891
2738.32583382	1975.41073963
2714.0045127	1956.18905036
2689.68319157	1936.96736108
2665.36187044	1917.7456718
2641.04054932	1898.52398252
2616.71922819	1879.30229325
2592.39790706	1860.08060397
2568.07658594	1840.85891469
2543.75526481	1821.63722542
2519.43394368	1802.41553614
2495.11262256	1783.19384686
2470.79130143	1763.97215758
2446.46998031	1744.75046831
2422.14865918	1725.52877903
2397.82733805	1706.30708975
2373.50601693	1687.08540047
2349.1846958	1667.8637112
2324.86337467	1648.64202192
2300.54205355	1629.42033264
2276.22073242	1610.19864337
2251.8994113	1590.97695409
2227.57809017	1571.75526481
2203.25676904	1552.53357553
2178.93544792	1533.31188626
#helix: (2727.5, 3681.5),(3150.5, 4140.5),310
2832.54055746	3795.48017937
2853.54866895	3818.27621524
2874.55678044	3841.07225112
2895.56489193	3863.86828699
2916.57300342	3886.66432286
2937.58111492	3909.46035874
2958.58922641	3932.25639461
2979.5973379	3955.05243049
3000.60544939	3977.84846636
3021.61356088	4000.64450223
3042.62167237	4023.44053811
3063.62978386	4046.23657398
#helix: (5634.5, 3807.5),(3915.5, 2286.5),310
5518.41713402	3704.78793534
5495.20056083	3684.24552241
5471.98398763	3663.70310948
5448.76741444	3643.16069654
5425.55084124	3622.61828361
5402.33426805	3602.07587068
5379.11769485	3581.53345775
5355.90112166	3560.99104482
5332.68454846	3540.44863188
5309.46797527	3519.90621895
5286.25140207	3499.36380602
5263.03482888	3478.82139309
5239.81825568	3458.27898016
5216.60168248	3437.73656722
5193.38510929	3417.19415429
5170.16853609	3396.65174136
5146.9519629	3376.10932843
5123.7353897	3355.5669155
5100.51881651	3335.02450256
5077.30224331	3314.48208963
5054.08567012	3293.9396767
5030.86909692	3273.39726377
5007.65252373	3252.85485084
4984.43595053	3232.3124379
4961.21937734	3211.77002497
4938.00280414	3191.22761204
4914.78623095	3170.68519911
4891.56965775	3150.14278618
4868.35308456	3129.60037325
4845.13651136	3109.05796031
4821.91993816	3088.51554738
4798.70336497	3067.97313445
4775.48679177	3047.43072152
4752.27021858	3026.88830859
4729.05364538	3006.34589565
4705.83707219	2985.80348272
4682.62049899	2965.26106979
4659.4039258	2944.71865686
4636.1873526	2924.17624393
4612.97077941	2903.63383099
4589.75420621	2883.09141806
4566.53763302	2862.54900513
4543.32105982	2842.0065922
4520.10448663	2821.46417927
4496.88791343	2800.92176633
4473.67134024	2780.3793534
4450.45476704	2759.83694047
4427.23819384	2739.29452754
4404.02162065	2718.75211461
4380.80504745	2698.20970167
4357.58847426	2677.66728874
4334.37190106	2657.12487581
4311.15532787	2636.58246288
4287.93875467	2616.04004995
4264.72218148	2595.49763701
4241.50560828	2574.95522408
4218.28903509	2554.41281115
4195.07246189	2533.87039822
4171.8558887	2513.32798529
4148.6393155	2492.78557235
4125.42274231	2472.24315942
4102.20616911	2451.70074649
4078.98959592	2431.15833356
4055.77302272	2410.61592063
4032.55644952	2390.07350769
4009.33987633	2369.53109476
#helix: (5634.5, 3357.5),(4374.5, 2286.5),310
5516.39940575	3257.11449489
5492.7792869	3237.03739386
5469.15916805	3216.96029284
5445.5390492	3196.88319182
5421.91893035	3176.80609079
5398.29881149	3156.72898977
5374.67869264	3136.65188875
5351.05857379	3116.57478772
5327.43845494	3096.4976867
5303.81833609	3076.42058568
5280.19821724	3056.34348466
5256.57809839	3036.26638363
5232.95797954	3016.18928261
5209.33786069	2996.11218159
5185.71774184	2976.03508056
5162.09762299	2955.95797954
5138.47750414	2935.88087852
5114.85738529	2915.80377749
5091.23726644	2895.72667647
5067.61714759	2875.64957545
5043.99702874	2855.57247443
5020.37690989	2835.4953734
4996.75679104	2815.41827238
4973.13667218	2795.34117136
4949.51655333	2775.26407033
4925.89643448	2755.18696931
4902.27631563	2735.10986829
4878.65619678	2715.03276727
4855.03607793	2694.95566624
4831.41595908	2674.87856522
4807.79584023	2654.8014642
4784.17572138	2634.72436317
4760.55560253	2614.64726215
4736.93548368	2594.57016113
4713.31536483	2574.4930601
4689.69524598	2554.41595908
4666.07512713	2534.33885806
4642.45500828	2514.26175704
4618.83488943	2494.18465601
4595.21477058	2474.10755499
4571.59465173	2454.03045397
4547.97453288	2433.95335294
4524.35441402	2413.87625192
4500.73429517	2393.7991509
4477.11417632	2373.72204987
#helix: (873.5, 2475.5),(2385.5, 3996.5),310
982.775842832	2585.42629428
1004.6310114	2607.41155313
1026.48617996	2629.39681199
1048.34134853	2651.38207084
1070.1965171	2673.3673297
1092.05168566	2695.35258855
1113.90685423	2717.33784741
1135.7620228	2739.32310626
1157.61719136	2761.30836512
1179.47235993	2783.29362398
1201.32752849	2805.27888283
1223.18269706	2827.26414169
1245.03786563	2849.24940054
1266.89303419	2871.2346594
1288.74820276	2893.21991825
1310.60337133	2915.20517711
1332.45853989	2937.19043596
1354.31370846	2959.17569482
1376.16887702	2981.16095367
1398.02404559	3003.14621253
1419.87921416	3025.13147138
1441.73438272	3047.11673024
1463.58955129	3069.1019891
1485.44471986	3091.08724795
1507.29988842	3113.07250681
1529.15505699	3135.05776566
1551.01022556	3157.04302452
1572.86539412	3179.02828337
1594.72056269	3201.01354223
1616.57573125	3222.99880108
1638.43089982	3244.98405994
1660.28606839	3266.96931879
1682.14123695	3288.95457765
1703.99640552	3310.9398365
1725.85157409	3332.92509536
1747.70674265	3354.91035422
1769.56191122	3376.89561307
1791.41707978	3398.88087193
1813.27224835	3420.86613078
1835.12741692	3442.85138964
1856.98258548	3464.83664849
1878.83775405	3486.82190735
1900.69292262	3508.8071662
1922.54809118	3530.79242506
1944.40325975	3552.77768391
1966.25842832	3574.76294277
1988.11359688	3596.74820162
2009.96876545	3618.73346048
2031.82393401	3640.71871934
2053.67910258	3662.70397819
2075.53427115	3684.68923705
2097.38943971	3706.6744959
2119.24460828	3728.65975476
2141.09977685	3750.64501361
2162.95494541	3772.63027247
2184.81011398	3794.61553132
2206.66528254	3816.60079018
2228.52045111	3838.58604903
2250.37561968	3860.57130789
2272.23078824	3882.55656674
2294.08595681	3904.5418256
#helix: (4347.5, 2268.5),(3069.5, 1161.5),310
4230.34097347	2167.01718124
4206.90916816	2146.72061749
4183.47736286	2126.42405374
4160.04555755	2106.12748999
4136.61375225	2085.83092624
4113.18194694	2065.53436249
4089.75014163	2045.23779874
4066.31833633	2024.94123499
4042.88653102	2004.64467124
4019.45472572	1984.34810749
3996.02292041	1964.05154373
3972.5911151	1943.75497998
3949.1593098	1923.45841623
3925.72750449	1903.16185248
3902.29569918	1882.86528873
3878.86389388	1862.56872498
3855.43208857	1842.27216123
3832.00028327	1821.97559748
3808.56847796	1801.67903373
3785.13667265	1781.38246998
3761.70486735	1761.08590622
3738.27306204	1740.78934247
3714.84125674	1720.49277872
3691.40945143	1700.19621497
3667.97764612	1679.89965122
3644.54584082	1659.60308747
3621.11403551	1639.30652372
3597.68223021	1619.00995997
3574.2504249	1598.71339622
3550.81861959	1578.41683247
3527.38681429	1558.12026871
3503.95500898	1537.82370496
3480.52320368	1517.52714121
3457.09139837	1497.23057746
3433.65959306	1476.93401371
3410.22778776	1456.63744996
3386.79598245	1436.34088621
3363.36417715	1416.04432246
3339.93237184	1395.74775871
3316.50056653	1375.45119496
3293.06876123	1355.1546312
3269.63695592	1334.85806745
3246.20515062	1314.5615037
3222.77334531	1294.26493995
3199.34154	1273.9683762
3175.9097347	1253.67181245
#helix: (1233.5, 261.4999999999999),(2844.5, 1404.5),310
1359.91435875	351.190634419
1385.1972305	369.128761302
1410.48010225	387.066888186
1435.762974	405.00501507
1461.04584575	422.943141954
1486.3287175	440.881268837
1511.61158924	458.819395721
1536.89446099	476.757522605
1562.17733274	494.695649489
1587.46020449	512.633776372
1612.74307624	530.571903256
1638.02594799	548.51003014
1663.30881974	566.448157024
1688.59169149	584.386283907
1713.87456324	602.324410791
1739.15743499	620.262537675
1764.44030674	638.200664559
1789.72317849	656.138791442
1815.00605024	674.076918326
1840.28892199	692.01504521
1865.57179374	709.953172093
1890.85466549	727.891298977
1916.13753724	745.829425861
1941.42040899	763.767552745
1966.70328074	781.705679628
1991.98615249	799.643806512
2017.26902424	817.581933396
2042.55189598	835.52006028
2067.83476773	853.458187163
2093.11763948	871.396314047
2118.40051123	889.334440931
2143.68338298	907.272567815
2168.96625473	925.210694698
2194.24912648	943.148821582
2219.53199823	961.086948466
2244.81486998	979.02507535
2270.09774173	996.963202233
2295.38061348	1014.90132912
2320.66348523	1032.839456
2345.94635698	1050.77758288
2371.22922873	1068.71570977
2396.51210048	1086.65383665
2421.79497223	1104.59196354
2447.07784398	1122.53009042
2472.36071573	1140.4682173
2497.64358748	1158.40634419
2522.92645923	1176.34447107
2548.20933098	1194.28259795
2573.49220272	1212.22072484
2598.77507447	1230.15885172
2624.05794622	1248.09697861
2649.34081797	1266.03510549
2674.62368972	1283.97323237
2699.90656147	1301.91135926
2725.18943322	1319.84948614
#helix: (153.50000000000003, 1179.5),(1755.5, 2277.5),310
281.352112227	1267.1289758
306.922534673	1284.65477096
332.492957118	1302.18056611
358.063379563	1319.70636127
383.633802009	1337.23215643
409.204224454	1354.75795159
434.7746469	1372.28374675
460.345069345	1389.80954191
485.91549179	1407.33533707
511.485914236	1424.86113223
537.056336681	1442.38692739
562.626759127	1459.91272255
588.197181572	1477.43851771
613.767604018	1494.96431287
639.338026463	1512.49010803
664.908448908	1530.01590318
690.478871354	1547.54169834
716.049293799	1565.0674935
741.619716245	1582.59328866
767.19013869	1600.11908382
792.760561135	1617.64487898
818.330983581	1635.17067414
843.901406026	1652.6964693
869.471828472	1670.22226446
895.042250917	1687.74805962
920.612673363	1705.27385478
946.183095808	1722.79964994
971.753518253	1740.32544509
997.323940699	1757.85124025
1022.89436314	1775.37703541
1048.46478559	1792.90283057
1074.03520804	1810.42862573
1099.60563048	1827.95442089
1125.17605293	1845.48021605
1150.74647537	1863.00601121
1176.31689782	1880.53180637
1201.88732026	1898.05760153
1227.45774271	1915.58339669
1253.02816515	1933.10919185
1278.5985876	1950.63498701
1304.16901004	1968.16078216
1329.73943249	1985.68657732
1355.30985493	2003.21237248
1380.88027738	2020.73816764
1406.45069983	2038.2639628
1432.02112227	2055.78975796
1457.59154472	2073.31555312
1483.16196716	2090.84134828
1508.73238961	2108.36714344
1534.30281205	2125.8929386
1559.8732345	2143.41873376
1585.44365694	2160.94452892
1611.01407939	2178.47032408
1636.58450183	2195.99611923
#helix: (360.50000000000006, 261.4999999999999),(2178.5, 1503.5),310
488.484756572	348.935130727
514.081707886	366.422156873
539.6786592	383.909183018
565.275610515	401.396209164
590.872561829	418.883235309
616.469513143	436.370261454
642.066464458	453.8572876
667.663415772	471.344313745
693.260367086	488.831339891
718.857318401	506.318366036
744.454269715	523.805392182
770.051221029	541.292418327
795.648172344	558.779444472
821.245123658	576.266470618
846.842074972	593.753496763
872.439026287	611.240522909
898.035977601	628.727549054
923.632928915	646.2145752
949.22988023	663.701601345
974.826831544	681.188627491
1000.42378286	698.675653636
1026.02073417	716.162679781
1051.61768549	733.649705927
1077.2146368	751.136732072
1102.81158812	768.623758218
1128.40853943	786.110784363
1154.00549074	803.597810509
1179.60244206	821.084836654
1205.19939337	838.5718628
1230.79634469	856.058888945
1256.393296	873.54591509
1281.99024732	891.032941236
1307.58719863	908.519967381
1333.18414994	926.006993527
1358.78110126	943.494019672
1384.37805257	960.981045818
1409.97500389	978.468071963
1435.5719552	995.955098108
1461.16890652	1013.44212425
1486.76585783	1030.9291504
1512.36280915	1048.41617654
1537.95976046	1065.90320269
1563.55671177	1083.39022884
1589.15366309	1100.87725498
1614.7506144	1118.36428113
1640.34756572	1135.85130727
1665.94451703	1153.33833342
1691.54146835	1170.82535956
1717.13841966	1188.31238571
1742.73537097	1205.79941185
1768.33232229	1223.286438
1793.9292736	1240.77346414
1819.52622492	1258.26049029
1845.12317623	1275.74751644
1870.72012755	1293.23454258
1896.31707886	1310.72156873
1921.91403017	1328.20859487
1947.51098149	1345.69562102
1973.1079328	1363.18264716
1998.70488412	1380.66967331
2024.30183543	1398.15669945
2049.89878675	1415.6437256
2075.49573806	1433.13075174
#helix: (225.50000000000003, 1881.5),(1719.5, 2907.5),310
353.271398143	1969.24662282
378.825677772	1986.79594739
404.3799574	2004.34527195
429.934237029	2021.89459651
455.488516658	2039.44392108
481.042796286	2056.99324564
506.597075915	2074.54257021
532.151355544	2092.09189477
557.705635172	2109.64121934
583.259914801	2127.1905439
608.81419443	2144.73986846
634.368474058	2162.28919303
659.922753687	2179.83851759
685.477033316	2197.38784216
711.031312944	2214.93716672
736.585592573	2232.48649128
762.139872201	2250.03581585
787.69415183	2267.58514041
813.248431459	2285.13446498
838.802711087	2302.68378954
864.356990716	2320.23311411
889.911270345	2337.78243867
915.465549973	2355.33176323
941.019829602	2372.8810878
966.574109231	2390.43041236
992.128388859	2407.97973693
1017.68266849	2425.52906149
1043.23694812	2443.07838606
1068.79122775	2460.62771062
1094.34550737	2478.17703518
1119.899787	2495.72635975
1145.45406663	2513.27568431
1171.00834626	2530.82500888
1196.56262589	2548.37433344
1222.11690552	2565.92365801
1247.67118515	2583.47298257
1273.22546477	2601.02230713
1298.7797444	2618.5716317
1324.33402403	2636.12095626
1349.88830366	2653.67028083
1375.44258329	2671.21960539
1400.99686292	2688.76892996
1426.55114255	2706.31825452
1452.10542217	2723.86757908
1477.6597018	2741.41690365
1503.21398143	2758.96622821
1528.76826106	2776.51555278
1554.32254069	2794.06487734
1579.87682032	2811.61420191
1605.43109995	2829.16352647
#helix: (3969.5, 2349.5),(2862.5, 1431.5),310
3850.18751614	2250.55794021
3826.32501937	2230.76952826
3802.46252259	2210.9811163
3778.60002582	2191.19270434
3754.73752905	2171.40429238
3730.87503228	2151.61588043
3707.01253551	2131.82746847
3683.15003873	2112.03905651
3659.28754196	2092.25064455
3635.42504519	2072.4622326
3611.56254842	2052.67382064
3587.70005164	2032.88540868
3563.83755487	2013.09699672
3539.9750581	1993.30858477
3516.11256133	1973.52017281
3492.25006456	1953.73176085
3468.38756778	1933.94334889
3444.52507101	1914.15493694
3420.66257424	1894.36652498
3396.80007747	1874.57811302
3372.9375807	1854.78970106
3349.07508392	1835.00128911
3325.21258715	1815.21287715
3301.35009038	1795.42446519
3277.48759361	1775.63605323
3253.62509683	1755.84764128
3229.76260006	1736.05922932
3205.90010329	1716.27081736
3182.03760652	1696.4824054
3158.17510975	1676.69399345
3134.31261297	1656.90558149
3110.4501162	1637.11716953
3086.58761943	1617.32875758
3062.72512266	1597.54034562
3038.86262588	1577.75193366
3015.00012911	1557.9635217
2991.13763234	1538.17510975
2967.27513557	1518.38669779
