#micrograph: ../Source/micrographs/Microtubules_00059.mrc
#particle length: 310
#particle width: 310
#helix: (2376.5, 846.4999999999999),(1728.5, 2061.5),310
2303.55882353	983.264705882
2288.97058824	1010.61764706
2274.38235294	1037.97058824
2259.79411765	1065.32352941
2245.20588235	1092.67647059
2230.61764706	1120.02941176
2216.02941176	1147.38235294
2201.44117647	1174.73529412
2186.85294118	1202.08823529
2172.26470588	1229.44117647
2157.67647059	1256.79411765
2143.08823529	1284.14705882
2128.5	1311.5
2113.91176471	1338.85294118
2099.32352941	1366.20588235
2084.73529412	1393.55882353
2070.14705882	1420.91176471
2055.55882353	1448.26470588
2040.97058824	1475.61764706
2026.38235294	1502.97058824
2011.79411765	1530.32352941
1997.20588235	1557.67647059
1982.61764706	1585.02941176
1968.02941176	1612.38235294
1953.44117647	1639.73529412
1938.85294118	1667.08823529
1924.26470588	1694.44117647
1909.67647059	1721.79411765
1895.08823529	1749.14705882
1880.5	1776.5
1865.91176471	1803.85294118
1851.32352941	1831.20588235
1836.73529412	1858.55882353
1822.14705882	1885.91176471
1807.55882353	1913.26470588
1792.97058824	1940.61764706
#helix: (4806.5, 171.4999999999999),(4725.5, 4023.5),310
4803.24137457	326.465742538
4802.58964949	357.458891045
4801.9379244	388.452039553
4801.28619932	419.445188061
4800.63447423	450.438336568
4799.98274915	481.431485076
4799.33102406	512.424633583
4798.67929897	543.417782091
4798.02757389	574.410930599
4797.3758488	605.404079106
4796.72412372	636.397227614
4796.07239863	667.390376121
4795.42067355	698.383524629
4794.76894846	729.376673136
4794.11722338	760.369821644
4793.46549829	791.362970152
4792.81377321	822.356118659
4792.16204812	853.349267167
4791.51032303	884.342415674
4790.85859795	915.335564182
4790.20687286	946.32871269
4789.55514778	977.321861197
4788.90342269	1008.3150097
4788.25169761	1039.30815821
4787.59997252	1070.30130672
4786.94824744	1101.29445523
4786.29652235	1132.28760374
4785.64479727	1163.28075224
4784.99307218	1194.27390075
4784.3413471	1225.26704926
4783.68962201	1256.26019777
4783.03789692	1287.25334627
4782.38617184	1318.24649478
4781.73444675	1349.23964329
4781.08272167	1380.2327918
4780.43099658	1411.2259403
4779.7792715	1442.21908881
4779.12754641	1473.21223732
4778.47582133	1504.20538583
4777.82409624	1535.19853433
4777.17237116	1566.19168284
4776.52064607	1597.18483135
4775.86892098	1628.17797986
4775.2171959	1659.17112836
4774.56547081	1690.16427687
4773.91374573	1721.15742538
4773.26202064	1752.15057389
4772.61029556	1783.14372239
4771.95857047	1814.1368709
4771.30684539	1845.13001941
4770.6551203	1876.12316792
4770.00339522	1907.11631642
4769.35167013	1938.10946493
4768.69994504	1969.10261344
4768.04821996	2000.09576195
4767.39649487	2031.08891045
4766.74476979	2062.08205896
4766.0930447	2093.07520747
4765.44131962	2124.06835598
4764.78959453	2155.06150449
4764.13786945	2186.05465299
4763.48614436	2217.0478015
4762.83441928	2248.04095001
4762.18269419	2279.03409852
4761.5309691	2310.02724702
4760.87924402	2341.02039553
4760.22751893	2372.01354404
4759.57579385	2403.00669255
4758.92406876	2433.99984105
4758.27234368	2464.99298956
4757.62061859	2495.98613807
4756.96889351	2526.97928658
4756.31716842	2557.97243508
4755.66544334	2588.96558359
4755.01371825	2619.9587321
4754.36199316	2650.95188061
4753.71026808	2681.94502911
4753.05854299	2712.93817762
4752.40681791	2743.93132613
4751.75509282	2774.92447464
4751.10336774	2805.91762314
4750.45164265	2836.91077165
4749.79991757	2867.90392016
4749.14819248	2898.89706867
4748.4964674	2929.89021717
4747.84474231	2960.88336568
4747.19301722	2991.87651419
4746.54129214	3022.8696627
4745.88956705	3053.86281121
4745.23784197	3084.85595971
4744.58611688	3115.84910822
4743.9343918	3146.84225673
4743.28266671	3177.83540524
4742.63094163	3208.82855374
4741.97921654	3239.82170225
4741.32749146	3270.81485076
4740.67576637	3301.80799927
4740.02404129	3332.80114777
4739.3723162	3363.79429628
4738.72059111	3394.78744479
4738.06886603	3425.7805933
4737.41714094	3456.7737418
4736.76541586	3487.76689031
4736.11369077	3518.76003882
4735.46196569	3549.75318733
4734.8102406	3580.74633583
4734.15851552	3611.73948434
4733.50679043	3642.73263285
4732.85506535	3673.72578136
4732.20334026	3704.71892986
4731.55161517	3735.71207837
4730.89989009	3766.70522688
4730.248165	3797.69837539
4729.59643992	3828.69152389
4728.94471483	3859.6846724
4728.29298975	3890.67782091
#helix: (1368.5, 324.4999999999999),(126.5, 2223.5),310
1283.6597853	454.219458714
1266.69174236	480.163350457
1249.72369941	506.107242199
1232.75565647	532.051133942
1215.78761353	557.995025685
1198.81957059	583.938917428
1181.85152765	609.88280917
1164.88348471	635.826700913
1147.91544177	661.770592656
1130.94739883	687.714484399
1113.97935589	713.658376141
1097.01131295	739.602267884
1080.04327001	765.546159627
1063.07522707	791.49005137
1046.10718413	817.433943113
1029.13914118	843.377834855
1012.17109824	869.321726598
995.203055303	895.265618341
978.235012362	921.209510084
961.266969422	947.153401826
944.298926481	973.097293569
927.33088354	999.041185312
910.362840599	1024.98507705
893.394797659	1050.9289688
876.426754718	1076.87286054
859.458711777	1102.81675228
842.490668836	1128.76064403
825.522625895	1154.70453577
808.554582955	1180.64842751
791.586540014	1206.59231925
774.618497073	1232.536211
757.650454132	1258.48010274
740.682411192	1284.42399448
723.714368251	1310.36788623
706.74632531	1336.31177797
689.778282369	1362.25566971
672.810239429	1388.19956145
655.842196488	1414.1434532
638.874153547	1440.08734494
621.906110606	1466.03123668
604.938067666	1491.97512842
587.970024725	1517.91902017
571.001981784	1543.86291191
554.033938843	1569.80680365
537.065895902	1595.7506954
520.097852962	1621.69458714
503.129810021	1647.63847888
486.16176708	1673.58237062
469.193724139	1699.52626237
452.225681199	1725.47015411
435.257638258	1751.41404585
418.289595317	1777.35793759
401.321552376	1803.30182934
384.353509436	1829.24572108
367.385466495	1855.18961282
350.417423554	1881.13350457
333.449380613	1907.07739631
316.481337673	1933.02128805
299.513294732	1958.96517979
282.545251791	1984.90907154
265.57720885	2010.85296328
248.609165909	2036.79685502
231.641122969	2062.74074677
214.673080028	2088.68463851
197.705037087	2114.62853025
#helix: (2709.5, 3717.5),(2862.5, 1872.5),310
2722.30968879	3563.03022343
2724.87162655	3532.13626812
2727.4335643	3501.2423128
2729.99550206	3470.34835749
2732.55743982	3439.45440218
2735.11937758	3408.56044686
2737.68131533	3377.66649155
2740.24325309	3346.77253624
2742.80519085	3315.87858092
2745.36712861	3284.98462561
2747.92906637	3254.09067029
2750.49100412	3223.19671498
2753.05294188	3192.30275967
2755.61487964	3161.40880435
2758.1768174	3130.51484904
2760.73875515	3099.62089373
2763.30069291	3068.72693841
2765.86263067	3037.8329831
2768.42456843	3006.93902778
2770.98650619	2976.04507247
2773.54844394	2945.15111716
2776.1103817	2914.25716184
2778.67231946	2883.36320653
2781.23425722	2852.46925122
2783.79619497	2821.5752959
2786.35813273	2790.68134059
2788.92007049	2759.78738527
2791.48200825	2728.89342996
2794.043946	2697.99947465
2796.60588376	2667.10551933
2799.16782152	2636.21156402
2801.72975928	2605.31760871
2804.29169704	2574.42365339
2806.85363479	2543.52969808
2809.41557255	2512.63574277
2811.97751031	2481.74178745
2814.53944807	2450.84783214
2817.10138582	2419.95387682
2819.66332358	2389.05992151
2822.22526134	2358.1659662
2824.7871991	2327.27201088
2827.34913686	2296.37805557
2829.91107461	2265.48410026
2832.47301237	2234.59014494
2835.03495013	2203.69618963
2837.59688789	2172.80223431
2840.15882564	2141.908279
2842.7207634	2111.01432369
2845.28270116	2080.12036837
2847.84463892	2049.22641306
2850.40657667	2018.33245775
#helix: (720.5, 3969.5),(1755.5, 1953.5),310
791.291560293	3831.61035212
805.449872352	3804.03242255
819.608184411	3776.45449297
833.766496469	3748.8765634
847.924808528	3721.29863382
862.083120587	3693.72070425
876.241432645	3666.14277467
890.399744704	3638.5648451
904.558056762	3610.98691552
918.716368821	3583.40898595
932.87468088	3555.83105637
947.032992938	3528.2531268
961.191304997	3500.67519722
975.349617056	3473.09726765
989.507929114	3445.51933807
1003.66624117	3417.9414085
1017.82455323	3390.36347892
1031.98286529	3362.78554935
1046.14117735	3335.20761977
1060.29948941	3307.6296902
1074.45780147	3280.05176062
1088.61611352	3252.47383105
1102.77442558	3224.89590147
1116.93273764	3197.3179719
1131.0910497	3169.74004232
1145.24936176	3142.16211275
1159.40767382	3114.58418317
1173.56598588	3087.0062536
1187.72429794	3059.42832402
1201.88260999	3031.85039445
1216.04092205	3004.27246487
1230.19923411	2976.6945353
1244.35754617	2949.11660572
1258.51585823	2921.53867615
1272.67417029	2893.96074657
1286.83248235	2866.382817
1300.9907944	2838.80488742
1315.14910646	2811.22695785
1329.30741852	2783.64902827
1343.46573058	2756.0710987
1357.62404264	2728.49316912
1371.7823547	2700.91523954
1385.94066676	2673.33730997
1400.09897882	2645.75938039
1414.25729087	2618.18145082
1428.41560293	2590.60352124
1442.57391499	2563.02559167
1456.73222705	2535.44766209
1470.89053911	2507.86973252
1485.04885117	2480.29180294
1499.20716323	2452.71387337
1513.36547528	2425.13594379
1527.52378734	2397.55801422
1541.6820994	2369.98008464
1555.84041146	2342.40215507
1569.99872352	2314.82422549
1584.15703558	2287.24629592
1598.31534764	2259.66836634
1612.4736597	2232.09043677
1626.63197175	2204.51250719
1640.79028381	2176.93457762
1654.94859587	2149.35664804
1669.10690793	2121.77871847
1683.26521999	2094.20078889
1697.42353205	2066.62285932
#helix: (243.50000000000003, 4005.5),(1026.5, 2700.5),310
323.246842091	3872.58859651
339.19621051	3846.00631582
355.145578928	3819.42403512
371.094947346	3792.84175442
387.044315764	3766.25947373
402.993684183	3739.67719303
418.943052601	3713.09491233
434.892421019	3686.51263163
450.841789437	3659.93035094
466.791157856	3633.34807024
482.740526274	3606.76578954
498.689894692	3580.18350885
514.63926311	3553.60122815
530.588631529	3527.01894745
546.537999947	3500.43666676
562.487368365	3473.85438606
578.436736783	3447.27210536
594.386105202	3420.68982466
610.33547362	3394.10754397
626.284842038	3367.52526327
642.234210456	3340.94298257
658.183578875	3314.36070188
674.132947293	3287.77842118
690.082315711	3261.19614048
706.031684129	3234.61385978
721.981052548	3208.03157909
737.930420966	3181.44929839
753.879789384	3154.86701769
769.829157802	3128.284737
785.778526221	3101.7024563
801.727894639	3075.1201756
817.677263057	3048.5378949
833.626631475	3021.95561421
849.575999894	2995.37333351
865.525368312	2968.79105281
881.47473673	2942.20877212
897.424105148	2915.62649142
913.373473567	2889.04421072
929.322841985	2862.46193003
945.272210403	2835.87964933
961.221578821	2809.29736863
#helix: (63.5, 2322.5),(3555.5, 4023.5),310
202.847055239	2390.37781814
230.716466287	2403.95338177
258.585877335	2417.5289454
286.455288383	2431.10450903
314.324699431	2444.68007266
342.194110479	2458.25563629
370.063521527	2471.83119992
397.932932574	2485.40676355
425.802343622	2498.98232718
453.67175467	2512.55789081
481.541165718	2526.13345443
509.410576766	2539.70901806
537.279987814	2553.28458169
565.149398862	2566.86014532
593.01880991	2580.43570895
620.888220957	2594.01127258
648.757632005	2607.58683621
676.627043053	2621.16239984
704.496454101	2634.73796347
732.365865149	2648.3135271
760.235276197	2661.88909072
788.104687245	2675.46465435
815.974098293	2689.04021798
843.84350934	2702.61578161
871.712920388	2716.19134524
899.582331436	2729.76690887
927.451742484	2743.3424725
955.321153532	2756.91803613
983.19056458	2770.49359976
1011.05997563	2784.06916339
1038.92938668	2797.64472701
1066.79879772	2811.22029064
1094.66820877	2824.79585427
1122.53761982	2838.3714179
1150.40703087	2851.94698153
1178.27644191	2865.52254516
1206.14585296	2879.09810879
1234.01526401	2892.67367242
1261.88467506	2906.24923605
1289.75408611	2919.82479968
1317.62349715	2933.4003633
1345.4929082	2946.97592693
1373.36231925	2960.55149056
1401.2317303	2974.12705419
1429.10114135	2987.70261782
1456.97055239	3001.27818145
1484.83996344	3014.85374508
1512.70937449	3028.42930871
1540.57878554	3042.00487234
1568.44819659	3055.58043597
1596.31760763	3069.15599959
1624.18701868	3082.73156322
1652.05642973	3096.30712685
1679.92584078	3109.88269048
1707.79525182	3123.45825411
1735.66466287	3137.03381774
1763.53407392	3150.60938137
1791.40348497	3164.184945
1819.27289602	3177.76050863
1847.14230706	3191.33607226
1875.01171811	3204.91163588
1902.88112916	3218.48719951
1930.75054021	3232.06276314
1958.61995126	3245.63832677
1986.4893623	3259.2138904
2014.35877335	3272.78945403
2042.2281844	3286.36501766
2070.09759545	3299.94058129
2097.96700649	3313.51614492
2125.83641754	3327.09170855
2153.70582859	3340.66727217
2181.57523964	3354.2428358
2209.44465069	3367.81839943
2237.31406173	3381.39396306
2265.18347278	3394.96952669
2293.05288383	3408.54509032
2320.92229488	3422.12065395
2348.79170593	3435.69621758
2376.66111697	3449.27178121
2404.53052802	3462.84734484
2432.39993907	3476.42290846
2460.26935012	3489.99847209
2488.13876116	3503.57403572
2516.00817221	3517.14959935
2543.87758326	3530.72516298
2571.74699431	3544.30072661
2599.61640536	3557.87629024
2627.4858164	3571.45185387
2655.35522745	3585.0274175
2683.2246385	3598.60298112
2711.09404955	3612.17854475
2738.9634606	3625.75410838
2766.83287164	3639.32967201
2794.70228269	3652.90523564
2822.57169374	3666.48079927
2850.44110479	3680.0563629
2878.31051584	3693.63192653
2906.17992688	3707.20749016
2934.04933793	3720.78305379
2961.91874898	3734.35861741
2989.78816003	3747.93418104
3017.65757107	3761.50974467
3045.52698212	3775.0853083
3073.39639317	3788.66087193
3101.26580422	3802.23643556
3129.13521527	3815.81199919
3157.00462631	3829.38756282
3184.87403736	3842.96312645
3212.74344841	3856.53869008
3240.61285946	3870.1142537
3268.48227051	3883.68981733
3296.35168155	3897.26538096
3324.2210926	3910.84094459
3352.09050365	3924.41650822
3379.9599147	3937.99207185
3407.82932574	3951.56763548
3435.69873679	3965.14319911
#helix: (126.5, 1746.5),(4518.5, 3960.5),310
264.908572593	1816.27153454
292.590287112	1830.22584145
320.27200163	1844.18014836
347.953716149	1858.13445527
375.635430668	1872.08876218
403.317145186	1886.04306909
430.998859705	1899.997376
458.680574223	1913.95168291
486.362288742	1927.90598982
514.044003261	1941.86029673
541.725717779	1955.81460363
569.407432298	1969.76891054
597.089146816	1983.72321745
624.770861335	1997.67752436
652.452575854	2011.63183127
680.134290372	2025.58613818
707.816004891	2039.54044509
735.49771941	2053.494752
763.179433928	2067.44905891
790.861148447	2081.40336582
818.542862965	2095.35767272
846.224577484	2109.31197963
873.906292003	2123.26628654
901.588006521	2137.22059345
929.26972104	2151.17490036
956.951435558	2165.12920727
984.633150077	2179.08351418
1012.3148646	2193.03782109
1039.99657911	2206.992128
1067.67829363	2220.94643491
1095.36000815	2234.90074181
1123.04172267	2248.85504872
1150.72343719	2262.80935563
1178.40515171	2276.76366254
1206.08686623	2290.71796945
1233.76858074	2304.67227636
1261.45029526	2318.62658327
1289.13200978	2332.58089018
1316.8137243	2346.53519709
1344.49543882	2360.48950399
1372.17715334	2374.4438109
1399.85886786	2388.39811781
1427.54058237	2402.35242472
1455.22229689	2416.30673163
1482.90401141	2430.26103854
1510.58572593	2444.21534545
1538.26744045	2458.16965236
1565.94915497	2472.12395927
1593.63086949	2486.07826618
1621.31258401	2500.03257308
1648.99429852	2513.98687999
1676.67601304	2527.9411869
1704.35772756	2541.89549381
1732.03944208	2555.84980072
1759.7211566	2569.80410763
1787.40287112	2583.75841454
1815.08458564	2597.71272145
1842.76630015	2611.66702836
1870.44801467	2625.62133527
1898.12972919	2639.57564217
1925.81144371	2653.52994908
1953.49315823	2667.48425599
1981.17487275	2681.4385629
2008.85658727	2695.39286981
2036.53830178	2709.34717672
2064.2200163	2723.30148363
2091.90173082	2737.25579054
2119.58344534	2751.21009745
2147.26515986	2765.16440436
2174.94687438	2779.11871126
2202.6285889	2793.07301817
2230.31030341	2807.02732508
2257.99201793	2820.98163199
2285.67373245	2834.9359389
2313.35544697	2848.89024581
2341.03716149	2862.84455272
2368.71887601	2876.79885963
2396.40059053	2890.75316654
2424.08230505	2904.70747344
2451.76401956	2918.66178035
2479.44573408	2932.61608726
2507.1274486	2946.57039417
2534.80916312	2960.52470108
2562.49087764	2974.47900799
2590.17259216	2988.4333149
2617.85430668	3002.38762181
2645.53602119	3016.34192872
2673.21773571	3030.29623563
2700.89945023	3044.25054253
2728.58116475	3058.20484944
2756.26287927	3072.15915635
2783.94459379	3086.11346326
2811.62630831	3100.06777017
2839.30802282	3114.02207708
2866.98973734	3127.97638399
2894.67145186	3141.9306909
2922.35316638	3155.88499781
2950.0348809	3169.83930472
2977.71659542	3183.79361162
3005.39830994	3197.74791853
3033.08002445	3211.70222544
3060.76173897	3225.65653235
3088.44345349	3239.61083926
3116.12516801	3253.56514617
3143.80688253	3267.51945308
3171.48859705	3281.47375999
3199.17031157	3295.4280669
3226.85202608	3309.38237381
3254.5337406	3323.33668071
3282.21545512	3337.29098762
3309.89716964	3351.24529453
3337.57888416	3365.19960144
3365.26059868	3379.15390835
3392.9423132	3393.10821526
3420.62402772	3407.06252217
3448.30574223	3421.01682908
3475.98745675	3434.97113599
3503.66917127	3448.92544289
3531.35088579	3462.8797498
3559.03260031	3476.83405671
3586.71431483	3490.78836362
3614.39602935	3504.74267053
3642.07774386	3518.69697744
3669.75945838	3532.65128435
3697.4411729	3546.60559126
3725.12288742	3560.55989817
3752.80460194	3574.51420508
3780.48631646	3588.46851198
3808.16803098	3602.42281889
3835.84974549	3616.3771258
3863.53146001	3630.33143271
3891.21317453	3644.28573962
3918.89488905	3658.24004653
3946.57660357	3672.19435344
3974.25831809	3686.14866035
4001.94003261	3700.10296726
4029.62174712	3714.05727417
4057.30346164	3728.01158107
4084.98517616	3741.96588798
4112.66689068	3755.92019489
4140.3486052	3769.8745018
4168.03031972	3783.82880871
4195.71203424	3797.78311562
4223.39374876	3811.73742253
4251.07546327	3825.69172944
4278.75717779	3839.64603635
4306.43889231	3853.60034326
4334.12060683	3867.55465016
4361.80232135	3881.50895707
4389.48403587	3895.46326398
#helix: (3348.5, 567.4999999999999),(3303.5, 2061.5),310
3343.83344167	722.42973644
3342.90013001	753.415683728
3341.96681834	784.401631016
3341.03350668	815.387578304
3340.10019501	846.373525592
3339.16688335	877.35947288
3338.23357168	908.345420168
3337.30026002	939.331367456
3336.36694835	970.317314744
3335.43363669	1001.30326203
3334.50032502	1032.28920932
3333.56701336	1063.27515661
3332.63370169	1094.2611039
3331.70039002	1125.24705118
3330.76707836	1156.23299847
3329.83376669	1187.21894576
3328.90045503	1218.20489305
3327.96714336	1249.19084034
3327.0338317	1280.17678762
3326.10052003	1311.16273491
3325.16720837	1342.1486822
3324.2338967	1373.13462949
3323.30058504	1404.12057678
3322.36727337	1435.10652406
3321.43396171	1466.09247135
3320.50065004	1497.07841864
3319.56733838	1528.06436593
3318.63402671	1559.05031322
3317.70071505	1590.0362605
3316.76740338	1621.02220779
3315.83409171	1652.00815508
3314.90078005	1682.99410237
3313.96746838	1713.98004966
3313.03415672	1744.96599694
3312.10084505	1775.95194423
3311.16753339	1806.93789152
3310.23422172	1837.92383881
3309.30091006	1868.9097861
3308.36759839	1899.89573338
3307.43428673	1930.88168067
#helix: (3699.5, 4032.5),(3915.5, 909.5),310
3710.19491102	3877.86941157
3712.33389322	3846.94329388
3714.47287542	3816.0171762
3716.61185762	3785.09105851
3718.75083983	3754.16494083
3720.88982203	3723.23882314
3723.02880423	3692.31270545
3725.16778644	3661.38658777
3727.30676864	3630.46047008
3729.44575084	3599.53435239
3731.58473305	3568.60823471
3733.72371525	3537.68211702
3735.86269745	3506.75599934
3738.00167966	3475.82988165
3740.14066186	3444.90376396
3742.27964406	3413.97764628
3744.41862626	3383.05152859
3746.55760847	3352.12541091
3748.69659067	3321.19929322
3750.83557287	3290.27317553
3752.97455508	3259.34705785
3755.11353728	3228.42094016
3757.25251948	3197.49482248
3759.39150169	3166.56870479
3761.53048389	3135.6425871
3763.66946609	3104.71646942
3765.8084483	3073.79035173
3767.9474305	3042.86423404
3770.0864127	3011.93811636
3772.2253949	2981.01199867
3774.36437711	2950.08588099
3776.50335931	2919.1597633
3778.64234151	2888.23364561
3780.78132372	2857.30752793
3782.92030592	2826.38141024
3785.05928812	2795.45529256
3787.19827033	2764.52917487
3789.33725253	2733.60305718
3791.47623473	2702.6769395
3793.61521694	2671.75082181
3795.75419914	2640.82470413
3797.89318134	2609.89858644
3800.03216354	2578.97246875
3802.17114575	2548.04635107
3804.31012795	2517.12023338
3806.44911015	2486.19411569
3808.58809236	2455.26799801
3810.72707456	2424.34188032
3812.86605676	2393.41576264
3815.00503897	2362.48964495
3817.14402117	2331.56352726
3819.28300337	2300.63740958
3821.42198558	2269.71129189
3823.56096778	2238.78517421
3825.69994998	2207.85905652
3827.83893218	2176.93293883
3829.97791439	2146.00682115
3832.11689659	2115.08070346
3834.25587879	2084.15458578
3836.394861	2053.22846809
3838.5338432	2022.3023504
3840.6728254	1991.37623272
3842.81180761	1960.45011503
3844.95078981	1929.52399734
3847.08977201	1898.59787966
3849.22875422	1867.67176197
3851.36773642	1836.74564429
3853.50671862	1805.8195266
3855.64570082	1774.89340891
3857.78468303	1743.96729123
3859.92366523	1713.04117354
3862.06264743	1682.11505586
3864.20162964	1651.18893817
3866.34061184	1620.26282048
3868.47959404	1589.3367028
3870.61857625	1558.41058511
3872.75755845	1527.48446743
3874.89654065	1496.55834974
3877.03552286	1465.63223205
3879.17450506	1434.70611437
3881.31348726	1403.77999668
3883.45246946	1372.85387899
3885.59145167	1341.92776131
3887.73043387	1311.00164362
3889.86941607	1280.07552594
3892.00839828	1249.14940825
3894.14738048	1218.22329056
3896.28636268	1187.29717288
3898.42534489	1156.37105519
3900.56432709	1125.44493751
3902.70330929	1094.51881982
3904.8422915	1063.59270213
#helix: (4356.5, 441.4999999999999),(4203.5, 3978.5),310
4349.80142954	596.355187688
4348.46171545	627.326225225
4347.12200136	658.297262763
4345.78228726	689.2683003
4344.44257317	720.239337838
4343.10285908	751.210375375
4341.76314499	782.181412913
4340.4234309	813.152450451
4339.0837168	844.123487988
4337.74400271	875.094525526
4336.40428862	906.065563063
4335.06457453	937.036600601
4333.72486044	968.007638138
4332.38514634	998.978675676
4331.04543225	1029.94971321
4329.70571816	1060.92075075
4328.36600407	1091.89178829
4327.02628998	1122.86282583
4325.68657589	1153.83386336
4324.34686179	1184.8049009
4323.0071477	1215.77593844
4321.66743361	1246.74697598
4320.32771952	1277.71801351
4318.98800543	1308.68905105
4317.64829133	1339.66008859
4316.30857724	1370.63112613
4314.96886315	1401.60216366
4313.62914906	1432.5732012
4312.28943497	1463.54423874
4310.94972087	1494.51527628
4309.61000678	1525.48631381
4308.27029269	1556.45735135
4306.9305786	1587.42838889
4305.59086451	1618.39942643
4304.25115041	1649.37046396
4302.91143632	1680.3415015
4301.57172223	1711.31253904
4300.23200814	1742.28357658
4298.89229405	1773.25461411
4297.55257995	1804.22565165
4296.21286586	1835.19668919
4294.87315177	1866.16772673
4293.53343768	1897.13876426
4292.19372359	1928.1098018
4290.85400949	1959.08083934
4289.5142954	1990.05187688
4288.17458131	2021.02291441
4286.83486722	2051.99395195
4285.49515313	2082.96498949
4284.15543903	2113.93602703
4282.81572494	2144.90706456
4281.47601085	2175.8781021
4280.13629676	2206.84913964
4278.79658267	2237.82017718
4277.45686857	2268.79121471
4276.11715448	2299.76225225
4274.77744039	2330.73328979
4273.4377263	2361.70432733
4272.09801221	2392.67536487
4270.75829811	2423.6464024
4269.41858402	2454.61743994
4268.07886993	2485.58847748
4266.73915584	2516.55951502
4265.39944175	2547.53055255
4264.05972766	2578.50159009
4262.72001356	2609.47262763
4261.38029947	2640.44366517
4260.04058538	2671.4147027
4258.70087129	2702.38574024
4257.3611572	2733.35677778
4256.0214431	2764.32781532
4254.68172901	2795.29885285
4253.34201492	2826.26989039
4252.00230083	2857.24092793
4250.66258674	2888.21196547
4249.32287264	2919.183003
4247.98315855	2950.15404054
4246.64344446	2981.12507808
4245.30373037	3012.09611562
4243.96401628	3043.06715315
4242.62430218	3074.03819069
4241.28458809	3105.00922823
4239.944874	3135.98026577
4238.60515991	3166.9513033
4237.26544582	3197.92234084
4235.92573172	3228.89337838
4234.58601763	3259.86441592
4233.24630354	3290.83545345
4231.90658945	3321.80649099
4230.56687536	3352.77752853
4229.22716126	3383.74856607
4227.88744717	3414.7196036
4226.54773308	3445.69064114
4225.20801899	3476.66167868
4223.8683049	3507.63271622
4222.5285908	3538.60375375
4221.18887671	3569.57479129
4219.84916262	3600.54582883
4218.50944853	3631.51686637
4217.16973444	3662.4879039
4215.83002034	3693.45894144
4214.49030625	3724.42997898
4213.15059216	3755.40101652
4211.81087807	3786.37205405
4210.47116398	3817.34309159
4209.13144988	3848.31412913
#helix: (2142.5, 729.4999999999999),(1107.5, 2745.5),310
2071.70843971	867.389647876
2057.55012765	894.967577451
2043.39181559	922.545507026
2029.23350353	950.123436601
2015.07519147	977.701366176
2000.91687941	1005.27929575
1986.75856735	1032.85722533
1972.6002553	1060.4351549
1958.44194324	1088.01308448
1944.28363118	1115.59101405
1930.12531912	1143.16894363
1915.96700706	1170.7468732
1901.808695	1198.32480278
1887.65038294	1225.90273235
1873.49207089	1253.48066193
1859.33375883	1281.0585915
1845.17544677	1308.63652108
1831.01713471	1336.21445065
1816.85882265	1363.79238023
1802.70051059	1391.3703098
1788.54219853	1418.94823938
1774.38388648	1446.52616895
1760.22557442	1474.10409853
1746.06726236	1501.6820281
1731.9089503	1529.25995768
1717.75063824	1556.83788725
1703.59232618	1584.41581683
1689.43401412	1611.9937464
1675.27570206	1639.57167598
1661.11739001	1667.14960555
1646.95907795	1694.72753513
1632.80076589	1722.3054647
1618.64245383	1749.88339428
1604.48414177	1777.46132385
1590.32582971	1805.03925343
1576.16751765	1832.617183
1562.0092056	1860.19511258
1547.85089354	1887.77304215
1533.69258148	1915.35097173
1519.53426942	1942.9289013
1505.37595736	1970.50683088
1491.2176453	1998.08476046
1477.05933324	2025.66269003
1462.90102118	2053.24061961
1448.74270913	2080.81854918
1434.58439707	2108.39647876
1420.42608501	2135.97440833
1406.26777295	2163.55233791
1392.10946089	2191.13026748
1377.95114883	2218.70819706
1363.79283677	2246.28612663
1349.63452472	2273.86405621
1335.47621266	2301.44198578
1321.3179006	2329.01991536
1307.15958854	2356.59784493
1293.00127648	2384.17577451
1278.84296442	2411.75370408
1264.68465236	2439.33163366
1250.5263403	2466.90956323
1236.36802825	2494.48749281
1222.20971619	2522.06542238
1208.05140413	2549.64335196
1193.89309207	2577.22128153
1179.73478001	2604.79921111
1165.57646795	2632.37714068
#helix: (2862.5, 1386.5),(2862.5, 1809.5),310
2862.5	1541.5
2862.5	1572.5
2862.5	1603.5
2862.5	1634.5
2862.5	1665.5
#helix: (72.5, 3393.5),(1449.5, 1170.5),310
154.121693171	3261.73164567
170.446031805	3235.3779748
186.770370439	3209.02430393
203.094709073	3182.67063307
219.419047707	3156.3169622
235.743386341	3129.96329133
252.067724975	3103.60962046
268.392063609	3077.2559496
284.716402244	3050.90227873
301.040740878	3024.54860786
317.365079512	2998.194937
333.689418146	2971.84126613
350.01375678	2945.48759526
366.338095414	2919.1339244
382.662434048	2892.78025353
398.986772682	2866.42658266
415.311111317	2840.0729118
431.635449951	2813.71924093
447.959788585	2787.36557006
464.284127219	2761.0118992
480.608465853	2734.65822833
496.932804487	2708.30455746
513.257143121	2681.95088659
529.581481755	2655.59721573
545.90582039	2629.24354486
562.230159024	2602.88987399
578.554497658	2576.53620313
594.878836292	2550.18253226
611.203174926	2523.82886139
627.52751356	2497.47519053
643.851852194	2471.12151966
660.176190828	2444.76784879
676.500529463	2418.41417793
692.824868097	2392.06050706
709.149206731	2365.70683619
725.473545365	2339.35316533
741.797883999	2312.99949446
758.122222633	2286.64582359
774.446561267	2260.29215273
790.770899901	2233.93848186
807.095238536	2207.58481099
823.41957717	2181.23114012
839.743915804	2154.87746926
856.068254438	2128.52379839
872.392593072	2102.17012752
888.716931706	2075.81645666
905.04127034	2049.46278579
921.365608974	2023.10911492
937.689947609	1996.75544406
954.014286243	1970.40177319
970.338624877	1944.04810232
986.662963511	1917.69443146
1002.98730215	1891.34076059
1019.31164078	1864.98708972
1035.63597941	1838.63341886
1051.96031805	1812.27974799
1068.28465668	1785.92607712
1084.60899532	1759.57240626
1100.93333395	1733.21873539
1117.25767258	1706.86506452
1133.58201122	1680.51139365
1149.90634985	1654.15772279
1166.23068849	1627.80405192
1182.55502712	1601.45038105
1198.87936575	1575.09671019
1215.20370439	1548.74303932
1231.52804302	1522.38936845
1247.85238166	1496.03569759
1264.17672029	1469.68202672
1280.50105893	1443.32835585
1296.82539756	1416.97468499
1313.14973619	1390.62101412
1329.47407483	1364.26734325
1345.79841346	1337.91367239
1362.1227521	1311.56000152
1378.44709073	1285.20633065
#helix: (3825.5, 81.49999999999989),(3915.5, 891.4999999999999),310
3842.61688654	235.551978874
3846.04026385	266.362374649
3849.46364116	297.172770424
3852.88701847	327.983166199
3856.31039577	358.793561974
3859.73377308	389.603957749
3863.15715039	420.414353524
3866.5805277	451.224749299
3870.00390501	482.035145073
3873.42728232	512.845540848
3876.85065962	543.655936623
3880.27403693	574.466332398
3883.69741424	605.276728173
3887.12079155	636.087123948
3890.54416886	666.897519723
3893.96754617	697.707915498
3897.39092347	728.518311273
3900.81430078	759.328707047
#helix: (2700.5, 3726.5),(2736.5, 4077.5),310
2716.31447415	3880.69112298
2719.47736898	3911.52934758
2722.64026381	3942.36757218
#helix: (2583.5, 2385.5),(5643.5, 4050.5),310
2719.65025906	2459.58175861
2746.88031087	2474.39811033
2774.11036268	2489.21446205
2801.34041449	2504.03081377
2828.57046631	2518.84716549
2855.80051812	2533.66351721
2883.03056993	2548.47986893
2910.26062174	2563.29622065
2937.49067355	2578.11257237
2964.72072537	2592.9289241
2991.95077718	2607.74527582
3019.18082899	2622.56162754
3046.4108808	2637.37797926
3073.64093261	2652.19433098
3100.87098442	2667.0106827
3128.10103624	2681.82703442
3155.33108805	2696.64338614
3182.56113986	2711.45973787
3209.79119167	2726.27608959
3237.02124348	2741.09244131
3264.2512953	2755.90879303
3291.48134711	2770.72514475
3318.71139892	2785.54149647
3345.94145073	2800.35784819
3373.17150254	2815.17419991
3400.40155436	2829.99055163
3427.63160617	2844.80690336
3454.86165798	2859.62325508
3482.09170979	2874.4396068
3509.3217616	2889.25595852
3536.55181341	2904.07231024
3563.78186523	2918.88866196
3591.01191704	2933.70501368
3618.24196885	2948.5213654
3645.47202066	2963.33771712
3672.70207247	2978.15406885
3699.93212429	2992.97042057
3727.1621761	3007.78677229
3754.39222791	3022.60312401
3781.62227972	3037.41947573
3808.85233153	3052.23582745
3836.08238334	3067.05217917
3863.31243516	3081.86853089
3890.54248697	3096.68488262
3917.77253878	3111.50123434
3945.00259059	3126.31758606
3972.2326424	3141.13393778
3999.46269422	3155.9502895
4026.69274603	3170.76664122
4053.92279784	3185.58299294
4081.15284965	3200.39934466
4108.38290146	3215.21569638
4135.61295327	3230.03204811
4162.84300509	3244.84839983
4190.0730569	3259.66475155
4217.30310871	3274.48110327
4244.53316052	3289.29745499
4271.76321233	3304.11380671
4298.99326415	3318.93015843
4326.22331596	3333.74651015
4353.45336777	3348.56286187
4380.68341958	3363.3792136
4407.91347139	3378.19556532
4435.1435232	3393.01191704
4462.37357502	3407.82826876
4489.60362683	3422.64462048
4516.83367864	3437.4609722
4544.06373045	3452.27732392
4571.29378226	3467.09367564
4598.52383408	3481.91002736
4625.75388589	3496.72637909
4652.9839377	3511.54273081
4680.21398951	3526.35908253
4707.44404132	3541.17543425
4734.67409314	3555.99178597
4761.90414495	3570.80813769
4789.13419676	3585.62448941
4816.36424857	3600.44084113
4843.59430038	3615.25719286
4870.82435219	3630.07354458
4898.05440401	3644.8898963
4925.28445582	3659.70624802
4952.51450763	3674.52259974
4979.74455944	3689.33895146
5006.97461125	3704.15530318
5034.20466307	3718.9716549
5061.43471488	3733.78800662
5088.66476669	3748.60435835
5115.8948185	3763.42071007
5143.12487031	3778.23706179
5170.35492212	3793.05341351
5197.58497394	3807.86976523
5224.81502575	3822.68611695
5252.04507756	3837.50246867
5279.27512937	3852.31882039
5306.50518118	3867.13517211
5333.735233	3881.95152384
5360.96528481	3896.76787556
5388.19533662	3911.58422728
5415.42538843	3926.400579
5442.65544024	3941.21693072
5469.88549205	3956.03328244
5497.11554387	3970.84963416
5524.34559568	3985.66598588
#helix: (3213.5, 4077.5),(3294.5, 2025.5),310
3219.61365984	3922.62061737
3220.83639181	3891.64474085
3222.05912378	3860.66886432
3223.28185574	3829.69298779
3224.50458771	3798.71711127
3225.72731968	3767.74123474
3226.95005165	3736.76535822
3228.17278362	3705.78948169
3229.39551559	3674.81360517
3230.61824755	3643.83772864
3231.84097952	3612.86185211
3233.06371149	3581.88597559
3234.28644346	3550.91009906
3235.50917543	3519.93422254
3236.73190739	3488.95834601
3237.95463936	3457.98246949
3239.17737133	3427.00659296
3240.4001033	3396.03071644
3241.62283527	3365.05483991
3242.84556723	3334.07896338
3244.0682992	3303.10308686
3245.29103117	3272.12721033
3246.51376314	3241.15133381
3247.73649511	3210.17545728
3248.95922708	3179.19958076
3250.18195904	3148.22370423
3251.40469101	3117.2478277
3252.62742298	3086.27195118
3253.85015495	3055.29607465
3255.07288692	3024.32019813
3256.29561888	2993.3443216
3257.51835085	2962.36844508
3258.74108282	2931.39256855
3259.96381479	2900.41669202
3261.18654676	2869.4408155
3262.40927872	2838.46493897
3263.63201069	2807.48906245
3264.85474266	2776.51318592
3266.07747463	2745.5373094
3267.3002066	2714.56143287
3268.52293857	2683.58555634
3269.74567053	2652.60967982
3270.9684025	2621.63380329
3272.19113447	2590.65792677
3273.41386644	2559.68205024
3274.63659841	2528.70617372
3275.85933037	2497.73029719
3277.08206234	2466.75442066
3278.30479431	2435.77854414
3279.52752628	2404.80266761
3280.75025825	2373.82679109
3281.97299021	2342.85091456
3283.19572218	2311.87503804
3284.41845415	2280.89916151
3285.64118612	2249.92328498
3286.86391809	2218.94740846
3288.08665006	2187.97153193
3289.30938202	2156.99565541
#helix: (2097.5, 54.499999999999886),(1251.5, 1521.5),310
2020.06679195	188.772477788
2004.58015034	215.626973345
1989.09350873	242.481468903
1973.60686712	269.33596446
1958.12022551	296.190460018
1942.6335839	323.044955575
1927.14694229	349.899451133
1911.66030068	376.75394669
1896.17365907	403.608442248
1880.68701746	430.462937805
1865.20037585	457.317433363
1849.71373424	484.17192892
1834.22709263	511.026424478
1818.74045102	537.880920035
1803.25380941	564.735415593
1787.7671678	591.58991115
1772.28052619	618.444406708
1756.79388458	645.298902265
1741.30724297	672.153397823
1725.82060136	699.00789338
1710.33395975	725.862388938
1694.84731814	752.716884495
1679.36067653	779.571380053
1663.87403492	806.42587561
1648.38739331	833.280371168
1632.9007517	860.134866725
1617.41411009	886.989362283
1601.92746848	913.84385784
1586.44082687	940.698353398
1570.95418527	967.552848955
1555.46754366	994.407344513
1539.98090205	1021.26184007
1524.49426044	1048.11633563
1509.00761883	1074.97083119
1493.52097722	1101.82532674
1478.03433561	1128.6798223
1462.547694	1155.53431786
1447.06105239	1182.38881342
1431.57441078	1209.24330897
1416.08776917	1236.09780453
1400.60112756	1262.95230009
1385.11448595	1289.80679565
1369.62784434	1316.6612912
1354.14120273	1343.51578676
1338.65456112	1370.37028232
1323.16791951	1397.22477788
#helix: (1215.5, 4005.5),(3492.5, 27.5),310
1292.49984248	3870.97853607
1307.89981097	3844.07424328
1323.29977947	3817.16995049
1338.69974796	3790.26565771
1354.09971646	3763.36136492
1369.49968495	3736.45707214
1384.89965345	3709.55277935
1400.29962195	3682.64848656
1415.69959044	3655.74419378
1431.09955894	3628.83990099
1446.49952743	3601.9356082
1461.89949593	3575.03131542
1477.29946442	3548.12702263
1492.69943292	3521.22272984
1508.09940141	3494.31843706
1523.49936991	3467.41414427
1538.8993384	3440.50985148
1554.2993069	3413.6055587
1569.69927539	3386.70126591
1585.09924389	3359.79697312
1600.49921239	3332.89268034
1615.89918088	3305.98838755
1631.29914938	3279.08409477
1646.69911787	3252.17980198
1662.09908637	3225.27550919
1677.49905486	3198.37121641
1692.89902336	3171.46692362
1708.29899185	3144.56263083
1723.69896035	3117.65833805
1739.09892884	3090.75404526
1754.49889734	3063.84975247
1769.89886584	3036.94545969
1785.29883433	3010.0411669
1800.69880283	2983.13687411
1816.09877132	2956.23258133
1831.49873982	2929.32828854
1846.89870831	2902.42399575
1862.29867681	2875.51970297
1877.6986453	2848.61541018
1893.0986138	2821.7111174
1908.49858229	2794.80682461
1923.89855079	2767.90253182
1939.29851928	2740.99823904
1954.69848778	2714.09394625
1970.09845628	2687.18965346
1985.49842477	2660.28536068
2000.89839327	2633.38106789
2016.29836176	2606.4767751
2031.69833026	2579.57248232
2047.09829875	2552.66818953
2062.49826725	2525.76389674
2077.89823574	2498.85960396
2093.29820424	2471.95531117
2108.69817273	2445.05101838
2124.09814123	2418.1467256
2139.49810973	2391.24243281
2154.89807822	2364.33814003
2170.29804672	2337.43384724
2185.69801521	2310.52955445
2201.09798371	2283.62526167
2216.4979522	2256.72096888
2231.8979207	2229.81667609
2247.29788919	2202.91238331
2262.69785769	2176.00809052
2278.09782618	2149.10379773
2293.49779468	2122.19950495
2308.89776317	2095.29521216
2324.29773167	2068.39091937
2339.69770017	2041.48662659
2355.09766866	2014.5823338
2370.49763716	1987.67804101
2385.89760565	1960.77374823
2401.29757415	1933.86945544
2416.69754264	1906.96516266
2432.09751114	1880.06086987
2447.49747963	1853.15657708
2462.89744813	1826.2522843
2478.29741662	1799.34799151
2493.69738512	1772.44369872
2509.09735362	1745.53940594
2524.49732211	1718.63511315
2539.89729061	1691.73082036
2555.2972591	1664.82652758
2570.6972276	1637.92223479
2586.09719609	1611.017942
2601.49716459	1584.11364922
2616.89713308	1557.20935643
2632.29710158	1530.30506364
2647.69707007	1503.40077086
2663.09703857	1476.49647807
2678.49700707	1449.59218529
2693.89697556	1422.6878925
2709.29694406	1395.78359971
2724.69691255	1368.87930693
2740.09688105	1341.97501414
2755.49684954	1315.07072135
2770.89681804	1288.16642857
2786.29678653	1261.26213578
2801.69675503	1234.35784299
2817.09672352	1207.45355021
2832.49669202	1180.54925742
2847.89666051	1153.64496463
2863.29662901	1126.74067185
2878.69659751	1099.83637906
2894.096566	1072.93208627
2909.4965345	1046.02779349
2924.89650299	1019.1235007
2940.29647149	992.219207916
2955.69643998	965.314915129
2971.09640848	938.410622343
2986.49637697	911.506329556
3001.89634547	884.60203677
3017.29631396	857.697743983
3032.69628246	830.793451197
3048.09625096	803.88915841
3063.49621945	776.984865624
3078.89618795	750.080572837
3094.29615644	723.176280051
3109.69612494	696.271987264
3125.09609343	669.367694478
3140.49606193	642.463401691
3155.89603042	615.559108905
3171.29599892	588.654816119
3186.69596741	561.750523332
3202.09593591	534.846230546
3217.4959044	507.941937759
3232.8958729	481.037644973
3248.2958414	454.133352186
3263.69580989	427.2290594
3279.09577839	400.324766613
3294.49574688	373.420473827
3309.89571538	346.51618104
3325.29568387	319.611888254
3340.69565237	292.707595467
3356.09562086	265.803302681
3371.49558936	238.899009894
3386.89555785	211.994717108
3402.29552635	185.090424321
3417.69549485	158.186131535
#helix: (36.5, 1152.5),(2565.5, 2394.5),310
175.62779481	1220.82610564
203.453353772	1234.49132676
231.278912734	1248.15654789
259.104471696	1261.82176902
286.930030657	1275.48699014
314.755589619	1289.15221127
342.581148581	1302.8174324
370.406707543	1316.48265353
398.232266505	1330.14787465
426.057825467	1343.81309578
453.883384429	1357.47831691
481.708943391	1371.14353804
509.534502353	1384.80875916
537.360061315	1398.47398029
565.185620277	1412.13920142
593.011179239	1425.80442254
620.836738201	1439.46964367
648.662297163	1453.1348648
676.487856125	1466.80008593
704.313415087	1480.46530705
732.138974048	1494.13052818
759.96453301	1507.79574931
787.790091972	1521.46097043
815.615650934	1535.12619156
843.441209896	1548.79141269
871.266768858	1562.45663382
899.09232782	1576.12185494
926.917886782	1589.78707607
954.743445744	1603.4522972
982.569004706	1617.11751833
1010.39456367	1630.78273945
1038.22012263	1644.44796058
1066.04568159	1658.11318171
1093.87124055	1671.77840283
1121.69679952	1685.44362396
1149.52235848	1699.10884509
1177.34791744	1712.77406622
1205.1734764	1726.43928734
1232.99903536	1740.10450847
1260.82459433	1753.7697296
1288.65015329	1767.43495072
1316.47571225	1781.10017185
1344.30127121	1794.76539298
1372.12683017	1808.43061411
1399.95238913	1822.09583523
1427.7779481	1835.76105636
1455.60350706	1849.42627749
1483.42906602	1863.09149862
1511.25462498	1876.75671974
1539.08018394	1890.42194087
1566.90574291	1904.087162
1594.73130187	1917.75238312
1622.55686083	1931.41760425
1650.38241979	1945.08282538
1678.20797875	1958.74804651
1706.03353772	1972.41326763
1733.85909668	1986.07848876
1761.68465564	1999.74370989
1789.5102146	2013.40893101
1817.33577356	2027.07415214
1845.16133253	2040.73937327
1872.98689149	2054.4045944
1900.81245045	2068.06981552
1928.63800941	2081.73503665
1956.46356837	2095.40025778
1984.28912734	2109.06547891
2012.1146863	2122.73070003
2039.94024526	2136.39592116
2067.76580422	2150.06114229
2095.59136318	2163.72636341
2123.41692215	2177.39158454
2151.24248111	2191.05680567
2179.06804007	2204.7220268
2206.89359903	2218.38724792
2234.71915799	2232.05246905
2262.54471696	2245.71769018
2290.37027592	2259.3829113
2318.19583488	2273.04813243
2346.02139384	2286.71335356
2373.8469528	2300.37857469
2401.67251176	2314.04379581
2429.49807073	2327.70901694
