#micrograph: ../Source/micrographs/Microtubules_00077.mrc
#particle length: 300
#particle width: 300
#helix: (4680.5, 90.49999999999989),(5229.5, 1665.5),300
4729.87226044	232.141730781
4739.74671253	260.470076937
4749.62116462	288.798423094
4759.49561671	317.12676925
4769.3700688	345.455115406
4779.24452089	373.783461562
4789.11897298	402.111807719
4798.99342506	430.440153875
4808.86787715	458.768500031
4818.74232924	487.096846187
4828.61678133	515.425192343
4838.49123342	543.7535385
4848.36568551	572.081884656
4858.2401376	600.410230812
4868.11458969	628.738576968
4877.98904177	657.066923125
4887.86349386	685.395269281
4897.73794595	713.723615437
4907.61239804	742.051961593
4917.48685013	770.380307749
4927.36130222	798.708653906
4937.23575431	827.037000062
4947.1102064	855.365346218
4956.98465848	883.693692374
4966.85911057	912.022038531
4976.73356266	940.350384687
4986.60801475	968.678730843
4996.48246684	997.007076999
5006.35691893	1025.33542316
5016.23137102	1053.66376931
5026.10582311	1081.99211547
5035.98027519	1110.32046162
5045.85472728	1138.64880778
5055.72917937	1166.97715394
5065.60363146	1195.30550009
5075.47808355	1223.63384625
5085.35253564	1251.96219241
5095.22698773	1280.29053856
5105.10143982	1308.61888472
5114.9758919	1336.94723087
5124.85034399	1365.27557703
5134.72479608	1393.60392319
5144.59924817	1421.93226934
5154.47370026	1450.2606155
5164.34815235	1478.58896166
5174.22260444	1506.91730781
5184.09705653	1535.24565397
#helix: (396.50000000000006, 2196.5),(1089.5, 2925.5),300
499.847687907	2305.21639897
520.517225488	2326.95967876
541.186763069	2348.70295855
561.856300651	2370.44623835
582.525838232	2392.18951814
603.195375814	2413.93279793
623.864913395	2435.67607773
644.534450976	2457.41935752
665.203988558	2479.16263731
685.873526139	2500.90591711
706.54306372	2522.6491969
727.212601302	2544.39247669
747.882138883	2566.13575649
768.551676464	2587.87903628
789.221214046	2609.62231607
809.890751627	2631.36559587
830.560289208	2653.10887566
851.22982679	2674.85215545
871.899364371	2696.59543525
892.568901953	2718.33871504
913.238439534	2740.08199483
933.907977115	2761.82527463
954.577514697	2783.56855442
975.247052278	2805.31183421
995.916589859	2827.05511401
#helix: (270.50000000000006, 2466.5),(837.5, 3060.5),300
374.071362002	2575.00333162
394.785634403	2596.70399795
415.499906803	2618.40466427
436.214179204	2640.10533059
456.928451604	2661.80599692
477.642724005	2683.50666324
498.356996405	2705.20732957
519.071268806	2726.90799589
539.785541206	2748.60866222
560.499813607	2770.30932854
581.214086007	2792.00999486
601.928358408	2813.71066119
622.642630808	2835.41132751
643.356903209	2857.11199384
664.071175609	2878.81266016
684.78544801	2900.51332649
705.49972041	2922.21399281
726.21399281	2943.91465913
746.928265211	2965.61532546
#helix: (5697.5, 2826.5),(5238.5, 1674.5),300
5641.97914641	2687.15354394
5630.8749757	2659.28425273
5619.77080498	2631.41496151
5608.66663426	2603.5456703
5597.56246354	2575.67637909
5586.45829283	2547.80708788
5575.35412211	2519.93779666
5564.24995139	2492.06850545
5553.14578067	2464.19921424
5542.04160996	2436.32992303
5530.93743924	2408.46063181
5519.83326852	2380.5913406
5508.7290978	2352.72204939
5497.62492709	2324.85275818
5486.52075637	2296.98346697
5475.41658565	2269.11417575
5464.31241493	2241.24488454
5453.20824422	2213.37559333
5442.1040735	2185.50630212
5430.99990278	2157.6370109
5419.89573206	2129.76771969
5408.79156135	2101.89842848
5397.68739063	2074.02913727
5386.58321991	2046.15984605
5375.47904919	2018.29055484
5364.37487848	1990.42126363
5353.27070776	1962.55197242
5342.16653704	1934.6826812
5331.06236633	1906.81338999
5319.95819561	1878.94409878
5308.85402489	1851.07480757
5297.74985417	1823.20551636
5286.64568346	1795.33622514
#helix: (5175.5, 162.4999999999999),(5661.5, 1485.5),300
5227.2226194	303.300463928
5237.56714328	331.460556713
5247.91166716	359.620649499
5258.25619104	387.780742284
5268.60071492	415.94083507
5278.9452388	444.100927855
5289.28976268	472.261020641
5299.63428656	500.421113426
5309.97881045	528.581206212
5320.32333433	556.741298997
5330.66785821	584.901391783
5341.01238209	613.061484568
5351.35690597	641.221577354
5361.70142985	669.381670139
5372.04595373	697.541762925
5382.39047761	725.70185571
5392.73500149	753.861948496
5403.07952537	782.022041281
5413.42404925	810.182134067
5423.76857313	838.342226852
5434.11309701	866.502319638
5444.45762089	894.662412423
5454.80214477	922.822505209
5465.14666865	950.982597994
5475.49119253	979.14269078
5485.83571641	1007.30278357
5496.18024029	1035.46287635
5506.52476417	1063.62296914
5516.86928805	1091.78306192
5527.21381193	1119.94315471
5537.55833581	1148.10324749
5547.90285969	1176.26334028
5558.24738357	1204.42343306
5568.59190745	1232.58352585
5578.93643134	1260.74361863
5589.28095522	1288.90371142
5599.6254791	1317.06380421
5609.97000298	1345.22389699
#helix: (1854.5, 3960.5),(1107.5, 2934.5),300
1766.21100896	3839.23560267
1748.55321075	3814.9827232
1730.89541254	3790.72984373
1713.23761433	3766.47696427
1695.57981613	3742.2240848
1677.92201792	3717.97120533
1660.26421971	3693.71832586
1642.6064215	3669.4654464
1624.94862329	3645.21256693
1607.29082508	3620.95968746
1589.63302688	3596.706808
1571.97522867	3572.45392853
1554.31743046	3548.20104906
1536.65963225	3523.9481696
1519.00183404	3499.69529013
1501.34403583	3475.44241066
1483.68623763	3451.1895312
1466.02843942	3426.93665173
1448.37064121	3402.68377226
1430.712843	3378.4308928
1413.05504479	3354.17801333
1395.39724658	3329.92513386
1377.73944838	3305.67225439
1360.08165017	3281.41937493
1342.42385196	3257.16649546
1324.76605375	3232.91361599
1307.10825554	3208.66073653
1289.45045733	3184.40785706
1271.79265913	3160.15497759
1254.13486092	3135.90209813
1236.47706271	3111.64921866
1218.8192645	3087.39633919
1201.16146629	3063.14345973
1183.50366808	3038.89058026
#helix: (1530.5, 4050.5),(900.5000000000001, 3123.5),300
1446.18644504	3926.43862628
1429.32373405	3901.62635153
1412.46102306	3876.81407679
1395.59831207	3852.00180204
1378.73560108	3827.1895273
1361.87289008	3802.37725255
1345.01017909	3777.56497781
1328.1474681	3752.75270306
1311.28475711	3727.94042832
1294.42204612	3703.12815357
1277.55933513	3678.31587883
1260.69662413	3653.50360408
1243.83391314	3628.69132934
1226.97120215	3603.87905459
1210.10849116	3579.06677985
1193.24578017	3554.2545051
1176.38306918	3529.44223036
1159.52035818	3504.62995561
1142.65764719	3479.81768087
1125.7949362	3455.00540612
1108.93222521	3430.19313138
1092.06951422	3405.38085663
1075.20680323	3380.56858189
1058.34409223	3355.75630714
1041.48138124	3330.9440324
1024.61867025	3306.13175766
1007.75595926	3281.31948291
990.893248268	3256.50720817
974.030537276	3231.69493342
