#micrograph: ../Source/micrographs/Microtubules_00066.mrc
#particle length: 310
#particle width: 310
#helix: (5688.5, 2430.5),(3888.5, 3321.5),310
5549.58707307	2499.26189883
5521.80448768	2513.0142786
5494.02190229	2526.76665836
5466.23931691	2540.51903813
5438.45673152	2554.2714179
5410.67414613	2568.02379766
5382.89156075	2581.77617743
5355.10897536	2595.5285572
5327.32638997	2609.28093696
5299.54380459	2623.03331673
5271.7612192	2636.7856965
5243.97863381	2650.53807626
5216.19604843	2664.29045603
5188.41346304	2678.04283579
5160.63087766	2691.79521556
5132.84829227	2705.54759533
5105.06570688	2719.29997509
5077.2831215	2733.05235486
5049.50053611	2746.80473463
5021.71795072	2760.55711439
4993.93536534	2774.30949416
4966.15277995	2788.06187393
4938.37019456	2801.81425369
4910.58760918	2815.56663346
4882.80502379	2829.31901322
4855.0224384	2843.07139299
4827.23985302	2856.82377276
4799.45726763	2870.57615252
4771.67468224	2884.32853229
4743.89209686	2898.08091206
4716.10951147	2911.83329182
4688.32692608	2925.58567159
4660.5443407	2939.33805136
4632.76175531	2953.09043112
4604.97916992	2966.84281089
4577.19658454	2980.59519065
4549.41399915	2994.34757042
4521.63141376	3008.09995019
4493.84882838	3021.85232995
4466.06624299	3035.60470972
4438.2836576	3049.35708949
4410.50107222	3063.10946925
4382.71848683	3076.86184902
4354.93590144	3090.61422878
4327.15331606	3104.36660855
4299.37073067	3118.11898832
4271.58814528	3131.87136808
4243.8055599	3145.62374785
4216.02297451	3159.37612762
4188.24038913	3173.12850738
4160.45780374	3186.88088715
4132.67521835	3200.63326692
4104.89263297	3214.38564668
4077.11004758	3228.13802645
4049.32746219	3241.89040621
4021.54487681	3255.64278598
#helix: (2700.5, 3996.5),(3942.5, 3312.5),310
2836.27190013	3921.7270695
2863.42628015	3906.7724834
2890.58066018	3891.81789729
2917.7350402	3876.86331119
2944.88942023	3861.90872509
2972.04380025	3846.95413899
2999.19818028	3831.99955289
3026.3525603	3817.04496679
3053.50694033	3802.09038069
3080.66132035	3787.13579459
3107.81570038	3772.18120849
3134.9700804	3757.22662239
3162.12446043	3742.27203629
3189.27884045	3727.31745019
3216.43322048	3712.36286408
3243.5876005	3697.40827798
3270.74198053	3682.45369188
3297.89636055	3667.49910578
3325.05074058	3652.54451968
3352.2051206	3637.58993358
3379.35950063	3622.63534748
3406.51388066	3607.68076138
3433.66826068	3592.72617528
3460.82264071	3577.77158918
3487.97702073	3562.81700308
3515.13140076	3547.86241698
3542.28578078	3532.90783087
3569.44016081	3517.95324477
3596.59454083	3502.99865867
3623.74892086	3488.04407257
3650.90330088	3473.08948647
3678.05768091	3458.13490037
3705.21206093	3443.18031427
3732.36644096	3428.22572817
3759.52082098	3413.27114207
3786.67520101	3398.31655597
3813.82958103	3383.36196987
#helix: (4716.5, 3996.5),(6336.5, 3213.5),310
4856.05408769	3929.04885762
4883.96490523	3915.55862914
4911.87572277	3902.06840066
4939.7865403	3888.57817219
4967.69735784	3875.08794371
4995.60817538	3861.59771523
5023.51899292	3848.10748676
5051.42981046	3834.61725828
5079.340628	3821.1270298
5107.25144553	3807.63680133
5135.16226307	3794.14657285
5163.07308061	3780.65634437
5190.98389815	3767.1661159
5218.89471569	3753.67588742
5246.80553322	3740.18565894
5274.71635076	3726.69543047
5302.6271683	3713.20520199
5330.53798584	3699.71497351
5358.44880338	3686.22474503
5386.35962091	3672.73451656
5414.27043845	3659.24428808
5442.18125599	3645.7540596
5470.09207353	3632.26383113
5498.00289107	3618.77360265
5525.9137086	3605.28337417
5553.82452614	3591.7931457
5581.73534368	3578.30291722
5609.64616122	3564.81268874
5637.55697876	3551.32246027
5665.4677963	3537.83223179
5693.37861383	3524.34200331
5721.28943137	3510.85177484
5749.20024891	3497.36154636
5777.11106645	3483.87131788
5805.02188399	3470.38108941
5832.93270152	3456.89086093
5860.84351906	3443.40063245
5888.7543366	3429.91040398
5916.66515414	3416.4201755
5944.57597168	3402.92994702
5972.48678921	3389.43971855
6000.39760675	3375.94949007
6028.30842429	3362.45926159
6056.21924183	3348.96903312
6084.13005937	3335.47880464
6112.04087691	3321.98857616
6139.95169444	3308.49834769
6167.86251198	3295.00811921
6195.77332952	3281.51789073
6223.68414706	3268.02766226
#helix: (1818.5, 3933.5),(4032.5, 2673.5),310
1953.21227681	3856.83447661
1980.15473217	3841.50137193
2007.09718754	3826.16826726
2034.0396429	3810.83516258
2060.98209826	3795.5020579
2087.92455362	3780.16895322
2114.86700898	3764.83584855
2141.80946435	3749.50274387
2168.75191971	3734.16963919
2195.69437507	3718.83653451
2222.63683043	3703.50342983
2249.5792858	3688.17032516
2276.52174116	3672.83722048
2303.46419652	3657.5041158
2330.40665188	3642.17101112
2357.34910724	3626.83790645
2384.29156261	3611.50480177
2411.23401797	3596.17169709
2438.17647333	3580.83859241
2465.11892869	3565.50548774
2492.06138405	3550.17238306
2519.00383942	3534.83927838
2545.94629478	3519.5061737
2572.88875014	3504.17306903
2599.8312055	3488.83996435
2626.77366087	3473.50685967
2653.71611623	3458.17375499
2680.65857159	3442.84065031
2707.60102695	3427.50754564
2734.54348231	3412.17444096
2761.48593768	3396.84133628
2788.42839304	3381.5082316
2815.3708484	3366.17512693
2842.31330376	3350.84202225
2869.25575913	3335.50891757
2896.19821449	3320.17581289
2923.14066985	3304.84270822
2950.08312521	3289.50960354
2977.02558057	3274.17649886
3003.96803594	3258.84339418
3030.9104913	3243.5102895
3057.85294666	3228.17718483
3084.79540202	3212.84408015
3111.73785739	3197.51097547
3138.68031275	3182.17787079
3165.62276811	3166.84476612
3192.56522347	3151.51166144
3219.50767883	3136.17855676
3246.4501342	3120.84545208
3273.39258956	3105.51234741
3300.33504492	3090.17924273
3327.27750028	3074.84613805
3354.21995564	3059.51303337
3381.16241101	3044.1799287
3408.10486637	3028.84682402
3435.04732173	3013.51371934
3461.98977709	2998.18061466
3488.93223246	2982.84750998
3515.87468782	2967.51440531
3542.81714318	2952.18130063
3569.75959854	2936.84819595
3596.7020539	2921.51509127
3623.64450927	2906.1819866
3650.58696463	2890.84888192
3677.52941999	2875.51577724
3704.47187535	2860.18267256
3731.41433072	2844.84956789
3758.35678608	2829.51646321
3785.29924144	2814.18335853
3812.2416968	2798.85025385
3839.18415216	2783.51714917
3866.12660753	2768.1840445
3893.06906289	2752.85093982
3920.01151825	2737.51783514
#helix: (3672.5, 3996.5),(4869.5, 3312.5),310
3807.07768703	3919.59846455
3833.99322444	3904.21815747
3860.90876184	3888.83785038
3887.82429925	3873.45754329
3914.73983665	3858.0772362
3941.65537406	3842.69692911
3968.57091146	3827.31662202
3995.48644887	3811.93631493
4022.40198628	3796.55600784
4049.31752368	3781.17570075
4076.23306109	3765.79539366
4103.14859849	3750.41508658
4130.0641359	3735.03477949
4156.97967331	3719.6544724
4183.89521071	3704.27416531
4210.81074812	3688.89385822
4237.72628552	3673.51355113
4264.64182293	3658.13324404
4291.55736033	3642.75293695
4318.47289774	3627.37262986
4345.38843515	3611.99232277
4372.30397255	3596.61201568
4399.21950996	3581.2317086
4426.13504736	3565.85140151
4453.05058477	3550.47109442
4479.96612218	3535.09078733
4506.88165958	3519.71048024
4533.79719699	3504.33017315
4560.71273439	3488.94986606
4587.6282718	3473.56955897
4614.54380921	3458.18925188
4641.45934661	3442.80894479
4668.37488402	3427.4286377
4695.29042142	3412.04833062
4722.20595883	3396.66802353
4749.12149623	3381.28771644
#helix: (5733.5, 2952.5),(4914.5, 3348.5),310
5593.95592738	3019.97185929
5566.04711285	3033.46623115
5538.13829833	3046.96060301
5510.2294838	3060.45497486
5482.32066928	3073.94934672
5454.41185476	3087.44371858
5426.50304023	3100.93809044
5398.59422571	3114.4324623
5370.68541118	3127.92683415
5342.77659666	3141.42120601
5314.86778213	3154.91557787
5286.95896761	3168.40994973
5259.05015308	3181.90432159
5231.14133856	3195.39869344
5203.23252404	3208.8930653
5175.32370951	3222.38743716
5147.41489499	3235.88180902
5119.50608046	3249.37618088
5091.59726594	3262.87055273
5063.68845141	3276.36492459
5035.77963689	3289.85929645
