#micrograph: ../Source/micrographs/Microtubules_00074.mrc
#particle length: 300
#particle width: 300
#helix: (4059.5, 3888.5),(5580.5, 2259.5),300
4161.8693176	3778.86185511
4182.34318112	3756.93422614
4202.81704464	3735.00659716
4223.29090816	3713.07896818
4243.76477168	3691.15133921
4264.2386352	3669.22371023
4284.71249872	3647.29608125
4305.18636224	3625.36845227
4325.66022576	3603.4408233
4346.13408928	3581.51319432
4366.6079528	3559.58556534
4387.08181632	3537.65793637
4407.55567984	3515.73030739
4428.02954336	3493.80267841
4448.50340688	3471.87504943
4468.9772704	3449.94742046
4489.45113392	3428.01979148
4509.92499744	3406.0921625
4530.39886096	3384.16453353
4550.87272448	3362.23690455
4571.346588	3340.30927557
4591.82045152	3318.38164659
4612.29431504	3296.45401762
4632.76817856	3274.52638864
4653.24204208	3252.59875966
4673.7159056	3230.67113069
4694.18976912	3208.74350171
4714.66363264	3186.81587273
4735.13749616	3164.88824375
4755.61135968	3142.96061478
4776.0852232	3121.0329858
4796.55908672	3099.10535682
4817.03295024	3077.17772785
4837.50681376	3055.25009887
4857.98067728	3033.32246989
4878.4545408	3011.39484091
4898.92840432	2989.46721194
4919.40226784	2967.53958296
4939.87613136	2945.61195398
4960.34999488	2923.68432501
4980.8238584	2901.75669603
5001.29772193	2879.82906705
5021.77158545	2857.90143807
5042.24544897	2835.9738091
5062.71931249	2814.04618012
5083.19317601	2792.11855114
5103.66703953	2770.19092216
5124.14090305	2748.26329319
5144.61476657	2726.33566421
5165.08863009	2704.40803523
5185.56249361	2682.48040626
5206.03635713	2660.55277728
5226.51022065	2638.6251483
5246.98408417	2616.69751932
5267.45794769	2594.76989035
5287.93181121	2572.84226137
5308.40567473	2550.91463239
5328.87953825	2528.98700342
5349.35340177	2507.05937444
5369.82726529	2485.13174546
5390.30112881	2463.20411648
5410.77499233	2441.27648751
5431.24885585	2419.34885853
5451.72271937	2397.42122955
5472.19658289	2375.49360058
5492.67044641	2353.5659716
#helix: (2880.5, 4032.5),(5769.5, 1359.5),300
2990.60209166	3930.62984043
3012.62250999	3910.25580851
3034.64292833	3889.8817766
3056.66334666	3869.50774468
3078.68376499	3849.13371277
3100.70418332	3828.75968085
3122.72460166	3808.38564894
3144.74501999	3788.01161702
3166.76543832	3767.63758511
3188.78585665	3747.26355319
3210.80627498	3726.88952128
3232.82669332	3706.51548936
3254.84711165	3686.14145745
3276.86752998	3665.76742553
3298.88794831	3645.39339362
3320.90836665	3625.0193617
3342.92878498	3604.64532979
3364.94920331	3584.27129787
3386.96962164	3563.89726596
3408.99003998	3543.52323404
3431.01045831	3523.14920213
3453.03087664	3502.77517021
3475.05129497	3482.4011383
3497.0717133	3462.02710638
3519.09213164	3441.65307447
3541.11254997	3421.27904255
3563.1329683	3400.90501064
3585.15338663	3380.53097872
3607.17380497	3360.15694681
3629.1942233	3339.78291489
3651.21464163	3319.40888298
3673.23505996	3299.03485106
3695.2554783	3278.66081915
3717.27589663	3258.28678723
3739.29631496	3237.91275532
3761.31673329	3217.5387234
3783.33715162	3197.16469149
3805.35756996	3176.79065957
3827.37798829	3156.41662766
3849.39840662	3136.04259574
3871.41882495	3115.66856383
3893.43924329	3095.29453191
3915.45966162	3074.9205
3937.48007995	3054.54646808
3959.50049828	3034.17243617
3981.52091661	3013.79840425
4003.54133495	2993.42437234
4025.56175328	2973.05034042
4047.58217161	2952.67630851
4069.60258994	2932.30227659
4091.62300828	2911.92824468
4113.64342661	2891.55421276
4135.66384494	2871.18018085
4157.68426327	2850.80614893
4179.70468161	2830.43211702
4201.72509994	2810.0580851
4223.74551827	2789.68405319
4245.7659366	2769.31002127
4267.78635493	2748.93598936
4289.80677327	2728.56195744
4311.8271916	2708.18792553
4333.84760993	2687.81389361
4355.86802826	2667.4398617
4377.8884466	2647.06582978
4399.90886493	2626.69179787
4421.92928326	2606.31776595
4443.94970159	2585.94373404
4465.97011993	2565.56970213
4487.99053826	2545.19567021
4510.01095659	2524.8216383
4532.03137492	2504.44760638
4554.05179325	2484.07357447
4576.07221159	2463.69954255
4598.09262992	2443.32551064
4620.11304825	2422.95147872
4642.13346658	2402.57744681
4664.15388492	2382.20341489
4686.17430325	2361.82938298
4708.19472158	2341.45535106
4730.21513991	2321.08131915
4752.23555825	2300.70728723
4774.25597658	2280.33325532
4796.27639491	2259.9592234
4818.29681324	2239.58519149
4840.31723157	2219.21115957
4862.33764991	2198.83712766
4884.35806824	2178.46309574
4906.37848657	2158.08906383
4928.3989049	2137.71503191
4950.41932324	2117.341
4972.43974157	2096.96696808
4994.4601599	2076.59293617
5016.48057823	2056.21890425
5038.50099657	2035.84487234
5060.5214149	2015.47084042
5082.54183323	1995.09680851
5104.56225156	1974.72277659
5126.58266989	1954.34874468
5148.60308823	1933.97471276
5170.62350656	1913.60068085
5192.64392489	1893.22664893
5214.66434322	1872.85261702
5236.68476156	1852.4785851
5258.70517989	1832.10455319
5280.72559822	1811.73052127
5302.74601655	1791.35648936
5324.76643489	1770.98245744
5346.78685322	1750.60842553
5368.80727155	1730.23439361
5390.82768988	1709.8603617
5412.84810821	1689.48632978
5434.86852655	1669.11229787
5456.88894488	1648.73826595
5478.90936321	1628.36423404
5500.92978154	1607.99020212
5522.95019988	1587.61617021
5544.97061821	1567.24213829
5566.99103654	1546.86810638
5589.01145487	1526.49407446
5611.0318732	1506.12004255
5633.05229154	1485.74601063
5655.07270987	1465.37197872
5677.0931282	1444.9979468
#helix: (855.5000000000001, 2457.5),(1638.5, 3402.5),300
951.202679713	2573.00323414
970.343215655	2596.10388096
989.483751598	2619.20452779
1008.62428754	2642.30517462
1027.76482348	2665.40582144
1046.90535943	2688.50646827
1066.04589537	2711.6071151
1085.18643131	2734.70776193
1104.32696725	2757.80840875
1123.4675032	2780.90905558
1142.60803914	2804.00970241
1161.74857508	2827.11034923
1180.88911102	2850.21099606
1200.02964697	2873.31164289
1219.17018291	2896.41228972
1238.31071885	2919.51293654
1257.45125479	2942.61358337
1276.59179074	2965.7142302
1295.73232668	2988.81487702
1314.87286262	3011.91552385
1334.01339856	3035.01617068
1353.15393451	3058.11681751
1372.29447045	3081.21746433
1391.43500639	3104.31811116
1410.57554233	3127.41875799
1429.71607828	3150.51940482
1448.85661422	3173.62005164
1467.99715016	3196.72069847
1487.1376861	3219.8213453
1506.27822205	3242.92199212
1525.41875799	3266.02263895
1544.55929393	3289.12328578
#helix: (1647.5, 3447.5),(2250.5, 4059.5),300
1752.77745475	3554.34876004
1773.8329457	3575.71851205
1794.88843664	3597.08826406
1815.94392759	3618.45801607
1836.99941854	3639.82776807
1858.05490949	3661.19752008
1879.11040044	3682.56727209
1900.16589139	3703.9370241
1921.22138234	3725.30677611
1942.27687329	3746.67652811
1963.33236424	3768.04628012
1984.38785519	3789.41603213
2005.44334614	3810.78578414
2026.49883709	3832.15553615
2047.55432803	3853.52528815
2068.60981898	3874.89504016
2089.66530993	3896.26479217
2110.72080088	3917.63454418
2131.77629183	3939.00429619
2152.83178278	3960.3740482
#helix: (4779.5, 4032.5),(5985.5, 2583.5),300
4875.45720609	3917.20813298
4894.6486473	3894.14975958
4913.84008852	3871.09138618
4933.03152974	3848.03301278
4952.22297096	3824.97463937
4971.41441217	3801.91626597
4990.60585339	3778.85789257
5009.79729461	3755.79951916
5028.98873583	3732.74114576
5048.18017704	3709.68277236
5067.37161826	3686.62439895
5086.56305948	3663.56602555
5105.7545007	3640.50765215
5124.94594191	3617.44927874
5144.13738313	3594.39090534
5163.32882435	3571.33253194
5182.52026557	3548.27415854
5201.71170678	3525.21578513
5220.903148	3502.15741173
5240.09458922	3479.09903833
5259.28603044	3456.04066492
5278.47747165	3432.98229152
5297.66891287	3409.92391812
5316.86035409	3386.86554471
5336.05179531	3363.80717131
5355.24323652	3340.74879791
5374.43467774	3317.6904245
5393.62611896	3294.6320511
5412.81756018	3271.5736777
5432.00900139	3248.5153043
5451.20044261	3225.45693089
5470.39188383	3202.39855749
5489.58332505	3179.34018409
5508.77476626	3156.28181068
5527.96620748	3133.22343728
5547.1576487	3110.16506388
5566.34908992	3087.10669047
5585.54053113	3064.04831707
5604.73197235	3040.98994367
5623.92341357	3017.93157026
5643.11485479	2994.87319686
5662.306296	2971.81482346
5681.49773722	2948.75645005
5700.68917844	2925.69807665
5719.88061966	2902.63970325
5739.07206087	2879.58132985
5758.26350209	2856.52295644
5777.45494331	2833.46458304
5796.64638453	2810.40620964
5815.83782574	2787.34783623
5835.02926696	2764.28946283
5854.22070818	2741.23108943
5873.4121494	2718.17271602
5892.60359061	2695.11434262
#helix: (4536.5, 1215.5),(3393.5, 2088.5),300
4417.29306034	1306.54782006
4393.45167241	1324.75738407
4369.61028448	1342.96694808
4345.76889654	1361.17651209
4321.92750861	1379.3860761
4298.08612068	1397.59564011
4274.24473275	1415.80520412
4250.40334482	1434.01476813
4226.56195688	1452.22433214
4202.72056895	1470.43389616
4178.87918102	1488.64346017
4155.03779309	1506.85302418
4131.19640516	1525.06258819
4107.35501722	1543.2721522
4083.51362929	1561.48171621
4059.67224136	1579.69128022
4035.83085343	1597.90084423
4011.9894655	1616.11040824
3988.14807756	1634.31997226
3964.30668963	1652.52953627
3940.4653017	1670.73910028
3916.62391377	1688.94866429
3892.78252583	1707.1582283
3868.9411379	1725.36779231
3845.09974997	1743.57735632
3821.25836204	1761.78692033
3797.41697411	1779.99648434
3773.57558617	1798.20604835
3749.73419824	1816.41561237
3725.89281031	1834.62517638
3702.05142238	1852.83474039
3678.21003445	1871.0443044
3654.36864651	1889.25386841
3630.52725858	1907.46343242
3606.68587065	1925.67299643
3582.84448272	1943.88256044
3559.00309479	1962.09212445
3535.16170685	1980.30168847
3511.32031892	1998.51125248
#helix: (5670.5, 126.49999999999989),(4509.5, 1260.5),300
5563.19357312	231.310928581
5541.73228774	252.273114298
5520.27100237	273.235300014
5498.80971699	294.19748573
5477.34843161	315.159671446
5455.88714624	336.121857163
5434.42586086	357.084042879
5412.96457549	378.046228595
5391.50329011	399.008414311
5370.04200473	419.970600028
5348.58071936	440.932785744
5327.11943398	461.89497146
5305.65814861	482.857157176
5284.19686323	503.819342893
5262.73557785	524.781528609
5241.27429248	545.743714325
5219.8130071	566.705900041
5198.35172172	587.668085758
5176.89043635	608.630271474
5155.42915097	629.59245719
5133.9678656	650.554642906
5112.50658022	671.516828623
5091.04529484	692.479014339
5069.58400947	713.441200055
5048.12272409	734.403385771
5026.66143872	755.365571488
5005.20015334	776.327757204
4983.73886796	797.28994292
4962.27758259	818.252128636
4940.81629721	839.214314353
4919.35501183	860.176500069
4897.89372646	881.138685785
4876.43244108	902.100871501
4854.97115571	923.063057218
4833.50987033	944.025242934
4812.04858495	964.98742865
4790.58729958	985.949614366
4769.1260142	1006.91180008
4747.66472882	1027.8739858
4726.20344345	1048.83617152
4704.74215807	1069.79835723
4683.2808727	1090.76054295
4661.81958732	1111.72272866
4640.35830194	1132.68491438
4618.89701657	1153.6471001
4597.43573119	1174.60928581
#helix: (5400.5, 4050.5),(5868.5, 3474.5),300
5495.08889376	3934.08289998
5514.00667252	3910.79947998
5532.92445127	3887.51605998
5551.84223002	3864.23263997
5570.76000878	3840.94921997
5589.67778753	3817.66579997
5608.59556628	3794.38237996
5627.51334503	3771.09895996
5646.43112379	3747.81553995
5665.34890254	3724.53211995
5684.26668129	3701.24869995
5703.18446005	3677.96527994
5722.1022388	3654.68185994
5741.02001755	3631.39843994
5759.9377963	3608.11501993
5778.85557506	3584.83159993
#helix: (2313.5, 2952.5),(1161.5, 4059.5),300
2205.34257129	3056.43252915
2183.71108555	3077.21903498
2162.07959981	3098.00554081
2140.44811407	3118.79204664
2118.81662833	3139.57855247
2097.18514258	3160.3650583
2075.55365684	3181.15156413
2053.9221711	3201.93806996
2032.29068536	3222.72457579
2010.65919962	3243.51108162
1989.02771388	3264.29758745
1967.39622813	3285.08409328
1945.76474239	3305.87059911
1924.13325665	3326.65710494
1902.50177091	3347.44361077
1880.87028517	3368.2301166
1859.23879943	3389.01662243
1837.60731369	3409.80312826
1815.97582794	3430.58963409
1794.3443422	3451.37613992
1772.71285646	3472.16264574
1751.08137072	3492.94915157
1729.44988498	3513.7356574
1707.81839924	3534.52216323
1686.18691349	3555.30866906
1664.55542775	3576.09517489
1642.92394201	3596.88168072
1621.29245627	3617.66818655
1599.66097053	3638.45469238
1578.02948479	3659.24119821
1556.39799904	3680.02770404
1534.7665133	3700.81420987
1513.13502756	3721.6007157
1491.50354182	3742.38722153
1469.87205608	3763.17372736
1448.24057034	3783.96023319
1426.6090846	3804.74673902
1404.97759885	3825.53324485
1383.34611311	3846.31975068
1361.71462737	3867.10625651
1340.08314163	3887.89276234
1318.45165589	3908.67926817
1296.82017015	3929.465774
1275.1886844	3950.25227983
1253.55719866	3971.03878566
#helix: (2169.5, 3114.5),(3600.5, 1935.5),300
2285.2685151	3019.11839322
2308.42221812	3000.04207186
2331.57592114	2980.96575051
2354.72962416	2961.88942915
2377.88332718	2942.8131078
2401.0370302	2923.73678644
2424.19073322	2904.66046509
2447.34443624	2885.58414373
2470.49813926	2866.50782237
2493.65184228	2847.43150102
2516.8055453	2828.35517966
2539.95924832	2809.27885831
2563.11295134	2790.20253695
2586.26665436	2771.12621559
2609.42035738	2752.04989424
2632.57406039	2732.97357288
2655.72776341	2713.89725153
2678.88146643	2694.82093017
2702.03516945	2675.74460881
2725.18887247	2656.66828746
2748.34257549	2637.5919661
2771.49627851	2618.51564475
2794.64998153	2599.43932339
2817.80368455	2580.36300203
2840.95738757	2561.28668068
2864.11109059	2542.21035932
2887.26479361	2523.13403797
2910.41849663	2504.05771661
2933.57219965	2484.98139526
2956.72590267	2465.9050739
2979.87960569	2446.82875254
3003.03330871	2427.75243119
3026.18701173	2408.67610983
3049.34071475	2389.59978848
3072.49441777	2370.52346712
3095.64812079	2351.44714576
3118.80182381	2332.37082441
3141.95552683	2313.29450305
3165.10922985	2294.2181817
3188.26293287	2275.14186034
3211.41663589	2256.06553898
3234.57033891	2236.98921763
3257.72404193	2217.91289627
3280.87774495	2198.83657492
3304.03144797	2179.76025356
3327.18515099	2160.68393221
3350.33885401	2141.60761085
3373.49255703	2122.53128949
3396.64626005	2103.45496814
3419.79996307	2084.37864678
3442.95366609	2065.30232543
3466.10736911	2046.22600407
3489.26107213	2027.14968271
#helix: (3555.5, 3609.5),(5616.5, 1107.5),300
3650.87068494	3493.72248727
3669.94482193	3470.56698473
3689.01895892	3447.41148218
3708.09309591	3424.25597964
3727.1672329	3401.10047709
3746.24136989	3377.94497455
3765.31550688	3354.789472
3784.38964387	3331.63396946
3803.46378086	3308.47846691
3822.53791784	3285.32296436
3841.61205483	3262.16746182
3860.68619182	3239.01195927
3879.76032881	3215.85645673
3898.8344658	3192.70095418
3917.90860279	3169.54545164
3936.98273978	3146.38994909
3956.05687677	3123.23444655
3975.13101375	3100.078944
3994.20515074	3076.92344146
4013.27928773	3053.76793891
4032.35342472	3030.61243636
4051.42756171	3007.45693382
4070.5016987	2984.30143127
4089.57583569	2961.14592873
4108.64997268	2937.99042618
4127.72410967	2914.83492364
4146.79824665	2891.67942109
4165.87238364	2868.52391855
4184.94652063	2845.368416
4204.02065762	2822.21291346
4223.09479461	2799.05741091
4242.1689316	2775.90190837
4261.24306859	2752.74640582
4280.31720558	2729.59090327
4299.39134257	2706.43540073
4318.46547955	2683.27989818
4337.53961654	2660.12439564
4356.61375353	2636.96889309
4375.68789052	2613.81339055
4394.76202751	2590.657888
4413.8361645	2567.50238546
4432.91030149	2544.34688291
4451.98443848	2521.19138037
4471.05857546	2498.03587782
4490.13271245	2474.88037527
4509.20684944	2451.72487273
4528.28098643	2428.56937018
4547.35512342	2405.41386764
4566.42926041	2382.25836509
4585.5033974	2359.10286255
4604.57753439	2335.94736
4623.65167138	2312.79185746
4642.72580836	2289.63635491
4661.79994535	2266.48085237
4680.87408234	2243.32534982
4699.94821933	2220.16984728
4719.02235632	2197.01434473
4738.09649331	2173.85884218
4757.1706303	2150.70333964
4776.24476729	2127.54783709
4795.31890428	2104.39233455
4814.39304126	2081.236832
4833.46717825	2058.08132946
4852.54131524	2034.92582691
4871.61545223	2011.77032437
4890.68958922	1988.61482182
4909.76372621	1965.45931928
4928.8378632	1942.30381673
4947.91200019	1919.14831418
4966.98613717	1895.99281164
4986.06027416	1872.83730909
5005.13441115	1849.68180655
5024.20854814	1826.526304
5043.28268513	1803.37080146
5062.35682212	1780.21529891
5081.43095911	1757.05979637
5100.5050961	1733.90429382
5119.57923309	1710.74879128
5138.65337007	1687.59328873
5157.72750706	1664.43778619
5176.80164405	1641.28228364
5195.87578104	1618.12678109
5214.94991803	1594.97127855
5234.02405502	1571.815776
5253.09819201	1548.66027346
5272.172329	1525.50477091
5291.24646599	1502.34926837
5310.32060297	1479.19376582
5329.39473996	1456.03826328
5348.46887695	1432.88276073
5367.54301394	1409.72725819
5386.61715093	1386.57175564
5405.69128792	1363.41625309
5424.76542491	1340.26075055
5443.8395619	1317.105248
5462.91369888	1293.94974546
5481.98783587	1270.79424291
5501.06197286	1247.63874037
5520.13610985	1224.48323782
5539.21024684	1201.32773528
