#micrograph: ../Source/micrographs/Microtubules_00080.mrc
#particle length: 300
#particle width: 300
#helix: (3771.5, 3996.5),(5715.5, 2979.5),300
3904.41084375	3926.96793823
3930.9930125	3913.06152587
3957.57518124	3899.15511352
3984.15734999	3885.24870116
4010.73951874	3871.34228881
4037.32168749	3857.43587645
4063.90385624	3843.5294641
4090.48602499	3829.62305174
4117.06819374	3815.71663939
4143.65036249	3801.81022703
4170.23253124	3787.90381468
4196.81469999	3773.99740232
4223.39686874	3760.09098997
4249.97903749	3746.18457761
4276.56120624	3732.27816526
4303.14337499	3718.3717529
4329.72554373	3704.46534055
4356.30771248	3690.55892819
4382.88988123	3676.65251584
4409.47204998	3662.74610348
4436.05421873	3648.83969113
4462.63638748	3634.93327877
4489.21855623	3621.02686642
4515.80072498	3607.12045406
4542.38289373	3593.21404171
4568.96506248	3579.30762935
4595.54723123	3565.401217
4622.12939998	3551.49480464
4648.71156873	3537.58839229
4675.29373748	3523.68197993
4701.87590622	3509.77556758
4728.45807497	3495.86915522
4755.04024372	3481.96274287
4781.62241247	3468.05633051
4808.20458122	3454.14991816
4834.78674997	3440.2435058
4861.36891872	3426.33709345
4887.95108747	3412.43068109
4914.53325622	3398.52426874
4941.11542497	3384.61785638
4967.69759372	3370.71144403
4994.27976247	3356.80503167
5020.86193122	3342.89861932
5047.44409996	3328.99220696
5074.02626871	3315.08579461
5100.60843746	3301.17938225
5127.19060621	3287.2729699
5153.77277496	3273.36655754
5180.35494371	3259.46014519
5206.93711246	3245.55373283
5233.51928121	3231.64732048
5260.10144996	3217.74090812
5286.68361871	3203.83449577
5313.26578746	3189.92808341
5339.84795621	3176.02167106
5366.43012496	3162.1152587
5393.01229371	3148.20884635
5419.59446245	3134.30243399
5446.1766312	3120.39602164
5472.75879995	3106.48960928
5499.3409687	3092.58319693
5525.92313745	3078.67678457
5552.5053062	3064.77037222
5579.08747495	3050.86395986
5605.6696437	3036.95754751
#helix: (2061.5, 162.4999999999999),(4482.5, 639.4999999999999),300
2208.67066895	191.496451504
2238.10480274	197.295741805
2267.53893653	203.095032105
2296.97307033	208.894322406
2326.40720412	214.693612707
2355.84133791	220.492903008
2385.2754717	226.292193308
2414.70960549	232.091483609
2444.14373928	237.89077391
2473.57787307	243.690064211
2503.01200686	249.489354511
2532.44614065	255.288644812
2561.88027444	261.087935113
2591.31440823	266.887225414
2620.74854202	272.686515715
2650.18267581	278.485806015
2679.6168096	284.285096316
2709.05094339	290.084386617
2738.48507719	295.883676918
2767.91921098	301.682967218
2797.35334477	307.482257519
2826.78747856	313.28154782
2856.22161235	319.080838121
2885.65574614	324.880128421
2915.08987993	330.679418722
2944.52401372	336.478709023
2973.95814751	342.277999324
3003.3922813	348.077289624
3032.82641509	353.876579925
3062.26054888	359.675870226
3091.69468267	365.475160527
3121.12881646	371.274450828
3150.56295026	377.073741128
3179.99708405	382.873031429
3209.43121784	388.67232173
3238.86535163	394.471612031
3268.29948542	400.270902331
3297.73361921	406.070192632
3327.167753	411.869482933
3356.60188679	417.668773234
3386.03602058	423.468063534
3415.47015437	429.267353835
3444.90428816	435.066644136
3474.33842195	440.865934437
3503.77255574	446.665224737
3533.20668953	452.464515038
3562.64082332	458.263805339
3592.07495712	464.06309564
3621.50909091	469.862385941
3650.9432247	475.661676241
3680.37735849	481.460966542
3709.81149228	487.260256843
3739.24562607	493.059547144
3768.67975986	498.858837444
3798.11389365	504.658127745
3827.54802744	510.457418046
3856.98216123	516.256708347
3886.41629502	522.055998647
3915.85042881	527.855288948
3945.2845626	533.654579249
3974.71869639	539.45386955
4004.15283018	545.253159851
4033.58696398	551.052450151
4063.02109777	556.851740452
4092.45523156	562.651030753
4121.88936535	568.450321054
4151.32349914	574.249611354
4180.75763293	580.048901655
4210.19176672	585.848191956
4239.62590051	591.647482257
4269.0600343	597.446772557
4298.49416809	603.246062858
4327.92830188	609.045353159
4357.36243567	614.84464346
#helix: (2169.5, 1233.5),(3600.5, 1503.5),300
2316.89924806	1261.31117888
2346.37909767	1266.87341466
2375.85894729	1272.43565043
2405.3387969	1277.99788621
2434.81864651	1283.56012198
2464.29849612	1289.12235776
2493.77834574	1294.68459354
2523.25819535	1300.24682931
2552.73804496	1305.80906509
2582.21789457	1311.37130086
2611.69774419	1316.93353664
2641.1775938	1322.49577241
2670.65744341	1328.05800819
2700.13729302	1333.62024397
2729.61714264	1339.18247974
2759.09699225	1344.74471552
2788.57684186	1350.30695129
2818.05669147	1355.86918707
2847.53654109	1361.43142285
2877.0163907	1366.99365862
2906.49624031	1372.5558944
2935.97608992	1378.11813017
2965.45593954	1383.68036595
2994.93578915	1389.24260173
3024.41563876	1394.8048375
3053.89548837	1400.36707328
3083.37533799	1405.92930905
3112.8551876	1411.49154483
3142.33503721	1417.05378061
3171.81488682	1422.61601638
3201.29473644	1428.17825216
3230.77458605	1433.74048793
3260.25443566	1439.30272371
3289.73428527	1444.86495949
3319.21413489	1450.42719526
3348.6939845	1455.98943104
3378.17383411	1461.55166681
3407.65368372	1467.11390259
3437.13353334	1472.67613837
3466.61338295	1478.23837414
#helix: (180.50000000000003, 171.4999999999999),(1566.5, 540.4999999999999),300
325.450851329	210.090811068
354.441021595	217.808973282
383.431191861	225.527135495
412.421362127	233.245297709
441.411532393	240.963459923
470.401702659	248.681622136
499.391872925	256.39978435
528.38204319	264.117946564
557.372213456	271.836108777
586.362383722	279.554270991
615.352553988	287.272433205
644.342724254	294.990595418
673.33289452	302.708757632
702.323064786	310.426919846
731.313235051	318.145082059
760.303405317	325.863244273
789.293575583	333.581406486
818.283745849	341.2995687
847.273916115	349.017730914
876.264086381	356.735893127
905.254256647	364.454055341
934.244426913	372.172217555
963.234597178	379.890379768
992.224767444	387.608541982
1021.21493771	395.326704196
1050.20510798	403.044866409
1079.19527824	410.763028623
1108.18544851	418.481190836
1137.17561877	426.19935305
1166.16578904	433.917515264
1195.15595931	441.635677477
1224.14612957	449.353839691
1253.13629984	457.072001905
1282.1264701	464.790164118
1311.11664037	472.508326332
1340.10681063	480.226488546
1369.0969809	487.944650759
1398.08715117	495.662812973
1427.07732143	503.380975187
#helix: (2880.5, 3672.5),(1665.5, 3456.5),300
2732.81562383	3646.24499979
2703.2787486	3640.99399975
2673.74187336	3635.74299971
2644.20499813	3630.49199967
2614.6681229	3625.24099963
2585.13124766	3619.98999958
2555.59437243	3614.73899954
2526.0574972	3609.4879995
2496.52062196	3604.23699946
2466.98374673	3598.98599942
2437.4468715	3593.73499938
2407.90999626	3588.48399934
2378.37312103	3583.23299929
2348.8362458	3577.98199925
2319.29937056	3572.73099921
2289.76249533	3567.47999917
2260.22562009	3562.22899913
2230.68874486	3556.97799909
2201.15186963	3551.72699904
2171.61499439	3546.475999
2142.07811916	3541.22499896
2112.54124393	3535.97399892
2083.00436869	3530.72299888
2053.46749346	3525.47199884
2023.93061823	3520.2209988
1994.39374299	3514.96999875
1964.85686776	3509.71899871
1935.31999253	3504.46799867
1905.78311729	3499.21699863
1876.24624206	3493.96599859
1846.70936682	3488.71499855
1817.17249159	3483.46399851
1787.63561636	3478.21299846
#helix: (5085.5, 3960.5),(3555.5, 3285.5),300
4948.26232976	3899.95396901
4920.81479572	3887.84476282
4893.36726167	3875.73555662
4865.91972762	3863.62635042
4838.47219358	3851.51714422
4811.02465953	3839.40793803
4783.57712548	3827.29873183
4756.12959143	3815.18952563
4728.68205739	3803.08031944
4701.23452334	3790.97111324
4673.78698929	3778.86190704
4646.33945524	3766.75270084
4618.8919212	3754.64349465
4591.44438715	3742.53428845
4563.9968531	3730.42508225
4536.54931906	3718.31587605
4509.10178501	3706.20666986
4481.65425096	3694.09746366
4454.20671691	3681.98825746
4426.75918287	3669.87905127
4399.31164882	3657.76984507
4371.86411477	3645.66063887
4344.41658073	3633.55143267
4316.96904668	3621.44222648
4289.52151263	3609.33302028
4262.07397858	3597.22381408
4234.62644454	3585.11460788
4207.17891049	3573.00540169
4179.73137644	3560.89619549
4152.2838424	3548.78698929
4124.83630835	3536.67778309
4097.3887743	3524.5685769
4069.94124025	3512.4593707
4042.49370621	3500.3501645
4015.04617216	3488.24095831
3987.59863811	3476.13175211
3960.15110407	3464.02254591
3932.70357002	3451.91333971
3905.25603597	3439.80413352
3877.80850192	3427.69492732
3850.36096788	3415.58572112
3822.91343383	3403.47651492
3795.46589978	3391.36730873
3768.01836573	3379.25810253
3740.57083169	3367.14889633
3713.12329764	3355.03969014
3685.67576359	3342.93048394
#helix: (4068.5, 3105.5),(3042.5, 2826.5),300
3923.75616632	3066.1398347
3894.80739959	3058.26780164
3865.85863285	3050.39576858
3836.90986612	3042.52373552
3807.96109938	3034.65170246
3779.01233264	3026.7796694
3750.06356591	3018.90763634
3721.11479917	3011.03560328
3692.16603244	3003.16357022
3663.2172657	2995.29153716
3634.26849897	2987.41950411
3605.31973223	2979.54747105
3576.3709655	2971.67543799
3547.42219876	2963.80340493
3518.47343203	2955.93137187
3489.52466529	2948.05933881
3460.57589855	2940.18730575
3431.62713182	2932.31527269
3402.67836508	2924.44323963
3373.72959835	2916.57120657
3344.78083161	2908.69917351
3315.83206488	2900.82714045
3286.88329814	2892.95510739
3257.93453141	2885.08307433
3228.98576467	2877.21104127
3200.03699793	2869.33900821
3171.0882312	2861.46697515
#helix: (72.5, 1116.5),(1764.5, 1179.5),300
222.396129945	1122.08123888
252.375355934	1123.19748666
282.354581923	1124.31373443
312.333807912	1125.42998221
342.313033901	1126.54622999
372.29225989	1127.66247776
402.271485879	1128.77872554
432.250711869	1129.89497331
462.229937858	1131.01122109
492.209163847	1132.12746887
522.188389836	1133.24371664
552.167615825	1134.35996442
582.146841814	1135.4762122
612.126067803	1136.59245997
642.105293792	1137.70870775
672.084519781	1138.82495552
702.06374577	1139.9412033
732.042971759	1141.05745108
762.022197748	1142.17369885
792.001423737	1143.28994663
821.980649726	1144.4061944
851.959875715	1145.52244218
881.939101704	1146.63868996
911.918327693	1147.75493773
941.897553682	1148.87118551
971.876779671	1149.98743329
1001.85600566	1151.10368106
1031.83523165	1152.21992884
1061.81445764	1153.33617661
1091.79368363	1154.45242439
1121.77290962	1155.56867217
1151.75213561	1156.68491994
1181.73136159	1157.80116772
1211.71058758	1158.9174155
1241.68981357	1160.03366327
1271.66903956	1161.14991105
1301.64826555	1162.26615882
1331.62749154	1163.3824066
1361.60671753	1164.49865438
1391.58594352	1165.61490215
1421.56516951	1166.73114993
1451.5443955	1167.8473977
1481.52362149	1168.96364548
1511.50284747	1170.07989326
1541.48207346	1171.19614103
1571.46129945	1172.31238881
1601.44052544	1173.42863659
1631.41975143	1174.54488436
#helix: (909.5000000000001, 2988.5),(2142.5, 3096.5),300
1058.92787311	3001.58857283
1088.81344773	3004.20628739
1118.69902235	3006.82400196
1148.58459697	3009.44171652
1178.47017159	3012.05943109
1208.35574621	3014.67714565
1238.24132084	3017.29486022
1268.12689546	3019.91257478
1298.01247008	3022.53028935
1327.8980447	3025.14800392
1357.78361932	3027.76571848
1387.66919394	3030.38343305
1417.55476856	3033.00114761
1447.44034319	3035.61886218
1477.32591781	3038.23657674
1507.21149243	3040.85429131
1537.09706705	3043.47200587
1566.98264167	3046.08972044
1596.86821629	3048.707435
1626.75379091	3051.32514957
1656.63936554	3053.94286413
1686.52494016	3056.5605787
1716.41051478	3059.17829327
1746.2960894	3061.79600783
1776.18166402	3064.4137224
1806.06723864	3067.03143696
1835.95281326	3069.64915153
1865.83838789	3072.26686609
1895.72396251	3074.88458066
1925.60953713	3077.50229522
1955.49511175	3080.12000979
1985.38068637	3082.73772435
2015.26626099	3085.35543892
#helix: (153.50000000000003, 2106.5),(1944.5, 2196.5),300
303.310968773	2114.02818939
333.273162527	2115.53382726
363.235356282	2117.03946514
393.197550036	2118.54510302
423.159743791	2120.05074089
453.121937545	2121.55637877
483.0841313	2123.06201665
513.046325054	2124.56765453
543.008518809	2126.0732924
572.970712563	2127.57893028
602.932906318	2129.08456816
632.895100072	2130.59020603
662.857293827	2132.09584391
692.819487581	2133.60148179
722.781681336	2135.10711967
752.74387509	2136.61275754
782.706068845	2138.11839542
812.668262599	2139.6240333
842.630456354	2141.12967117
872.592650108	2142.63530905
902.554843863	2144.14094693
932.517037617	2145.6465848
962.479231372	2147.15222268
992.441425126	2148.65786056
1022.40361888	2150.16349844
1052.36581264	2151.66913631
1082.32800639	2153.17477419
1112.29020014	2154.68041207
1142.2523939	2156.18604994
1172.21458765	2157.69168782
1202.17678141	2159.1973257
1232.13897516	2160.70296358
1262.10116892	2162.20860145
1292.06336267	2163.71423933
1322.02555643	2165.21987721
1351.98775018	2166.72551508
1381.94994394	2168.23115296
1411.91213769	2169.73679084
1441.87433144	2171.24242872
1471.8365252	2172.74806659
1501.79871895	2174.25370447
1531.76091271	2175.75934235
1561.72310646	2177.26498022
1591.68530022	2178.7706181
1621.64749397	2180.27625598
1651.60968773	2181.78189386
1681.57188148	2183.28753173
1711.53407523	2184.79316961
1741.49626899	2186.29880749
1771.45846274	2187.80444536
1801.4206565	2189.31008324
#helix: (4068.5, 2133.5),(5031.5, 2439.5),300
4211.45640287	2178.92539904
4240.04768345	2188.01047885
4268.63896402	2197.09555866
4297.23024459	2206.18063847
4325.82152517	2215.26571828
4354.41280574	2224.35079809
4383.00408632	2233.43587789
4411.59536689	2242.5209577
4440.18664746	2251.60603751
4468.77792804	2260.69111732
4497.36920861	2269.77619713
4525.96048919	2278.86127694
4554.55176976	2287.94635675
4583.14305034	2297.03143656
4611.73433091	2306.11651636
4640.32561148	2315.20159617
4668.91689206	2324.28667598
4697.50817263	2333.37175579
4726.09945321	2342.4568356
4754.69073378	2351.54191541
4783.28201435	2360.62699522
4811.87329493	2369.71207502
4840.4645755	2378.79715483
4869.05585608	2387.88223464
4897.64713665	2396.96731445
#helix: (3285.5, 2466.5),(1872.5, 2196.5),300
3138.16566803	2438.34694294
3108.69880163	2432.71633152
3079.23193524	2427.08572011
3049.76506884	2421.4551087
3020.29820245	2415.82449728
2990.83133605	2410.19388587
2961.36446966	2404.56327446
2931.89760327	2398.93266304
2902.43073687	2393.30205163
2872.96387048	2387.67144022
2843.49700408	2382.04082881
2814.03013769	2376.41021739
2784.56327129	2370.77960598
2755.0964049	2365.14899457
2725.6295385	2359.51838315
2696.16267211	2353.88777174
2666.69580571	2348.25716033
2637.22893932	2342.62654891
2607.76207292	2336.9959375
2578.29520653	2331.36532609
2548.82834014	2325.73471468
2519.36147374	2320.10410326
2489.89460735	2314.47349185
2460.42774095	2308.84288044
2430.96087456	2303.21226902
2401.49400816	2297.58165761
2372.02714177	2291.9510462
2342.56027537	2286.32043478
2313.09340898	2280.68982337
2283.62654258	2275.05921196
2254.15967619	2269.42860055
2224.6928098	2263.79798913
2195.2259434	2258.16737772
2165.75907701	2252.53676631
2136.29221061	2246.90615489
2106.82534422	2241.27554348
2077.35847782	2235.64493207
2047.89161143	2230.01432065
2018.42474503	2224.38370924
#helix: (5607.5, 2160.5),(4851.5, 1854.5),300
5468.45797802	2104.22108634
5440.64957362	2092.96530361
5412.84116922	2081.70952088
5385.03276483	2070.45373814
5357.22436043	2059.19795541
5329.41595603	2047.94217268
5301.60755164	2036.68638995
5273.79914724	2025.43060722
5245.99074284	2014.17482448
5218.18233845	2002.91904175
5190.37393405	1991.66325902
5162.56552965	1980.40747629
5134.75712526	1969.15169356
5106.94872086	1957.89591082
5079.14031646	1946.64012809
5051.33191207	1935.38434536
5023.52350767	1924.12856263
4995.71510327	1912.8727799
4967.90669888	1901.61699716
#helix: (1269.5, 1629.5),(-35.5, 1647.5),300
1119.51426669	1631.56876874
1089.51712003	1631.98252248
1059.51997337	1632.39627623
1029.52282671	1632.81002998
999.525680046	1633.22378372
969.528533384	1633.63753747
939.531386723	1634.05129122
909.534240061	1634.46504496
879.537093399	1634.87879871
849.539946738	1635.29255246
819.542800076	1635.70630621
789.545653415	1636.12005995
759.548506753	1636.5338137
729.551360091	1636.94756745
699.55421343	1637.36132119
669.557066768	1637.77507494
639.559920107	1638.18882869
609.562773445	1638.60258244
579.565626783	1639.01633618
549.568480122	1639.43008993
519.57133346	1639.84384368
489.574186799	1640.25759742
459.577040137	1640.67135117
429.579893476	1641.08510492
399.582746814	1641.49885866
369.585600152	1641.91261241
339.588453491	1642.32636616
309.591306829	1642.74011991
279.594160168	1643.15387365
249.597013506	1643.5676274
219.599866844	1643.98138115
189.602720183	1644.39513489
159.605573521	1644.80888864
129.60842686	1645.22264239
99.6112801981	1645.63639614
#helix: (5589.5, 1575.5),(3042.5, 63.5),300
5460.51553634	1498.92971768
5434.71864361	1483.61566122
5408.92175087	1468.30160476
5383.12485814	1452.9875483
5357.32796541	1437.67349183
5331.53107268	1422.35943537
5305.73417994	1407.04537891
5279.93728721	1391.73132244
5254.14039448	1376.41726598
5228.34350175	1361.10320952
5202.54660901	1345.78915305
5176.74971628	1330.47509659
5150.95282355	1315.16104013
5125.15593082	1299.84698367
5099.35903808	1284.5329272
5073.56214535	1269.21887074
5047.76525262	1253.90481428
5021.96835989	1238.59075781
4996.17146715	1223.27670135
4970.37457442	1207.96264489
4944.57768169	1192.64858842
4918.78078896	1177.33453196
4892.98389623	1162.0204755
4867.18700349	1146.70641903
4841.39011076	1131.39236257
4815.59321803	1116.07830611
4789.7963253	1100.76424965
4763.99943256	1085.45019318
4738.20253983	1070.13613672
4712.4056471	1054.82208026
4686.60875437	1039.50802379
4660.81186163	1024.19396733
4635.0149689	1008.87991087
4609.21807617	993.565854404
4583.42118344	978.251797941
4557.6242907	962.937741478
4531.82739797	947.623685015
4506.03050524	932.309628552
4480.23361251	916.995572089
4454.43671977	901.681515626
4428.63982704	886.367459163
4402.84293431	871.0534027
4377.04604158	855.739346237
4351.24914885	840.425289774
4325.45225611	825.111233311
4299.65536338	809.797176848
4273.85847065	794.483120385
4248.06157792	779.169063922
4222.26468518	763.855007459
4196.46779245	748.540950995
4170.67089972	733.226894532
4144.87400699	717.912838069
4119.07711425	702.598781606
4093.28022152	687.284725143
4067.48332879	671.97066868
4041.68643606	656.656612217
4015.88954332	641.342555754
3990.09265059	626.028499291
3964.29575786	610.714442828
3938.49886513	595.400386365
3912.70197239	580.086329902
3886.90507966	564.772273439
3861.10818693	549.458216976
3835.3112942	534.144160513
3809.51440146	518.83010405
3783.71750873	503.516047587
3757.920616	488.201991124
3732.12372327	472.887934661
3706.32683054	457.573878198
3680.5299378	442.259821735
3654.73304507	426.945765272
3628.93615234	411.631708808
3603.13925961	396.317652345
3577.34236687	381.003595882
3551.54547414	365.689539419
3525.74858141	350.375482956
3499.95168868	335.061426493
3474.15479594	319.74737003
3448.35790321	304.433313567
3422.56101048	289.119257104
3396.76411775	273.805200641
3370.96722501	258.491144178
3345.17033228	243.177087715
3319.37343955	227.863031252
3293.57654682	212.548974789
3267.77965408	197.234918326
3241.98276135	181.920861863
3216.18586862	166.6068054
3190.38897589	151.292748937
3164.59208315	135.978692474
#helix: (4131.5, 162.4999999999999),(5769.5, 1170.5),300
4259.24874751	241.11461385
4284.79849701	256.83753662
4310.34824651	272.56045939
4335.89799601	288.283382159
4361.44774551	304.006304929
4386.99749501	319.729227699
4412.54724451	335.452150469
4438.09699401	351.175073239
4463.64674351	366.897996009
4489.19649302	382.620918779
4514.74624252	398.343841549
4540.29599202	414.066764319
4565.84574152	429.789687089
4591.39549102	445.512609859
4616.94524052	461.235532629
4642.49499002	476.958455399
4668.04473952	492.681378169
4693.59448902	508.404300938
4719.14423853	524.127223708
4744.69398803	539.850146478
4770.24373753	555.573069248
4795.79348703	571.295992018
4821.34323653	587.018914788
4846.89298603	602.741837558
4872.44273553	618.464760328
4897.99248503	634.187683098
4923.54223454	649.910605868
4949.09198404	665.633528638
4974.64173354	681.356451408
5000.19148304	697.079374178
5025.74123254	712.802296948
5051.29098204	728.525219717
5076.84073154	744.248142487
5102.39048104	759.971065257
5127.94023054	775.693988027
5153.48998005	791.416910797
5179.03972955	807.139833567
5204.58947905	822.862756337
5230.13922855	838.585679107
5255.68897805	854.308601877
5281.23872755	870.031524647
5306.78847705	885.754447417
5332.33822655	901.477370187
5357.88797605	917.200292957
5383.43772556	932.923215727
5408.98747506	948.646138497
5434.53722456	964.369061266
5460.08697406	980.091984036
5485.63672356	995.814906806
5511.18647306	1011.53782958
5536.73622256	1027.26075235
5562.28597206	1042.98367512
5587.83572156	1058.70659789
5613.38547107	1074.42952066
5638.93522057	1090.15244343
5664.48497007	1105.8753662
#helix: (495.50000000000006, 3465.5),(1656.5, 3474.5),300
645.495493262	3466.66275576
675.494591915	3466.89530691
705.493690567	3467.12785807
735.49278922	3467.36040922
765.491887872	3467.59296037
795.490986525	3467.82551152
825.490085177	3468.05806268
855.48918383	3468.29061383
885.488282482	3468.52316498
915.487381135	3468.75571613
945.486479787	3468.98826729
975.48557844	3469.22081844
1005.48467709	3469.45336959
1035.48377574	3469.68592074
1065.4828744	3469.91847189
1095.48197305	3470.15102305
1125.4810717	3470.3835742
1155.48017035	3470.61612535
1185.47926901	3470.8486765
1215.47836766	3471.08122766
1245.47746631	3471.31377881
1275.47656496	3471.54632996
1305.47566362	3471.77888111
1335.47476227	3472.01143227
1365.47386092	3472.24398342
1395.47295957	3472.47653457
1425.47205823	3472.70908572
1455.47115688	3472.94163688
1485.47025553	3473.17418803
1515.46935418	3473.40673918
#helix: (1737.5, 603.4999999999999),(4356.5, 1134.5),300
1884.50886722	633.305921533
1913.91064067	639.267105839
1943.31241411	645.228290146
1972.71418755	651.189474452
2002.115961	657.150658759
2031.51773444	663.111843066
2060.91950789	669.073027372
2090.32128133	675.034211679
2119.72305477	680.995395985
2149.12482822	686.956580292
2178.52660166	692.917764598
2207.92837511	698.878948905
2237.33014855	704.840133211
2266.731922	710.801317518
2296.13369544	716.762501825
2325.53546888	722.723686131
2354.93724233	728.684870438
2384.33901577	734.646054744
2413.74078922	740.607239051
2443.14256266	746.568423357
2472.5443361	752.529607664
2501.94610955	758.49079197
2531.34788299	764.451976277
2560.74965644	770.413160583
2590.15142988	776.37434489
2619.55320333	782.335529197
2648.95497677	788.296713503
2678.35675021	794.25789781
2707.75852366	800.219082116
2737.1602971	806.180266423
2766.56207055	812.141450729
2795.96384399	818.102635036
2825.36561743	824.063819342
2854.76739088	830.025003649
2884.16916432	835.986187956
2913.57093777	841.947372262
2942.97271121	847.908556569
2972.37448466	853.869740875
3001.7762581	859.830925182
3031.17803154	865.792109488
3060.57980499	871.753293795
3089.98157843	877.714478101
3119.38335188	883.675662408
3148.78512532	889.636846715
3178.18689877	895.598031021
3207.58867221	901.559215328
3236.99044565	907.520399634
3266.3922191	913.481583941
3295.79399254	919.442768247
3325.19576599	925.403952554
3354.59753943	931.36513686
3383.99931287	937.326321167
3413.40108632	943.287505474
3442.80285976	949.24868978
3472.20463321	955.209874087
3501.60640665	961.171058393
3531.0081801	967.1322427
3560.40995354	973.093427006
3589.81172698	979.054611313
3619.21350043	985.015795619
3648.61527387	990.976979926
3678.01704732	996.938164233
3707.41882076	1002.89934854
3736.8205942	1008.86053285
3766.22236765	1014.82171715
3795.62414109	1020.78290146
3825.02591454	1026.74408577
3854.42768798	1032.70527007
3883.82946143	1038.66645438
3913.23123487	1044.62763868
3942.63300831	1050.58882299
3972.03478176	1056.5500073
4001.4365552	1062.5111916
4030.83832865	1068.47237591
4060.24010209	1074.43356022
4089.64187553	1080.39474452
4119.04364898	1086.35592883
4148.44542242	1092.31711314
4177.84719587	1098.27829744
4207.24896931	1104.23948175
4236.65074276	1110.20066606
#helix: (126.5, 2592.5),(1233.5, 2592.5),300
276.5	2592.5
306.5	2592.5
336.5	2592.5
366.5	2592.5
396.5	2592.5
426.5	2592.5
456.5	2592.5
486.5	2592.5
516.5	2592.5
546.5	2592.5
576.5	2592.5
606.5	2592.5
636.5	2592.5
666.5	2592.5
696.5	2592.5
726.5	2592.5
756.5	2592.5
786.5	2592.5
816.5	2592.5
846.5	2592.5
876.5	2592.5
906.5	2592.5
936.5	2592.5
966.5	2592.5
996.5	2592.5
1026.5	2592.5
1056.5	2592.5
1086.5	2592.5
#helix: (3564.5, 3312.5),(2178.5, 3114.5),300
3416.00757595	3291.28679656
3386.30909114	3287.04415588
3356.61060633	3282.80151519
3326.91212152	3278.5588745
3297.21363671	3274.31623382
3267.5151519	3270.07359313
3237.81666709	3265.83095244
3208.11818228	3261.58831175
3178.41969747	3257.34567107
3148.72121266	3253.10303038
3119.02272785	3248.86038969
3089.32424304	3244.61774901
3059.62575823	3240.37510832
3029.92727342	3236.13246763
3000.22878861	3231.88982694
2970.5303038	3227.64718626
2940.83181899	3223.40454557
2911.13333418	3219.16190488
2881.43484937	3214.9192642
2851.73636456	3210.67662351
2822.03787975	3206.43398282
2792.33939494	3202.19134213
2762.64091013	3197.94870145
2732.94242532	3193.70606076
2703.24394051	3189.46342007
2673.5454557	3185.22077939
2643.8469709	3180.9781387
2614.14848609	3176.73549801
2584.45000128	3172.49285733
2554.75151647	3168.25021664
2525.05303166	3164.00757595
2495.35454685	3159.76493526
2465.65606204	3155.52229458
2435.95757723	3151.27965389
2406.25909242	3147.0370132
2376.56060761	3142.79437252
2346.8621228	3138.55173183
2317.16363799	3134.30909114
#helix: (1116.5, 2619.5),(2214.5, 2637.5),300
1266.47984819	2621.95868604
1296.47581783	2622.45042324
1326.47178747	2622.94216045
1356.4677571	2623.43389766
1386.46372674	2623.92563486
1416.45969638	2624.41737207
1446.45566602	2624.90910928
1476.45163566	2625.40084649
1506.44760529	2625.89258369
1536.44357493	2626.3843209
1566.43954457	2626.87605811
1596.43551421	2627.36779531
1626.43148384	2627.85953252
1656.42745348	2628.35126973
1686.42342312	2628.84300694
1716.41939276	2629.33474414
1746.4153624	2629.82648135
1776.41133203	2630.31821856
1806.40730167	2630.80995577
1836.40327131	2631.30169297
1866.39924095	2631.79343018
1896.39521059	2632.28516739
1926.39118022	2632.77690459
1956.38714986	2633.2686418
1986.3831195	2633.76037901
2016.37908914	2634.25211622
2046.37505878	2634.74385342
2076.37102841	2635.23559063
#helix: (2538.5, 4050.5),(6489.5, 1998.5),300
2671.61725628	3981.36393068
2698.24070753	3967.53671682
2724.86415879	3953.70950295
2751.48761004	3939.88228909
2778.1110613	3926.05507522
2804.73451256	3912.22786136
2831.35796381	3898.4006475
2857.98141507	3884.57343363
2884.60486632	3870.74621977
2911.22831758	3856.9190059
2937.85176883	3843.09179204
2964.47522009	3829.26457818
2991.09867135	3815.43736431
3017.7221226	3801.61015045
3044.34557386	3787.78293658
3070.96902511	3773.95572272
3097.59247637	3760.12850886
3124.21592762	3746.30129499
3150.83937888	3732.47408113
3177.46283013	3718.64686726
3204.08628139	3704.8196534
3230.70973265	3690.99243954
3257.3331839	3677.16522567
3283.95663516	3663.33801181
3310.58008641	3649.51079795
3337.20353767	3635.68358408
3363.82698892	3621.85637022
3390.45044018	3608.02915635
3417.07389144	3594.20194249
3443.69734269	3580.37472863
3470.32079395	3566.54751476
3496.9442452	3552.7203009
3523.56769646	3538.89308703
3550.19114771	3525.06587317
3576.81459897	3511.23865931
3603.43805022	3497.41144544
3630.06150148	3483.58423158
3656.68495274	3469.75701771
3683.30840399	3455.92980385
3709.93185525	3442.10258999
3736.5553065	3428.27537612
3763.17875776	3414.44816226
3789.80220901	3400.62094839
3816.42566027	3386.79373453
3843.04911153	3372.96652067
3869.67256278	3359.1393068
3896.29601404	3345.31209294
3922.91946529	3331.48487907
3949.54291655	3317.65766521
3976.1663678	3303.83045135
4002.78981906	3290.00323748
4029.41327031	3276.17602362
4056.03672157	3262.34880975
4082.66017283	3248.52159589
4109.28362408	3234.69438203
4135.90707534	3220.86716816
4162.53052659	3207.0399543
4189.15397785	3193.21274043
4215.7774291	3179.38552657
4242.40088036	3165.55831271
4269.02433162	3151.73109884
4295.64778287	3137.90388498
4322.27123413	3124.07667111
4348.89468538	3110.24945725
4375.51813664	3096.42224339
4402.14158789	3082.59502952
4428.76503915	3068.76781566
4455.3884904	3054.94060179
4482.01194166	3041.11338793
4508.63539292	3027.28617407
4535.25884417	3013.4589602
4561.88229543	2999.63174634
4588.50574668	2985.80453247
4615.12919794	2971.97731861
4641.75264919	2958.15010475
4668.37610045	2944.32289088
4694.9995517	2930.49567702
4721.62300296	2916.66846315
4748.24645422	2902.84124929
4774.86990547	2889.01403543
4801.49335673	2875.18682156
4828.11680798	2861.3596077
4854.74025924	2847.53239384
4881.36371049	2833.70517997
4907.98716175	2819.87796611
4934.61061301	2806.05075224
4961.23406426	2792.22353838
4987.85751552	2778.39632452
5014.48096677	2764.56911065
5041.10441803	2750.74189679
5067.72786928	2736.91468292
5094.35132054	2723.08746906
5120.97477179	2709.2602552
5147.59822305	2695.43304133
5174.22167431	2681.60582747
5200.84512556	2667.7786136
5227.46857682	2653.95139974
5254.09202807	2640.12418588
5280.71547933	2626.29697201
5307.33893058	2612.46975815
5333.96238184	2598.64254428
5360.5858331	2584.81533042
5387.20928435	2570.98811656
5413.83273561	2557.16090269
5440.45618686	2543.33368883
5467.07963812	2529.50647496
5493.70308937	2515.6792611
5520.32654063	2501.85204724
5546.94999188	2488.02483337
5573.57344314	2474.19761951
5600.1968944	2460.37040564
5626.82034565	2446.54319178
5653.44379691	2432.71597792
5680.06724816	2418.88876405
5706.69069942	2405.06155019
5733.31415067	2391.23433632
5759.93760193	2377.40712246
5786.56105319	2363.5799086
5813.18450444	2349.75269473
5839.8079557	2335.92548087
5866.43140695	2322.098267
5893.05485821	2308.27105314
5919.67830946	2294.44383928
5946.30176072	2280.61662541
5972.92521197	2266.78941155
5999.54866323	2252.96219768
6026.17211449	2239.13498382
6052.79556574	2225.30776996
6079.419017	2211.48055609
6106.04246825	2197.65334223
6132.66591951	2183.82612836
6159.28937076	2169.9989145
6185.91282202	2156.17170064
6212.53627328	2142.34448677
6239.15972453	2128.51727291
6265.78317579	2114.69005904
6292.40662704	2100.86284518
6319.0300783	2087.03563132
6345.65352955	2073.20841745
6372.27698081	2059.38120359
#helix: (3087.5, 2790.5),(2205.5, 2628.5),300
2939.96792507	2763.40227195
2910.46151008	2757.98272634
2880.95509509	2752.56318073
2851.4486801	2747.14363512
2821.94226512	2741.72408951
2792.43585013	2736.3045439
2762.92943514	2730.88499829
2733.42302016	2725.46545268
2703.91660517	2720.04590707
2674.41019018	2714.62636146
2644.9037752	2709.20681585
2615.39736021	2703.78727024
2585.89094522	2698.36772463
2556.38453023	2692.94817902
2526.87811525	2687.52863341
2497.37170026	2682.1090878
2467.86528527	2676.68954219
2438.35887029	2671.26999658
2408.8524553	2665.85045097
2379.34604031	2660.43090536
2349.83962533	2655.01135975
#helix: (5589.5, 3321.5),(4491.5, 2844.5),300
5451.92156941	3261.73232114
5424.40588329	3249.77878536
5396.89019718	3237.82524959
5369.37451106	3225.87171382
5341.85882494	3213.91817805
5314.34313882	3201.96464227
5286.8274527	3190.0111065
5259.31176659	3178.05757073
5231.79608047	3166.10403496
5204.28039435	3154.15049918
5176.76470823	3142.19696341
5149.24902211	3130.24342764
5121.733336	3118.28989187
5094.21764988	3106.33635609
5066.70196376	3094.38282032
5039.18627764	3082.42928455
5011.67059153	3070.47574878
4984.15490541	3058.522213
4956.63921929	3046.56867723
4929.12353317	3034.61514146
4901.60784705	3022.66160569
4874.09216094	3010.70806991
4846.57647482	2998.75453414
4819.0607887	2986.80099837
4791.54510258	2974.8474626
4764.02941646	2962.89392682
4736.51373035	2950.94039105
4708.99804423	2938.98685528
4681.48235811	2927.03331951
4653.96667199	2915.07978373
4626.45098588	2903.12624796
#helix: (1935.5, 1674.5),(4086.5, 2142.5),300
2082.07091747	1706.38990673
2111.38510097	1712.76788808
2140.69928446	1719.14586942
2170.01346796	1725.52385077
2199.32765145	1731.90183211
2228.64183494	1738.27981346
2257.95601844	1744.65779481
2287.27020193	1751.03577615
2316.58438543	1757.4137575
2345.89856892	1763.79173885
2375.21275242	1770.16972019
2404.52693591	1776.54770154
2433.84111941	1782.92568288
2463.1553029	1789.30366423
2492.4694864	1795.68164558
2521.78366989	1802.05962692
2551.09785338	1808.43760827
2580.41203688	1814.81558961
2609.72622037	1821.19357096
2639.04040387	1827.57155231
2668.35458736	1833.94953365
2697.66877086	1840.327515
2726.98295435	1846.70549634
2756.29713785	1853.08347769
2785.61132134	1859.46145904
2814.92550483	1865.83944038
2844.23968833	1872.21742173
2873.55387182	1878.59540307
2902.86805532	1884.97338442
2932.18223881	1891.35136577
2961.49642231	1897.72934711
2990.8106058	1904.10732846
3020.1247893	1910.48530981
3049.43897279	1916.86329115
3078.75315629	1923.2412725
3108.06733978	1929.61925384
3137.38152327	1935.99723519
3166.69570677	1942.37521654
3196.00989026	1948.75319788
3225.32407376	1955.13117923
3254.63825725	1961.50916057
3283.95244075	1967.88714192
3313.26662424	1974.26512327
3342.58080774	1980.64310461
3371.89499123	1987.02108596
3401.20917472	1993.3990673
3430.52335822	1999.77704865
3459.83754171	2006.15503
3489.15172521	2012.53301134
3518.4659087	2018.91099269
3547.7800922	2025.28897403
3577.09427569	2031.66695538
3606.40845919	2038.04493673
3635.72264268	2044.42291807
3665.03682618	2050.80089942
3694.35100967	2057.17888076
3723.66519316	2063.55686211
3752.97937666	2069.93484346
3782.29356015	2076.3128248
3811.60774365	2082.69080615
3840.92192714	2089.0687875
3870.23611064	2095.44676884
3899.55029413	2101.82475019
3928.86447763	2108.20273153
3958.17866112	2114.58071288
#helix: (4527.5, 2826.5),(3294.5, 2466.5),300
4383.51177696	2784.45964291
4354.71413235	2776.05157149
4325.91648774	2767.64350007
4297.11884313	2759.23542865
4268.32119852	2750.82735723
4239.52355391	2742.41928581
4210.7259093	2734.01121439
4181.92826469	2725.60314298
4153.13062008	2717.19507156
4124.33297548	2708.78700014
4095.53533087	2700.37892872
4066.73768626	2691.9708573
4037.94004165	2683.56278588
4009.14239704	2675.15471446
3980.34475243	2666.74664305
3951.54710782	2658.33857163
3922.74946321	2649.93050021
3893.9518186	2641.52242879
3865.154174	2633.11435737
3836.35652939	2624.70628595
3807.55888478	2616.29821453
3778.76124017	2607.89014312
3749.96359556	2599.4820717
3721.16595095	2591.07400028
3692.36830634	2582.66592886
3663.57066173	2574.25785744
3634.77301712	2565.84978602
3605.97537252	2557.4417146
3577.17772791	2549.03364318
3548.3800833	2540.62557177
3519.58243869	2532.21750035
3490.78479408	2523.80942893
3461.98714947	2515.40135751
3433.18950486	2506.99328609
#helix: (5670.5, 3771.5),(3951.5, 3024.5),300
5532.92804302	3711.71742183
5505.41365162	3699.7609062
5477.89926022	3687.80439057
5450.38486883	3675.84787494
5422.87047743	3663.8913593
5395.35608604	3651.93484367
5367.84169464	3639.97832804
5340.32730324	3628.0218124
5312.81291185	3616.06529677
5285.29852045	3604.10878114
5257.78412905	3592.1522655
5230.26973766	3580.19574987
5202.75534626	3568.23923424
5175.24095486	3556.28271861
5147.72656347	3544.32620297
5120.21217207	3532.36968734
5092.69778067	3520.41317171
5065.18338928	3508.45665607
5037.66899788	3496.50014044
5010.15460649	3484.54362481
4982.64021509	3472.58710917
4955.12582369	3460.63059354
4927.6114323	3448.67407791
4900.0970409	3436.71756228
4872.5826495	3424.76104664
4845.06825811	3412.80453101
4817.55386671	3400.84801538
4790.03947531	3388.89149974
4762.52508392	3376.93498411
4735.01069252	3364.97846848
4707.49630112	3353.02195284
4679.98190973	3341.06543721
4652.46751833	3329.10892158
4624.95312693	3317.15240595
4597.43873554	3305.19589031
4569.92434414	3293.23937468
4542.40995275	3281.28285905
4514.89556135	3269.32634341
4487.38116995	3257.36982778
4459.86677856	3245.41331215
4432.35238716	3233.45679651
4404.83799576	3221.50028088
4377.32360437	3209.54376525
4349.80921297	3197.58724962
4322.29482157	3185.63073398
4294.78043018	3173.67421835
4267.26603878	3161.71770272
4239.75164738	3149.76118708
4212.23725599	3137.80467145
4184.72286459	3125.84815582
4157.20847319	3113.89164018
4129.6940818	3101.93512455
4102.1796904	3089.97860892
4074.66529901	3078.02209329
#helix: (4509.5, 657.4999999999999),(4743.5, 702.4999999999999),300
#helix: (3420.5, 1485.5),(4797.5, 1836.5),300
3565.8521803	1522.55055576
3594.92261636	1529.96066692
3623.99305242	1537.37077807
3653.06348848	1544.78088922
3682.13392454	1552.19100037
3711.2043606	1559.60111153
3740.27479666	1567.01122268
3769.34523272	1574.42133383
3798.41566878	1581.83144498
3827.48610484	1589.24155614
3856.5565409	1596.65166729
3885.62697696	1604.06177844
3914.69741302	1611.47188959
3943.76784908	1618.88200075
3972.83828514	1626.2921119
4001.9087212	1633.70222305
4030.97915726	1641.1123342
4060.04959332	1648.52244536
4089.12002938	1655.93255651
4118.19046544	1663.34266766
4147.2609015	1670.75277881
4176.33133756	1678.16288997
4205.40177361	1685.57300112
4234.47220967	1692.98311227
4263.54264573	1700.39322342
4292.61308179	1707.80333458
4321.68351785	1715.21344573
4350.75395391	1722.62355688
4379.82438997	1730.03366803
4408.89482603	1737.44377919
4437.96526209	1744.85389034
4467.03569815	1752.26400149
4496.10613421	1759.67411264
4525.17657027	1767.0842238
4554.24700633	1774.49433495
4583.31744239	1781.9044461
4612.38787845	1789.31455725
4641.45831451	1796.72466841
4670.52875057	1804.13477956
#helix: (1575.5, 162.4999999999999),(3429.5, 1458.5),300
1698.44083715	248.43922597
1723.02900458	265.627071164
1747.61717201	282.814916358
1772.20533944	300.002761552
1796.79350687	317.190606747
1821.3816743	334.378451941
1845.96984173	351.566297135
1870.55800916	368.754142329
1895.1461766	385.941987523
1919.73434403	403.129832717
1944.32251146	420.317677911
1968.91067889	437.505523105
1993.49884632	454.693368299
2018.08701375	471.881213493
2042.67518118	489.069058687
2067.26334861	506.256903881
2091.85151604	523.444749075
2116.43968347	540.632594269
2141.0278509	557.820439463
2165.61601833	575.008284657
2190.20418576	592.196129852
2214.79235319	609.383975046
2239.38052062	626.57182024
2263.96868805	643.759665434
2288.55685548	660.947510628
2313.14502291	678.135355822
2337.73319034	695.323201016
2362.32135777	712.51104621
2386.9095252	729.698891404
2411.49769263	746.886736598
2436.08586006	764.074581792
2460.67402749	781.262426986
2485.26219492	798.45027218
2509.85036235	815.638117374
2534.43852979	832.825962568
2559.02669722	850.013807762
2583.61486465	867.201652956
2608.20303208	884.389498151
2632.79119951	901.577343345
2657.37936694	918.765188539
2681.96753437	935.953033733
2706.5557018	953.140878927
2731.14386923	970.328724121
2755.73203666	987.516569315
2780.32020409	1004.70441451
2804.90837152	1021.8922597
2829.49653895	1039.0801049
2854.08470638	1056.26795009
2878.67287381	1073.45579529
2903.26104124	1090.64364048
2927.84920867	1107.83148567
2952.4373761	1125.01933087
2977.02554353	1142.20717606
3001.61371096	1159.39502126
3026.20187839	1176.58286645
3050.79004582	1193.77071164
3075.37821325	1210.95855684
3099.96638068	1228.14640203
3124.55454811	1245.33424723
3149.14271555	1262.52209242
3173.73088298	1279.70993761
3198.31905041	1296.89778281
3222.90721784	1314.085628
3247.49538527	1331.2734732
3272.0835527	1348.46131839
3296.67172013	1365.64916358
3321.25988756	1382.83700878
#helix: (54.5, 3564.5),(2718.5, 234.5),300
148.204257133	3447.36967858
166.94510856	3423.9436143
185.685959986	3400.51755002
204.426811413	3377.09148573
223.16766284	3353.66542145
241.908514266	3330.23935717
260.649365693	3306.81329288
279.39021712	3283.3872286
298.131068546	3259.96116432
316.871919973	3236.53510003
335.612771399	3213.10903575
354.353622826	3189.68297147
373.094474253	3166.25690718
391.835325679	3142.8308429
410.576177106	3119.40477862
429.317028533	3095.97871433
448.057879959	3072.55265005
466.798731386	3049.12658577
485.539582813	3025.70052148
504.280434239	3002.2744572
523.021285666	2978.84839292
541.762137092	2955.42232863
560.502988519	2931.99626435
579.243839946	2908.57020007
597.984691372	2885.14413578
616.725542799	2861.7180715
635.466394226	2838.29200722
654.207245652	2814.86594293
672.948097079	2791.43987865
691.688948506	2768.01381437
710.429799932	2744.58775008
729.170651359	2721.1616858
747.911502785	2697.73562152
766.652354212	2674.30955723
785.393205639	2650.88349295
804.134057065	2627.45742867
822.874908492	2604.03136439
841.615759919	2580.6053001
860.356611345	2557.17923582
879.097462772	2533.75317154
897.838314198	2510.32710725
916.579165625	2486.90104297
935.320017052	2463.47497869
954.060868478	2440.0489144
972.801719905	2416.62285012
991.542571332	2393.19678584
1010.28342276	2369.77072155
1029.02427418	2346.34465727
1047.76512561	2322.91859299
1066.50597704	2299.4925287
1085.24682846	2276.06646442
1103.98767989	2252.64040014
1122.72853132	2229.21433585
1141.46938274	2205.78827157
1160.21023417	2182.36220729
1178.9510856	2158.936143
1197.69193702	2135.51007872
1216.43278845	2112.08401444
1235.17363988	2088.65795015
1253.9144913	2065.23188587
1272.65534273	2041.80582159
1291.39619416	2018.3797573
1310.13704558	1994.95369302
1328.87789701	1971.52762874
1347.61874844	1948.10156445
1366.35959986	1924.67550017
1385.10045129	1901.24943589
1403.84130272	1877.8233716
1422.58215414	1854.39730732
1441.32300557	1830.97124304
1460.063857	1807.54517875
1478.80470842	1784.11911447
1497.54555985	1760.69305019
1516.28641128	1737.2669859
1535.0272627	1713.84092162
1553.76811413	1690.41485734
1572.50896556	1666.98879305
1591.24981698	1643.56272877
1609.99066841	1620.13666449
1628.73151984	1596.7106002
1647.47237126	1573.28453592
1666.21322269	1549.85847164
1684.95407412	1526.43240735
1703.69492554	1503.00634307
1722.43577697	1479.58027879
1741.1766284	1456.1542145
1759.91747982	1432.72815022
1778.65833125	1409.30208594
1797.39918268	1385.87602165
1816.1400341	1362.44995737
1834.88088553	1339.02389309
1853.62173696	1315.5978288
1872.36258838	1292.17176452
1891.10343981	1268.74570024
1909.84429124	1245.31963595
1928.58514266	1221.89357167
1947.32599409	1198.46750739
1966.06684552	1175.0414431
1984.80769694	1151.61537882
2003.54854837	1128.18931454
2022.2893998	1104.76325025
2041.03025122	1081.33718597
2059.77110265	1057.91112169
2078.51195408	1034.4850574
2097.2528055	1011.05899312
2115.99365693	987.632928838
2134.73450836	964.206864555
2153.47535978	940.780800271
2172.21621121	917.354735988
2190.95706264	893.928671705
2209.69791406	870.502607422
2228.43876549	847.076543138
2247.17961692	823.650478855
2265.92046834	800.224414572
2284.66131977	776.798350288
2303.4021712	753.372286005
2322.14302262	729.946221722
2340.88387405	706.520157439
2359.62472548	683.094093155
2378.3655769	659.668028872
2397.10642833	636.241964589
2415.84727976	612.815900305
2434.58813118	589.389836022
2453.32898261	565.963771739
2472.06983404	542.537707455
2490.81068546	519.111643172
2509.55153689	495.685578889
2528.29238832	472.259514606
2547.03323974	448.833450322
2565.77409117	425.407386039
2584.5149426	401.981321756
2603.25579402	378.555257472
2621.99664545	355.129193189
2640.73749688	331.703128906
