#micrograph: ../Source/micrographs/Microtubules_00104.mrc
#particle length: 300
#particle width: 300
#helix: (3942.5, 189.4999999999999),(5598.5, 2844.5),300
4021.88346657	316.772405635
4037.76015988	342.226886762
4053.63685319	367.681367889
4069.5135465	393.135849016
4085.39023982	418.590330143
4101.26693313	444.04481127
4117.14362644	469.499292396
4133.02031976	494.953773523
4148.89701307	520.40825465
4164.77370638	545.862735777
4180.6503997	571.317216904
4196.52709301	596.771698031
4212.40378632	622.226179158
4228.28047964	647.680660285
4244.15717295	673.135141412
4260.03386626	698.589622539
4275.91055957	724.044103666
4291.78725289	749.498584793
4307.6639462	774.95306592
4323.54063951	800.407547047
4339.41733283	825.862028174
4355.29402614	851.316509301
4371.17071945	876.770990428
4387.04741277	902.225471555
4402.92410608	927.679952682
4418.80079939	953.134433809
4434.67749271	978.588914936
4450.55418602	1004.04339606
4466.43087933	1029.49787719
4482.30757264	1054.95235832
4498.18426596	1080.40683944
4514.06095927	1105.86132057
4529.93765258	1131.3158017
4545.8143459	1156.77028282
4561.69103921	1182.22476395
4577.56773252	1207.67924508
4593.44442584	1233.13372621
4609.32111915	1258.58820733
4625.19781246	1284.04268846
4641.07450578	1309.49716959
4656.95119909	1334.95165071
4672.8278924	1360.40613184
4688.70458571	1385.86061297
4704.58127903	1411.31509409
4720.45797234	1436.76957522
4736.33466565	1462.22405635
4752.21135897	1487.67853747
4768.08805228	1513.1330186
4783.96474559	1538.58749973
4799.84143891	1564.04198086
4815.71813222	1589.49646198
4831.59482553	1614.95094311
4847.47151885	1640.40542424
4863.34821216	1665.85990536
4879.22490547	1691.31438649
4895.10159878	1716.76886762
4910.9782921	1742.22334874
4926.85498541	1767.67782987
4942.73167872	1793.132311
4958.60837204	1818.58679212
4974.48506535	1844.04127325
4990.36175866	1869.49575438
5006.23845198	1894.95023551
5022.11514529	1920.40471663
5037.9918386	1945.85919776
5053.86853192	1971.31367889
5069.74522523	1996.76816001
5085.62191854	2022.22264114
5101.49861185	2047.67712227
5117.37530517	2073.13160339
5133.25199848	2098.58608452
5149.12869179	2124.04056565
5165.00538511	2149.49504678
5180.88207842	2174.9495279
5196.75877173	2200.40400903
5212.63546505	2225.85849016
5228.51215836	2251.31297128
5244.38885167	2276.76745241
5260.26554499	2302.22193354
5276.1422383	2327.67641466
5292.01893161	2353.13089579
5307.89562493	2378.58537692
5323.77231824	2404.03985804
5339.64901155	2429.49433917
5355.52570486	2454.9488203
5371.40239818	2480.40330143
5387.27909149	2505.85778255
5403.1557848	2531.31226368
5419.03247812	2556.76674481
5434.90917143	2582.22122593
5450.78586474	2607.67570706
5466.66255806	2633.13018819
5482.53925137	2658.58466931
5498.41594468	2684.03915044
5514.292638	2709.49363157
5530.16933131	2734.9481127
#helix: (4509.5, 108.49999999999989),(5697.5, 2142.5),300
4585.15191127	238.025242023
4600.28229352	263.930290428
4615.41267578	289.835338832
4630.54305803	315.740387237
4645.67344029	341.645435642
4660.80382254	367.550484046
4675.93420479	393.455532451
4691.06458705	419.360580856
4706.1949693	445.26562926
4721.32535156	471.170677665
4736.45573381	497.07572607
4751.58611606	522.980774474
4766.71649832	548.885822879
4781.84688057	574.790871284
4796.97726283	600.695919688
4812.10764508	626.600968093
4827.23802733	652.506016497
4842.36840959	678.411064902
4857.49879184	704.316113307
4872.6291741	730.221161711
4887.75955635	756.126210116
4902.8899386	782.031258521
4918.02032086	807.936306925
4933.15070311	833.84135533
4948.28108537	859.746403735
4963.41146762	885.651452139
4978.54184988	911.556500544
4993.67223213	937.461548948
5008.80261438	963.366597353
5023.93299664	989.271645758
5039.06337889	1015.17669416
5054.19376115	1041.08174257
5069.3241434	1066.98679097
5084.45452565	1092.89183938
5099.58490791	1118.79688778
5114.71529016	1144.70193619
5129.84567242	1170.60698459
5144.97605467	1196.51203299
5160.10643692	1222.4170814
5175.23681918	1248.3221298
5190.36720143	1274.22717821
5205.49758369	1300.13222661
5220.62796594	1326.03727502
5235.75834819	1351.94232342
5250.88873045	1377.84737183
5266.0191127	1403.75242023
5281.14949496	1429.65746864
5296.27987721	1455.56251704
5311.41025946	1481.46756545
5326.54064172	1507.37261385
5341.67102397	1533.27766226
5356.80140623	1559.18271066
5371.93178848	1585.08775906
5387.06217073	1610.99280747
5402.19255299	1636.89785587
5417.32293524	1662.80290428
5432.4533175	1688.70795268
5447.58369975	1714.61300109
5462.714082	1740.51804949
5477.84446426	1766.4230979
5492.97484651	1792.3281463
5508.10522877	1818.23319471
5523.23561102	1844.13824311
5538.36599327	1870.04329152
5553.49637553	1895.94833992
5568.62675778	1921.85338832
5583.75714004	1947.75843673
5598.88752229	1973.66348513
5614.01790454	1999.56853354
5629.1482868	2025.47358194
#helix: (3375.5, 189.4999999999999),(5634.5, 3897.5),300
3453.54135488	317.599753821
3469.14962585	343.219704585
3484.75789683	368.83965535
3500.3661678	394.459606114
3515.97443878	420.079556878
3531.58270975	445.699507642
3547.19098073	471.319458407
3562.7992517	496.939409171
3578.40752268	522.559359935
3594.01579365	548.179310699
3609.62406463	573.799261463
3625.2323356	599.419212228
3640.84060658	625.039162992
3656.44887756	650.659113756
3672.05714853	676.27906452
3687.66541951	701.899015285
3703.27369048	727.518966049
3718.88196146	753.138916813
3734.49023243	778.758867577
3750.09850341	804.378818342
3765.70677438	829.998769106
3781.31504536	855.61871987
3796.92331633	881.238670634
3812.53158731	906.858621399
3828.13985828	932.478572163
3843.74812926	958.098522927
3859.35640023	983.718473691
3874.96467121	1009.33842446
3890.57294218	1034.95837522
3906.18121316	1060.57832598
3921.78948414	1086.19827675
3937.39775511	1111.81822751
3953.00602609	1137.43817828
3968.61429706	1163.05812904
3984.22256804	1188.67807981
3999.83083901	1214.29803057
4015.43910999	1239.91798133
4031.04738096	1265.5379321
4046.65565194	1291.15788286
4062.26392291	1316.77783363
4077.87219389	1342.39778439
4093.48046486	1368.01773515
4109.08873584	1393.63768592
4124.69700681	1419.25763668
4140.30527779	1444.87758745
4155.91354876	1470.49753821
4171.52181974	1496.11748898
4187.13009072	1521.73743974
4202.73836169	1547.3573905
4218.34663267	1572.97734127
4233.95490364	1598.59729203
4249.56317462	1624.2172428
4265.17144559	1649.83719356
4280.77971657	1675.45714433
4296.38798754	1701.07709509
4311.99625852	1726.69704585
4327.60452949	1752.31699662
4343.21280047	1777.93694738
4358.82107144	1803.55689815
4374.42934242	1829.17684891
4390.03761339	1854.79679968
4405.64588437	1880.41675044
4421.25415534	1906.0367012
4436.86242632	1931.65665197
4452.4706973	1957.27660273
4468.07896827	1982.8965535
4483.68723925	2008.51650426
4499.29551022	2034.13645502
4514.9037812	2059.75640579
4530.51205217	2085.37635655
4546.12032315	2110.99630732
4561.72859412	2136.61625808
4577.3368651	2162.23620885
4592.94513607	2187.85615961
4608.55340705	2213.47611037
4624.16167802	2239.09606114
4639.769949	2264.7160119
4655.37821997	2290.33596267
4670.98649095	2315.95591343
4686.59476192	2341.5758642
4702.2030329	2367.19581496
4717.81130388	2392.81576572
4733.41957485	2418.43571649
4749.02784583	2444.05566725
4764.6361168	2469.67561802
4780.24438778	2495.29556878
4795.85265875	2520.91551955
4811.46092973	2546.53547031
4827.0692007	2572.15542107
4842.67747168	2597.77537184
4858.28574265	2623.3953226
4873.89401363	2649.01527337
4889.5022846	2674.63522413
4905.11055558	2700.25517489
4920.71882655	2725.87512566
4936.32709753	2751.49507642
4951.9353685	2777.11502719
4967.54363948	2802.73497795
4983.15191046	2828.35492872
4998.76018143	2853.97487948
5014.36845241	2879.59483024
5029.97672338	2905.21478101
5045.58499436	2930.83473177
5061.19326533	2956.45468254
5076.80153631	2982.0746333
5092.40980728	3007.69458407
5108.01807826	3033.31453483
5123.62634923	3058.93448559
5139.23462021	3084.55443636
5154.84289118	3110.17438712
5170.45116216	3135.79433789
5186.05943313	3161.41428865
5201.66770411	3187.03423942
5217.27597509	3212.65419018
5232.88424606	3238.27414094
5248.49251704	3263.89409171
5264.10078801	3289.51404247
5279.70905899	3315.13399324
5295.31732996	3340.753944
5310.92560094	3366.37389476
5326.53387191	3391.99384553
5342.14214289	3417.61379629
5357.75041386	3443.23374706
5373.35868484	3468.85369782
5388.96695581	3494.47364859
5404.57522679	3520.09359935
5420.18349776	3545.71355011
5435.79176874	3571.33350088
5451.40003971	3596.95345164
5467.00831069	3622.57340241
5482.61658167	3648.19335317
5498.22485264	3673.81330394
5513.83312362	3699.4332547
5529.44139459	3725.05320546
5545.04966557	3750.67315623
5560.65793654	3776.29310699
#helix: (1683.5, 1449.5),(3276.5, 3933.5),300
1764.47485773	1575.76587985
1780.66982928	1601.01905582
1796.86480083	1626.2722318
1813.05977237	1651.52540777
1829.25474392	1676.77858374
1845.44971546	1702.03175971
1861.64468701	1727.28493568
1877.83965856	1752.53811165
1894.0346301	1777.79128762
1910.22960165	1803.04446359
1926.4245732	1828.29763956
1942.61954474	1853.55081553
1958.81451629	1878.8039915
1975.00948784	1904.05716747
1991.20445938	1929.31034344
2007.39943093	1954.56351941
2023.59440248	1979.81669539
2039.78937402	2005.06987136
2055.98434557	2030.32304733
2072.17931711	2055.5762233
2088.37428866	2080.82939927
2104.56926021	2106.08257524
2120.76423175	2131.33575121
2136.9592033	2156.58892718
2153.15417485	2181.84210315
2169.34914639	2207.09527912
2185.54411794	2232.34845509
2201.73908949	2257.60163106
2217.93406103	2282.85480703
2234.12903258	2308.10798301
2250.32400413	2333.36115898
2266.51897567	2358.61433495
2282.71394722	2383.86751092
2298.90891877	2409.12068689
2315.10389031	2434.37386286
2331.29886186	2459.62703883
2347.4938334	2484.8802148
2363.68880495	2510.13339077
2379.8837765	2535.38656674
2396.07874804	2560.63974271
2412.27371959	2585.89291868
2428.46869114	2611.14609465
2444.66366268	2636.39927063
2460.85863423	2661.6524466
2477.05360578	2686.90562257
2493.24857732	2712.15879854
2509.44354887	2737.41197451
2525.63852042	2762.66515048
2541.83349196	2787.91832645
2558.02846351	2813.17150242
2574.22343506	2838.42467839
2590.4184066	2863.67785436
2606.61337815	2888.93103033
2622.80834969	2914.1842063
2639.00332124	2939.43738227
2655.19829279	2964.69055824
2671.39326433	2989.94373422
2687.58823588	3015.19691019
2703.78320743	3040.45008616
2719.97817897	3065.70326213
2736.17315052	3090.9564381
2752.36812207	3116.20961407
2768.56309361	3141.46279004
2784.75806516	3166.71596601
2800.95303671	3191.96914198
2817.14800825	3217.22231795
2833.3429798	3242.47549392
2849.53795134	3267.72866989
2865.73292289	3292.98184586
2881.92789444	3318.23502184
2898.12286598	3343.48819781
2914.31783753	3368.74137378
2930.51280908	3393.99454975
2946.70778062	3419.24772572
2962.90275217	3444.50090169
2979.09772372	3469.75407766
2995.29269526	3495.00725363
3011.48766681	3520.2604296
3027.68263836	3545.51360557
3043.8776099	3570.76678154
3060.07258145	3596.01995751
3076.267553	3621.27313348
3092.46252454	3646.52630945
3108.65749609	3671.77948543
3124.85246763	3697.0326614
3141.04743918	3722.28583737
3157.24241073	3747.53901334
3173.43738227	3772.79218931
3189.63235382	3798.04536528
3205.82732537	3823.29854125
#helix: (2079.5, 234.4999999999999),(4383.5, 4122.5),300
2155.97035855	363.543730045
2171.26443025	389.352476054
2186.55850196	415.161222063
2201.85257367	440.969968072
2217.14664538	466.778714081
2232.44071709	492.58746009
2247.7347888	518.396206099
2263.02886051	544.204952108
2278.32293222	570.013698117
2293.61700393	595.822444126
2308.91107564	621.631190135
2324.20514734	647.439936144
2339.49921905	673.248682153
2354.79329076	699.057428162
2370.08736247	724.866174171
2385.38143418	750.674920181
2400.67550589	776.48366619
2415.9695776	802.292412199
2431.26364931	828.101158208
2446.55772102	853.909904217
2461.85179273	879.718650226
2477.14586444	905.527396235
2492.43993614	931.336142244
2507.73400785	957.144888253
2523.02807956	982.953634262
2538.32215127	1008.76238027
2553.61622298	1034.57112628
2568.91029469	1060.37987229
2584.2043664	1086.1886183
2599.49843811	1111.99736431
2614.79250982	1137.80611032
2630.08658153	1163.61485632
2645.38065323	1189.42360233
2660.67472494	1215.23234834
2675.96879665	1241.04109435
2691.26286836	1266.84984036
2706.55694007	1292.65858637
2721.85101178	1318.46733238
2737.14508349	1344.27607839
2752.4391552	1370.0848244
2767.73322691	1395.89357041
2783.02729862	1421.70231642
2798.32137033	1447.51106242
2813.61544203	1473.31980843
2828.90951374	1499.12855444
2844.20358545	1524.93730045
2859.49765716	1550.74604646
2874.79172887	1576.55479247
2890.08580058	1602.36353848
2905.37987229	1628.17228449
2920.673944	1653.9810305
2935.96801571	1679.78977651
2951.26208742	1705.59852251
2966.55615913	1731.40726852
2981.85023083	1757.21601453
2997.14430254	1783.02476054
3012.43837425	1808.83350655
3027.73244596	1834.64225256
3043.02651767	1860.45099857
3058.32058938	1886.25974458
3073.61466109	1912.06849059
3088.9087328	1937.8772366
3104.20280451	1963.6859826
3119.49687622	1989.49472861
3134.79094792	2015.30347462
3150.08501963	2041.11222063
3165.37909134	2066.92096664
3180.67316305	2092.72971265
3195.96723476	2118.53845866
3211.26130647	2144.34720467
3226.55537818	2170.15595068
3241.84944989	2195.96469669
3257.1435216	2221.77344269
3272.43759331	2247.5821887
3287.73166502	2273.39093471
3303.02573672	2299.19968072
3318.31980843	2325.00842673
3333.61388014	2350.81717274
3348.90795185	2376.62591875
3364.20202356	2402.43466476
3379.49609527	2428.24341077
3394.79016698	2454.05215678
3410.08423869	2479.86090279
3425.3783104	2505.66964879
3440.67238211	2531.4783948
3455.96645381	2557.28714081
3471.26052552	2583.09588682
3486.55459723	2608.90463283
3501.84866894	2634.71337884
3517.14274065	2660.52212485
3532.43681236	2686.33087086
3547.73088407	2712.13961687
3563.02495578	2737.94836288
3578.31902749	2763.75710888
3593.6130992	2789.56585489
3608.90717091	2815.3746009
3624.20124261	2841.18334691
3639.49531432	2866.99209292
3654.78938603	2892.80083893
3670.08345774	2918.60958494
3685.37752945	2944.41833095
3700.67160116	2970.22707696
3715.96567287	2996.03582297
3731.25974458	3021.84456897
3746.55381629	3047.65331498
3761.847888	3073.46206099
3777.1419597	3099.270807
3792.43603141	3125.07955301
3807.73010312	3150.88829902
3823.02417483	3176.69704503
3838.31824654	3202.50579104
3853.61231825	3228.31453705
3868.90638996	3254.12328306
3884.20046167	3279.93202906
3899.49453338	3305.74077507
3914.78860509	3331.54952108
3930.0826768	3357.35826709
3945.3767485	3383.1670131
3960.67082021	3408.97575911
3975.96489192	3434.78450512
3991.25896363	3460.59325113
4006.55303534	3486.40199714
4021.84710705	3512.21074315
4037.14117876	3538.01948916
4052.43525047	3563.82823516
4067.72932218	3589.63698117
4083.02339389	3615.44572718
4098.31746559	3641.25447319
4113.6115373	3667.0632192
4128.90560901	3692.87196521
4144.19968072	3718.68071122
4159.49375243	3744.48945723
4174.78782414	3770.29820324
4190.08189585	3796.10694925
4205.37596756	3821.91569525
4220.67003927	3847.72444126
4235.96411098	3873.53318727
4251.25818269	3899.34193328
4266.55225439	3925.15067929
4281.8463261	3950.9594253
4297.14039781	3976.76817131
4312.43446952	4002.57691732
#helix: (873.5000000000001, 135.4999999999999),(1647.5, 1386.5),300
952.421597061	263.059325482
968.205916473	288.571190578
983.990235885	314.083055675
999.774555297	339.594920771
1015.55887471	365.106785867
1031.34319412	390.618650964
1047.12751353	416.13051606
1062.91183295	441.642381156
1078.69615236	467.154246253
1094.48047177	492.666111349
1110.26479118	518.177976446
1126.04911059	543.689841542
1141.83343001	569.201706638
1157.61774942	594.713571735
1173.40206883	620.225436831
1189.18638824	645.737301927
1204.97070766	671.249167024
1220.75502707	696.76103212
1236.53934648	722.272897217
1252.32366589	747.784762313
1268.1079853	773.296627409
1283.89230472	798.808492506
1299.67662413	824.320357602
1315.46094354	849.832222698
1331.24526295	875.344087795
1347.02958236	900.855952891
1362.81390178	926.367817988
1378.59822119	951.879683084
1394.3825406	977.39154818
1410.16686001	1002.90341328
1425.95117943	1028.41527837
1441.73549884	1053.92714347
1457.51981825	1079.43900857
1473.30413766	1104.95087366
1489.08845707	1130.46273876
1504.87277649	1155.97460385
1520.6570959	1181.48646895
1536.44141531	1206.99833405
1552.22573472	1232.51019914
1568.01005413	1258.02206424
1583.79437355	1283.53392934
#helix: (1413.5, 135.4999999999999),(3735.5, 4032.5),300
1490.28012259	264.359663104
1505.63614711	290.131595725
1520.99217162	315.903528346
1536.34819614	341.675460966
1551.70422066	367.447393587
1567.06024518	393.219326208
1582.41626969	418.991258829
1597.77229421	444.76319145
1613.12831873	470.535124071
1628.48434325	496.307056691
1643.84036777	522.078989312
1659.19639228	547.850921933
1674.5524168	573.622854554
1689.90844132	599.394787175
1705.26446584	625.166719795
1720.62049035	650.938652416
1735.97651487	676.710585037
1751.33253939	702.482517658
1766.68856391	728.254450279
1782.04458843	754.026382899
1797.40061294	779.79831552
1812.75663746	805.570248141
1828.11266198	831.342180762
1843.4686865	857.114113383
1858.82471101	882.886046003
1874.18073553	908.657978624
1889.53676005	934.429911245
1904.89278457	960.201843866
1920.24880908	985.973776487
1935.6048336	1011.74570911
1950.96085812	1037.51764173
1966.31688264	1063.28957435
1981.67290716	1089.06150697
1997.02893167	1114.83343959
2012.38495619	1140.60537221
2027.74098071	1166.37730483
2043.09700523	1192.14923745
2058.45302974	1217.92117007
2073.80905426	1243.69310269
2089.16507878	1269.46503532
2104.5211033	1295.23696794
2119.87712781	1321.00890056
2135.23315233	1346.78083318
2150.58917685	1372.5527658
2165.94520137	1398.32469842
2181.30122589	1424.09663104
2196.6572504	1449.86856366
2212.01327492	1475.64049628
2227.36929944	1501.4124289
2242.72532396	1527.18436152
2258.08134847	1552.95629414
2273.43737299	1578.72822677
2288.79339751	1604.50015939
2304.14942203	1630.27209201
2319.50544654	1656.04402463
2334.86147106	1681.81595725
2350.21749558	1707.58788987
2365.5735201	1733.35982249
2380.92954462	1759.13175511
2396.28556913	1784.90368773
2411.64159365	1810.67562035
2426.99761817	1836.44755297
2442.35364269	1862.21948559
2457.7096672	1887.99141821
2473.06569172	1913.76335084
2488.42171624	1939.53528346
2503.77774076	1965.30721608
2519.13376528	1991.0791487
2534.48978979	2016.85108132
2549.84581431	2042.62301394
2565.20183883	2068.39494656
2580.55786335	2094.16687918
2595.91388786	2119.9388118
2611.26991238	2145.71074442
2626.6259369	2171.48267704
2641.98196142	2197.25460966
2657.33798593	2223.02654229
2672.69401045	2248.79847491
2688.05003497	2274.57040753
2703.40605949	2300.34234015
2718.76208401	2326.11427277
2734.11810852	2351.88620539
2749.47413304	2377.65813801
2764.83015756	2403.43007063
2780.18618208	2429.20200325
2795.54220659	2454.97393587
2810.89823111	2480.74586849
2826.25425563	2506.51780111
2841.61028015	2532.28973374
2856.96630466	2558.06166636
2872.32232918	2583.83359898
2887.6783537	2609.6055316
2903.03437822	2635.37746422
2918.39040274	2661.14939684
2933.74642725	2686.92132946
2949.10245177	2712.69326208
2964.45847629	2738.4651947
2979.81450081	2764.23712732
2995.17052532	2790.00905994
3010.52654984	2815.78099256
3025.88257436	2841.55292518
3041.23859888	2867.32485781
3056.59462339	2893.09679043
3071.95064791	2918.86872305
3087.30667243	2944.64065567
3102.66269695	2970.41258829
3118.01872147	2996.18452091
3133.37474598	3021.95645353
3148.7307705	3047.72838615
3164.08679502	3073.50031877
3179.44281954	3099.27225139
3194.79884405	3125.04418401
3210.15486857	3150.81611663
3225.51089309	3176.58804926
3240.86691761	3202.35998188
3256.22294213	3228.1319145
3271.57896664	3253.90384712
3286.93499116	3279.67577974
3302.29101568	3305.44771236
3317.6470402	3331.21964498
3333.00306471	3356.9915776
3348.35908923	3382.76351022
3363.71511375	3408.53544284
3379.07113827	3434.30737546
3394.42716278	3460.07930808
3409.7831873	3485.85124071
3425.13921182	3511.62317333
3440.49523634	3537.39510595
3455.85126086	3563.16703857
3471.20728537	3588.93897119
3486.56330989	3614.71090381
3501.91933441	3640.48283643
3517.27535893	3666.25476905
3532.63138344	3692.02670167
3547.98740796	3717.79863429
3563.34343248	3743.57056691
3578.699457	3769.34249953
3594.05548151	3795.11443215
3609.41150603	3820.88636478
3624.76753055	3846.6582974
3640.12355507	3872.43023002
3655.47957959	3898.20216264
3670.8356041	3923.97409526
#helix: (2412.5, 189.4999999999999),(4941.5, 3978.5),300
2495.77340463	314.261933624
2512.42808555	339.214320349
2529.08276648	364.166707074
2545.7374474	389.119093799
2562.39212833	414.071480524
2579.04680926	439.023867248
2595.70149018	463.976253973
2612.35617111	488.928640698
2629.01085203	513.881027423
2645.66553296	538.833414148
2662.32021388	563.785800873
2678.97489481	588.738187598
2695.62957574	613.690574322
2712.28425666	638.642961047
2728.93893759	663.595347772
2745.59361851	688.547734497
2762.24829944	713.500121222
2778.90298036	738.452507947
2795.55766129	763.404894671
2812.21234221	788.357281396
2828.86702314	813.309668121
2845.52170407	838.262054846
2862.17638499	863.214441571
2878.83106592	888.166828296
2895.48574684	913.11921502
2912.14042777	938.071601745
2928.79510869	963.02398847
2945.44978962	987.976375195
2962.10447055	1012.92876192
2978.75915147	1037.88114864
2995.4138324	1062.83353537
3012.06851332	1087.78592209
3028.72319425	1112.73830882
3045.37787517	1137.69069554
3062.0325561	1162.64308227
3078.68723702	1187.59546899
3095.34191795	1212.54785572
3111.99659888	1237.50024244
3128.6512798	1262.45262917
3145.30596073	1287.40501589
3161.96064165	1312.35740262
3178.61532258	1337.30978934
3195.2700035	1362.26217607
3211.92468443	1387.21456279
3228.57936535	1412.16694952
3245.23404628	1437.11933624
3261.88872721	1462.07172297
3278.54340813	1487.02410969
3295.19808906	1511.97649642
3311.85276998	1536.92888314
3328.50745091	1561.88126987
3345.16213183	1586.83365659
3361.81681276	1611.78604332
3378.47149369	1636.73843004
3395.12617461	1661.69081677
3411.78085554	1686.64320349
3428.43553646	1711.59559022
3445.09021739	1736.54797694
3461.74489831	1761.50036367
3478.39957924	1786.45275039
3495.05426016	1811.40513711
3511.70894109	1836.35752384
3528.36362202	1861.30991056
3545.01830294	1886.26229729
3561.67298387	1911.21468401
3578.32766479	1936.16707074
3594.98234572	1961.11945746
3611.63702664	1986.07184419
3628.29170757	2011.02423091
3644.9463885	2035.97661764
3661.60106942	2060.92900436
3678.25575035	2085.88139109
3694.91043127	2110.83377781
3711.5651122	2135.78616454
3728.21979312	2160.73855126
3744.87447405	2185.69093799
3761.52915497	2210.64332471
3778.1838359	2235.59571144
3794.83851683	2260.54809816
3811.49319775	2285.50048489
3828.14787868	2310.45287161
3844.8025596	2335.40525834
3861.45724053	2360.35764506
3878.11192145	2385.31003179
3894.76660238	2410.26241851
3911.4212833	2435.21480524
3928.07596423	2460.16719196
3944.73064516	2485.11957869
3961.38532608	2510.07196541
3978.04000701	2535.02435214
3994.69468793	2559.97673886
4011.34936886	2584.92912559
4028.00404978	2609.88151231
4044.65873071	2634.83389903
4061.31341164	2659.78628576
4077.96809256	2684.73867248
4094.62277349	2709.69105921
4111.27745441	2734.64344593
4127.93213534	2759.59583266
4144.58681626	2784.54821938
4161.24149719	2809.50060611
4177.89617811	2834.45299283
4194.55085904	2859.40537956
4211.20553997	2884.35776628
4227.86022089	2909.31015301
4244.51490182	2934.26253973
4261.16958274	2959.21492646
4277.82426367	2984.16731318
4294.47894459	3009.11969991
4311.13362552	3034.07208663
4327.78830644	3059.02447336
4344.44298737	3083.97686008
4361.0976683	3108.92924681
4377.75234922	3133.88163353
4394.40703015	3158.83402026
4411.06171107	3183.78640698
4427.716392	3208.73879371
4444.37107292	3233.69118043
4461.02575385	3258.64356716
4477.68043478	3283.59595388
4494.3351157	3308.54834061
4510.98979663	3333.50072733
4527.64447755	3358.45311406
4544.29915848	3383.40550078
4560.9538394	3408.3578875
4577.60852033	3433.31027423
4594.26320125	3458.26266095
4610.91788218	3483.21504768
4627.57256311	3508.1674344
4644.22724403	3533.11982113
4660.88192496	3558.07220785
4677.53660588	3583.02459458
4694.19128681	3607.9769813
4710.84596773	3632.92936803
4727.50064866	3657.88175475
4744.15532959	3682.83414148
4760.81001051	3707.7865282
4777.46469144	3732.73891493
4794.11937236	3757.69130165
4810.77405329	3782.64368838
4827.42873421	3807.5960751
4844.08341514	3832.54846183
4860.73809606	3857.50084855
