#micrograph: ../Source/micrographs/Microtubules_00046.mrc
#particle length: 310
#particle width: 310
#helix: (81.5, 1494.5),(2916.5, 3465.5),310
208.765005477	1582.97948
234.218006573	1600.675376
259.671007668	1618.371272
285.124008764	1636.067168
310.577009859	1653.763064
336.030010955	1671.45896
361.48301205	1689.154856
386.936013146	1706.850752
412.389014241	1724.546648
437.842015337	1742.242544
463.295016432	1759.93844
488.748017528	1777.634336
514.201018623	1795.330232
539.654019719	1813.02612799
565.107020814	1830.72202399
590.56002191	1848.41791999
616.013023005	1866.11381599
641.466024101	1883.80971199
666.919025196	1901.50560799
692.372026292	1919.20150399
717.825027387	1936.89739999
743.278028483	1954.59329599
768.731029578	1972.28919199
794.184030674	1989.98508799
819.637031769	2007.68098399
845.090032865	2025.37687999
870.54303396	2043.07277599
895.996035056	2060.76867199
921.449036151	2078.46456799
946.902037247	2096.16046399
972.355038342	2113.85635999
997.808039438	2131.55225599
1023.26104053	2149.24815199
1048.71404163	2166.94404799
1074.16704272	2184.63994399
1099.62004382	2202.33583999
1125.07304492	2220.03173599
1150.52604601	2237.72763199
1175.97904711	2255.42352799
1201.4320482	2273.11942399
1226.8850493	2290.81531999
1252.33805039	2308.51121599
1277.79105149	2326.20711199
1303.24405258	2343.90300799
1328.69705368	2361.59890399
1354.15005477	2379.29479999
1379.60305587	2396.99069599
1405.05605697	2414.68659199
1430.50905806	2432.38248799
1455.96205916	2450.07838398
1481.41506025	2467.77427998
1506.86806135	2485.47017598
1532.32106244	2503.16607198
1557.77406354	2520.86196798
1583.22706463	2538.55786398
1608.68006573	2556.25375998
1634.13306682	2573.94965598
1659.58606792	2591.64555198
1685.03906902	2609.34144798
1710.49207011	2627.03734398
1735.94507121	2644.73323998
1761.3980723	2662.42913598
1786.8510734	2680.12503198
1812.30407449	2697.82092798
1837.75707559	2715.51682398
1863.21007668	2733.21271998
1888.66307778	2750.90861598
1914.11607888	2768.60451198
1939.56907997	2786.30040798
1965.02208107	2803.99630398
1990.47508216	2821.69219998
2015.92808326	2839.38809598
2041.38108435	2857.08399198
2066.83408545	2874.77988798
2092.28708654	2892.47578398
2117.74008764	2910.17167998
2143.19308873	2927.86757598
2168.64608983	2945.56347198
2194.09909093	2963.25936798
2219.55209202	2980.95526398
2245.00509312	2998.65115998
2270.45809421	3016.34705598
2295.91109531	3034.04295198
2321.3640964	3051.73884798
2346.8170975	3069.43474398
2372.27009859	3087.13063997
2397.72309969	3104.82653597
2423.17610079	3122.52243197
2448.62910188	3140.21832797
2474.08210298	3157.91422397
2499.53510407	3175.61011997
2524.98810517	3193.30601597
2550.44110626	3211.00191197
2575.89410736	3228.69780797
2601.34710845	3246.39370397
2626.80010955	3264.08959997
2652.25311064	3281.78549597
2677.70611174	3299.48139197
2703.15911284	3317.17728797
2728.61211393	3334.87318397
2754.06511503	3352.56907997
2779.51811612	3370.26497597
2804.97111722	3387.96087197
#helix: (531.5, 3807.5),(2394.5, 243.5),310
603.304402448	3670.13505619
617.665282938	3642.66206742
632.026163428	3615.18907866
646.387043917	3587.7160899
660.747924407	3560.24310113
675.108804897	3532.77011237
689.469685386	3505.29712361
703.830565876	3477.82413485
718.191446366	3450.35114608
732.552326855	3422.87815732
746.913207345	3395.40516856
761.274087834	3367.93217979
775.634968324	3340.45919103
789.995848814	3312.98620227
804.356729303	3285.51321351
818.717609793	3258.04022474
833.078490283	3230.56723598
847.439370772	3203.09424722
861.800251262	3175.62125846
876.161131752	3148.14826969
890.522012241	3120.67528093
904.882892731	3093.20229217
919.243773221	3065.7293034
933.60465371	3038.25631464
947.9655342	3010.78332588
962.32641469	2983.31033712
976.687295179	2955.83734835
991.048175669	2928.36435959
1005.40905616	2900.89137083
1019.76993665	2873.41838206
1034.13081714	2845.9453933
1048.49169763	2818.47240454
1062.85257812	2790.99941578
1077.21345861	2763.52642701
1091.5743391	2736.05343825
1105.93521959	2708.58044949
1120.29610008	2681.10746072
1134.65698057	2653.63447196
1149.01786106	2626.1614832
1163.37874154	2598.68849444
1177.73962203	2571.21550567
1192.10050252	2543.74251691
1206.46138301	2516.26952815
1220.8222635	2488.79653938
1235.18314399	2461.32355062
1249.54402448	2433.85056186
1263.90490497	2406.3775731
1278.26578546	2378.90458433
1292.62666595	2351.43159557
1306.98754644	2323.95860681
1321.34842693	2296.48561805
1335.70930742	2269.01262928
1350.07018791	2241.53964052
1364.4310684	2214.06665176
1378.79194889	2186.59366299
1393.15282938	2159.12067423
1407.51370987	2131.64768547
1421.87459036	2104.17469671
1436.23547085	2076.70170794
1450.59635134	2049.22871918
1464.95723183	2021.75573042
1479.31811232	1994.28274165
1493.67899281	1966.80975289
1508.0398733	1939.33676413
1522.40075379	1911.86377537
1536.76163428	1884.3907866
1551.12251477	1856.91779784
1565.48339526	1829.44480908
1579.84427574	1801.97182031
1594.20515623	1774.49883155
1608.56603672	1747.02584279
1622.92691721	1719.55285403
1637.2877977	1692.07986526
1651.64867819	1664.6068765
1666.00955868	1637.13388774
1680.37043917	1609.66089897
1694.73131966	1582.18791021
1709.09220015	1554.71492145
1723.45308064	1527.24193269
1737.81396113	1499.76894392
1752.17484162	1472.29595516
1766.53572211	1444.8229664
1780.8966026	1417.34997763
1795.25748309	1389.87698887
1809.61836358	1362.40400011
1823.97924407	1334.93101135
1838.34012456	1307.45802258
1852.70100505	1279.98503382
1867.06188554	1252.51204506
1881.42276603	1225.0390563
1895.78364652	1197.56606753
1910.14452701	1170.09307877
1924.5054075	1142.62009001
1938.86628799	1115.14710124
1953.22716848	1087.67411248
1967.58804897	1060.20112372
1981.94892946	1032.72813496
1996.30980994	1005.25514619
2010.67069043	977.78215743
2025.03157092	950.309168667
2039.39245141	922.836179904
2053.7533319	895.363191141
2068.11421239	867.890202379
2082.47509288	840.417213616
2096.83597337	812.944224853
2111.19685386	785.47123609
2125.55773435	757.998247327
2139.91861484	730.525258565
2154.27949533	703.052269802
2168.64037582	675.579281039
2183.00125631	648.106292276
2197.3621368	620.633303513
2211.72301729	593.16031475
2226.08389778	565.687325988
2240.44477827	538.214337225
2254.80565876	510.741348462
2269.16653925	483.268359699
2283.52741974	455.795370936
2297.88830023	428.322382174
2312.24918072	400.849393411
2326.61006121	373.376404648
#helix: (1368.5, 3978.5),(3114.5, 72.5),310
1431.75383994	3836.99398694
1444.40460793	3808.69278433
1457.05537592	3780.39158171
1469.7061439	3752.0903791
1482.35691189	3723.78917649
1495.00767988	3695.48797388
1507.65844787	3667.18677126
1520.30921586	3638.88556865
1532.95998384	3610.58436604
1545.61075183	3582.28316343
1558.26151982	3553.98196081
1570.91228781	3525.6807582
1583.5630558	3497.37955559
1596.21382379	3469.07835298
1608.86459177	3440.77715036
1621.51535976	3412.47594775
1634.16612775	3384.17474514
1646.81689574	3355.87354253
1659.46766373	3327.57233991
1672.11843171	3299.2711373
1684.7691997	3270.96993469
1697.41996769	3242.66873208
1710.07073568	3214.36752946
1722.72150367	3186.06632685
1735.37227165	3157.76512424
1748.02303964	3129.46392163
1760.67380763	3101.16271901
1773.32457562	3072.8615164
1785.97534361	3044.56031379
1798.62611159	3016.25911118
1811.27687958	2987.95790856
1823.92764757	2959.65670595
1836.57841556	2931.35550334
1849.22918355	2903.05430073
1861.87995153	2874.75309811
1874.53071952	2846.4518955
1887.18148751	2818.15069289
1899.8322555	2789.84949028
1912.48302349	2761.54828766
1925.13379147	2733.24708505
1937.78455946	2704.94588244
1950.43532745	2676.64467983
1963.08609544	2648.34347721
1975.73686343	2620.0422746
1988.38763142	2591.74107199
2001.0383994	2563.43986938
2013.68916739	2535.13866676
2026.33993538	2506.83746415
2038.99070337	2478.53626154
2051.64147136	2450.23505893
2064.29223934	2421.93385631
2076.94300733	2393.6326537
2089.59377532	2365.33145109
2102.24454331	2337.03024848
2114.8953113	2308.72904586
2127.54607928	2280.42784325
2140.19684727	2252.12664064
2152.84761526	2223.82543803
2165.49838325	2195.52423541
2178.14915124	2167.2230328
2190.79991922	2138.92183019
2203.45068721	2110.62062758
2216.1014552	2082.31942496
2228.75222319	2054.01822235
2241.40299118	2025.71701974
2254.05375916	1997.41581713
2266.70452715	1969.11461451
2279.35529514	1940.8134119
2292.00606313	1912.51220929
2304.65683112	1884.21100668
2317.3075991	1855.90980406
2329.95836709	1827.60860145
2342.60913508	1799.30739884
2355.25990307	1771.00619623
2367.91067106	1742.70499361
2380.56143905	1714.403791
2393.21220703	1686.10258839
2405.86297502	1657.80138578
2418.51374301	1629.50018316
2431.164511	1601.19898055
2443.81527899	1572.89777794
2456.46604697	1544.59657533
2469.11681496	1516.29537271
2481.76758295	1487.9941701
2494.41835094	1459.69296749
2507.06911893	1431.39176488
2519.71988691	1403.09056227
2532.3706549	1374.78935965
2545.02142289	1346.48815704
2557.67219088	1318.18695443
2570.32295887	1289.88575182
2582.97372685	1261.5845492
2595.62449484	1233.28334659
2608.27526283	1204.98214398
2620.92603082	1176.68094137
2633.57679881	1148.37973875
2646.22756679	1120.07853614
2658.87833478	1091.77733353
2671.52910277	1063.47613092
2684.17987076	1035.1749283
2696.83063875	1006.87372569
2709.48140673	978.572523078
2722.13217472	950.271320466
2734.78294271	921.970117853
2747.4337107	893.668915241
2760.08447869	865.367712628
2772.73524668	837.066510016
2785.38601466	808.765307403
2798.03678265	780.464104791
2810.68755064	752.162902178
2823.33831863	723.861699566
2835.98908662	695.560496953
2848.6398546	667.259294341
2861.29062259	638.958091728
2873.94139058	610.656889116
2886.59215857	582.355686503
2899.24292656	554.054483891
2911.89369454	525.753281278
2924.54446253	497.452078666
2937.19523052	469.150876053
2949.84599851	440.849673441
2962.4967665	412.548470829
2975.14753448	384.247268216
2987.79830247	355.946065604
3000.44907046	327.644862991
3013.09983845	299.343660379
3025.75060644	271.042457766
3038.40137442	242.741255154
3051.05214241	214.440052541
3063.7029104	186.138849929
#helix: (-17.50000000000003, 2142.5),(2664.5, 3942.5),310
111.201404741	2228.87678171
136.941685689	2246.15213805
162.681966637	2263.42749439
188.422247585	2280.70285073
214.162528533	2297.97820707
239.902809482	2315.25356341
265.64309043	2332.52891975
291.383371378	2349.80427609
317.123652326	2367.07963243
342.863933274	2384.35498877
368.604214222	2401.63034512
394.34449517	2418.90570146
420.084776119	2436.1810578
445.825057067	2453.45641414
471.565338015	2470.73177048
497.305618963	2488.00712682
523.045899911	2505.28248316
548.786180859	2522.5578395
574.526461808	2539.83319584
600.266742756	2557.10855219
626.007023704	2574.38390853
651.747304652	2591.65926487
677.4875856	2608.93462121
703.227866548	2626.20997755
728.968147496	2643.48533389
754.708428445	2660.76069023
780.448709393	2678.03604657
806.188990341	2695.31140291
831.929271289	2712.58675925
857.669552237	2729.8621156
883.409833185	2747.13747194
909.150114134	2764.41282828
934.890395082	2781.68818462
960.63067603	2798.96354096
986.370956978	2816.2388973
1012.11123793	2833.51425364
1037.85151887	2850.78960998
1063.59179982	2868.06496632
1089.33208077	2885.34032266
1115.07236172	2902.61567901
1140.81264267	2919.89103535
1166.55292362	2937.16639169
1192.29320456	2954.44174803
1218.03348551	2971.71710437
1243.77376646	2988.99246071
1269.51404741	3006.26781705
1295.25432836	3023.54317339
1320.9946093	3040.81852973
1346.73489025	3058.09388608
1372.4751712	3075.36924242
1398.21545215	3092.64459876
1423.9557331	3109.9199551
1449.69601404	3127.19531144
1475.43629499	3144.47066778
1501.17657594	3161.74602412
1526.91685689	3179.02138046
1552.65713784	3196.2967368
1578.39741879	3213.57209314
1604.13769973	3230.84744949
1629.87798068	3248.12280583
1655.61826163	3265.39816217
1681.35854258	3282.67351851
1707.09882353	3299.94887485
1732.83910447	3317.22423119
1758.57938542	3334.49958753
1784.31966637	3351.77494387
1810.05994732	3369.05030021
1835.80022827	3386.32565656
1861.54050922	3403.6010129
1887.28079016	3420.87636924
1913.02107111	3438.15172558
1938.76135206	3455.42708192
1964.50163301	3472.70243826
1990.24191396	3489.9777946
2015.9821949	3507.25315094
2041.72247585	3524.52850728
2067.4627568	3541.80386362
2093.20303775	3559.07921997
2118.9433187	3576.35457631
2144.68359965	3593.62993265
2170.42388059	3610.90528899
2196.16416154	3628.18064533
2221.90444249	3645.45600167
2247.64472344	3662.73135801
2273.38500439	3680.00671435
2299.12528533	3697.28207069
2324.86556628	3714.55742703
2350.60584723	3731.83278338
2376.34612818	3749.10813972
2402.08640913	3766.38349606
2427.82669007	3783.6588524
2453.56697102	3800.93420874
2479.30725197	3818.20956508
2505.04753292	3835.48492142
2530.78781387	3852.76027776
2556.52809482	3870.0356341
#helix: (576.5, 3429.5),(1989.5, 63.5),310
636.495047407	3286.58186159
648.494056889	3257.99823391
660.49306637	3229.41460623
672.492075852	3200.83097854
684.491085333	3172.24735086
696.490094815	3143.66372318
708.489104296	3115.0800955
720.488113778	3086.49646782
732.487123259	3057.91284013
744.486132741	3029.32921245
756.485142222	3000.74558477
768.484151704	2972.16195709
780.483161185	2943.57832941
792.482170667	2914.99470172
804.481180148	2886.41107404
816.48018963	2857.82744636
828.479199111	2829.24381868
840.478208593	2800.660191
852.477218074	2772.07656331
864.476227556	2743.49293563
876.475237037	2714.90930795
888.474246519	2686.32568027
900.473256	2657.74205259
912.472265481	2629.1584249
924.471274963	2600.57479722
936.470284444	2571.99116954
948.469293926	2543.40754186
960.468303407	2514.82391418
972.467312889	2486.24028649
984.46632237	2457.65665881
996.465331852	2429.07303113
1008.46434133	2400.48940345
1020.46335081	2371.90577577
1032.4623603	2343.32214808
1044.46136978	2314.7385204
1056.46037926	2286.15489272
1068.45938874	2257.57126504
1080.45839822	2228.98763736
1092.4574077	2200.40400967
1104.45641719	2171.82038199
1116.45542667	2143.23675431
1128.45443615	2114.65312663
1140.45344563	2086.06949895
1152.45245511	2057.48587126
1164.45146459	2028.90224358
1176.45047407	2000.3186159
1188.44948356	1971.73498822
1200.44849304	1943.15136054
1212.44750252	1914.56773285
1224.446512	1885.98410517
1236.44552148	1857.40047749
1248.44453096	1828.81684981
1260.44354044	1800.23322213
1272.44254993	1771.64959444
1284.44155941	1743.06596676
1296.44056889	1714.48233908
1308.43957837	1685.8987114
1320.43858785	1657.31508372
1332.43759733	1628.73145603
1344.43660681	1600.14782835
1356.4356163	1571.56420067
1368.43462578	1542.98057299
1380.43363526	1514.39694531
1392.43264474	1485.81331762
1404.43165422	1457.22968994
1416.4306637	1428.64606226
1428.42967319	1400.06243458
1440.42868267	1371.4788069
1452.42769215	1342.89517921
1464.42670163	1314.31155153
1476.42571111	1285.72792385
1488.42472059	1257.14429617
1500.42373007	1228.56066849
1512.42273956	1199.9770408
1524.42174904	1171.39341312
1536.42075852	1142.80978544
1548.419768	1114.22615776
1560.41877748	1085.64253008
1572.41778696	1057.05890239
1584.41679644	1028.47527471
1596.41580593	999.89164703
1608.41481541	971.308019348
1620.41382489	942.724391666
1632.41283437	914.140763984
1644.41184385	885.557136302
1656.41085333	856.97350862
1668.40986281	828.389880938
1680.4088723	799.806253256
1692.40788178	771.222625574
1704.40689126	742.638997892
1716.40590074	714.05537021
1728.40491022	685.471742528
1740.4039197	656.888114846
1752.40292919	628.304487164
1764.40193867	599.720859482
1776.40094815	571.1372318
1788.39995763	542.553604118
1800.39896711	513.969976436
1812.39797659	485.386348754
1824.39698607	456.802721072
1836.39599556	428.21909339
1848.39500504	399.635465708
1860.39401452	371.051838026
1872.393024	342.468210344
1884.39203348	313.884582662
1896.39104296	285.30095498
1908.39005244	256.717327298
1920.38906193	228.133699616
1932.38807141	199.550071934
#helix: (108.50000000000011, 3276.5),(1575.5, -35.5),310
171.272753384	3134.77991874
183.827304061	3106.43590249
196.381854738	3078.09188624
208.936405415	3049.74786998
221.490956092	3021.40385373
234.045506769	2993.05983748
246.600057446	2964.71582123
259.154608123	2936.37180497
271.7091588	2908.02778872
284.263709477	2879.68377247
296.818260153	2851.33975622
309.37281083	2822.99573997
321.927361507	2794.65172371
334.481912184	2766.30770746
347.036462861	2737.96369121
359.591013538	2709.61967496
372.145564215	2681.27565871
384.700114892	2652.93164245
397.254665569	2624.5876262
409.809216246	2596.24360995
422.363766922	2567.8995937
434.918317599	2539.55557744
447.472868276	2511.21156119
460.027418953	2482.86754494
472.58196963	2454.52352869
485.136520307	2426.17951244
497.691070984	2397.83549618
510.245621661	2369.49147993
522.800172338	2341.14746368
535.354723014	2312.80344743
547.909273691	2284.45943118
560.463824368	2256.11541492
573.018375045	2227.77139867
585.572925722	2199.42738242
598.127476399	2171.08336617
610.682027076	2142.73934991
623.236577753	2114.39533366
635.79112843	2086.05131741
648.345679107	2057.70730116
660.900229783	2029.36328491
673.45478046	2001.01926865
686.009331137	1972.6752524
698.563881814	1944.33123615
711.118432491	1915.9872199
723.672983168	1887.64320365
736.227533845	1859.29918739
748.782084522	1830.95517114
761.336635199	1802.61115489
773.891185876	1774.26713864
786.445736552	1745.92312238
799.000287229	1717.57910613
811.554837906	1689.23508988
824.109388583	1660.89107363
836.66393926	1632.54705738
849.218489937	1604.20304112
861.773040614	1575.85902487
874.327591291	1547.51500862
886.882141968	1519.17099237
899.436692644	1490.82697612
911.991243321	1462.48295986
924.545793998	1434.13894361
937.100344675	1405.79492736
949.654895352	1377.45091111
962.209446029	1349.10689485
974.763996706	1320.7628786
987.318547383	1292.41886235
999.87309806	1264.0748461
1012.42764874	1235.73082985
1024.98219941	1207.38681359
1037.53675009	1179.04279734
1050.09130077	1150.69878109
1062.64585144	1122.35476484
1075.20040212	1094.01074859
1087.7549528	1065.66673233
1100.30950347	1037.32271608
1112.86405415	1008.97869983
1125.41860483	980.634683577
1137.97315551	952.290667325
1150.52770618	923.946651073
1163.08225686	895.602634821
1175.63680754	867.258618569
1188.19135821	838.914602316
1200.74590889	810.570586064
1213.30045957	782.226569812
1225.85501024	753.88255356
1238.40956092	725.538537308
1250.9641116	697.194521056
1263.51866227	668.850504804
1276.07321295	640.506488552
1288.62776363	612.162472299
1301.18231431	583.818456047
1313.73686498	555.474439795
1326.29141566	527.130423543
1338.84596634	498.786407291
1351.40051701	470.442391039
1363.95506769	442.098374787
1376.50961837	413.754358534
1389.06416904	385.410342282
1401.61871972	357.06632603
1414.1732704	328.722309778
1426.72782107	300.378293526
1439.28237175	272.034277274
1451.83692243	243.690261022
1464.3914731	215.34624477
1476.94602378	187.002228517
1489.50057446	158.658212265
1502.05512514	130.314196013
1514.60967581	101.970179761
#helix: (3150.5, 3042.5),(4086.5, 3825.5),310
3269.38668579	3141.95328523
3293.16402295	3161.84394227
3316.9413601	3181.73459932
3340.71869726	3201.62525636
3364.49603442	3221.51591341
3388.27337158	3241.40657045
3412.05070873	3261.2972275
3435.82804589	3281.18788454
3459.60538305	3301.07854159
3483.38272021	3320.96919863
3507.16005736	3340.85985568
3530.93739452	3360.75051272
3554.71473168	3380.64116977
3578.49206884	3400.53182682
3602.26940599	3420.42248386
3626.04674315	3440.31314091
3649.82408031	3460.20379795
3673.60141747	3480.094455
3697.37875462	3499.98511204
3721.15609178	3519.87576909
3744.93342894	3539.76642613
3768.7107661	3559.65708318
3792.48810326	3579.54774022
3816.26544041	3599.43839727
3840.04277757	3619.32905431
3863.82011473	3639.21971136
3887.59745189	3659.1103684
3911.37478904	3679.00102545
3935.1521262	3698.89168249
3958.92946336	3718.78233954
3982.70680052	3738.67299659
#helix: (1584.5, 4158.5),(3717.5, 81.5),310
1656.35310315	4021.16052436
1670.72372378	3993.69262924
1685.09434441	3966.22473411
1699.46496504	3938.75683898
1713.83558567	3911.28894385
1728.2062063	3883.82104873
1742.57682692	3856.3531536
1756.94744755	3828.88525847
1771.31806818	3801.41736335
1785.68868881	3773.94946822
1800.05930944	3746.48157309
1814.42993007	3719.01367796
1828.8005507	3691.54578284
1843.17117133	3664.07788771
1857.54179196	3636.60999258
1871.91241259	3609.14209745
1886.28303322	3581.67420233
1900.65365385	3554.2063072
1915.02427448	3526.73841207
1929.39489511	3499.27051695
1943.76551574	3471.80262182
1958.13613637	3444.33472669
1972.506757	3416.86683156
1986.87737763	3389.39893644
2001.24799826	3361.93104131
2015.61861889	3334.46314618
2029.98923951	3306.99525105
2044.35986014	3279.52735593
2058.73048077	3252.0594608
2073.1011014	3224.59156567
2087.47172203	3197.12367055
2101.84234266	3169.65577542
2116.21296329	3142.18788029
2130.58358392	3114.71998516
2144.95420455	3087.25209004
2159.32482518	3059.78419491
2173.69544581	3032.31629978
2188.06606644	3004.84840465
2202.43668707	2977.38050953
2216.8073077	2949.9126144
2231.17792833	2922.44471927
2245.54854896	2894.97682415
2259.91916959	2867.50892902
2274.28979022	2840.04103389
2288.66041085	2812.57313876
2303.03103148	2785.10524364
2317.4016521	2757.63734851
2331.77227273	2730.16945338
2346.14289336	2702.70155825
2360.51351399	2675.23366313
2374.88413462	2647.765768
2389.25475525	2620.29787287
2403.62537588	2592.82997775
2417.99599651	2565.36208262
2432.36661714	2537.89418749
2446.73723777	2510.42629236
2461.1078584	2482.95839724
2475.47847903	2455.49050211
2489.84909966	2428.02260698
2504.21972029	2400.55471185
2518.59034092	2373.08681673
2532.96096155	2345.6189216
2547.33158218	2318.15102647
2561.70220281	2290.68313135
2576.07282344	2263.21523622
2590.44344407	2235.74734109
2604.81406469	2208.27944596
2619.18468532	2180.81155084
2633.55530595	2153.34365571
2647.92592658	2125.87576058
2662.29654721	2098.40786545
2676.66716784	2070.93997033
2691.03778847	2043.4720752
2705.4084091	2016.00418007
2719.77902973	1988.53628495
2734.14965036	1961.06838982
2748.52027099	1933.60049469
2762.89089162	1906.13259956
2777.26151225	1878.66470444
2791.63213288	1851.19680931
2806.00275351	1823.72891418
2820.37337414	1796.26101905
2834.74399477	1768.79312393
2849.1146154	1741.3252288
2863.48523603	1713.85733367
2877.85585666	1686.38943855
2892.22647728	1658.92154342
2906.59709791	1631.45364829
2920.96771854	1603.98575316
2935.33833917	1576.51785804
2949.7089598	1549.04996291
2964.07958043	1521.58206778
2978.45020106	1494.11417265
2992.82082169	1466.64627753
3007.19144232	1439.1783824
3021.56206295	1411.71048727
3035.93268358	1384.24259215
3050.30330421	1356.77469702
3064.67392484	1329.30680189
3079.04454547	1301.83890676
3093.4151661	1274.37101164
3107.78578673	1246.90311651
3122.15640736	1219.43522138
3136.52702799	1191.96732625
3150.89764862	1164.49943113
3165.26826925	1137.031536
3179.63888987	1109.56364087
3194.0095105	1082.09574575
3208.38013113	1054.62785062
3222.75075176	1027.15995549
3237.12137239	999.692060363
3251.49199302	972.224165236
3265.86261365	944.756270109
3280.23323428	917.288374982
3294.60385491	889.820479854
3308.97447554	862.352584727
3323.34509617	834.8846896
3337.7157168	807.416794473
3352.08633743	779.948899345
3366.45695806	752.481004218
3380.82757869	725.013109091
3395.19819932	697.545213963
3409.56881995	670.077318836
3423.93944058	642.609423709
3438.31006121	615.141528582
3452.68068184	587.673633454
3467.05130246	560.205738327
3481.42192309	532.7378432
3495.79254372	505.269948072
3510.16316435	477.802052945
3524.53378498	450.334157818
3538.90440561	422.866262691
3553.27502624	395.398367563
3567.64564687	367.930472436
3582.0162675	340.462577309
3596.38688813	312.994682182
3610.75750876	285.526787054
3625.12812939	258.058891927
3639.49875002	230.5909968
3653.86937065	203.123101672
#helix: (1854.5, 4185.5),(4104.5, 207.5),310
1930.80910313	4050.58550567
1946.07092375	4023.60260681
1961.33274438	3996.61970794
1976.594565	3969.63680907
1991.85638563	3942.65391021
2007.11820625	3915.67101134
2022.38002688	3888.68811248
2037.6418475	3861.70521361
2052.90366813	3834.72231475
2068.16548876	3807.73941588
2083.42730938	3780.75651701
2098.68913001	3753.77361815
2113.95095063	3726.79071928
2129.21277126	3699.80782042
2144.47459188	3672.82492155
2159.73641251	3645.84202269
2174.99823313	3618.85912382
2190.26005376	3591.87622495
2205.52187438	3564.89332609
2220.78369501	3537.91042722
2236.04551564	3510.92752836
2251.30733626	3483.94462949
2266.56915689	3456.96173063
2281.83097751	3429.97883176
2297.09279814	3402.99593289
2312.35461876	3376.01303403
2327.61643939	3349.03013516
2342.87826001	3322.0472363
2358.14008064	3295.06433743
2373.40190126	3268.08143857
2388.66372189	3241.0985397
2403.92554251	3214.11564083
2419.18736314	3187.13274197
2434.44918377	3160.1498431
2449.71100439	3133.16694424
2464.97282502	3106.18404537
2480.23464564	3079.20114651
2495.49646627	3052.21824764
2510.75828689	3025.23534877
2526.02010752	2998.25244991
2541.28192814	2971.26955104
2556.54374877	2944.28665218
2571.80556939	2917.30375331
2587.06739002	2890.32085445
2602.32921065	2863.33795558
2617.59103127	2836.35505671
2632.8528519	2809.37215785
2648.11467252	2782.38925898
2663.37649315	2755.40636012
2678.63831377	2728.42346125
2693.9001344	2701.44056239
2709.16195502	2674.45766352
2724.42377565	2647.47476465
2739.68559627	2620.49186579
2754.9474169	2593.50896692
2770.20923752	2566.52606806
2785.47105815	2539.54316919
2800.73287878	2512.56027033
2815.9946994	2485.57737146
2831.25652003	2458.59447259
2846.51834065	2431.61157373
2861.78016128	2404.62867486
2877.0419819	2377.645776
2892.30380253	2350.66287713
2907.56562315	2323.67997827
2922.82744378	2296.6970794
2938.0892644	2269.71418053
2953.35108503	2242.73128167
2968.61290565	2215.7483828
2983.87472628	2188.76548394
2999.13654691	2161.78258507
3014.39836753	2134.79968621
3029.66018816	2107.81678734
3044.92200878	2080.83388847
3060.18382941	2053.85098961
3075.44565003	2026.86809074
3090.70747066	1999.88519188
3105.96929128	1972.90229301
3121.23111191	1945.91939414
3136.49293253	1918.93649528
3151.75475316	1891.95359641
3167.01657379	1864.97069755
3182.27839441	1837.98779868
3197.54021504	1811.00489982
3212.80203566	1784.02200095
3228.06385629	1757.03910208
3243.32567691	1730.05620322
3258.58749754	1703.07330435
3273.84931816	1676.09040549
3289.11113879	1649.10750662
3304.37295941	1622.12460776
3319.63478004	1595.14170889
3334.89660066	1568.15881002
3350.15842129	1541.17591116
3365.42024192	1514.19301229
3380.68206254	1487.21011343
3395.94388317	1460.22721456
3411.20570379	1433.2443157
3426.46752442	1406.26141683
3441.72934504	1379.27851796
3456.99116567	1352.2956191
3472.25298629	1325.31272023
3487.51480692	1298.32982137
3502.77662754	1271.3469225
3518.03844817	1244.36402364
3533.30026879	1217.38112477
3548.56208942	1190.3982259
3563.82391005	1163.41532704
3579.08573067	1136.43242817
3594.3475513	1109.44952931
3609.60937192	1082.46663044
3624.87119255	1055.48373158
3640.13301317	1028.50083271
3655.3948338	1001.51793384
3670.65665442	974.535034979
3685.91847505	947.552136113
3701.18029567	920.569237248
3716.4421163	893.586338382
3731.70393693	866.603439516
3746.96575755	839.62054065
3762.22757818	812.637641785
3777.4893988	785.654742919
3792.75121943	758.671844053
3808.01304005	731.688945187
3823.27486068	704.706046322
3838.5366813	677.723147456
3853.79850193	650.74024859
3869.06032255	623.757349725
3884.32214318	596.774450859
3899.5839638	569.791551993
3914.84578443	542.808653127
3930.10760506	515.825754262
3945.36942568	488.842855396
3960.63124631	461.85995653
3975.89306693	434.877057664
3991.15488756	407.894158799
4006.41670818	380.911259933
4021.67852881	353.928361067
4036.94034943	326.945462202
#helix: (1098.5, 3942.5),(2367.5, 1683.5),310
1174.41379446	3807.36267795
1189.59655335	3780.33521354
1204.77931224	3753.30774913
1219.96207113	3726.28028472
1235.14483003	3699.25282031
1250.32758892	3672.2253559
1265.51034781	3645.19789149
1280.6931067	3618.17042708
1295.87586559	3591.14296267
1311.05862448	3564.11549826
1326.24138338	3537.08803385
1341.42414227	3510.06056944
1356.60690116	3483.03310503
1371.78966005	3456.00564062
1386.97241894	3428.97817621
1402.15517783	3401.9507118
1417.33793673	3374.92324739
1432.52069562	3347.89578298
1447.70345451	3320.86831857
1462.8862134	3293.84085416
1478.06897229	3266.81338975
1493.25173118	3239.78592534
1508.43449008	3212.75846093
1523.61724897	3185.73099652
1538.80000786	3158.70353211
1553.98276675	3131.6760677
1569.16552564	3104.64860329
1584.34828453	3077.62113888
1599.53104343	3050.59367447
1614.71380232	3023.56621006
1629.89656121	2996.53874565
1645.0793201	2969.51128124
1660.26207899	2942.48381683
1675.44483788	2915.45635242
1690.62759678	2888.42888801
1705.81035567	2861.4014236
1720.99311456	2834.37395919
1736.17587345	2807.34649478
1751.35863234	2780.31903037
1766.54139123	2753.29156596
1781.72415013	2726.26410155
1796.90690902	2699.23663714
1812.08966791	2672.20917273
1827.2724268	2645.18170832
1842.45518569	2618.15424391
1857.63794459	2591.1267795
1872.82070348	2564.09931509
1888.00346237	2537.07185068
1903.18622126	2510.04438627
1918.36898015	2483.01692186
1933.55173904	2455.98945745
1948.73449794	2428.96199304
1963.91725683	2401.93452863
1979.10001572	2374.90706422
1994.28277461	2347.87959981
2009.4655335	2320.8521354
2024.64829239	2293.82467099
2039.83105129	2266.79720658
2055.01381018	2239.76974217
2070.19656907	2212.74227776
2085.37932796	2185.71481335
2100.56208685	2158.68734894
2115.74484574	2131.65988453
2130.92760464	2104.63242012
2146.11036353	2077.60495571
2161.29312242	2050.5774913
2176.47588131	2023.55002689
2191.6586402	1996.52256248
2206.84139909	1969.49509807
2222.02415799	1942.46763366
2237.20691688	1915.44016925
2252.38967577	1888.41270484
2267.57243466	1861.38524043
2282.75519355	1834.35777602
2297.93795244	1807.33031161
#helix: (2889.5, 3483.5),(3654.5, 4104.5),310
3009.8409643	3581.18854749
3033.90915716	3600.72625699
3057.97735002	3620.26396649
3082.04554288	3639.80167599
3106.11373574	3659.33938548
3130.1819286	3678.87709498
3154.25012146	3698.41480448
3178.31831432	3717.95251398
3202.38650718	3737.49022348
3226.45470004	3757.02793298
3250.5228929	3776.56564247
3274.59108576	3796.10335197
3298.65927862	3815.64106147
3322.72747148	3835.17877097
3346.79566434	3854.71648047
3370.86385721	3874.25418997
3394.93205007	3893.79189946
3419.00024293	3913.32960896
3443.06843579	3932.86731846
3467.13662865	3952.40502796
3491.20482151	3971.94273746
3515.27301437	3991.48044696
3539.34120723	4011.01815645
#helix: (2151.5, 4086.5),(4770.5, -197.5),310
2232.34722607	3954.25505289
2248.51667128	3927.80606347
2264.6861165	3901.35707404
2280.85556171	3874.90808462
2297.02500693	3848.4590952
2313.19445214	3822.01010578
2329.36389736	3795.56111635
2345.53334257	3769.11212693
2361.70278778	3742.66313751
2377.872233	3716.21414809
2394.04167821	3689.76515866
2410.21112343	3663.31616924
2426.38056864	3636.86717982
2442.55001385	3610.4181904
2458.71945907	3583.96920097
2474.88890428	3557.52021155
2491.0583495	3531.07122213
2507.22779471	3504.62223271
2523.39723992	3478.17324328
2539.56668514	3451.72425386
2555.73613035	3425.27526444
2571.90557557	3398.82627502
2588.07502078	3372.37728559
2604.244466	3345.92829617
2620.41391121	3319.47930675
2636.58335642	3293.03031733
2652.75280164	3266.5813279
2668.92224685	3240.13233848
2685.09169207	3213.68334906
2701.26113728	3187.23435964
2717.43058249	3160.78537022
2733.60002771	3134.33638079
2749.76947292	3107.88739137
2765.93891814	3081.43840195
2782.10836335	3054.98941253
2798.27780857	3028.5404231
2814.44725378	3002.09143368
2830.61669899	2975.64244426
2846.78614421	2949.19345484
2862.95558942	2922.74446541
2879.12503464	2896.29547599
2895.29447985	2869.84648657
2911.46392506	2843.39749715
2927.63337028	2816.94850772
2943.80281549	2790.4995183
2959.97226071	2764.05052888
2976.14170592	2737.60153946
2992.31115113	2711.15255003
3008.48059635	2684.70356061
3024.65004156	2658.25457119
3040.81948678	2631.80558177
3056.98893199	2605.35659234
3073.15837721	2578.90760292
3089.32782242	2552.4586135
3105.49726763	2526.00962408
3121.66671285	2499.56063465
3137.83615806	2473.11164523
3154.00560328	2446.66265581
3170.17504849	2420.21366639
3186.3444937	2393.76467697
3202.51393892	2367.31568754
3218.68338413	2340.86669812
3234.85282935	2314.4177087
3251.02227456	2287.96871928
3267.19171977	2261.51972985
3283.36116499	2235.07074043
3299.5306102	2208.62175101
3315.70005542	2182.17276159
3331.86950063	2155.72377216
3348.03894585	2129.27478274
3364.20839106	2102.82579332
3380.37783627	2076.3768039
3396.54728149	2049.92781447
3412.7167267	2023.47882505
3428.88617192	1997.02983563
3445.05561713	1970.58084621
3461.22506234	1944.13185678
3477.39450756	1917.68286736
3493.56395277	1891.23387794
3509.73339799	1864.78488852
3525.9028432	1838.33589909
3542.07228841	1811.88690967
3558.24173363	1785.43792025
3574.41117884	1758.98893083
3590.58062406	1732.5399414
3606.75006927	1706.09095198
3622.91951449	1679.64196256
3639.0889597	1653.19297314
3655.25840491	1626.74398371
3671.42785013	1600.29499429
3687.59729534	1573.84600487
3703.76674056	1547.39701545
3719.93618577	1520.94802603
3736.10563098	1494.4990366
3752.2750762	1468.05004718
3768.44452141	1441.60105776
3784.61396663	1415.15206834
3800.78341184	1388.70307891
3816.95285706	1362.25408949
3833.12230227	1335.80510007
3849.29174748	1309.35611065
3865.4611927	1282.90712122
3881.63063791	1256.4581318
3897.80008313	1230.00914238
3913.96952834	1203.56015296
3930.13897355	1177.11116353
3946.30841877	1150.66217411
3962.47786398	1124.21318469
3978.6473092	1097.76419527
3994.81675441	1071.31520584
4010.98619962	1044.86621642
4027.15564484	1018.417227
4043.32509005	991.968237577
4059.49453527	965.519248154
4075.66398048	939.070258732
4091.8334257	912.621269309
4108.00287091	886.172279887
4124.17231612	859.723290465
4140.34176134	833.274301042
4156.51120655	806.82531162
4172.68065177	780.376322197
4188.85009698	753.927332775
4205.01954219	727.478343353
4221.18898741	701.02935393
4237.35843262	674.580364508
4253.52787784	648.131375085
4269.69732305	621.682385663
4285.86676826	595.23339624
4302.03621348	568.784406818
4318.20565869	542.335417396
4334.37510391	515.886427973
4350.54454912	489.437438551
4366.71399434	462.988449128
4382.88343955	436.539459706
4399.05288476	410.090470283
4415.22232998	383.641480861
4431.39177519	357.192491439
4447.56122041	330.743502016
4463.73066562	304.294512594
4479.90011083	277.845523171
4496.06955605	251.396533749
4512.23900126	224.947544327
4528.40844648	198.498554904
4544.57789169	172.049565482
4560.7473369	145.600576059
4576.91678212	119.151586637
4593.08622733	92.7025972144
4609.25567255	66.253607792
4625.42511776	39.8046183696
4641.59456298	13.3556289472
4657.76400819	-13.0933604753
4673.9334534	-39.5423498977
4690.10289862	-65.9913393201
#helix: (126.5, 963.4999999999999),(3195.5, 3060.5),310
254.477833083	1050.94526425
280.0733997	1068.4343171
305.668966317	1085.92336995
331.264532933	1103.4124228
356.86009955	1120.90147565
382.455666167	1138.3905285
408.051232783	1155.87958134
433.6467994	1173.36863419
459.242366016	1190.85768704
484.837932633	1208.34673989
510.43349925	1225.83579274
536.029065866	1243.32484559
561.624632483	1260.81389844
587.2201991	1278.30295129
612.815765716	1295.79200414
638.411332333	1313.28105699
664.00689895	1330.77010984
689.602465566	1348.25916269
715.198032183	1365.74821554
740.7935988	1383.23726839
766.389165416	1400.72632124
791.984732033	1418.21537409
817.58029865	1435.70442694
843.175865266	1453.19347979
868.771431883	1470.68253264
894.3669985	1488.17158549
919.962565116	1505.66063833
945.558131733	1523.14969118
971.153698349	1540.63874403
996.749264966	1558.12779688
1022.34483158	1575.61684973
1047.9403982	1593.10590258
1073.53596482	1610.59495543
1099.13153143	1628.08400828
1124.72709805	1645.57306113
1150.32266467	1663.06211398
1175.91823128	1680.55116683
1201.5137979	1698.04021968
1227.10936452	1715.52927253
1252.70493113	1733.01832538
1278.30049775	1750.50737823
1303.89606437	1767.99643108
1329.49163098	1785.48548393
1355.0871976	1802.97453678
1380.68276422	1820.46358963
1406.27833083	1837.95264248
1431.87389745	1855.44169532
1457.46946407	1872.93074817
1483.06503068	1890.41980102
1508.6605973	1907.90885387
1534.25616392	1925.39790672
1559.85173053	1942.88695957
1585.44729715	1960.37601242
1611.04286377	1977.86506527
1636.63843038	1995.35411812
1662.233997	2012.84317097
1687.82956362	2030.33222382
1713.42513023	2047.82127667
1739.02069685	2065.31032952
1764.61626347	2082.79938237
1790.21183008	2100.28843522
1815.8073967	2117.77748807
1841.40296332	2135.26654092
1866.99852993	2152.75559377
1892.59409655	2170.24464662
1918.18966317	2187.73369947
1943.78522978	2205.22275231
1969.3807964	2222.71180516
1994.97636302	2240.20085801
2020.57192963	2257.68991086
2046.16749625	2275.17896371
2071.76306287	2292.66801656
2097.35862948	2310.15706941
2122.9541961	2327.64612226
2148.54976272	2345.13517511
2174.14532933	2362.62422796
2199.74089595	2380.11328081
2225.33646257	2397.60233366
2250.93202918	2415.09138651
2276.5275958	2432.58043936
2302.12316242	2450.06949221
2327.71872903	2467.55854506
2353.31429565	2485.04759791
2378.90986227	2502.53665076
2404.50542888	2520.02570361
2430.1009955	2537.51475646
2455.69656212	2555.0038093
2481.29212873	2572.49286215
2506.88769535	2589.981915
2532.48326197	2607.47096785
2558.07882858	2624.9600207
2583.6743952	2642.44907355
2609.26996182	2659.9381264
2634.86552843	2677.42717925
2660.46109505	2694.9162321
2686.05666167	2712.40528495
2711.65222828	2729.8943378
2737.2477949	2747.38339065
2762.84336151	2764.8724435
2788.43892813	2782.36149635
2814.03449475	2799.8505492
2839.63006136	2817.33960205
2865.22562798	2834.8286549
2890.8211946	2852.31770775
2916.41676121	2869.8067606
2942.01232783	2887.29581345
2967.60789445	2904.78486629
2993.20346106	2922.27391914
3018.79902768	2939.76297199
3044.3945943	2957.25202484
3069.99016091	2974.74107769
