#micrograph: ../Source/micrographs/Microtubules_00044.mrc
#particle length: 310
#particle width: 310
#helix: (4662.5, 2934.5),(5652.5, 2988.5),310
4817.26993473	2942.94199644
4848.22392168	2944.63039573
4879.17790862	2946.31879502
4910.13189557	2948.0071943
4941.08588251	2949.69559359
4972.03986946	2951.38399288
5002.9938564	2953.07239217
5033.94784335	2954.76079146
5064.9018303	2956.44919074
5095.85581724	2958.13759003
5126.80980419	2959.82598932
5157.76379113	2961.51438861
5188.71777808	2963.2027879
5219.67176503	2964.89118718
5250.62575197	2966.57958647
5281.57973892	2968.26798576
5312.53372586	2969.95638505
5343.48771281	2971.64478434
5374.44169975	2973.33318362
5405.3956867	2975.02158291
5436.34967365	2976.7099822
5467.30366059	2978.39838149
5498.25764754	2980.08678077
#helix: (1449.5, 126.49999999999989),(1377.5, 639.4999999999999),310
1427.9567626	279.995566459
1423.64811512	310.69467975
1419.33946764	341.393793042
1415.03082016	372.092906334
1410.72217268	402.792019625
1406.4135252	433.491132917
1402.10487773	464.190246209
1397.79623025	494.8893595
#helix: (2646.5, 1278.5),(2664.5, 4239.5),310
2647.44223183	1433.4971361
2647.6306782	1464.49656332
2647.81912456	1495.49599054
2648.00757093	1526.49541776
2648.19601729	1557.49484498
2648.38446366	1588.4942722
2648.57291003	1619.49369942
2648.76135639	1650.49312664
2648.94980276	1681.49255386
2649.13824913	1712.49198108
2649.32669549	1743.4914083
2649.51514186	1774.49083552
2649.70358822	1805.49026274
2649.89203459	1836.48968996
2650.08048096	1867.48911718
2650.26892732	1898.4885444
2650.45737369	1929.48797162
2650.64582005	1960.48739884
2650.83426642	1991.48682606
2651.02271279	2022.48625328
2651.21115915	2053.4856805
2651.39960552	2084.48510772
2651.58805188	2115.48453494
2651.77649825	2146.48396216
2651.96494462	2177.48338938
2652.15339098	2208.4828166
2652.34183735	2239.48224382
2652.53028371	2270.48167104
2652.71873008	2301.48109826
2652.90717645	2332.48052548
2653.09562281	2363.4799527
2653.28406918	2394.47937992
2653.47251554	2425.47880714
2653.66096191	2456.47823436
2653.84940828	2487.47766158
2654.03785464	2518.4770888
2654.22630101	2549.47651602
2654.41474738	2580.47594324
2654.60319374	2611.47537046
2654.79164011	2642.47479768
2654.98008647	2673.4742249
2655.16853284	2704.47365212
2655.35697921	2735.47307934
2655.54542557	2766.47250656
2655.73387194	2797.47193378
2655.9223183	2828.471361
2656.11076467	2859.47078822
2656.29921104	2890.47021544
2656.4876574	2921.46964266
2656.67610377	2952.46906988
2656.86455013	2983.4684971
2657.0529965	3014.46792432
2657.24144287	3045.46735154
2657.42988923	3076.46677876
2657.6183356	3107.46620598
2657.80678196	3138.4656332
2657.99522833	3169.46506042
2658.1836747	3200.46448764
2658.37212106	3231.46391486
2658.56056743	3262.46334208
2658.7490138	3293.4627693
2658.93746016	3324.46219652
2659.12590653	3355.46162374
2659.31435289	3386.46105096
2659.50279926	3417.46047818
2659.69124563	3448.4599054
2659.87969199	3479.45933262
2660.06813836	3510.45875984
2660.25658472	3541.45818706
2660.44503109	3572.45761428
2660.63347746	3603.4570415
2660.82192382	3634.45646872
2661.01037019	3665.45589594
2661.19881655	3696.45532316
2661.38726292	3727.45475038
2661.57570929	3758.4541776
2661.76415565	3789.45360482
2661.95260202	3820.45303204
2662.14104838	3851.45245926
2662.32949475	3882.45188648
2662.51794112	3913.4513137
2662.70638748	3944.45074092
2662.89483385	3975.45016814
2663.08328021	4006.44959536
2663.27172658	4037.44902258
2663.46017295	4068.4484498
2663.64861931	4099.44787702
#helix: (198.50000000000003, 2736.5),(2664.5, 1107.5),310
327.829727437	2651.06685888
353.695672924	2633.98023066
379.561618412	2616.89360244
405.427563899	2599.80697421
431.293509386	2582.72034599
457.159454874	2565.63371777
483.025400361	2548.54708954
508.891345848	2531.46046132
534.757291336	2514.3738331
560.623236823	2497.28720487
586.48918231	2480.20057665
612.355127798	2463.11394843
638.221073285	2446.0273202
664.087018773	2428.94069198
689.95296426	2411.85406376
715.818909747	2394.76743553
741.684855235	2377.68080731
767.550800722	2360.59417909
793.416746209	2343.50755086
819.282691697	2326.42092264
845.148637184	2309.33429441
871.014582671	2292.24766619
896.880528159	2275.16103797
922.746473646	2258.07440974
948.612419134	2240.98778152
974.478364621	2223.9011533
1000.34431011	2206.81452507
1026.2102556	2189.72789685
1052.07620108	2172.64126863
1077.94214657	2155.5546404
1103.80809206	2138.46801218
1129.67403755	2121.38138396
1155.53998303	2104.29475573
1181.40592852	2087.20812751
1207.27187401	2070.12149929
1233.13781949	2053.03487106
1259.00376498	2035.94824284
1284.86971047	2018.86161462
1310.73565596	2001.77498639
1336.60160144	1984.68835817
1362.46754693	1967.60172995
1388.33349242	1950.51510172
1414.19943791	1933.4284735
1440.06538339	1916.34184528
1465.93132888	1899.25521705
1491.79727437	1882.16858883
1517.66321986	1865.08196061
1543.52916534	1847.99533238
1569.39511083	1830.90870416
1595.26105632	1813.82207594
1621.1270018	1796.73544771
1646.99294729	1779.64881949
1672.85889278	1762.56219127
1698.72483827	1745.47556304
1724.59078375	1728.38893482
1750.45672924	1711.3023066
1776.32267473	1694.21567837
1802.18862022	1677.12905015
1828.0545657	1660.04242193
1853.92051119	1642.9557937
1879.78645668	1625.86916548
1905.65240217	1608.78253726
1931.51834765	1591.69590903
1957.38429314	1574.60928081
1983.25023863	1557.52265259
2009.11618412	1540.43602436
2034.9821296	1523.34939614
2060.84807509	1506.26276791
2086.71402058	1489.17613969
2112.57996606	1472.08951147
2138.44591155	1455.00288324
2164.31185704	1437.91625502
2190.17780253	1420.8296268
2216.04374801	1403.74299857
2241.9096935	1386.65637035
2267.77563899	1369.56974213
2293.64158448	1352.4831139
2319.50752996	1335.39648568
2345.37347545	1318.30985746
2371.23942094	1301.22322923
2397.10536643	1284.13660101
2422.97131191	1267.04997279
2448.8372574	1249.96334456
2474.70320289	1232.87671634
2500.56914838	1215.79008812
2526.43509386	1198.70345989
2552.30103935	1181.61683167
#helix: (3105.5, 1404.5),(3078.5, 4068.5),310
3103.92913473	1559.49203974
3103.61496168	1590.49044769
3103.30078863	1621.48885563
3102.98661557	1652.48726358
3102.67244252	1683.48567153
3102.35826946	1714.48407948
3102.04409641	1745.48248742
3101.72992336	1776.48089537
3101.4157503	1807.47930332
3101.10157725	1838.47771127
3100.7874042	1869.47611922
3100.47323114	1900.47452716
3100.15905809	1931.47293511
3099.84488504	1962.47134306
3099.53071198	1993.46975101
3099.21653893	2024.46815895
3098.90236588	2055.4665669
3098.58819282	2086.46497485
3098.27401977	2117.4633828
3097.95984672	2148.46179074
3097.64567366	2179.46019869
3097.33150061	2210.45860664
3097.01732755	2241.45701459
3096.7031545	2272.45542254
3096.38898145	2303.45383048
3096.07480839	2334.45223843
3095.76063534	2365.45064638
3095.44646229	2396.44905433
3095.13228923	2427.44746227
3094.81811618	2458.44587022
3094.50394313	2489.44427817
3094.18977007	2520.44268612
3093.87559702	2551.44109407
3093.56142397	2582.43950201
3093.24725091	2613.43790996
3092.93307786	2644.43631791
3092.61890481	2675.43472586
3092.30473175	2706.4331338
3091.9905587	2737.43154175
3091.67638564	2768.4299497
3091.36221259	2799.42835765
3091.04803954	2830.42676559
3090.73386648	2861.42517354
3090.41969343	2892.42358149
3090.10552038	2923.42198944
3089.79134732	2954.42039739
3089.47717427	2985.41880533
3089.16300122	3016.41721328
3088.84882816	3047.41562123
3088.53465511	3078.41402918
3088.22048206	3109.41243712
3087.906309	3140.41084507
3087.59213595	3171.40925302
3087.2779629	3202.40766097
3086.96378984	3233.40606891
3086.64961679	3264.40447686
3086.33544374	3295.40288481
3086.02127068	3326.40129276
3085.70709763	3357.39970071
3085.39292457	3388.39810865
3085.07875152	3419.3965166
3084.76457847	3450.39492455
3084.45040541	3481.3933325
3084.13623236	3512.39174044
3083.82205931	3543.39014839
3083.50788625	3574.38855634
3083.1937132	3605.38696429
3082.87954015	3636.38537223
3082.56536709	3667.38378018
3082.25119404	3698.38218813
3081.93702099	3729.38059608
3081.62284793	3760.37900403
3081.30867488	3791.37741197
3080.99450183	3822.37581992
3080.68032877	3853.37422787
3080.36615572	3884.37263582
3080.05198266	3915.37104376
#helix: (1926.5, 2853.5),(1251.5, 3078.5),310
1779.4540888	2902.51530373
1750.04490656	2912.31836448
1720.63572432	2922.12142523
1691.22654208	2931.92448597
1661.81735984	2941.72754672
1632.4081776	2951.53060747
1602.99899536	2961.33366821
1573.58981313	2971.13672896
1544.18063089	2980.9397897
1514.77144865	2990.74285045
1485.36226641	3000.5459112
1455.95308417	3010.34897194
1426.54390193	3020.15203269
1397.13471969	3029.95509344
#helix: (90.5, 1386.5),(936.5, 837.5),310
220.521928915	1302.12406741
246.526314698	1285.24888089
272.530700482	1268.37369437
298.535086265	1251.49850785
324.539472048	1234.62332133
350.543857831	1217.74813481
376.548243614	1200.87294829
402.552629397	1183.99776177
428.55701518	1167.12257526
454.561400963	1150.24738874
480.565786746	1133.37220222
506.570172529	1116.4970157
532.574558312	1099.62182918
558.578944095	1082.74664266
584.583329879	1065.87145614
610.587715662	1048.99626962
636.592101445	1032.12108311
662.596487228	1015.24589659
688.600873011	998.370710067
714.605258794	981.495523549
740.609644577	964.62033703
766.61403036	947.745150511
792.618416143	930.869963992
818.622801926	913.994777473
#helix: (1962.5, 4050.5),(3384.5, 3546.5),310
2108.59509164	3998.71946119
2137.81410997	3988.36335343
2167.03312829	3978.00724567
2196.25214662	3967.65113791
2225.47116495	3957.29503014
2254.69018328	3946.93892238
2283.9092016	3936.58281462
2313.12821993	3926.22670686
2342.34723826	3915.8705991
2371.56625659	3905.51449134
2400.78527491	3895.15838357
2430.00429324	3884.80227581
2459.22331157	3874.44616805
2488.4423299	3864.09006029
2517.66134822	3853.73395253
2546.88036655	3843.37784477
2576.09938488	3833.021737
2605.31840321	3822.66562924
2634.53742153	3812.30952148
2663.75643986	3801.95341372
2692.97545819	3791.59730596
2722.19447652	3781.2411982
2751.41349485	3770.88509043
2780.63251317	3760.52898267
2809.8515315	3750.17287491
2839.07054983	3739.81676715
2868.28956816	3729.46065939
2897.50858648	3719.10455163
2926.72760481	3708.74844386
2955.94662314	3698.3923361
2985.16564147	3688.03622834
3014.38465979	3677.68012058
3043.60367812	3667.32401282
3072.82269645	3656.96790506
3102.04171478	3646.61179729
3131.2607331	3636.25568953
3160.47975143	3625.89958177
3189.69876976	3615.54347401
3218.91778809	3605.18736625
3248.13680641	3594.83125849
#helix: (1008.5000000000001, 81.49999999999989),(954.5, 486.4999999999999),310
988.014623386	235.140324606
983.917548063	265.868389527
979.82047274	296.596454448
975.723397417	327.324519369
971.626322095	358.05258429
#helix: (3393.5, 3573.5),(4410.5, 3348.5),310
3544.84044072	3540.01760161
3575.10852887	3533.32112193
3605.37661701	3526.62464225
3635.64470516	3519.92816258
3665.9127933	3513.2316829
3696.18088144	3506.53520322
3726.44896959	3499.83872354
3756.71705773	3493.14224386
3786.98514588	3486.44576419
3817.25323402	3479.74928451
3847.52132217	3473.05280483
3877.78941031	3466.35632515
3908.05749846	3459.65984547
3938.3255866	3452.9633658
3968.59367475	3446.26688612
3998.86176289	3439.57040644
4029.12985103	3432.87392676
4059.39793918	3426.17744708
4089.66602732	3419.48096741
4119.93411547	3412.78448773
4150.20220361	3406.08800805
4180.47029176	3399.39152837
4210.7383799	3392.69504869
4241.00646805	3385.99856902
4271.27455619	3379.30208934
#helix: (3168.5, 81.49999999999989),(3132.5, 963.4999999999999),310
3162.17873273	236.371048231
3160.91447927	267.345257877
3159.65022582	298.319467523
3158.38597236	329.293677169
3157.12171891	360.267886815
3155.85746545	391.242096461
3154.593212	422.216306107
3153.32895854	453.190515753
3152.06470509	484.1647254
3150.80045163	515.138935046
3149.53619818	546.113144692
3148.27194472	577.087354338
3147.00769127	608.061563984
3145.74343781	639.03577363
3144.47918436	670.009983276
3143.2149309	700.984192922
3141.95067745	731.958402568
3140.68642399	762.932612215
3139.42217054	793.906821861
3138.15791708	824.881031507
#helix: (162.50000000000003, 3051.5),(990.5, 2655.5),310
302.330804354	2984.62439792
330.296965224	2971.2492775
358.263126095	2957.87415709
386.229286966	2944.49903667
414.195447836	2931.12391625
442.161608707	2917.74879584
470.127769578	2904.37367542
498.093930448	2890.998555
526.060091319	2877.62343459
554.02625219	2864.24831417
581.992413061	2850.87319375
609.958573931	2837.49807334
637.924734802	2824.12295292
665.890895673	2810.7478325
693.857056543	2797.37271209
721.823217414	2783.99759167
749.789378285	2770.62247126
777.755539156	2757.24735084
805.721700026	2743.87223042
833.687860897	2730.49711001
861.654021768	2717.12198959
#helix: (2196.5, 81.49999999999989),(2160.5, 1845.5),310
2193.33739323	236.467731862
2192.70487187	267.461278234
2192.07235052	298.454824607
2191.43982916	329.448370979
2190.80730781	360.441917351
2190.17478645	391.435463724
2189.5422651	422.429010096
2188.90974375	453.422556468
2188.27722239	484.416102841
2187.64470104	515.409649213
2187.01217968	546.403195586
2186.37965833	577.396741958
2185.74713697	608.39028833
2185.11461562	639.383834703
2184.48209426	670.377381075
2183.84957291	701.370927447
2183.21705155	732.36447382
2182.5845302	763.358020192
2181.95200885	794.351566564
2181.31948749	825.345112937
2180.68696614	856.338659309
2180.05444478	887.332205682
2179.42192343	918.325752054
2178.78940207	949.319298426
2178.15688072	980.312844799
2177.52435936	1011.30639117
2176.89183801	1042.29993754
2176.25931665	1073.29348392
2175.6267953	1104.28703029
2174.99427395	1135.28057666
2174.36175259	1166.27412303
2173.72923124	1197.26766941
2173.09670988	1228.26121578
2172.46418853	1259.25476215
2171.83166717	1290.24830852
2171.19914582	1321.24185489
2170.56662446	1352.23540127
2169.93410311	1383.22894764
2169.30158175	1414.22249401
2168.6690604	1445.21604038
2168.03653905	1476.20958676
2167.40401769	1507.20313313
2166.77149634	1538.1966795
2166.13897498	1569.19022587
2165.50645363	1600.18377225
2164.87393227	1631.17731862
2164.24141092	1662.17086499
2163.60888956	1693.16441136
#helix: (1404.5, 1953.5),(1935.5, 1566.5),310
1529.76222027	1862.2071954
1554.81466433	1843.94863447
1579.86710838	1825.69007355
1604.91955243	1807.43151263
1629.97199649	1789.17295171
1655.02444054	1770.91439079
1680.0768846	1752.65582987
1705.12932865	1734.39726895
1730.18177271	1716.13870803
1755.23421676	1697.88014711
1780.28666082	1679.62158619
1805.33910487	1661.36302526
1830.39154892	1643.10446434
#helix: (252.50000000000003, 3456.5),(1233.5, 3078.5),310
397.134342652	3400.76933586
426.061211182	3389.62320303
454.988079713	3378.4770702
483.914948243	3367.33093737
512.841816774	3356.18480455
541.768685304	3345.03867172
570.695553834	3333.89253889
599.622422365	3322.74640606
628.549290895	3311.60027323
657.476159426	3300.4541404
686.403027956	3289.30800758
715.329896487	3278.16187475
744.256765017	3267.01574192
773.183633547	3255.86960909
802.110502078	3244.72347626
831.037370608	3233.57734344
859.964239139	3222.43121061
888.891107669	3211.28507778
917.817976199	3200.13894495
946.74484473	3188.99281212
975.67171326	3177.84667929
1004.59858179	3166.70054647
1033.52545032	3155.55441364
1062.45231885	3144.40828081
1091.37918738	3133.26214798
#helix: (144.50000000000006, 1953.5),(1818.5, 639.4999999999999),310
266.424821558	1857.79557018
290.809785869	1838.65468421
315.194750181	1819.51379825
339.579714492	1800.37291228
363.964678804	1781.23202632
388.349643116	1762.09114035
412.734607427	1742.95025439
437.119571739	1723.80936842
461.50453605	1704.66848246
485.889500362	1685.52759649
510.274464673	1666.38671053
534.659428985	1647.24582456
559.044393296	1628.1049386
583.429357608	1608.96405263
607.814321919	1589.82316667
632.199286231	1570.6822807
656.584250543	1551.54139474
680.969214854	1532.40050877
705.354179166	1513.25962281
729.739143477	1494.11873684
754.124107789	1474.97785088
778.5090721	1455.83696491
802.894036412	1436.69607895
827.279000723	1417.55519298
851.663965035	1398.41430702
876.048929347	1379.27342105
900.433893658	1360.13253509
924.81885797	1340.99164912
949.203822281	1321.85076316
973.588786593	1302.70987719
997.973750904	1283.56899123
1022.35871522	1264.42810526
1046.74367953	1245.2872193
1071.12864384	1226.14633333
1095.51360815	1207.00544737
1119.89857246	1187.8645614
1144.28353677	1168.72367544
1168.66850109	1149.58278947
1193.0534654	1130.44190351
1217.43842971	1111.30101754
1241.82339402	1092.16013158
1266.20835833	1073.01924561
1290.59332264	1053.87835965
1314.97828695	1034.73747368
1339.36325127	1015.59658772
1363.74821558	996.455701751
1388.13317989	977.314815786
1412.5181442	958.173929821
1436.90310851	939.033043856
1461.28807282	919.892157891
1485.67303714	900.751271926
1510.05800145	881.610385961
1534.44296576	862.469499996
1558.82793007	843.328614031
1583.21289438	824.187728066
1607.59785869	805.046842101
1631.982823	785.905956136
1656.36778732	766.765070171
1680.75275163	747.624184206
1705.13771594	728.483298241
#helix: (2646.5, 54.499999999999886),(2646.5, 819.4999999999999),310
2646.5	209.5
2646.5	240.5
2646.5	271.5
2646.5	302.5
2646.5	333.5
2646.5	364.5
2646.5	395.5
2646.5	426.5
2646.5	457.5
2646.5	488.5
2646.5	519.5
2646.5	550.5
2646.5	581.5
2646.5	612.5
2646.5	643.5
2646.5	674.5
#helix: (657.5, 2790.5),(1818.5, 2241.5),310
797.623569479	2724.24001753
825.648283375	2710.98802104
853.67299727	2697.73602455
881.697711166	2684.48402805
909.722425062	2671.23203156
937.747138958	2657.98003507
965.771852854	2644.72803857
993.796566749	2631.47604208
1021.82128065	2618.22404559
1049.84599454	2604.97204909
1077.87070844	2591.7200526
1105.89542233	2578.46805611
1133.92013623	2565.21605961
1161.94485012	2551.96406312
1189.96956402	2538.71206663
1217.99427792	2525.46007013
1246.01899181	2512.20807364
1274.04370571	2498.95607715
1302.0684196	2485.70408065
1330.0931335	2472.45208416
1358.11784739	2459.20008767
1386.14256129	2445.94809117
1414.16727519	2432.69609468
1442.19198908	2419.44409819
1470.21670298	2406.19210169
1498.24141687	2392.9401052
1526.26613077	2379.68810871
1554.29084466	2366.43611221
1582.31555856	2353.18411572
1610.34027246	2339.93211923
1638.36498635	2326.68012273
1666.38970025	2313.42812624
1694.41441414	2300.17612975
#helix: (4797.5, 117.49999999999989),(5643.5, 1179.5),310
4894.07693601	238.734877121
4913.39232321	262.981852545
4932.70771042	287.22882797
4952.02309762	311.475803394
4971.33848482	335.722778818
4990.65387202	359.969754242
5009.96925923	384.216729667
5029.28464643	408.463705091
5048.60003363	432.710680515
5067.91542083	456.957655939
5087.23080804	481.204631363
5106.54619524	505.451606788
5125.86158244	529.698582212
5145.17696964	553.945557636
5164.49235684	578.19253306
5183.80774405	602.439508485
5203.12313125	626.686483909
5222.43851845	650.933459333
5241.75390565	675.180434757
5261.06929286	699.427410182
5280.38468006	723.674385606
5299.70006726	747.92136103
5319.01545446	772.168336454
5338.33084167	796.415311878
5357.64622887	820.662287303
5376.96161607	844.909262727
5396.27700327	869.156238151
5415.59239048	893.403213575
5434.90777768	917.650189
5454.22316488	941.897164424
5473.53855208	966.144139848
5492.85393928	990.391115272
5512.16932649	1014.6380907
5531.48471369	1038.88506612
5550.80010089	1063.13204154
#helix: (3357.5, 2727.5),(1179.5, 3933.5),310
3221.90003311	2802.58427918
3194.78003974	2817.60113502
3167.66004636	2832.61799086
3140.54005298	2847.6348467
3113.42005961	2862.65170253
3086.30006623	2877.66855837
3059.18007285	2892.68541421
3032.06007947	2907.70227004
3004.9400861	2922.71912588
2977.82009272	2937.73598172
2950.70009934	2952.75283755
2923.58010597	2967.76969339
2896.46011259	2982.78654923
2869.34011921	2997.80340506
2842.22012584	3012.8202609
2815.10013246	3027.83711674
2787.98013908	3042.85397257
2760.8601457	3057.87082841
2733.74015233	3072.88768425
2706.62015895	3087.90454009
2679.50016557	3102.92139592
2652.3801722	3117.93825176
2625.26017882	3132.9551076
2598.14018544	3147.97196343
2571.02019206	3162.98881927
2543.90019869	3178.00567511
2516.78020531	3193.02253094
2489.66021193	3208.03938678
2462.54021856	3223.05624262
2435.42022518	3238.07309845
2408.3002318	3253.08995429
2381.18023842	3268.10681013
2354.06024505	3283.12366597
2326.94025167	3298.1405218
2299.82025829	3313.15737764
2272.70026492	3328.17423348
2245.58027154	3343.19108931
2218.46027816	3358.20794515
2191.34028478	3373.22480099
2164.22029141	3388.24165682
2137.10029803	3403.25851266
2109.98030465	3418.2753685
2082.86031128	3433.29222433
2055.7403179	3448.30908017
2028.62032452	3463.32593601
2001.50033115	3478.34279185
1974.38033777	3493.35964768
1947.26034439	3508.37650352
1920.14035101	3523.39335936
1893.02035764	3538.41021519
1865.90036426	3553.42707103
1838.78037088	3568.44392687
1811.66037751	3583.4607827
1784.54038413	3598.47763854
1757.42039075	3613.49449438
1730.30039737	3628.51135021
1703.180404	3643.52820605
1676.06041062	3658.54506189
1648.94041724	3673.56191772
1621.82042387	3688.57877356
1594.70043049	3703.5956294
1567.58043711	3718.61248524
1540.46044373	3733.62934107
1513.34045036	3748.64619691
1486.22045698	3763.66305275
1459.1004636	3778.67990858
1431.98047023	3793.69676442
1404.86047685	3808.71362026
1377.74048347	3823.73047609
1350.6204901	3838.74733193
1323.50049672	3853.76418777
1296.38050334	3868.7810436
#helix: (3321.5, 3114.5),(4635.5, 2961.5),310
3475.45982849	3096.57317065
3506.25179419	3092.98780479
3537.04375989	3089.40243892
3567.83572559	3085.81707305
3598.62769129	3082.23170718
3629.41965699	3078.64634131
3660.21162268	3075.06097544
3691.00358838	3071.47560957
3721.79555408	3067.8902437
3752.58751978	3064.30487783
3783.37948548	3060.71951196
3814.17145118	3057.1341461
3844.96341688	3053.54878023
3875.75538258	3049.96341436
3906.54734827	3046.37804849
3937.33931397	3042.79268262
3968.13127967	3039.20731675
3998.92324537	3035.62195088
4029.71521107	3032.03658501
4060.50717677	3028.45121914
4091.29914247	3024.86585327
4122.09110816	3021.28048741
4152.88307386	3017.69512154
4183.67503956	3014.10975567
4214.46700526	3010.5243898
4245.25897096	3006.93902393
4276.05093666	3003.35365806
4306.84290236	2999.76829219
4337.63486805	2996.18292632
4368.42683375	2992.59756045
4399.21879945	2989.01219458
4430.01076515	2985.42682872
4460.80273085	2981.84146285
4491.59469655	2978.25609698
#helix: (369.50000000000006, 3906.5),(1737.5, 3465.5),310
517.023980553	3858.94292732
546.528776664	3849.43151279
576.033572775	3839.92009825
605.538368885	3830.40868371
635.043164996	3820.89726918
664.547961106	3811.38585464
694.052757217	3801.87444011
723.557553328	3792.36302557
753.062349438	3782.85161104
782.567145549	3773.3401965
812.07194166	3763.82878196
841.57673777	3754.31736743
871.081533881	3744.80595289
900.586329992	3735.29453836
930.091126102	3725.78312382
959.595922213	3716.27170929
989.100718324	3706.76029475
1018.60551443	3697.24888022
1048.11031054	3687.73746568
1077.61510666	3678.22605114
1107.11990277	3668.71463661
1136.62469888	3659.20322207
1166.12949499	3649.69180754
1195.6342911	3640.180393
1225.13908721	3630.66897847
1254.64388332	3621.15756393
1284.14867943	3611.64614939
1313.65347554	3602.13473486
1343.15827165	3592.62332032
1372.66306776	3583.11190579
1402.16786387	3573.60049125
1431.67265998	3564.08907672
1461.17745609	3554.57766218
1490.6822522	3545.06624764
1520.18704832	3535.55483311
1549.69184443	3526.04341857
1579.19664054	3516.53200404
1608.70143665	3507.0205895
